 0.6989700    -100.00000    
 0.7247828    -100.00000    
 0.7491470    -100.00000    
 0.7722168    -100.00000    
 0.7941226    -100.00000    
 0.8348744    -100.00000    
 0.8721282    -100.00000    
 0.9064373    -100.00000    
 0.9382333    -100.00000    
 0.9678594    -100.00000    
 0.9955930    -100.00000    
  1.021661     -23.09722    
  1.046253     -21.50912    
  1.069527     -20.45505    
  1.091616    -100.00000    
  1.132686     -18.83164    
  1.170205     -17.44128    
  1.204739     -16.58546    
  1.236728     -15.96143    
  1.266522     -15.49464    
  1.294403     -15.14814    
  1.320601     -14.89934    
  1.345308     -14.73245    
  1.368685     -14.63641    
  1.390867     -14.60449    
  1.390954     -14.42253    
  1.407231     -14.23907    
  1.407318     -14.28642    
  1.416604     -14.29770    
  1.416691     -14.29716    
  1.434239     -14.35572    
  1.434325     -14.36044    
  1.438732     -14.38134    
  1.438819     -14.38147    
  1.442990     -14.40149    
  1.443077     -14.39909    
  1.465932     -14.56725    
  1.466019     -14.57218    
  1.466567     -14.57658    
  1.466654     -14.57718    
  1.485460     -14.77351    
  1.485547     -14.77354    
  1.485843     -14.77701    
  1.485930     -14.77991    
  1.502811     -14.99658    
  1.502898     -14.99626    
  1.515152     -15.17424    
  1.515239     -15.18300    
  1.538911     -15.57892    
  1.538998     -15.55678    
  1.541754     -15.60295    
  1.541841     -15.60456    
  1.544410     -15.64893    
  1.544497     -15.64980    
  1.546755     -15.68805    
  1.546842     -15.70590    
  1.568094     -16.07009    
  1.568181     -16.04483    
  1.576102     -16.15245    
  1.576189     -16.15011    
  1.577032     -16.15996    
  1.577119     -16.16482    
  1.586189     -16.24998    
  1.586276     -16.24642    
  1.587530     -16.25494    
  1.587617     -16.26477    
  1.602078     -16.29502    
  1.602165     -16.28584    
  1.604747     -16.27938    
  1.604834     -16.31308    
  1.629405     -16.11641    
  1.629492     -16.09294    
  1.633100     -16.05174    
  1.633187     -16.05745    
  1.643761     -15.92173    
  1.643848     -15.91544    
  1.646889     -15.87360    
  1.646976     -15.87446    
  1.653070     -15.78666    
  1.653157     -15.80248    
  1.667964     -15.56734    
  1.668051     -15.55567    
  1.673067     -15.47440    
  1.673154     -15.47134    
  1.673452     -15.46648    
  1.673539     -15.47407    
  1.683736     -15.30279    
  1.683823     -15.29733    
  1.689301     -15.20480    
  1.689388     -15.20138    
  1.690173     -15.18817    
  1.690260     -15.18685    
  1.691919     -15.15875    
  1.692006     -15.18950    
  1.709636     -14.87422    
  1.709723     -14.85742    
  1.714846     -14.76947    
  1.714933     -14.76670    
  1.717233     -14.72725    
  1.717320     -14.72545    
  1.717576     -14.72108    
  1.717663     -14.71988    
  1.719536     -14.68787    
  1.719623     -14.68646    
  1.721805     -14.64920    
  1.721892     -14.64824    
  1.725295     -14.58994    
  1.725382     -14.58214    
  1.731154     -14.24488    
  1.731241     -14.30672    
  1.731758     -14.32701    
  1.731845     -14.32376    
  1.732294     -14.31078    
  1.732381     -14.34783    
  1.735217     -14.23944    
  1.735304     -14.27200    
  1.746841     -14.14852    
  1.746929     -14.11610    
  1.747807     -14.07813    
  1.747894     -14.09639    
  1.753972     -14.06371    
  1.754058     -14.08495    
  1.756978     -14.05033    
  1.757065     -13.99788    
  1.762907     -13.89319    
  1.762994     -13.95980    
  1.763503     -13.90655    
  1.763590     -13.86818    
  1.765957     -13.81786    
  1.766044     -13.81465    
  1.768505     -13.77778    
  1.768592     -13.78247    
  1.776113     -13.68696    
  1.776200     -13.65465    
  1.781285     -13.62646    
  1.781372     -13.60400    
  1.781946     -13.57853    
  1.782033     -13.56288    
  1.786409     -13.53458    
  1.786495     -13.55625    
  1.788161     -13.51207    
  1.788248     -13.51465    
  1.789372     -13.45448    
  1.789459     -13.44791    
  1.792246     -13.45532    
  1.792333     -13.43045    
  1.800765     -13.26811    
  1.800851     -13.24395    
  1.809708     -13.09065    
  1.809795     -13.07928    
  1.810144     -13.07256    
  1.810231     -13.07213    
  1.814042     -13.01643    
  1.814129     -13.06876    
  1.834747     -12.63752    
  1.834834     -12.63704    
  1.838907     -12.50354    
  1.838994     -12.50619    
  1.840414     -12.47959    
  1.840501     -12.48402    
  1.842703     -12.43484    
  1.842790     -12.42769    
  1.844125     -12.39829    
  1.844212     -12.42593    
  1.857265     -12.12770    
  1.857352     -12.14296    
  1.870233     -11.83837    
  1.870320     -11.81523    
  1.871306     -11.78995    
  1.871393     -11.78903    
  1.872072     -11.77098    
  1.872158     -11.76847    
  1.873424     -11.73672    
  1.873511     -11.74608    
  1.880831     -11.56187    
  1.880918     -11.55721    
  1.887368     -11.40503    
  1.887455     -11.42061    
  1.899003     -11.11591    
  1.899090     -11.10576    
  1.905821     -10.92900    
  1.905908     -10.92708    
  1.911657     -10.77467    
  1.911744     -10.76771    
  1.912227     -10.75900    
  1.912313     -10.75818    
  1.913955     -10.70890    
  1.914042     -10.27914    
  1.924238     -10.21968    
  1.924325     -10.12699    
  1.925856     -10.33608    
  1.925943     -10.28335    
  1.926709     -10.26387    
  1.926796     -10.24733    
  1.926846     -10.24332    
  1.926932     -10.23568    
  1.927461     -10.18268    
  1.927548     -10.35816    
  1.930771     -9.679238    
  1.930858     -9.853632    
  1.933873     -10.07652    
  1.933960     -10.16812    
  1.936983     -9.978896    
  1.937070     -9.935860    
  1.938051     -9.966060    
  1.938138     -9.994402    
  1.940777     -9.745400    
  1.940864     -9.852901    
  1.955697     -9.656794    
  1.955784     -9.573305    
  1.959855     -9.431034    
  1.959942     -9.460702    
  1.963545     -9.391645    
  1.963632     -9.355833    
  1.974225     -9.063979    
  1.974312     -9.006961    
  1.974387     -9.000958    
  1.974474     -8.995452    
  1.977192     -8.910357    
  1.977279     -8.951697    
  1.994212     -8.515297    
  1.994299     -8.436204    
  1.996552     -8.364981    
  1.996639     -8.301677    
  1.997939     -7.985087    
  1.998026     -7.949117    
  2.000182     -7.918361    
  2.000268     -7.976564    
  2.007421     -7.707731    
  2.007508     -7.653877    
  2.009100     -7.256827    
  2.009187     -7.256651    
  2.009352     -7.225727    
  2.009439     -7.202924    
  2.009543     -7.108438    
  2.017372     -6.908868    
  2.017459    -100.00000    
  2.026471     -6.070502    
  2.026558     -6.450450    
  2.028108     -6.558275    
  2.028195    -100.00000    
  2.044930     -5.719186    
  2.061043     -6.890011    
  2.061130     -5.768308    
  2.067104     -6.470404    
  2.067191     -6.586988    
  2.068339     -6.571891    
  2.068426     -6.242556    
  2.076209     -5.948709    
  2.076296     -6.598928    
  2.097304     -5.406447    
  2.097391     -5.512879    
  2.100294     -5.419756    
  2.100380     -5.278299    
  2.101519     -5.283952    
  2.101605     -5.300223    
  2.102584     -5.383867    
  2.102671     -5.330538    
  2.104539     -5.979553    
  2.104626     -6.992112    
  2.106101     -5.863140    
  2.106187     -6.137583    
  2.111508     -5.329383    
  2.111595     -5.236388    
  2.111941     -5.202957    
  2.112028     -5.848265    
  2.124942     -5.125512    
  2.125029     -5.220320    
  2.126973     -5.309181    
  2.127060     -5.453649    
  2.127658     -5.324268    
  2.127745     -5.187458    
  2.131986     -4.642858    
  2.132073     -4.808123    
  2.137486     -6.126286    
  2.137573     -5.684156    
  2.141450     -4.972876    
  2.141537     -5.082932    
  2.141662     -5.119221    
  2.141749     -4.983033    
  2.149371     -5.329807    
  2.149458     -5.315066    
  2.154246     -5.277556    
  2.154333     -5.145663    
  2.156640     -5.172195    
  2.156727     -5.206056    
  2.156827     -5.201322    
  2.158960     -5.097764    
  2.159047     -5.016716    
  2.168424     -5.403705    
  2.177604     -5.072385    
  2.177690     -5.496983    
  2.181731     -6.330274    
  2.181818     -5.949024    
  2.184198     -5.024573    
  2.184285     -5.068978    
  2.188445     -5.219924    
  2.188532     -6.394186    
  2.191911     -5.458439    
  2.191997     -5.313750    
  2.204170     -5.009927    
  2.204257     -4.767334    
  2.213352     -5.528984    
  2.213439     -5.306006    
  2.217837     -5.022032    
  2.217924     -5.306659    
  2.218030     -5.278795    
  2.218315     -5.227936    
  2.218402     -5.162869    
  2.218688     -5.625469    
  2.218775     -6.041847    
  2.225403     -5.746940    
  2.231931     -4.988800    
  2.232018     -5.154161    
  2.234695     -5.804800    
  2.234781     -5.477941    
  2.239617     -4.869968    
  2.239704     -4.847577    
  2.245345     -4.927960    
  2.245432     -5.560193    
  2.250721     -4.978178    
  2.250808     -4.712650    
  2.252069     -4.746624    
  2.252156     -4.794109    
  2.253696     -4.718729    
  2.253782     -4.569644    
  2.257177     -4.831271    
  2.260545     -4.721717    
  2.260632     -5.314127    
  2.263836     -4.767085    
  2.267016     -4.979517    
  2.267103    -100.00000    
  2.270490     -4.536637    
  2.270577     -4.651027    
  2.271628    -100.00000    
  2.271715     -4.905648    
  2.275818     -4.788869    
  2.275905     -4.694193    
  2.278364     -4.819065    
  2.280809     -4.304537    
  2.280896     -4.277115    
  2.283804     -4.517681    
  2.283891     -4.753887    
  2.284781     -4.691572    
  2.284868     -4.567230    
  2.286288     -4.339483    
  2.286375     -4.351659    
  2.286786     -4.344789    
  2.286873     -4.280988    
  2.289459     -5.046767    
  2.292031     -5.158801    
  2.294586     -4.678015    
  2.297128     -4.457131    
  2.297214     -4.272187    
  2.297982     -4.118747    
  2.298069     -4.145715    
  2.300085     -4.192225    
  2.302092     -4.271321    
  2.304090     -4.343414    
  2.306078     -4.369257    
  2.306165     -4.267733    
  2.308268     -4.251718    
  2.309316     -4.340083    
  2.310361     -4.278776    
  2.311404     -4.203208    
  2.312444     -4.241632    
  2.313482     -4.444924    
  2.314517     -4.414863    
  2.314604     -4.308078    
  2.315597     -4.458467    
  2.315684     -4.434358    
  2.316612     -4.333431    
  2.317538     -4.644209    
  2.318463     -4.635917    
  2.319385     -4.185636    
  2.320305     -4.086957    
  2.321224    -100.00000    
  2.322140     -4.439061    
  2.323055     -4.185815    
  2.323141     -4.101684    
  2.324295     -4.184928    
  2.325445     -4.179952    
  2.326592     -4.791187    
  2.327736     -4.532062    
  2.327823     -4.900812    
  2.328799     -4.436688    
  2.329773     -4.152185    
  2.330745     -4.221040    
  2.331714     -4.136974    
  2.331801     -4.111263    
  2.333101     -3.996206    
  2.333188     -4.010446    
  2.334187     -4.197198    
  2.335184     -4.177893    
  2.336179     -4.342309    
  2.337171     -4.090300    
  2.338161     -4.485302    
  2.339149     -4.370274    
  2.340135     -4.134963    
  2.341118     -4.245217    
  2.341205     -4.192217    
  2.341283     -4.171478    
  2.341370     -4.147539    
  2.341472     -4.092351    
  2.342320     -4.033729    
  2.343166     -4.050401    
  2.344011     -4.276247    
  2.344853     -4.260005    
  2.344940     -4.241889    
  2.345621     -4.186390    
  2.346301     -4.088362    
  2.346979     -4.208141    
  2.347657     -4.133467    
  2.348333     -4.223665    
  2.349009     -4.126785    
  2.349683     -4.218719    
  2.350356     -4.355158    
  2.350443     -4.273036    
  2.351331     -4.608533    
  2.352217     -4.298125    
  2.352659     -4.153988    
  2.353101     -4.031158    
  2.353542     -3.983077    
  2.353983     -4.035442    
  2.354070     -4.022746    
  2.354494     -4.073944    
  2.354917     -4.134790    
  2.355340     -4.118011    
  2.355762     -4.028544    
  2.355849     -4.005870    
  2.356283     -3.996151    
  2.356717     -4.046874    
  2.357149     -4.010330    
  2.357582     -3.990602    
  2.357669     -3.947560    
  2.362936     -4.026493    
  2.363023     -4.338007    
  2.376702     -3.897032    
  2.376789     -3.751374    
  2.381401     -3.960798    
  2.381488     -4.026696    
  2.381574     -4.002969    
  2.381660     -3.819843    
  2.384670     -3.623971    
  2.384757     -3.657715    
  2.387126     -4.858870    
  2.387213     -3.756233    
  2.396615     -3.692806    
  2.405819     -3.648276    
  2.405905     -3.604105    
  2.409345     -3.932082    
  2.409431     -4.430722    
  2.409967     -4.175882    
  2.410054     -4.214321    
  2.411501     -3.462827    
  2.411588     -3.465868    
  2.412778     -3.491188    
  2.412865     -3.507614    
  2.413098     -3.524885    
  2.413185     -3.562010    
  2.417228     -3.618922    
  2.417315     -3.569652    
  2.417448     -3.569486    
  2.417535     -3.598358    
  2.419545     -3.547607    
  2.419632     -3.519459    
  2.424108     -3.535104    
  2.424195     -3.583376    
  2.429911     -3.552643    
  2.429998     -3.502272    
  2.432147     -3.572910    
  2.432234     -3.573489    
  2.433514     -3.575286    
  2.433601     -3.558110    
  2.434762     -3.829062    
  2.434849     -3.750804    
  2.435182     -3.690161    
  2.435269     -3.689849    
  2.435570     -3.670816    
  2.435657     -3.666966    
  2.438099     -3.733124    
  2.438186     -3.765654    
  2.443115     -3.595896    
  2.443202     -3.737494    
  2.448046     -3.603508    
  2.448133     -3.559263    
  2.449372     -3.813909    
  2.449459     -3.914231    
  2.450924     -3.723364    
  2.451011     -3.762844    
  2.456026     -3.596484    
  2.456113     -3.617165    
  2.457105     -3.584298    
  2.457192     -3.623519    
  2.461170     -3.757637    
  2.461257     -3.740153    
  2.466286     -3.688041    
  2.466372     -3.785860    
  2.466976     -3.680382    
  2.467064     -3.617309    
  2.471828     -3.635790    
  2.471915     -3.634253    
  2.476442     -3.644051    
  2.476529     -3.650053    
  2.476628     -3.654164    
  2.476715     -3.657237    
  2.476977     -3.662369    
  2.477064     -3.564934    
  2.483465     -3.981509    
  2.483551     -3.988815    
  2.483824     -3.767702    
  2.483911     -3.702604    
  2.484130     -3.546138    
  2.484217     -3.230753    
  2.487220     -3.522128    
  2.490203     -3.661650    
  2.493165     -3.648255    
  2.496107     -3.669043    
  2.496194     -3.717864    
  2.500074     -3.650988    
  2.503920     -3.735861    
  2.504007     -3.697605    
  2.504069     -3.694380    
  2.504156     -3.690552    
  2.506191     -3.692022    
  2.506278     -3.679870    
  2.508598     -3.670965    
  2.510906     -3.663525    
  2.513202     -3.718320    
  2.515486     -3.768447    
  2.515573     -3.725112    
  2.515719     -3.714366    
  2.515805     -3.709141    
  2.515872     -3.705527    
  2.515959     -3.692489    
  2.516943     -3.698272    
  2.517030     -3.708336    
  2.517941     -3.696686    
  2.518028     -3.674484    
  2.521727     -3.735472    
  2.525387     -3.759833    
  2.529016     -3.766692    
  2.532615     -3.809746    
  2.532701     -3.737318    
  2.536032     -3.745142    
  2.539337     -3.911608    
  2.539424     -3.793983    
  2.543132     -3.735724    
  2.546808     -3.747558    
  2.546895     -3.739130    
  2.547329     -3.738227    
  2.547416     -3.753110    
  2.551118     -3.784757    
  2.551204     -3.754037    
  2.554808     -3.777277    
  2.558382     -3.876566    
  2.558469     -3.806786    
  2.558869     -3.802998    
  2.558956     -3.806125    
  2.561557     -3.801808    
  2.561644     -3.941487    
  2.564082     -3.802538    
  2.566507     -3.806932    
  2.568917     -3.819018    
  2.571315     -3.856499    
  2.571402     -3.820101    
  2.571490     -3.816797    
  2.571576     -3.811932    
  2.574740     -3.815866    
  2.577880     -3.843218    
  2.580998     -3.831183    
  2.584094     -3.841743    
  2.587168     -3.864080    
  2.590220     -3.854097    
  2.593250     -3.864066    
  2.596260     -3.871943    
  2.596347     -3.861474    
  2.597646     -3.868070    
  2.597733     -3.877978    
  2.600542     -3.871648    
  2.603333     -3.872908    
  2.603420     -3.884654    
  2.606239     -3.900459    
  2.606324     -3.896463    
  2.606411     -3.896025    
  2.607237     -3.889132    
  2.607324     -3.889962    
  2.611491     -3.932492    
  2.615617     -3.896959    
  2.615704     -3.910391    
  2.619659     -3.947671    
  2.619746     -3.990820    
  2.620859     -3.915873    
  2.620946     -3.924040    
  2.621962     -3.924857    
  2.622049     -3.993944    
  2.625471     -3.952354    
  2.625557     -3.932397    
  2.626297     -4.009243    
  2.626384     -4.011939    
  2.627024     -3.951482    
  2.627111     -3.926383    
  2.630159     -3.985879    
  2.633186     -3.938770    
  2.633273     -3.946792    
  2.633585     -3.947310    
  2.633672     -3.946875    
  2.636750     -3.973822    
  2.639805     -3.981823    
  2.642840     -3.988109    
  2.645853     -3.974389    
  2.645940     -3.978908    
  2.646436     -3.995894    
  2.646523     -4.039731    
  2.648513     -3.989142    
  2.648600     -3.989349    
  2.650581     -3.994518    
  2.650668     -3.993240    
  2.652023     -3.997144    
  2.652110     -3.997891    
  2.653758     -4.000575    
  2.653845     -4.000528    
  2.654514     -4.002185    
  2.654601     -4.000333    
  2.655848     -4.017519    
  2.655935     -4.024076    
  2.656856     -4.132920    
  2.656943     -4.065511    
  2.659789     -4.001474    
  2.659876     -4.018730    
  2.661632     -4.020443    
  2.661711     -4.020625    
  2.661798     -4.021007    
  2.662838     -4.023903    
  2.662925     -4.024358    
  2.664288     -4.028093    
  2.665620     -4.026856    
  2.666947     -4.031432    
  2.668270     -4.038462    
  2.668357     -4.039126    
  2.669554     -4.041930    
  2.670748     -4.042974    
  2.670835     -4.044568    
  2.671974     -4.050061    
  2.673109     -4.052206    
  2.674242     -4.058347    
  2.675371     -4.058398    
  2.675458     -4.059004    
  2.676824     -4.060836    
  2.676911     -4.059902    
  2.677751     -4.063032    
  2.677838     -4.064024    
  2.679282     -4.069130    
  2.680721     -4.071420    
  2.682155     -4.079748    
  2.683585     -4.078148    
  2.683672     -4.080189    
  2.684694     -4.082523    
  2.685714     -4.085738    
  2.685801     -4.086122    
  2.685988     -4.086729    
  2.686075     -4.087026    
  2.686520     -4.088170    
  2.686607     -4.088510    
  2.687604     -4.090652    
  2.688599     -4.092932    
  2.688686     -4.093152    
  2.689315     -4.094581    
  2.689943     -4.096428    
  2.690571     -4.099140    
  2.691198     -4.100634    
  2.691823     -4.101804    
  2.692448     -4.103190    
  2.693072     -4.104655    
  2.693695     -4.106254    
  2.694317     -4.109092    
  2.694939     -4.110780    
  2.695559     -4.112017    
  2.696179     -4.112941    
  2.696797     -4.125623    
  2.697415     -4.119622    
  2.698032     -4.119544    
  2.698648     -4.120844    
  2.698717     -4.120990    
  2.698803     -4.121298    
  2.699142     -4.122362    
  2.699229     -4.121237    
  2.700077     -4.131583    
  2.700500     -4.143505    
  2.700923     -4.126654    
  2.701345     -4.124087    
  2.701767     -4.127538    
  2.702189     -4.129206    
  2.702610     -4.130839    
  2.702697     -4.132186    
  2.706323     -4.141185    
  2.706410     -4.141057    
  2.708352     -4.147888    
  2.708438     -4.143302    
  2.709271     -4.173896    
  2.709358     -4.157247    
  2.712230     -4.179218    
  2.712317     -4.161559    
  2.716395     -4.168905    
  2.716481     -4.171054    
  2.716568     -4.170021    
  2.718970     -4.189951    
  2.721359     -4.169305    
  2.721446     -4.180198    
  2.721792     -4.179601    
  2.721879     -4.181645    
  2.724957     -4.193846    
  2.725044     -4.194135    
  2.728368     -4.202902    
  2.728455     -4.204038    
  2.728556     -4.204328    
  2.728643     -4.204627    
  2.730036     -4.207341    
  2.730123     -4.208836    
  2.733020     -4.213848    
  2.735898     -4.225437    
  2.735985     -4.224542    
  2.736079     -4.223975    
  2.737059     -4.225881    
  2.737146     -4.227844    
  2.740300     -4.236581    
  2.740387     -4.236237    
  2.744215     -4.247544    
  2.748009     -4.257277    
  2.751770     -4.265492    
  2.755499     -4.280295    
  2.755586     -4.279374    
  2.758474     -4.289324    
  2.758561     -4.288886    
  2.759027     -4.289761    
  2.759113     -4.289949    
  2.759911     -4.291098    
  2.759997     -4.291043    
  2.760747     -4.293696    
  2.760833     -4.294880    
  2.763123     -4.298187    
  2.765400     -4.308541    
  2.765487     -4.308736    
  2.765755     -4.309453    
  2.765842     -4.309338    
  2.768363     -4.316394    
  2.770870     -4.323019    
  2.773363     -4.323042    
  2.775841     -4.337407    
  2.775928     -4.336415    
  2.777541     -4.343345    
  2.777628     -4.343523    
  2.781421     -4.354043    
  2.781508     -4.353838    
  2.784445     -4.359815    
  2.787363     -4.371466    
  2.787450     -4.372304    
  2.789348     -4.378220    
  2.789435     -4.377879    
  2.792054     -4.379367    
  2.792141     -4.384542    
  2.795962     -4.393896    
  2.796049     -4.393568    
  2.798395     -4.403878    
  2.800729     -4.405099    
  2.803050     -4.418675    
  2.805359     -4.425512    
  2.807656     -4.430927    
  2.809941     -4.438792    
  2.812213     -4.445781    
  2.814474     -4.449943    
  2.814561     -4.449979    
  2.815775     -4.455708    
  2.815862     -4.455827    
  2.816430     -4.457461    
  2.816517     -4.457711    
  2.818570     -4.463326    
  2.818657     -4.464061    
  2.821422     -4.472273    
  2.824169     -4.480563    
  2.826900     -4.488430    
  2.829613     -4.497247    
  2.829700     -4.496086    
  2.832139     -4.504376    
  2.834565     -4.511374    
  2.836978     -4.519545    
  2.839377     -4.521023    
  2.839464     -4.521805    
  2.842740     -4.536231    
  2.845992     -4.545459    
  2.846054     -4.536444    
  2.846141     -4.537530    
  2.846320     -4.540235    
  2.846407     -4.541744    
  2.846929     -4.546727    
  2.847016     -4.548071    
  2.850284     -4.559031    
  2.850371     -4.558401    
  2.851107     -4.560919    
  2.851194     -4.561277    
  2.851272     -4.561571    
  2.851359     -4.561908    
  2.851605     -4.562736    
  2.851692     -4.562980    
  2.852969     -4.566558    
  2.853056     -4.568382    
  2.856721     -4.573986    
  2.856808     -4.574470    
  2.860014     -4.588531    
  2.863196     -4.596357    
  2.863283     -4.597657    
  2.866961     -4.609286    
  2.867048     -4.610009    
  2.867158     -4.609782    
  2.871477     -4.622629    
  2.871560     -4.618850    
  2.871647     -4.619154    
  2.874394     -4.632401    
  2.877123     -4.669422    
  2.877210     -4.643107    
  2.879769     -4.647588    
  2.882313     -4.654819    
  2.882400     -4.655880    
  2.882670     -4.656938    
  2.882757     -4.656987    
  2.885337     -4.667105    
  2.885423     -4.664051    
  2.886380     -4.662453    
  2.886467     -4.664048    
  2.886654     -4.665275    
  2.886741     -4.666633    
  2.889314     -4.678138    
  2.889401     -4.676472    
  2.891964     -4.684246    
  2.892051     -4.685743    
  2.893704     -4.685277    
  2.893791     -4.687197    
  2.894071     -4.689331    
  2.894158     -4.689915    
  2.895095     -4.695022    
  2.895182     -4.695096    
  2.896767     -4.698765    
  2.896854     -4.697816    
  2.897787     -4.702070    
  2.897874     -4.702318    
  2.900589     -4.712699    
  2.900676     -4.712123    
  2.902856     -4.715199    
  2.905026     -4.724314    
  2.905113     -4.725481    
  2.908098     -4.730474    
  2.908185     -4.728751    
  2.908477     -4.729931    
  2.908564     -4.731388    
  2.910090     -4.738359    
  2.910176     -4.739634    
  2.913363     -4.752812    
  2.916527     -4.762009    
  2.916614     -4.762198    
  2.916785     -4.762702    
  2.916872     -4.762889    
  2.917171     -4.763644    
  2.917258     -4.763934    
  2.919518     -4.770859    
  2.921765     -4.778606    
  2.921852     -4.779068    
  2.925029     -4.787460    
  2.925116     -4.788070    
  2.925941     -4.791095    
  2.926028     -4.792105    
  2.927554     -4.797546    
  2.927641     -4.797176    
  2.927950     -4.798269    
  2.928037     -4.798575    
  2.928671     -4.800532    
  2.928758     -4.800551    
  2.929127     -4.799428    
  2.929213     -4.799381    
  2.929524     -4.800677    
  2.929611     -4.801312    
  2.930245     -4.805730    
  2.930332     -4.806185    
  2.930604     -4.807216    
  2.930691     -4.807389    
  2.930963     -4.807831    
  2.931050     -4.808364    
  2.934646     -4.815148    
  2.934733     -4.817832    
  2.936807     -4.827076    
  2.936894     -4.826432    
  2.937412     -4.828216    
  2.937499     -4.828606    
  2.937612     -4.829391    
  2.939332     -4.834718    
  2.939418     -4.832146    
  2.941608     -4.841933    
  2.943787     -4.841613    
  2.943874     -4.838376    
  2.945266     -4.853752    
  2.945353     -4.853736    
  2.946273     -4.856153    
  2.946360     -4.856156    
  2.946687     -4.856921    
  2.946774     -4.856855    
  2.949036     -4.855119    
  2.951287     -4.867068    
  2.951374     -4.872439    
  2.953319     -4.874360    
  2.953406     -4.876712    
  2.953750     -4.879282    
  2.953837     -4.881165    
  2.955739     -4.881919    
  2.955826     -4.880293    
  2.956162     -4.878469    
  2.956249     -4.878123    
  2.957620     -4.893002    
  2.957703     -4.892413    
  2.957790     -4.891918    
  2.959196     -4.893625    
  2.959269     -4.894578    
  2.959356     -4.894856    
  2.959520     -4.895380    
  2.959575     -4.895568    
  2.959642     -4.895799    
  2.959729     -4.896113    
  2.959839     -4.896457    
  2.959926     -4.900216    
  2.960694     -4.879967    
  2.960781     -4.877091    
  2.961122     -4.879929    
  2.961209     -4.852359    
  2.965318     -4.909301    
  2.965405     -4.915026    
  2.969227     -4.915699    
  2.969314     -4.911430    
  2.972533     -4.905252    
  2.975728     -4.899755    
  2.975815     -4.892577    
  2.976166     -4.917052    
  2.976253     -4.901692    
  2.979351     -4.938848    
  2.982423     -4.896935    
  2.982509     -4.915312    
  2.982872     -4.917390    
  2.982959     -4.938754    
  2.986873     -4.923868    
  2.990753     -4.957255    
  2.994598     -4.943751    
  2.998409     -4.974043    
  3.002187     -4.968832    
  3.005933     -4.967276    
  3.009646     -4.996923    
  3.013329     -5.004025    
  3.016980     -5.019096    
  3.020600     -5.035855    
  3.024191     -5.033761    
  3.027752     -5.011174    
  3.031285     -5.077450    
  3.034788     -5.087731    
  3.038264     -5.034821    
  3.041713     -5.131896    
  3.041799     -5.082533    
  3.044019     -5.111520    
  3.044106     -5.112078    
  3.046417     -5.126965    
  3.046504     -5.127547    
  3.047266     -5.129191    
  3.047353     -5.142558    
  3.050503     -5.136391    
  3.053630     -5.086338    
  3.056735     -5.187757    
  3.059819     -5.151524    
  3.062880     -5.175078    
  3.065920     -5.164283    
  3.068939     -5.189380    
  3.071937     -5.207835    
  3.072024     -5.232436    
  3.074515     -5.214455    
  3.074602     -5.191719    
  3.077416     -5.220704    
  3.080211     -5.240329    
  3.082988     -5.225366    
  3.085748     -5.465913    
  3.085835     -5.212990    
  3.088164     -4.873193    
  3.088251     -5.024400    
  3.089222     -5.181193    
  3.089309     -5.200625    
  3.091849     -5.268072    
  3.091936     -5.321591    
  3.095352     -5.931298    
  3.095438     -5.163784    
  3.096179     -4.975586    
  3.096266     -5.049568    
  3.099969     -5.347828    
  3.100056     -5.292370    
  3.102791     -5.306843    
  3.105509     -5.321345    
  3.105596     -5.321154    
  3.108813     -5.333172    
  3.112005     -5.344141    
  3.112092     -5.343931    
  3.114687     -5.351614    
  3.114774     -5.353057    
  3.116978     -5.362178    
  3.117065     -5.362647    
  3.118223     -5.366374    
  3.118310     -5.366349    
  3.120853     -5.374045    
  3.123381     -5.381627    
  3.123468     -5.380595    
  3.125997     -5.410041    
  3.126084     -5.398929    
  3.127687     -5.377776    
  3.127774     -5.383761    
  3.129225     -5.399065    
  3.129312     -5.397604    
  3.132455     -5.411511    
  3.135577     -5.425375    
  3.135664     -5.424219    
  3.136182     -5.426095    
  3.136269     -5.427400    
  3.138696     -5.435071    
  3.141109     -5.442631    
  3.141196     -5.442907    
  3.144101     -5.452562    
  3.144188     -5.452720    
  3.144956     -5.449582    
  3.145043     -5.450160    
  3.146758     -5.463382    
  3.146845     -5.462868    
  3.146975     -5.463475    
  3.147795     -5.466344    
  3.147882     -5.466615    
  3.148729     -5.468653    
  3.148816     -5.469040    
  3.150639     -5.475006    
  3.150726     -5.475146    
  3.151276     -5.477231    
  3.151363     -5.477707    
  3.153068     -5.484390    
  3.153155     -5.484515    
  3.153381     -5.485150    
  3.153434     -5.485296    
  3.153521     -5.485496    
  3.155016     -5.489808    
  3.155103     -5.490188    
  3.156074     -5.493988    
  3.156161     -5.494067    
  3.160418     -5.508539    
  3.164633     -5.522856    
  3.164720     -5.523762    
  3.165979     -5.527709    
  3.166066     -5.527018    
  3.168877     -5.537168    
  3.171670     -5.547116    
  3.171756     -5.547310    
  3.173578     -5.552319    
  3.173665     -5.554978    
  3.177077     -5.559519    
  3.180463     -5.576316    
  3.180550     -5.577108    
  3.181960     -5.580848    
  3.182047     -5.581202    
  3.184770     -5.591346    
  3.187477     -5.601086    
  3.187564     -5.600979    
  3.188338     -5.602907    
  3.188425     -5.603123    
  3.189356     -5.606718    
  3.189443     -5.608047    
  3.191119     -5.631922    
  3.191206     -5.635103    
  3.192224     -5.612986    
  3.192311     -5.603152    
  3.194885     -5.622726    
  3.194972     -5.621620    
  3.196916     -5.631225    
  3.197003     -5.633091    
  3.200094     -5.644149    
  3.203162     -5.654129    
  3.203250     -5.654717    
  3.204674     -5.659206    
  3.204761     -5.658951    
  3.207365     -5.669080    
  3.207452     -5.669227    
  3.209994     -5.676866    
  3.212521     -5.672775    
  3.215033     -5.773404    
  3.217531     -5.132640    
  3.217618     -5.161027    
  3.218164     -5.276695    
  3.218251     -5.296806    
  3.218329     -5.314400    
  3.218415     -5.441772    
  3.222657     -5.762031    
  3.226857     -5.738248    
  3.231016     -5.749873    
  3.235137     -5.763561    
  3.239219     -5.778227    
  3.243262     -5.791346    
  3.247269     -5.805406    
  3.251238     -5.819557    
  3.251325     -5.819601    
  3.254391     -5.830105    
  3.257436     -5.840656    
  3.260459     -5.850990    
  3.263462     -5.861800    
  3.263549     -5.861576    
  3.265995     -5.870688    
  3.268428     -5.879188    
  3.270847     -5.887198    
  3.273253     -5.879938    
  3.273340     -5.893741    
  3.276535     -5.907252    
  3.279706     -5.918204    
  3.279793     -5.919598    
  3.281662     -5.923878    
  3.281749     -5.924365    
  3.285833     -5.939658    
  3.285920     -5.938415    
  3.289028     -5.950446    
  3.289115     -5.951166    
  3.291415     -5.958929    
  3.291501     -5.959636    
  3.293929     -5.967272    
  3.296343     -5.976577    
  3.298744     -5.984314    
  3.301132     -5.992369    
  3.301219     -5.992750    
  3.305074     -6.006707    
  3.305161     -6.006661    
  3.305985     -6.009537    
  3.306072     -6.009965    
  3.306887     -6.013157    
  3.306974     -6.013648    
  3.309850     -6.023537    
  3.309937     -6.023477    
  3.310624     -6.025694    
  3.310710     -6.025982    
  3.311825     -6.030010    
  3.311912     -6.030280    
  3.312012     -6.030498    
  3.312099     -6.031033    
  3.314648     -6.032913    
  3.317181     -6.039021    
  3.319700     -6.051662    
  3.322204     -6.066642    
  3.324695     -6.074397    
  3.327170     -6.080012    
  3.329632     -6.087899    
  3.332080     -6.095258    
  3.334514     -6.111466    
  3.336935     -6.113065    
  3.339342     -6.113506    
  3.341736     -6.139546    
  3.344117     -6.127701    
  3.346485     -6.148167    
  3.348840     -6.151182    
  3.351182     -6.154899    
  3.351269     -6.145333    
  3.355367     -6.181130    
  3.359427     -6.184034    
  3.363449     -6.204586    
  3.367434     -6.209734    
  3.367521     -6.209990    
  3.370066     -6.220379    
  3.372596     -6.230275    
  3.375111     -6.235305    
  3.377612     -6.247508    
  3.377699     -6.250902    
  3.380754     -6.256154    
  3.383787     -6.266188    
  3.386800     -6.280459    
  3.389792     -6.289943    
  3.389879     -6.289756    
  3.392466     -6.298765    
  3.395039     -6.308171    
  3.395126     -6.308418    
  3.397959     -6.317376    
  3.398046     -6.318474    
  3.398416     -6.320047    
  3.398503     -6.321784    
  3.400855     -6.323800    
  3.400942     -6.322876    
  3.402428     -6.344212    
  3.402515     -6.289960    
  3.404126     -6.329108    
  3.404213     -6.327260    
  3.406921     -6.349007    
  3.409611     -6.359012    
  3.412285     -6.368411    
  3.414942     -6.376966    
  3.415029     -6.377525    
  3.419186     -6.392055    
  3.423303     -6.406587    
  3.427382     -6.420593    
  3.431422     -6.434347    
  3.431509     -6.435058    
  3.434904     -6.450560    
  3.438273     -6.416126    
  3.441616     -6.445687    
  3.444934     -6.485173    
  3.445021     -6.482487    
  3.447484     -6.490312    
  3.449934     -6.499784    
  3.450021     -6.499960    
  3.452474     -6.507662    
  3.454914     -6.516804    
  3.455001     -6.516832    
  3.457947     -6.526869    
  3.460873     -6.537793    
  3.463780     -6.547055    
  3.466667     -6.558165    
  3.466754     -6.557966    
  3.469505     -6.567314    
  3.469592     -6.567035    
  3.469843     -6.567717    
  3.469930     -6.567654    
  3.471179     -6.573392    
  3.471266     -6.574597    
  3.474100     -6.582590    
  3.474187     -6.583607    
  3.476423     -6.591816    
  3.478648     -6.553426    
  3.480861     -6.608753    
  3.483063     -6.612510    
  3.483150     -6.611934    
  3.485959     -6.625534    
  3.488749     -6.635186    
  3.491522     -6.644266    
  3.494277     -6.654389    
  3.494364     -6.654933    
  3.496766     -6.662255    
  3.499154     -6.671833    
  3.501530     -6.679620    
  3.503893     -6.690403    
  3.506243     -6.671488    
  3.508580     -6.487334    
  3.510905     -6.705894    
  3.513217     -6.720423    
  3.513304     -6.718593    
  3.515963     -6.730026    
  3.518606     -6.740200    
  3.521233     -6.749085    
  3.523845     -6.758345    
  3.526440     -6.767326    
  3.529020     -6.776451    
  3.531585     -6.785418    
  3.534135     -6.794123    
  3.534222     -6.794463    
  3.536649     -6.803184    
  3.539062     -6.811814    
  3.541462     -6.820203    
  3.543849     -6.828093    
  3.543936     -6.828609    
  3.544500     -6.830687    
  3.544586     -6.829185    
  3.547376     -6.840187    
  3.550148     -6.849312    
  3.550235     -6.850758    
  3.552940     -6.860353    
  3.555627     -6.870007    
  3.555714     -6.869543    
  3.556728     -6.873536    
  3.556815     -6.874100    
  3.557696     -6.877609    
  3.557783     -6.877593    
  3.558846     -6.880757    
  3.558933     -6.881074    
  3.559110     -6.881684    
  3.559197     -6.882155    
  3.560851     -6.888901    
  3.560938     -6.889059    
  3.561019     -6.889301    
  3.561106     -6.889552    
  3.561368     -6.890321    
  3.561455     -6.890577    
  3.561549     -6.890846    
  3.561702     -6.891255    
  3.561789     -6.891478    
  3.561899     -6.891731    
  3.561986     -6.891922    
  3.562293     -6.896057    
  3.565681     -6.891556    
  3.565768     -6.891501    
  3.568672     -6.912745    
  3.571556     -6.921015    
  3.574422     -6.934184    
  3.577268     -6.942255    
  3.580096     -6.951026    
  3.582906     -6.958411    
  3.585698     -6.979902    
  3.588471     -6.970645    
  3.591228     -6.992949    
  3.593966     -6.984477    
  3.596688     -7.002344    
  3.599393     -7.016208    
  3.602081     -7.023722    
  3.604752     -7.019004    
  3.607407     -7.045146    
  3.610046     -7.045484    
  3.610133     -7.045474    
  3.612394     -7.050487    
  3.614642     -7.098782    
  3.616880     -7.044118    
  3.619105     -7.072147    
  3.621319     -7.085038    
  3.623523     -7.085899    
  3.625715     -7.110639    
  3.627896     -7.102551    
  3.627982     -7.102733    
  3.630428     -7.111722    
  3.632293     -7.122407    
  3.632379     -7.122150    
  3.635363     -7.132558    
  3.638325     -7.155036    
  3.641268     -7.123109    
  3.644191     -7.163632    
  3.644278     -7.161568    
  3.646967     -7.171688    
  3.649640     -7.180477    
  3.652297     -7.189350    
  3.654938     -7.198850    
  3.655025     -7.197343    
  3.657211     -7.193355    
  3.659385     -7.240148    
  3.659472     -7.198987    
  3.663615     -7.221614    
  3.663702     -7.229555    
  3.666918     -7.193784    
  3.670110     -7.248497    
  3.670197     -7.382955    
  3.674031     -6.767223    
  3.677831     -7.322127    
  3.681598     -7.291544    
  3.685333     -7.302994    
  3.685420     -7.303520    
  3.688862     -7.294667    
  3.688948     -7.217151    
  3.690731     -7.239566    
  3.690818     -7.267402    
  3.691459     -7.298944    
  3.691546     -7.317747    
  3.694812     -7.300263    
  3.694898     -7.301257    
  3.695365     -7.317289    
  3.695452     -7.319804    
  3.695518     -7.321714    
  3.695605     -7.327971    
  3.698701     -7.346774    
  3.701776     -7.357630    
  3.704828     -7.368132    
  3.707860     -7.378387    
  3.710870     -7.388852    
  3.712650     -7.394431    
  3.713860     -7.398753    
  3.716830     -7.408891    
  3.719779     -7.418753    
  3.719866     -7.419130    
  3.723198     -7.430434    
  3.726504     -7.441649    
  3.729786     -7.452820    
  3.733043     -7.463653    
  3.733130     -7.473953    
  3.736895     -7.409664    
  3.740628     -7.497596    
  3.740715     -7.489156    
  3.743507     -7.499496    
  3.746281     -7.508843    
  3.749037     -7.517707    
  3.751777     -7.527549    
  3.751863     -7.527039    
  3.754658     -7.537364    
  3.754745     -7.536749    
  3.755217     -7.538375    
  3.755304     -7.538692    
  3.755522     -7.539556    
  3.755609     -7.540527    
  3.758467     -7.549321    
  3.761306     -7.559414    
  3.764127     -7.568902    
  3.766929     -7.577490    
  3.769713     -7.587910    
  3.772480     -7.597356    
  3.775229     -7.606981    
  3.777961     -7.613210    
  3.778048     -7.613995    
  3.778151     -7.616299    
  3.781161     -7.625972    
  3.784252     -7.636407    
  3.787320     -7.646247    
  3.790368     -7.656125    
  3.793394     -7.666308    
  3.796399     -7.678909    
  3.799384     -7.683289    
  3.802348     -7.703617    
  3.802435     -7.693990    
  3.806009     -7.708418    
  3.806096     -7.709147    
  3.809815     -7.721661    
  3.809902     -7.718214    
  3.811377     -7.726479    
  3.811464     -7.726132    
  3.811517     -7.726319    
  3.811568     -7.726498    
  3.811655     -7.727278    
  3.814154     -7.732270    
  3.816638     -7.792787    
  3.819108     -7.407362    
  3.821564     -7.599113    
  3.821651     -7.677217    
  3.825835     -7.784456    
  3.829979     -7.785784    
  3.834084     -7.802870    
  3.838150     -7.816146    
  3.838237     -7.814483    
  3.840994     -7.823146    
  3.843735     -7.830392    
  3.846458     -7.844560    
  3.849164     -7.853383    
  3.851853     -7.861837    
  3.854526     -7.871800    
  3.857182     -7.885305    
  3.859823     -7.867999    
  3.859910     -7.881835    
  3.862754     -7.894175    
  3.865581     -7.909020    
  3.868389     -7.917309    
  3.871179     -7.926532    
  3.871266     -7.927251    
  3.873695     -7.935253    
  3.876111     -7.942761    
  3.878513     -7.951335    
  3.880902     -7.958537    
  3.880989     -7.960303    
  3.884377     -7.942712    
  3.887739     -7.981032    
  3.891076     -7.993531    
  3.894387     -8.003712    
  3.894474     -8.004317    
  3.898660     -8.018421    
  3.898747     -8.018434    
  3.901486     -8.027812    
  3.904208     -8.036394    
  3.904295     -8.037518    
  3.905384     -8.040941    
  3.905471     -8.040460    
  3.908472     -8.051446    
  3.908559     -8.050805    
  3.912193     -8.063757    
  3.912280     -8.063190    
  3.913068     -8.065375    
  3.913155     -8.065910    
  3.913273     -8.066565    
  3.913714     -8.068757    
  3.913769     -8.068924    
  3.913842     -8.069212    
  3.913889     -8.069389    
  3.913972     -8.069712    
  3.914081     -8.070116    
  3.914168     -8.073707    
  3.916915     -8.069270    
  3.917002     -8.088973    
  3.919240     -8.046883    
  3.921466     -8.087992    
  3.923680     -8.104398    
  3.925884     -8.110293    
  3.928076     -8.116731    
  3.930258     -8.123914    
  3.934588     -8.138606    
  3.938875     -8.153282    
  3.943121     -8.166267    
  3.947325     -8.178361    
  3.951490     -8.190003    
  3.955614     -8.208645    
  3.959700     -8.217840    
  3.963748     -8.231478    
  3.967758     -8.246801    
  3.971732     -8.224878    
  3.975669     -8.244949    
  3.979571     -8.292311    
  3.983439     -8.285473    
  3.983526     -8.288797    
  3.987126     -8.309503    
  3.990697     -8.324312    
  3.994239     -8.331653    
  3.997752     -8.341589    
  3.997838     -8.345846    
  4.000147     -8.354734    
  4.002444     -8.361548    
  4.004728     -8.464505    
  4.007001     -7.882125    
  4.009262     -8.066025    
  4.011511     -8.362616    
  4.013748     -8.390555    
  4.015974     -8.404842    
  4.018189     -8.411577    
  4.020392     -8.415610    
  4.022585     -8.425639    
  4.024766     -8.430303    
  4.029096     -8.449570    
  4.033383     -8.462204    
  4.033470     -8.463189    
  4.034774     -8.467672    
  4.034861     -8.467302    
  4.038365     -8.479071    
  4.038452     -8.467427    
  4.040802     -8.480647    
  4.043140     -8.454946    
  4.045465     -8.500614    
  4.047778     -8.493654    
  4.047865     -8.502515    
  4.051277     -8.522669    
  4.054632     -8.533071    
  4.057962     -8.540911    
  4.061267     -8.554733    
  4.061354     -8.555211    
  4.065579     -8.537000    
  4.069764     -8.462810    
  4.073909     -8.604207    
  4.078015     -8.608252    
  4.078102     -8.605553    
  4.080241     -8.616630    
  4.080328     -8.616123    
  4.080857     -8.617282    
  4.080944     -8.617536    
  4.081009     -8.617722    
  4.081054     -8.617485    
  4.082194     -8.623042    
  4.082281     -8.621545    
  4.084738     -8.629794    
  4.087181     -8.637547    
  4.089611     -8.643193    
  4.092028     -8.653057    
  4.094430     -8.661591    
  4.096820     -8.666953    
  4.099197     -8.676529    
  4.101560     -8.685448    
  4.101647     -8.681411    
  4.104844     -8.696228    
  4.108018     -8.703732    
  4.111169     -8.616657    
  4.114297     -8.725379    
  4.117403     -8.735663    
  4.120486     -8.744886    
  4.123548     -8.751982    
  4.126589     -8.763763    
  4.129608     -8.775079    
  4.132606     -8.780311    
  4.135584     -8.789911    
  4.138542     -8.803733    
  4.141479     -8.812204    
  4.144397     -8.817941    
  4.147296     -8.826493    
  4.150175     -8.842143    
  4.150262     -8.840302    
  4.153103     -8.849718    
  4.155926     -8.856886    
  4.156013     -8.864813    
  4.158103     -8.849254    
  4.158190     -8.861839    
  4.161727     -8.876067    
  4.161814     -8.872652    
  4.163762     -8.883834    
  4.163849     -8.884115    
  4.163959     -8.884573    
  4.164046     -8.885119    
  4.166389     -8.892980    
  4.168720     -8.900421    
  4.171039     -8.866926    
  4.173345     -8.875143    
  4.175640     -8.908694    
  4.177922     -8.931705    
  4.180192     -8.937174    
  4.182450     -8.952206    
  4.184697     -8.950441    
  4.186932     -8.958654    
  4.189156     -8.965079    
  4.191369     -8.973313    
  4.193570     -8.977253    
  4.195760     -8.986346    
  4.197939     -8.997483    
  4.200107     -8.985906    
  4.204411     -9.009845    
  4.208673     -9.025756    
  4.212894     -9.038807    
  4.217074     -9.050997    
  4.221214     -9.063014    
  4.225315     -9.083072    
  4.229377     -9.083550    
  4.233402     -9.081299    
  4.233489     -9.096082    
  4.235773     -9.109207    
  4.238044     -9.122516    
  4.240303     -9.129578    
  4.242551     -9.117942    
  4.244787     -9.139494    
  4.247012     -9.142608    
  4.249225     -9.158162    
  4.251427     -9.156234    
  4.251514     -9.160528    
  4.255198     -9.173224    
  4.258852     -9.190237    
  4.262474     -9.178795    
  4.266067     -9.200145    
  4.266154     -9.202300    
  4.268659     -9.230293    
  4.271149     -9.089025    
  4.273626     -8.827385    
  4.276088     -8.917889    
  4.278536     -9.210849    
  4.280971     -9.248265    
  4.283392     -9.262851    
  4.285800     -9.272359    
  4.288194     -9.276755    
  4.290575     -9.274928    
  4.292943     -9.270073    
  4.295299     -9.290071    
  4.297641     -9.309953    
  4.299971     -9.315733    
  4.302289     -9.322054    
  4.304595     -9.330266    
  4.306888     -9.336196    
  4.309169     -9.343250    
  4.311438     -9.340071    
  4.313695     -9.356573    
  4.315941     -9.358627    
  4.318175     -9.372151    
  4.320398     -9.378039    
  4.322610     -9.384229    
  4.324810     -9.385418    
  4.326999     -9.399418    
  4.329177     -9.402276    
  4.331345     -9.411829    
  4.335647     -9.421664    
  4.339907     -9.383394    
  4.339994     -9.418786    
  4.343342     -9.394002    
  4.346664     -9.457237    
  4.349961     -9.467231    
  4.353233     -9.479142    
  4.353320     -9.480202    
  4.356074     -9.485637    
  4.356161     -9.483754    
  4.357582     -9.486544    
  4.357669     -9.487968    
  4.357779     -9.488603    
  4.357865     -9.491248    
  4.360696     -9.496909    
  4.363507     -9.514235    
  4.366301     -9.518339    
  4.369077     -9.528879    
  4.371835     -9.532146    
  4.374576     -9.526029    
  4.377300     -9.548177    
  4.380006     -9.559416    
  4.382696     -9.569752    
  4.385369     -9.577134    
  4.388026     -9.585828    
  4.390667     -9.594104    
  4.393292     -9.596617    
  4.395901     -9.607964    
  4.398495     -9.610334    
  4.401073     -9.627057    
  4.403636     -9.633527    
  4.406183     -9.640537    
  4.408716     -9.650598    
  4.411235     -9.638223    
  4.413739     -9.666241    
  4.416228     -9.669076    
  4.418703     -9.677922    
  4.421164     -9.611734    
  4.423612     -9.645462    
  4.426045     -9.700903    
  4.428465     -9.705625    
  4.430872     -9.710966    
  4.433266     -9.712633    
  4.435646     -9.722423    
  4.438013     -9.735110    
  4.440368     -9.744804    
  4.440455     -9.748786    
  4.442834     -9.738324    
  4.445201     -9.762467    
  4.445288     -9.758707    
  4.447569     -9.757458    
  4.449839     -9.781425    
  4.452097     -9.747305    
  4.454343     -9.678958    
  4.456578     -9.775570    
  4.458801     -9.800947    
  4.461013     -9.787618    
  4.463213     -9.795667    
  4.465403     -9.814831    
  4.467581     -9.829208    
  4.471906     -9.837342    
  4.476188     -9.851326    
  4.480428     -9.798806    
  4.512937     -9.941179    
  4.513024     -9.963469    
  4.514610     -9.967941    
  4.514697     -9.968225    
  4.515945     -9.971274    
  4.516032     -9.971657    
  4.516141     -9.971976    
  4.516228     -9.971567    
  4.585469     -10.16865    
  4.585556     -10.15741    
  4.648489     -10.34480    
  4.648576     -10.35276    
  4.649548     -10.36622    
  4.649635     -10.36565    
  4.649838     -10.36695    
  4.649925     -10.36741    
  4.650035     -10.36795    
  4.650122     -10.34690    
  4.709765     -10.52127    
  4.709852     -10.53716    
  4.765753     -10.68999    
  4.765822     -10.70611    
  4.765909     -10.70612    
  4.766019     -10.70609    
  4.766106     -10.69589    
  4.818480     -10.86601    
  4.818567     -10.84464    
  4.868094     -10.96535    
  4.868152     -11.00152    
  4.868214     -11.00172    
  4.868324     -11.00211    
  4.868411     -10.94749    
  4.915089     -11.15454    
  4.915176     -11.14041    
  4.959449     -11.25540    
  4.959536     -11.26027    
  4.959642     -11.25942    
  4.959729     -11.25972    
  4.959839     -11.26014    
  4.959925     -11.25744    
  5.002021     -11.34092    
  5.002108     -11.38522    
  5.041986     -11.49921    
  5.042072     -11.50401    
  5.042428     -11.51141    
  5.042515     -11.51245    
  5.042624     -11.51362    
  5.042711     -11.49150    
  5.081038     -11.59842    
  5.081125     -11.58496    
  5.117569     -11.70648    
  5.117655     -11.73197    
  5.118005     -11.72503    
  5.118092     -11.71433    
  5.118201     -11.72617    
  5.118288     -11.65013    
  5.153462     -11.83698    
  5.153549     -11.80855    
  5.187204     -11.90755    
  5.187290     -11.90326    
  5.187529     -11.90276    
  5.187616     -11.90260    
  5.187725     -11.90244    
  5.187812     -11.90457    
  5.251180     -12.05698    
  5.251266     -12.08040    
  5.251931     -12.08894    
  5.252018     -12.08962    
  5.252095     -12.09010    
  5.252182     -12.08278    
  5.311750     -12.24169    
  5.311837     -12.26055    
  5.311944     -12.26229    
  5.312021     -12.26367    
  5.312108     -12.26161    
  5.368079     -12.38430    
  5.368165     -12.40265    
  5.420736     -12.55721    
  5.420823     -12.54592    
  5.470384     -12.67184    
  5.470471     -12.68794    
  5.517346     -12.82672    
  5.517433     -12.81410    
  5.561899     -12.94066    
  5.561985     -12.94830    
  5.604277     -13.04282    
  5.604364     -13.06941    
  5.644684     -13.16100    
  5.644771     -13.16920    
  6.103027     -14.40995    
  6.321002     -15.01607    
  6.573673     -15.70772    
  6.848341     -16.45814    
  7.135565     -17.24373    
  7.429524     -18.05764    
  7.726975     -18.89478    
  8.026204     -19.76510    
  8.326331     -20.69711    
  8.626909     -21.76788    
  8.927713    -100.00000    
