 0.6989700    -100.00000    
 0.7247828    -100.00000    
 0.7491470    -100.00000    
 0.7722168    -100.00000    
 0.7941226    -100.00000    
 0.8348744    -100.00000    
 0.8721282    -100.00000    
 0.9064373    -100.00000    
 0.9382333    -100.00000    
 0.9678594    -100.00000    
 0.9955930    -100.00000    
  1.021661    -100.00000    
  1.046253    -100.00000    
  1.069527     -44.68131    
  1.091616    -100.00000    
  1.132686     -42.49912    
  1.170205     -42.24558    
  1.204739     -42.72105    
  1.236728     -43.94406    
  1.266522    -100.00000    
  1.294403    -100.00000    
  1.320601    -100.00000    
  1.345308    -100.00000    
  1.368685    -100.00000    
  1.390867    -100.00000    
  1.390954     -27.06552    
  1.407231     -26.85080    
  1.407318     -26.96353    
  1.416604     -27.10358    
  1.416691     -25.33974    
  1.434239     -25.21999    
  1.434325     -25.29634    
  1.438732     -25.33653    
  1.438819     -25.33730    
  1.442990     -25.37976    
  1.443077     -25.38133    
  1.465932     -25.68512    
  1.466019     -25.68299    
  1.466567     -25.69166    
  1.466654     -25.69946    
  1.485460     -26.04786    
  1.485547     -26.03567    
  1.485843     -26.04174    
  1.485930     -26.05469    
  1.502811     -26.45334    
  1.502898     -26.44071    
  1.515152     -26.77833    
  1.515239     -26.80465    
  1.538911     -27.73001    
  1.538998     -27.51763    
  1.541754     -27.61536    
  1.541841     -27.61810    
  1.544410     -27.71113    
  1.544497     -27.71386    
  1.546755     -27.79714    
  1.546842     -27.83817    
  1.568094     -29.01404    
  1.568181     -28.64651    
  1.576102     -29.01281    
  1.576189     -28.98889    
  1.577032     -29.02766    
  1.577119     -29.05213    
  1.586189     -29.51113    
  1.586276     -29.46847    
  1.587530     -29.53056    
  1.587617     -29.58605    
  1.602078     -30.55153    
  1.602165     -30.29614    
  1.604747     -30.43884    
  1.604834     -30.57348    
  1.629405    -100.00000    
  1.629492     -31.80805    
  1.633100     -31.97915    
  1.633187     -32.00524    
  1.643761     -32.43473    
  1.643848     -32.38459    
  1.646889     -32.47888    
  1.646976     -32.48499    
  1.653070     -32.65409    
  1.653157     -32.66789    
  1.667964     -33.02036    
  1.668051     -32.99368    
  1.673067     -33.09850    
  1.673154     -33.09826    
  1.673452     -33.10437    
  1.673539     -33.11190    
  1.683736     -33.31908    
  1.683823     -33.31453    
  1.689301     -33.42345    
  1.689388     -33.42334    
  1.690173     -33.43893    
  1.690260     -33.44083    
  1.691919     -33.47376    
  1.692006     -33.48817    
  1.709636     -33.85976    
  1.709723     -33.83882    
  1.714846     -33.95005    
  1.714933     -33.95066    
  1.717233     -34.00180    
  1.717320     -34.00344    
  1.717576     -34.00924    
  1.717663     -34.01147    
  1.719536     -34.05391    
  1.719623     -34.05599    
  1.721805     -34.10641    
  1.721892     -34.10887    
  1.725295     -34.18964    
  1.725382     -34.19308    
  1.731154     -34.33698    
  1.731241     -34.33642    
  1.731758     -34.34972    
  1.731845     -34.35193    
  1.732294     -34.36361    
  1.732381     -34.36646    
  1.735217     -34.44117    
  1.735304     -34.45269    
  1.746841     -34.79704    
  1.746929     -34.78083    
  1.747807     -34.80892    
  1.747894     -34.81591    
  1.753972     -35.02373    
  1.754058     -35.02166    
  1.756978     -35.12879    
  1.757065     -35.13614    
  1.762907     -35.37079    
  1.762994     -35.36549    
  1.763503     -35.38684    
  1.763590     -35.39174    
  1.765957     -35.49321    
  1.766044     -35.49701    
  1.768505     -35.60630    
  1.768592     -35.62239    
  1.776113     -35.98794    
  1.776200     -35.97236    
  1.781285     -36.22566    
  1.781372     -36.21733    
  1.781946     -36.24589    
  1.782033     -36.25645    
  1.786409     -36.48193    
  1.786495     -36.47802    
  1.788161     -36.56642    
  1.788248     -36.57030    
  1.789372     -36.63176    
  1.789459     -36.63891    
  1.792246     -36.80014    
  1.792333     -36.83056    
  1.800765     -37.44322    
  1.800851     -37.39471    
  1.809708     -38.04468    
  1.809795     -37.92803    
  1.810144     -37.94819    
  1.810231     -37.96273    
  1.814042     -38.16452    
  1.814129    -100.00000    
  1.834747     -37.64065    
  1.834834     -37.48433    
  1.838907     -37.20582    
  1.838994     -37.19046    
  1.840414     -37.09620    
  1.840501     -37.09376    
  1.842703     -36.94792    
  1.842790     -36.94038    
  1.844125     -36.85281    
  1.844212     -37.47471    
  1.857265     -36.08895    
  1.857352     -36.45778    
  1.870233     -35.29549    
  1.870320     -35.22375    
  1.871306     -35.16512    
  1.871393     -35.15988    
  1.872072     -35.11979    
  1.872158     -35.11553    
  1.873424     -35.04096    
  1.873511     -35.09381    
  1.880831     -34.63696    
  1.880918     -34.64673    
  1.887368     -34.26286    
  1.887455     -34.42787    
  1.899003     -33.65810    
  1.899090     -33.64268    
  1.905821     -33.26996    
  1.905908     -33.27096    
  1.911657     -32.96569    
  1.911744     -32.94825    
  1.912227     -32.92323    
  1.912313     -32.92045    
  1.913955     -32.83759    
  1.914042     -32.92666    
  1.924238     -32.36470    
  1.924325     -32.32807    
  1.925856     -32.25467    
  1.925943     -32.24976    
  1.926709     -32.21334    
  1.926796     -32.20916    
  1.926846     -32.20682    
  1.926932     -32.20265    
  1.927461     -32.17730    
  1.927548     -32.17852    
  1.930771     -32.02558    
  1.930858     -32.02199    
  1.933873     -31.88115    
  1.933960     -31.87809    
  1.936983     -31.73881    
  1.937070     -31.73203    
  1.938051     -31.68739    
  1.938138     -31.68635    
  1.940777     -31.56719    
  1.940864     -31.76475    
  1.955697     -30.97217    
  1.955784     -30.92583    
  1.959855     -30.75706    
  1.959942     -30.75360    
  1.963545     -30.60765    
  1.963632     -30.65788    
  1.974225     -30.21310    
  1.974312     -30.18494    
  1.974387     -30.18191    
  1.974474     -30.18107    
  1.977192     -30.07415    
  1.977279    -100.00000    
  1.994212     -29.01489    
  1.994299     -28.77555    
  1.996552     -28.41872    
  1.996639     -29.77270    
  1.997939     -29.18829    
  1.998026     -29.28004    
  2.000182     -29.14851    
  2.000268     -29.52982    
  2.007421     -28.50986    
  2.007508     -29.23175    
  2.009100     -28.96453    
  2.009187     -29.01250    
  2.009352     -29.00769    
  2.009439     -29.00515    
  2.009543     -29.00595    
  2.017372     -28.81341    
  2.017459     -28.98800    
  2.026471     -28.40183    
  2.026558     -28.30585    
  2.028108     -28.12216    
  2.028195    -100.00000    
  2.061043     -23.69830    
  2.061130     -23.95715    
  2.067104     -22.36553    
  2.067191     -22.28028    
  2.068339     -22.11466    
  2.068426    -100.00000    
  2.076209     -21.08971    
  2.076296    -100.00000    
  2.097304     -18.39139    
  2.097391     -18.41877    
  2.100294    -100.00000    
  2.100380     -19.23616    
  2.101519     -19.06645    
  2.101605     -19.08729    
  2.102584     -18.91754    
  2.102671     -18.97359    
  2.104539     -18.59772    
  2.104626     -18.65774    
  2.106101     -18.51302    
  2.106187     -18.63443    
  2.111508     -17.78550    
  2.111595     -17.36373    
  2.111941    -100.00000    
  2.112028    -100.00000    
  2.124942     -16.63193    
  2.125029     -16.29855    
  2.126973    -100.00000    
  2.127060     -18.13521    
  2.127658     -18.17182    
  2.127745    -100.00000    
  2.131986     -17.20388    
  2.132073     -17.14283    
  2.137486     -16.85523    
  2.137573     -18.62445    
  2.141450     -16.24407    
  2.141537    -100.00000    
  2.141662    -100.00000    
  2.141749     -16.54061    
  2.149371     -16.06855    
  2.149458     -15.52287    
  2.154246     -16.26350    
  2.154333    -100.00000    
  2.156640     -16.49593    
  2.156727     -18.34390    
  2.156827     -16.75152    
  2.158960     -17.19224    
  2.159047     -16.19217    
  2.177604     -15.14777    
  2.177690     -14.89484    
  2.181731     -14.65249    
  2.181818     -13.70727    
  2.184198     -13.36469    
  2.184285     -14.36003    
  2.188445     -15.69613    
  2.188532     -14.74379    
  2.191911     -14.95255    
  2.191997     -14.07286    
  2.204170     -13.57470    
  2.204257    -100.00000    
  2.213352     -12.42834    
  2.213439     -12.67146    
  2.217837     -13.00087    
  2.217924     -12.64592    
  2.218030     -12.69668    
  2.218315     -13.06549    
  2.218402     -13.31171    
  2.218688     -13.76961    
  2.218775     -13.15825    
  2.225403     -13.61584    
  2.231931     -13.52303    
  2.232018     -14.01038    
  2.234695     -13.30529    
  2.234781     -13.30468    
  2.239617     -13.08012    
  2.239704     -12.39523    
  2.245345     -12.90210    
  2.245432     -12.79625    
  2.250721     -12.52259    
  2.250808     -11.21158    
  2.252069    -100.00000    
  2.252156     -13.58485    
  2.253696     -14.39950    
  2.253782     -12.70371    
  2.257177     -13.23210    
  2.260545     -11.81697    
  2.260632     -11.94038    
  2.263836    -100.00000    
  2.267016     -13.39510    
  2.267103     -15.12726    
  2.270490     -13.16793    
  2.270577     -12.94241    
  2.271628     -13.17681    
  2.271715     -14.14956    
  2.275818     -13.53932    
  2.275905     -13.43940    
  2.278364    -100.00000    
  2.280809     -12.75914    
  2.280896     -13.23009    
  2.283804     -12.39361    
  2.283891     -13.67476    
  2.284781     -14.10841    
  2.284868     -14.67612    
  2.286288     -13.81318    
  2.286375     -15.16347    
  2.286786     -15.26156    
  2.286873     -13.55097    
  2.289459     -13.34322    
  2.292031     -13.79735    
  2.294586     -13.53090    
  2.297128     -13.34220    
  2.297214    -100.00000    
  2.297982     -12.70645    
  2.298069    -100.00000    
  2.300085     -12.78250    
  2.302092     -13.99179    
  2.304090     -14.97735    
  2.306078     -14.47488    
  2.306165     -14.86779    
  2.308268     -13.99241    
  2.309316     -13.37548    
  2.310361     -13.61549    
  2.311404     -14.96371    
  2.312444     -14.36520    
  2.313482     -14.38591    
  2.314517     -15.35247    
  2.314604     -14.08225    
  2.315597     -15.75570    
  2.315684    -100.00000    
  2.316612     -13.89814    
  2.317538     -15.13548    
  2.318463     -13.66196    
  2.319385     -14.16409    
  2.320305     -13.42261    
  2.321224     -14.00588    
  2.322140     -13.02873    
  2.323055    -100.00000    
  2.323141     -13.96120    
  2.324295     -13.90485    
  2.325445     -14.01646    
  2.326592     -15.25877    
  2.327736     -13.32325    
  2.327823    -100.00000    
  2.328799    -100.00000    
  2.329773     -14.14076    
  2.330745     -14.84595    
  2.331714     -14.50914    
  2.331801    -100.00000    
  2.333101     -13.16835    
  2.333188     -13.37986    
  2.334187     -14.77807    
  2.335184     -14.27016    
  2.336179    -100.00000    
  2.337171     -13.53560    
  2.338161     -13.38764    
  2.339149     -14.27166    
  2.340135     -15.03842    
  2.341118    -100.00000    
  2.341205    -100.00000    
  2.341283    -100.00000    
  2.341370    -100.00000    
  2.341472     -14.46298    
  2.342320    -100.00000    
  2.343166    -100.00000    
  2.344011     -13.41428    
  2.344853    -100.00000    
  2.344940    -100.00000    
  2.345621    -100.00000    
  2.346301     -12.99013    
  2.346979    -100.00000    
  2.347657    -100.00000    
  2.348333    -100.00000    
  2.349009     -13.09532    
  2.349683     -13.37995    
  2.350356    -100.00000    
  2.350443    -100.00000    
  2.351331    -100.00000    
  2.352217    -100.00000    
  2.352659    -100.00000    
  2.353101    -100.00000    
  2.353542    -100.00000    
  2.353983     -14.82184    
  2.354070    -100.00000    
  2.354494     -15.42793    
  2.354917    -100.00000    
  2.355340    -100.00000    
  2.355762     -13.83609    
  2.355849    -100.00000    
  2.356283    -100.00000    
  2.356717     -13.95355    
  2.357149     -13.84271    
  2.357582    -100.00000    
  2.357669     -10.17396    
  2.362936     -10.45183    
  2.363023    -100.00000    
  2.376702     -5.414134    
  2.376789     -5.475295    
  2.381401     -5.328997    
  2.381488     -5.220137    
  2.381574     -5.198703    
  2.381660    -100.00000    
  2.384670     -4.364259    
  2.384757     -4.679768    
  2.387126    -100.00000    
  2.387213     -5.077496    
  2.396615     -4.388386    
  2.405819     -4.019188    
  2.405905     -3.966434    
  2.409345     -5.536169    
  2.409431    -100.00000    
  2.409967     -6.824547    
  2.410054    -100.00000    
  2.411501     -4.144703    
  2.411588     -3.953566    
  2.412778     -3.790962    
  2.412865     -3.817854    
  2.413098     -3.823194    
  2.413185     -3.758140    
  2.417228     -4.527165    
  2.417315     -4.541586    
  2.417448     -4.535108    
  2.417535     -4.591759    
  2.419545     -4.034770    
  2.419632     -4.027030    
  2.424108     -4.131589    
  2.424195     -4.343670    
  2.429911     -4.150347    
  2.429998     -4.135034    
  2.432147     -4.119792    
  2.432234     -4.099322    
  2.433514     -4.108131    
  2.433601     -4.317743    
  2.434762     -4.224322    
  2.434849     -4.171639    
  2.435182     -4.090707    
  2.435269     -4.042137    
  2.435570     -3.922230    
  2.435657     -3.853607    
  2.438099     -3.925816    
  2.438186     -3.992402    
  2.443115     -3.939538    
  2.443202     -4.755037    
  2.448046     -4.312403    
  2.448133     -4.186465    
  2.449372     -4.097977    
  2.449459     -4.189094    
  2.450924     -3.893216    
  2.451011     -4.117831    
  2.456026     -4.210999    
  2.456113     -4.090634    
  2.457105     -4.172724    
  2.457192     -4.064089    
  2.461170     -4.171401    
  2.461257     -4.491928    
  2.466286     -4.941313    
  2.466372     -4.635255    
  2.466976     -4.832896    
  2.467064     -5.039959    
  2.471828     -4.497418    
  2.471915     -4.727423    
  2.476442     -4.072591    
  2.476529     -4.019252    
  2.476628     -4.048892    
  2.476715     -4.150269    
  2.476977     -4.437430    
  2.477064     -4.156765    
  2.483465     -4.700995    
  2.483551     -4.387777    
  2.483824     -4.295576    
  2.483911     -4.379882    
  2.484130     -4.241229    
  2.484217     -4.139481    
  2.487220     -3.902537    
  2.490203     -4.287887    
  2.493165     -4.074153    
  2.496107     -4.679228    
  2.496194     -3.954874    
  2.500074     -4.028918    
  2.503920     -3.892551    
  2.504007     -3.888357    
  2.504069     -3.890789    
  2.504156     -3.926832    
  2.506191     -3.855809    
  2.506278     -3.819608    
  2.508598     -4.254858    
  2.510906     -3.777245    
  2.513202     -3.737294    
  2.515486     -3.935420    
  2.515573     -3.869771    
  2.515719     -3.878719    
  2.515805     -3.881798    
  2.515872     -3.881444    
  2.515959     -3.870813    
  2.516943     -3.744981    
  2.517030     -3.765315    
  2.517941     -3.776090    
  2.518028     -3.765236    
  2.521727     -3.851959    
  2.525387     -4.013091    
  2.529016     -3.737773    
  2.532615     -3.777416    
  2.532701     -3.777419    
  2.536032     -3.776346    
  2.539337     -3.856611    
  2.539424     -3.906179    
  2.543132     -3.830463    
  2.546808     -3.815881    
  2.546895     -3.808325    
  2.547329     -3.807088    
  2.547416     -3.845300    
  2.551118     -3.904805    
  2.551204     -3.830219    
  2.554808     -3.804219    
  2.558382     -3.831470    
  2.558469     -3.871293    
  2.558869     -3.882578    
  2.558956     -3.879103    
  2.561557     -3.801645    
  2.561644     -3.815403    
  2.564082     -3.847983    
  2.566507     -3.827407    
  2.568917     -3.815563    
  2.571315     -3.827104    
  2.571402     -3.827614    
  2.571490     -3.827755    
  2.571576     -3.856018    
  2.574740     -3.856145    
  2.577880     -3.829611    
  2.580998     -3.840181    
  2.584094     -3.878343    
  2.587168     -3.968654    
  2.590220     -3.904334    
  2.593250     -3.892128    
  2.596260     -3.923164    
  2.596347     -3.895860    
  2.597646     -3.886838    
  2.597733     -3.886146    
  2.600542     -3.867751    
  2.603333     -3.873406    
  2.603420     -3.856798    
  2.606239     -3.942791    
  2.606324     -3.930165    
  2.606411     -3.919157    
  2.607237     -3.879752    
  2.607324     -3.877972    
  2.611491     -3.884947    
  2.615617     -3.886570    
  2.615704     -3.883884    
  2.619659     -3.893492    
  2.619746     -3.894759    
  2.620859     -3.900054    
  2.620946     -3.900895    
  2.621962     -3.904378    
  2.622049     -3.895966    
  2.625471     -3.916993    
  2.625557     -3.912179    
  2.626297     -3.922884    
  2.626384     -3.916846    
  2.627024     -3.903358    
  2.627111     -3.895658    
  2.630159     -3.963008    
  2.633186     -3.890625    
  2.633273     -3.911150    
  2.633585     -3.911897    
  2.633672     -3.912600    
  2.636750     -3.920003    
  2.639805     -3.906861    
  2.642840     -3.986092    
  2.645853     -3.922670    
  2.645940     -3.959699    
  2.646436     -3.948790    
  2.646523     -3.943560    
  2.648513     -3.936566    
  2.648600     -3.940578    
  2.650581     -3.941806    
  2.650668     -3.941544    
  2.652023     -3.941699    
  2.652110     -3.941918    
  2.653758     -3.946772    
  2.653845     -3.946076    
  2.654514     -3.947471    
  2.654601     -3.951054    
  2.655848     -4.043578    
  2.655935     -3.996440    
  2.656856     -3.955670    
  2.656943     -3.953961    
  2.659789     -3.955413    
  2.659876     -3.957559    
  2.661632     -3.960986    
  2.661711     -3.959646    
  2.661798     -3.959952    
  2.662838     -3.964825    
  2.662925     -3.963001    
  2.664288     -3.961880    
  2.665620     -3.965187    
  2.666947     -3.961631    
  2.668270     -3.938033    
  2.668357     -3.931515    
  2.669554     -3.945848    
  2.670748     -3.965902    
  2.670835     -3.962341    
  2.671974     -3.973945    
  2.673109     -3.978994    
  2.674242     -3.979713    
  2.675371     -3.981434    
  2.675458     -3.981367    
  2.676824     -3.983784    
  2.676911     -3.984123    
  2.677751     -3.985662    
  2.677838     -3.985421    
  2.679282     -3.988517    
  2.680721     -3.990457    
  2.682155     -3.993075    
  2.683585     -3.995249    
  2.683672     -3.995175    
  2.684694     -3.997217    
  2.685714     -3.999442    
  2.685801     -3.999452    
  2.685988     -3.999640    
  2.686075     -3.999714    
  2.686520     -4.000139    
  2.686607     -4.000134    
  2.687604     -4.002678    
  2.688599     -4.004309    
  2.688686     -4.004175    
  2.689315     -4.004940    
  2.689943     -4.006303    
  2.690571     -4.007080    
  2.691198     -4.008165    
  2.691823     -4.009351    
  2.692448     -4.010189    
  2.693072     -4.011200    
  2.693695     -4.012991    
  2.694317     -4.014719    
  2.694939     -4.015741    
  2.695559     -4.015822    
  2.696179     -4.013386    
  2.696797     -4.115600    
  2.697415     -4.100112    
  2.698032     -4.040827    
  2.698648     -4.025350    
  2.698717     -4.026807    
  2.698803     -4.026367    
  2.699142     -4.025393    
  2.699229     -4.024940    
  2.700077     -4.025370    
  2.700500     -4.028764    
  2.700923     -4.034220    
  2.701345     -4.031753    
  2.701767     -4.029914    
  2.702189     -4.029080    
  2.702610     -4.029262    
  2.702697     -4.027547    
  2.706323     -4.041478    
  2.706410     -4.038350    
  2.708352     -4.038852    
  2.708438     -4.038601    
  2.709271     -4.067127    
  2.709358     -4.074236    
  2.712230     -4.144080    
  2.712317     -4.058717    
  2.716395     -4.052255    
  2.716481     -4.055132    
  2.716568     -4.054712    
  2.718970     -4.061976    
  2.721359     -4.062514    
  2.721446     -4.063103    
  2.721792     -4.063726    
  2.721879     -4.063885    
  2.724957     -4.072912    
  2.725044     -4.071111    
  2.728368     -4.076572    
  2.728455     -4.077111    
  2.728556     -4.077350    
  2.728643     -4.077423    
  2.730036     -4.080739    
  2.730123     -4.080448    
  2.733020     -4.085822    
  2.735898     -4.091381    
  2.735985     -4.091478    
  2.736079     -4.091494    
  2.737059     -4.093159    
  2.737146     -4.093541    
  2.740300     -4.099578    
  2.740387     -4.099856    
  2.744215     -4.107195    
  2.748009     -4.114635    
  2.751770     -4.122051    
  2.755499     -4.129405    
  2.755586     -4.130603    
  2.758474     -4.137471    
  2.758561     -4.135576    
  2.759027     -4.136277    
  2.759113     -4.136512    
  2.759911     -4.138038    
  2.759997     -4.138115    
  2.760747     -4.139884    
  2.760833     -4.140000    
  2.763123     -4.144362    
  2.765400     -4.148957    
  2.765487     -4.149178    
  2.765755     -4.149760    
  2.765842     -4.152006    
  2.768363     -4.154957    
  2.770870     -4.157750    
  2.773363     -4.165136    
  2.775841     -4.167692    
  2.775928     -4.169277    
  2.777541     -4.173472    
  2.777628     -4.173351    
  2.781421     -4.181625    
  2.781508     -4.181775    
  2.784445     -4.187803    
  2.787363     -4.193357    
  2.787450     -4.193814    
  2.789348     -4.197849    
  2.789435     -4.197553    
  2.792054     -4.203598    
  2.792141     -4.203320    
  2.795962     -4.211486    
  2.796049     -4.211488    
  2.798395     -4.206837    
  2.800729     -4.272499    
  2.803050     -4.221474    
  2.805359     -4.230716    
  2.807656     -4.235506    
  2.809941     -4.243687    
  2.812213     -4.246704    
  2.814474     -4.250428    
  2.814561     -4.250522    
  2.815775     -4.254573    
  2.815862     -4.255296    
  2.816430     -4.256631    
  2.816517     -4.255820    
  2.818570     -4.259729    
  2.818657     -4.259066    
  2.821422     -4.266767    
  2.824169     -4.272786    
  2.826900     -4.282804    
  2.829613     -4.284954    
  2.829700     -4.285716    
  2.832139     -4.290302    
  2.834565     -4.289428    
  2.836978     -4.334605    
  2.839377     -4.282462    
  2.839464     -4.286508    
  2.842740     -4.312587    
  2.845992     -4.320784    
  2.846054     -4.320353    
  2.846141     -4.320352    
  2.846320     -4.320432    
  2.846407     -4.320534    
  2.846929     -4.321439    
  2.847016     -4.321138    
  2.850284     -4.328514    
  2.850371     -4.329200    
  2.851107     -4.330330    
  2.851194     -4.330391    
  2.851272     -4.330492    
  2.851359     -4.330604    
  2.851605     -4.331155    
  2.851692     -4.331425    
  2.852969     -4.335125    
  2.853056     -4.329453    
  2.856721     -4.403542    
  2.856808     -4.348297    
  2.860014     -4.349190    
  2.863196     -4.356813    
  2.863283     -4.358069    
  2.866961     -4.365102    
  2.867048     -4.365282    
  2.867158     -4.363648    
  2.871477     -4.378648    
  2.871560     -4.381527    
  2.871647     -4.377207    
  2.874394     -4.393916    
  2.877123     -4.469005    
  2.877210     -4.407060    
  2.879769     -4.394249    
  2.882313     -4.401086    
  2.882400     -4.400403    
  2.882670     -4.400729    
  2.882757     -4.592493    
  2.885337     -6.601331    
  2.885423     -4.628561    
  2.886380     -4.155307    
  2.886467     -4.176420    
  2.886654     -4.179874    
  2.886741     -4.196289    
  2.889314     -4.396258    
  2.889401     -4.379932    
  2.891964     -4.418299    
  2.892051     -4.419068    
  2.893704     -4.468298    
  2.893791     -4.441301    
  2.894071     -4.434919    
  2.894158     -4.431865    
  2.895095     -4.429042    
  2.895182     -4.429416    
  2.896767     -4.434961    
  2.896854     -4.435916    
  2.897787     -4.436255    
  2.897874     -4.434829    
  2.900589     -4.445189    
  2.900676     -4.443600    
  2.902856     -4.447881    
  2.905026     -4.450117    
  2.905113     -4.450968    
  2.908098     -4.463977    
  2.908185     -4.461237    
  2.908477     -4.461024    
  2.908564     -4.460656    
  2.910090     -4.461975    
  2.910176     -4.462403    
  2.913363     -4.467466    
  2.916527     -4.482691    
  2.916614     -4.480503    
  2.916785     -4.479986    
  2.916872     -4.479810    
  2.917171     -4.479536    
  2.917258     -4.478856    
  2.919518     -4.483603    
  2.921765     -4.488698    
  2.921852     -4.489583    
  2.925029     -4.497114    
  2.925116     -4.497621    
  2.925941     -4.499704    
  2.926028     -4.499640    
  2.927554     -4.503268    
  2.927641     -4.503420    
  2.927950     -4.504068    
  2.928037     -4.504292    
  2.928671     -4.505717    
  2.928758     -4.506194    
  2.929127     -4.507762    
  2.929213     -4.507912    
  2.929524     -4.508394    
  2.929611     -4.508446    
  2.930245     -4.508918    
  2.930332     -4.509174    
  2.930604     -4.509837    
  2.930691     -4.510097    
  2.930963     -4.510939    
  2.931050     -4.511486    
  2.934646     -4.518344    
  2.934733     -4.519530    
  2.936807     -4.522986    
  2.936894     -4.521709    
  2.937412     -4.519302    
  2.937499     -4.519464    
  2.937612     -4.516942    
  2.939332     -4.527621    
  2.939418     -4.528850    
  2.941608     -4.532062    
  2.943787     -4.541099    
  2.943874     -4.539605    
  2.945266     -4.543027    
  2.945353     -4.543211    
  2.946273     -4.545856    
  2.946360     -4.546120    
  2.946687     -4.546957    
  2.946774     -4.546464    
  2.949036     -4.554718    
  2.951287     -4.557299    
  2.951374     -4.557201    
  2.953319     -4.562718    
  2.953406     -4.562680    
  2.953750     -4.563377    
  2.953837     -4.564551    
  2.955739     -4.565198    
  2.955826     -4.565416    
  2.956162     -4.566955    
  2.956249     -4.567904    
  2.957620     -4.572204    
  2.957703     -4.572915    
  2.957790     -4.574611    
  2.959196     -4.576299    
  2.959269     -4.575200    
  2.959356     -4.575140    
  2.959520     -4.574894    
  2.959575     -4.574710    
  2.959642     -4.574420    
  2.959729     -4.573877    
  2.959839     -4.572890    
  2.959926     -4.571052    
  2.960694     -4.567470    
  2.960781     -4.568295    
  2.961122     -4.568867    
  2.961209     -4.492540    
  2.965318     -4.684973    
  2.965405    -100.00000    
  2.969227     -4.324347    
  2.969314     -4.489198    
  2.972533     -4.562184    
  2.975728     -4.538140    
  2.975815     -4.537050    
  2.976166     -4.570365    
  2.976253     -4.524359    
  2.979351     -4.622622    
  2.982423     -4.775119    
  2.982509     -4.477041    
  2.982872     -4.439597    
  2.982959     -4.485754    
  2.986873     -4.557393    
  2.990753     -4.579050    
  2.994598     -4.562397    
  2.998409     -4.631481    
  3.002187     -4.573764    
  3.005933     -4.596581    
  3.009646     -4.618171    
  3.013329     -4.624068    
  3.016980     -4.669846    
  3.020600     -4.627620    
  3.024191     -4.659478    
  3.027752     -4.658136    
  3.031285     -4.670094    
  3.034788     -4.750982    
  3.038264     -4.651725    
  3.041713     -4.726015    
  3.041799     -4.698397    
  3.044019     -4.708950    
  3.044106     -4.709673    
  3.046417     -4.716177    
  3.046504     -4.717319    
  3.047266     -4.713693    
  3.047353     -4.709009    
  3.050503     -4.735634    
  3.053630     -4.740761    
  3.056735     -4.753640    
  3.059819     -4.762691    
  3.062880     -4.786231    
  3.065920     -4.770518    
  3.068939     -4.804008    
  3.071937     -4.775890    
  3.072024     -4.784294    
  3.074515     -4.808604    
  3.074602     -4.805164    
  3.077416     -4.802694    
  3.080211     -4.822785    
  3.082988     -4.794475    
  3.085748     -5.477187    
  3.085835     -4.882084    
  3.088164     -4.470924    
  3.088251     -4.661245    
  3.089222     -4.754116    
  3.089309     -4.775460    
  3.091849     -4.918967    
  3.091936     -4.861544    
  3.095352     -5.345892    
  3.095438     -4.592526    
  3.096179     -4.365676    
  3.096266     -4.431750    
  3.099969     -5.217405    
  3.100056     -4.847010    
  3.102791     -4.891489    
  3.105509     -4.940815    
  3.105596     -4.992612    
  3.108813     -4.887090    
  3.112005     -4.872807    
  3.112092     -4.853015    
  3.114687     -5.030000    
  3.114774     -4.892628    
  3.116978     -4.881182    
  3.117065     -4.877366    
  3.118223     -4.997289    
  3.118310     -4.942080    
  3.120853     -4.900629    
  3.123381     -4.947577    
  3.123468     -4.960832    
  3.125997     -4.957754    
  3.126084     -4.907195    
  3.127687     -4.983296    
  3.127774     -5.000107    
  3.129225     -4.909414    
  3.129312     -4.944737    
  3.132455     -4.967383    
  3.135577     -5.026578    
  3.135664     -5.020026    
  3.136182     -4.969199    
  3.136269     -4.925776    
  3.138696     -5.054990    
  3.141109     -4.930752    
  3.141196     -4.970980    
  3.144101     -5.023855    
  3.144188     -5.016281    
  3.144956     -5.009182    
  3.145043     -5.005042    
  3.146758     -5.019200    
  3.146845     -5.020186    
  3.146975     -5.021427    
  3.147795     -5.025452    
  3.147882     -5.025724    
  3.148729     -5.030757    
  3.148816     -5.033648    
  3.150639     -5.036065    
  3.150726     -5.033951    
  3.151276     -5.033055    
  3.151363     -5.031976    
  3.153068     -5.044887    
  3.153155     -5.044969    
  3.153381     -5.046289    
  3.153434     -5.046590    
  3.153521     -5.048386    
  3.155016     -5.040434    
  3.155103     -5.038129    
  3.156074     -5.047684    
  3.156161     -5.051247    
  3.160418     -5.064450    
  3.164633     -5.076947    
  3.164720     -5.079179    
  3.165979     -5.081478    
  3.166066     -5.082834    
  3.168877     -5.089361    
  3.171670     -5.100338    
  3.171756     -5.095211    
  3.173578     -5.056768    
  3.173665     -5.066548    
  3.177077     -5.102035    
  3.180463     -5.131245    
  3.180550     -5.128252    
  3.181960     -5.134012    
  3.182047     -5.133008    
  3.184770     -5.142365    
  3.187477     -5.151903    
  3.187564     -5.152051    
  3.188338     -5.154635    
  3.188425     -5.155705    
  3.189356     -5.155276    
  3.189443     -5.726001    
  3.191119    -100.00000    
  3.191206     -6.478366    
  3.192224     -5.203945    
  3.192311     -4.967454    
  3.194885     -5.021837    
  3.194972     -5.095685    
  3.196916     -5.162240    
  3.197003     -5.157132    
  3.200094     -5.196646    
  3.203162     -5.190132    
  3.203250     -5.198711    
  3.204674     -5.207645    
  3.204761     -5.207365    
  3.207365     -5.213386    
  3.207452     -5.214838    
  3.209994     -5.230128    
  3.212521     -5.216184    
  3.215033     -6.225907    
  3.217531     -4.626344    
  3.217618     -4.640413    
  3.218164     -4.757483    
  3.218251     -4.781382    
  3.218329     -4.800688    
  3.218415     -4.934884    
  3.222657     -5.322041    
  3.226857     -5.278497    
  3.231016     -5.290153    
  3.235137     -5.481990    
  3.239219     -5.174876    
  3.243262     -5.335683    
  3.247269     -5.343673    
  3.251238     -5.354342    
  3.251325     -5.358282    
  3.254391     -5.367711    
  3.257436     -5.378475    
  3.260459     -5.385916    
  3.263462     -5.398120    
  3.263549     -5.398276    
  3.265995     -5.405811    
  3.268428     -5.414747    
  3.270847     -5.421489    
  3.273253     -5.416372    
  3.273340     -5.429016    
  3.276535     -5.440950    
  3.279706     -5.451223    
  3.279793     -5.451897    
  3.281662     -5.457629    
  3.281749     -5.458156    
  3.285833     -5.471676    
  3.285920     -5.472004    
  3.289028     -5.481984    
  3.289115     -5.482258    
  3.291415     -5.490149    
  3.291501     -5.490284    
  3.293929     -5.498342    
  3.296343     -5.506501    
  3.298744     -5.514638    
  3.301132     -5.522287    
  3.301219     -5.522431    
  3.305074     -5.535617    
  3.305161     -5.535772    
  3.305985     -5.538677    
  3.306072     -5.539025    
  3.306887     -5.541374    
  3.306974     -5.540933    
  3.309850     -5.549597    
  3.309937     -5.550657    
  3.310624     -5.553522    
  3.310710     -5.553941    
  3.311825     -5.558219    
  3.311912     -5.558305    
  3.312012     -5.558430    
  3.312099     -5.559223    
  3.314648     -5.556146    
  3.317181     -5.561630    
  3.319700     -5.577612    
  3.322204     -5.590811    
  3.324695     -5.599160    
  3.327170     -5.602932    
  3.329632     -5.610709    
  3.332080     -5.617490    
  3.334514     -5.634186    
  3.336935     -5.637421    
  3.339342     -5.631179    
  3.341736     -5.663748    
  3.344117     -5.644924    
  3.346485     -5.671251    
  3.348840     -5.665036    
  3.351182     -5.675176    
  3.351269     -5.665737    
  3.355367     -5.699406    
  3.359427     -5.702496    
  3.363449     -5.725478    
  3.367434     -5.720197    
  3.367521     -5.723997    
  3.370066     -5.738298    
  3.372596     -5.745703    
  3.375111     -5.752249    
  3.377612     -5.764463    
  3.377699     -5.777671    
  3.380754     -5.762493    
  3.383787     -5.777420    
  3.386800     -5.796594    
  3.389792     -5.805186    
  3.389879     -5.806019    
  3.392466     -5.814062    
  3.395039     -5.822923    
  3.395126     -5.822985    
  3.397959     -5.832753    
  3.398046     -5.832775    
  3.398416     -5.833984    
  3.398503     -5.835388    
  3.400855     -5.839324    
  3.400942     -5.867161    
  3.402428     -5.837431    
  3.402515     -5.776745    
  3.404126     -5.842067    
  3.404213     -5.838879    
  3.406921     -5.862691    
  3.409611     -5.871616    
  3.412285     -5.880667    
  3.414942     -5.889921    
  3.415029     -5.890226    
  3.419186     -5.904319    
  3.423303     -5.918427    
  3.427382     -5.932264    
  3.431422     -5.945671    
  3.431509     -5.946237    
  3.434904     -5.956363    
  3.438273     -5.919297    
  3.441616     -5.949248    
  3.444934     -5.994356    
  3.445021     -5.992138    
  3.447484     -6.000770    
  3.449934     -6.009189    
  3.450021     -6.009315    
  3.452474     -6.017606    
  3.454914     -6.025705    
  3.455001     -6.026264    
  3.457947     -6.036260    
  3.460873     -6.045622    
  3.463780     -6.056114    
  3.466667     -6.065652    
  3.466754     -6.066227    
  3.469505     -6.075934    
  3.469592     -6.075621    
  3.469843     -6.076539    
  3.469930     -6.076815    
  3.471179     -6.081667    
  3.471266     -6.081754    
  3.474100     -6.091444    
  3.474187     -6.091942    
  3.476423     -6.100748    
  3.478648     -6.065125    
  3.480861     -6.118326    
  3.483063     -6.121820    
  3.483150     -6.122253    
  3.485959     -6.132257    
  3.488749     -6.140932    
  3.491522     -6.151307    
  3.494277     -6.160726    
  3.494364     -6.160659    
  3.496766     -6.169429    
  3.499154     -6.176666    
  3.501530     -6.186289    
  3.503893     -6.195300    
  3.506243     -6.225841    
  3.508580     -5.948904    
  3.510905     -6.221024    
  3.513217     -6.225713    
  3.513304     -6.224496    
  3.515963     -6.235866    
  3.518606     -6.244925    
  3.521233     -6.253651    
  3.523845     -6.262805    
  3.526440     -6.271907    
  3.529020     -6.280697    
  3.531585     -6.289545    
  3.534135     -6.298157    
  3.534222     -6.298721    
  3.536649     -6.307018    
  3.539062     -6.317885    
  3.541462     -6.329149    
  3.543849     -6.235801    
  3.543936     -6.179296    
  3.544500     -6.201461    
  3.544586     -6.241479    
  3.547376     -6.347476    
  3.550148     -6.354255    
  3.550235     -6.353193    
  3.552940     -6.364072    
  3.555627     -6.374791    
  3.555714     -6.373906    
  3.556728     -6.378281    
  3.556815     -6.378536    
  3.557696     -6.381912    
  3.557783     -6.382371    
  3.558846     -6.384781    
  3.558933     -6.384979    
  3.559110     -6.385471    
  3.559197     -6.385576    
  3.560851     -6.391195    
  3.560938     -6.391643    
  3.561019     -6.391981    
  3.561106     -6.392358    
  3.561368     -6.393407    
  3.561455     -6.393707    
  3.561549     -6.394017    
  3.561702     -6.394474    
  3.561789     -6.394712    
  3.561899     -6.395009    
  3.561986     -6.395266    
  3.562293     -6.398837    
  3.565681     -6.393441    
  3.565768     -6.393691    
  3.568672     -6.415069    
  3.571556     -6.422132    
  3.574422     -6.434541    
  3.577268     -6.439184    
  3.580096     -6.452000    
  3.582906     -6.459591    
  3.585698     -6.475498    
  3.588471     -6.473543    
  3.591228     -6.493024    
  3.593966     -6.479710    
  3.596688     -6.505369    
  3.599393     -6.517145    
  3.602081     -6.512326    
  3.604752     -6.521693    
  3.607407     -6.548323    
  3.610046     -6.539207    
  3.610133     -6.510075    
  3.612394     -6.549879    
  3.614642     -6.579032    
  3.616880     -6.536764    
  3.619105     -6.575788    
  3.621319     -6.585534    
  3.623523     -6.586778    
  3.625715     -6.610803    
  3.627896     -6.602139    
  3.627982     -6.601223    
  3.630428     -6.614910    
  3.632293     -6.623216    
  3.632379     -6.623276    
  3.635363     -6.633959    
  3.638325     -6.644494    
  3.641268     -6.600087    
  3.644191     -6.667897    
  3.644278     -6.661848    
  3.646967     -6.672509    
  3.649640     -6.681782    
  3.652297     -6.688211    
  3.654938     -6.694091    
  3.655025     -6.698962    
  3.657211     -6.692514    
  3.659385     -6.744794    
  3.659472     -6.686970    
  3.663615     -6.726406    
  3.663702     -6.754206    
  3.666918     -6.706646    
  3.670110     -6.756272    
  3.670197     -7.088480    
  3.674031     -6.231456    
  3.677831     -6.850169    
  3.681598     -6.793337    
  3.685333     -6.803164    
  3.685420     -6.831313    
  3.688862     -6.732924    
  3.688948     -6.625412    
  3.690731     -6.724325    
  3.690818     -6.754716    
  3.691459     -6.795171    
  3.691546     -6.814862    
  3.694812     -6.808350    
  3.694898     -6.807282    
  3.695365     -6.825852    
  3.695452     -6.827722    
  3.695518     -6.829348    
  3.695605     -6.832755    
  3.698701     -6.849554    
  3.701776     -6.859740    
  3.704828     -6.870186    
  3.707860     -6.880560    
  3.710870     -6.890887    
  3.712650     -6.896614    
  3.713860     -6.901126    
  3.716830     -6.912714    
  3.719779     -6.903429    
  3.719866     -6.917581    
  3.723198     -6.929703    
  3.726504     -6.945461    
  3.729786     -6.955009    
  3.733043     -6.966193    
  3.733130     -6.988898    
  3.736895     -6.891879    
  3.740628     -7.005688    
  3.740715     -6.991157    
  3.743507     -7.002658    
  3.746281     -7.011472    
  3.749037     -7.020867    
  3.751777     -7.030493    
  3.751863     -7.031227    
  3.754658     -7.039616    
  3.754745     -7.039683    
  3.755217     -7.041940    
  3.755304     -7.042345    
  3.755522     -7.043379    
  3.755609     -7.044507    
  3.758467     -7.052365    
  3.761306     -7.063764    
  3.764127     -7.066880    
  3.766929     -7.058827    
  3.769713     -7.085856    
  3.772480     -7.100273    
  3.775229     -7.110980    
  3.777961     -7.117941    
  3.778048     -7.117843    
  3.778151     -7.119920    
  3.781161     -7.128778    
  3.784252     -7.141577    
  3.787320     -7.151364    
  3.790368     -7.160612    
  3.793394     -7.169799    
  3.796399     -7.183899    
  3.799384     -7.188046    
  3.802348     -7.210493    
  3.802435     -7.197153    
  3.806009     -7.213875    
  3.806096     -7.211957    
  3.809815     -7.224345    
  3.809902     -7.219699    
  3.811377     -7.233080    
  3.811464     -7.232133    
  3.811517     -7.232381    
  3.811568     -7.232607    
  3.811655     -7.232530    
  3.814154     -7.238310    
  3.816638     -7.336051    
  3.819108     -6.804563    
  3.821564     -7.092668    
  3.821651     -7.171345    
  3.825835     -7.291254    
  3.829979     -7.290020    
  3.834084     -7.311258    
  3.838150     -7.323644    
  3.838237     -7.324684    
  3.840994     -7.322409    
  3.843735     -7.338776    
  3.846458     -7.353460    
  3.849164     -7.361150    
  3.851853     -7.388049    
  3.854526     -7.259962    
  3.857182     -7.378474    
  3.859823     -7.364781    
  3.859910     -7.388828    
  3.862754     -7.408155    
  3.865581     -7.417427    
  3.868389     -7.426088    
  3.871179     -7.436894    
  3.871266     -7.435542    
  3.873695     -7.444678    
  3.876111     -7.452325    
  3.878513     -7.461183    
  3.880902     -7.468036    
  3.880989     -7.464449    
  3.884377     -7.446617    
  3.887739     -7.491612    
  3.891076     -7.504266    
  3.894387     -7.513939    
  3.894474     -7.514940    
  3.898660     -7.528847    
  3.898747     -7.528424    
  3.901486     -7.539114    
  3.904208     -7.547298    
  3.904295     -7.547983    
  3.905384     -7.551364    
  3.905471     -7.551918    
  3.908472     -7.562522    
  3.908559     -7.561818    
  3.912193     -7.574818    
  3.912280     -7.574807    
  3.913068     -7.578389    
  3.913155     -7.578635    
  3.913273     -7.579038    
  3.913714     -7.580250    
  3.913769     -7.580385    
  3.913842     -7.580579    
  3.913889     -7.580702    
  3.913972     -7.580932    
  3.914081     -7.581239    
  3.914168     -7.585296    
  3.916915     -7.579243    
  3.917002     -7.579238    
  3.919240     -7.536146    
  3.921466     -7.607157    
  3.923680     -7.617276    
  3.925884     -7.623149    
  3.928076     -7.629293    
  3.930258     -7.636839    
  3.934588     -7.651660    
  3.938875     -7.665766    
  3.943121     -7.677897    
  3.947325     -7.691569    
  3.951490     -7.702507    
  3.955614     -7.722194    
  3.959700     -7.727562    
  3.963748     -7.750776    
  3.967758     -7.752586    
  3.971732     -7.712164    
  3.975669     -7.756034    
  3.979571     -7.809304    
  3.983439     -7.780232    
  3.983526     -7.799903    
  3.987126     -7.830641    
  3.990697     -7.840469    
  3.994239     -7.844201    
  3.997752     -7.863026    
  3.997838     -7.865168    
  4.000147     -7.873737    
  4.002444     -7.879727    
  4.004728     -7.911582    
  4.007001     -7.447271    
  4.009262     -7.565414    
  4.011511     -7.889424    
  4.013748     -7.913456    
  4.015974     -7.925417    
  4.018189     -7.931783    
  4.020392     -7.921916    
  4.022585     -7.941993    
  4.024766     -7.952209    
  4.029096     -7.969279    
  4.033383     -7.983142    
  4.033470     -7.965382    
  4.034774     -8.042266    
  4.034861     -7.998741    
  4.038365     -7.960692    
  4.038452     -7.989694    
  4.040802     -7.923883    
  4.043140     -7.965508    
  4.045465     -8.024114    
  4.047778     -8.015248    
  4.047865     -8.025453    
  4.051277     -8.045071    
  4.054632     -8.056871    
  4.057962     -8.061619    
  4.061267     -8.078472    
  4.061354     -8.077865    
  4.065579     -8.045782    
  4.069764     -7.931880    
  4.073909     -8.133122    
  4.078015     -8.133165    
  4.078102     -8.131854    
  4.080241     -8.138580    
  4.080328     -8.139058    
  4.080857     -8.140854    
  4.080944     -8.141256    
  4.081009     -8.141553    
  4.081054     -8.141511    
  4.082194     -8.146239    
  4.082281     -8.145456    
  4.084738     -8.151499    
  4.087181     -8.159657    
  4.089611     -8.166560    
  4.092028     -8.175773    
  4.094430     -8.186411    
  4.096820     -8.188383    
  4.099197     -8.202929    
  4.101560     -8.205471    
  4.101647     -8.203704    
  4.104844     -8.222455    
  4.108018     -8.212274    
  4.111169     -8.058528    
  4.114297     -8.252342    
  4.117403     -8.262710    
  4.120486     -8.266632    
  4.123548     -8.278773    
  4.126589     -8.288268    
  4.129608     -8.299424    
  4.132606     -8.304999    
  4.135584     -8.316271    
  4.138542     -8.332055    
  4.141479     -8.334573    
  4.144397     -8.342224    
  4.147296     -8.355046    
  4.150175     -8.369744    
  4.150262     -8.368741    
  4.153103     -8.378337    
  4.155926     -8.382615    
  4.156013     -8.386842    
  4.158103     -8.367875    
  4.158190     -8.385721    
  4.161727     -8.399611    
  4.161814     -8.403337    
  4.163762     -8.413199    
  4.163849     -8.413202    
  4.163959     -8.413878    
  4.164046     -8.414078    
  4.166389     -8.423979    
  4.168720     -8.442880    
  4.171039     -8.333912    
  4.173345     -8.398137    
  4.175640     -8.426622    
  4.177922     -8.466398    
  4.180192     -8.467951    
  4.182450     -8.486028    
  4.184697     -8.482210    
  4.186932     -8.489557    
  4.189156     -8.495359    
  4.191369     -8.504002    
  4.193570     -8.508138    
  4.195760     -8.522950    
  4.197939     -8.511486    
  4.200107     -8.508548    
  4.204411     -8.546748    
  4.208673     -8.556700    
  4.212894     -8.571043    
  4.217074     -8.578530    
  4.221214     -8.601114    
  4.225315     -8.619323    
  4.229377     -8.594977    
  4.233402     -8.612881    
  4.233489     -8.629938    
  4.235773     -8.648188    
  4.238044     -8.659216    
  4.240303     -8.663204    
  4.242551     -8.639204    
  4.244787     -8.670005    
  4.247012     -8.685338    
  4.249225     -8.695357    
  4.251427     -8.686308    
  4.251514     -8.696327    
  4.255198     -8.711938    
  4.258852     -8.731616    
  4.262474     -8.695566    
  4.266067     -8.744130    
  4.266154     -8.745556    
  4.268659     -8.778854    
  4.271149     -8.545906    
  4.273626     -8.231819    
  4.276088     -8.300434    
  4.278536     -8.762462    
  4.280971     -8.788696    
  4.283392     -8.801056    
  4.285800     -8.812648    
  4.288194     -8.825073    
  4.290575     -8.775323    
  4.292943     -8.801732    
  4.295299     -8.840211    
  4.297641     -8.851978    
  4.299971     -8.859087    
  4.302289     -8.865330    
  4.304595     -8.873585    
  4.306888     -8.881451    
  4.309169     -8.887010    
  4.311438     -8.871340    
  4.313695     -8.896287    
  4.315941     -8.901557    
  4.318175     -8.918245    
  4.320398     -8.925351    
  4.322610     -8.929035    
  4.324810     -8.932371    
  4.326999     -8.942680    
  4.329177     -8.945558    
  4.331345     -8.958416    
  4.335647     -8.945435    
  4.339907     -8.888433    
  4.339994     -8.961121    
  4.343342     -8.880840    
  4.346664     -9.009110    
  4.349961     -9.014306    
  4.353233     -9.027535    
  4.353320     -9.028237    
  4.356074     -9.031185    
  4.356161     -9.026732    
  4.357582     -9.032951    
  4.357669     -9.037098    
  4.357779     -9.037994    
  4.357865     -9.039006    
  4.360696     -9.049496    
  4.363507     -9.065288    
  4.366301     -9.063686    
  4.369077     -9.084796    
  4.371835     -9.062701    
  4.374576     -9.065539    
  4.377300     -9.104624    
  4.380006     -9.108299    
  4.382696     -9.118161    
  4.385369     -9.129198    
  4.388026     -9.137703    
  4.390667     -9.148853    
  4.393292     -9.138363    
  4.395901     -9.159283    
  4.398495     -9.171093    
  4.401073     -9.179386    
  4.403636     -9.186201    
  4.406183     -9.194616    
  4.408716     -9.207110    
  4.411235     -9.186744    
  4.413739     -9.211351    
  4.416228     -9.224495    
  4.418703     -9.252756    
  4.421164     -9.034935    
  4.423612     -9.191222    
  4.426045     -9.258147    
  4.428465     -9.258142    
  4.430872     -9.264534    
  4.433266     -9.257911    
  4.435646     -9.271209    
  4.438013     -9.292176    
  4.440368     -9.305639    
  4.440455     -9.309698    
  4.442834     -9.285229    
  4.445201     -9.320795    
  4.445288     -9.313008    
  4.447569     -9.324813    
  4.449839     -9.344131    
  4.452097     -9.234756    
  4.454343     -9.154659    
  4.456578     -9.346531    
  4.458801     -9.361659    
  4.461013     -9.322404    
  4.463213     -9.339323    
  4.465403     -9.379268    
  4.467581     -9.392903    
  4.471906     -9.396119    
  4.476188     -9.412701    
  4.480428     -9.314324    
  4.512937     -9.493707    
  4.513024     -9.530905    
  4.514610     -9.533076    
  4.514697     -9.533008    
  4.515945     -9.538836    
  4.516032     -9.538760    
  4.516141     -9.538993    
  4.516228     -9.533121    
  4.585469     -9.733346    
  4.585556     -9.701469    
  4.648489     -9.903248    
  4.648576     -9.938160    
  4.649548     -9.944020    
  4.649635     -9.943632    
  4.649838     -9.943738    
  4.649925     -9.943653    
  4.650035     -9.943506    
  4.650122     -9.900770    
  4.709765     -10.08439    
  4.709852     -10.11441    
  4.765753     -10.26772    
  4.765822     -10.29885    
  4.765909     -10.29964    
  4.766019     -10.30080    
  4.766106     -10.27605    
  4.818480     -10.46287    
  4.818567     -10.43074    
  4.868094     -10.54431    
  4.868152     -10.60504    
  4.868214     -10.60506    
  4.868324     -10.60659    
  4.868411     -10.47400    
  4.915089     -10.79605    
  4.915176     -10.75084    
  4.959449     -10.86121    
  4.959536     -10.87114    
  4.959642     -10.87106    
  4.959729     -10.87087    
  4.959839     -10.87056    
  4.959925     -10.86674    
  5.002021     -10.90085    
  5.002108     -11.00429    
  5.041986     -11.11695    
  5.042072     -11.12914    
  5.042428     -11.13606    
  5.042515     -11.13675    
  5.042624     -11.13749    
  5.042711     -11.09993    
  5.081038     -11.22120    
  5.081125     -11.16998    
  5.117569     -11.32782    
  5.117655     -11.36065    
  5.118005     -11.35637    
  5.118092     -11.35320    
  5.118201     -11.34704    
  5.118288     -11.24198    
  5.153462     -11.48208    
  5.153549     -11.43928    
  5.187204     -11.54661    
  5.187290     -11.53531    
  5.187529     -11.53570    
  5.187616     -11.53613    
  5.187725     -11.53688    
  5.187812     -11.52822    
  5.251180     -11.68318    
  5.251266     -11.72441    
  5.251931     -11.72550    
  5.252018     -11.72719    
  5.252095     -11.72821    
  5.252182     -11.71499    
  5.311750     -11.86584    
  5.311837     -11.90668    
  5.311944     -11.90819    
  5.312021     -11.90939    
  5.312108     -11.91192    
  5.368079     -12.00584    
  5.368165     -12.04682    
  5.420736     -12.20922    
  5.420823     -12.18676    
  5.470384     -12.30280    
  5.470471     -12.33659    
  5.517346     -12.48221    
  5.517433     -12.45378    
  5.561899     -12.59146    
  5.561985     -12.60551    
  5.604277     -12.68210    
  5.604364     -12.72912    
  5.644684     -12.81031    
  5.644771     -12.82341    
  6.103027     -14.09732    
  6.321002     -14.72928    
  6.573673     -15.44596    
  6.848341     -16.21596    
  7.135565     -17.01102    
  7.429524     -17.82245    
  7.726975     -18.65781    
  8.026204     -19.56821    
  8.326331     -20.57491    
  8.626909     -21.61065    
  8.927713    -100.00000    
