 0.6989700    -100.00000    
 0.7247828    -100.00000    
 0.7491470    -100.00000    
 0.7722168    -100.00000    
 0.7941226    -100.00000    
 0.8348744    -100.00000    
 0.8721282    -100.00000    
 0.9064373    -100.00000    
 0.9382333    -100.00000    
 0.9678594    -100.00000    
 0.9955930    -100.00000    
  1.021661    -100.00000    
  1.046253     -56.46716    
  1.069527     -55.53209    
  1.091616     -54.98625    
  1.132686     -54.87888    
  1.170205     -55.71489    
  1.204739     -58.96725    
  1.236728    -100.00000    
  1.266522    -100.00000    
  1.294403    -100.00000    
  1.320601    -100.00000    
  1.345308    -100.00000    
  1.368685    -100.00000    
  1.390867    -100.00000    
  1.390954     -35.32662    
  1.407231     -35.50721    
  1.407318     -35.68805    
  1.416604     -36.10789    
  1.416691     -30.50592    
  1.434239     -30.44929    
  1.434325     -30.57877    
  1.438732     -30.67663    
  1.438819     -30.67789    
  1.442990     -30.77462    
  1.443077     -30.80291    
  1.465932     -31.51081    
  1.466019     -31.40762    
  1.466567     -31.42487    
  1.466654     -31.46263    
  1.485460     -32.21667    
  1.485547     -32.08377    
  1.485843     -32.09503    
  1.485930     -32.14005    
  1.502811     -32.97187    
  1.502898     -32.82865    
  1.515152     -33.46660    
  1.515239     -33.47669    
  1.538911    -100.00000    
  1.538998     -34.63198    
  1.541754     -34.79109    
  1.541841     -34.79462    
  1.544410     -34.94504    
  1.544497     -34.94852    
  1.546755     -35.08227    
  1.546842     -35.15612    
  1.568094    -100.00000    
  1.568181     -36.38553    
  1.576102     -36.95988    
  1.576189     -36.88173    
  1.577032     -36.93812    
  1.577119     -36.98402    
  1.586189     -37.69820    
  1.586276     -37.56599    
  1.587530     -37.65262    
  1.587617     -37.74476    
  1.602078    -100.00000    
  1.602165     -38.68073    
  1.604747     -38.86474    
  1.604834     -39.04367    
  1.629405    -100.00000    
  1.629492     -40.51812    
  1.633100     -40.73682    
  1.633187     -40.77376    
  1.643761     -41.46299    
  1.643848     -41.33955    
  1.646889     -41.50796    
  1.646976     -41.52173    
  1.653070     -41.86652    
  1.653157     -41.90724    
  1.667964     -43.02615    
  1.668051     -42.66767    
  1.673067     -42.94609    
  1.673154     -42.93392    
  1.673452     -42.94994    
  1.673539     -42.98905    
  1.683736     -43.59148    
  1.683823     -43.51117    
  1.689301     -43.80209    
  1.689388     -43.78812    
  1.690173     -43.82842    
  1.690260     -43.83378    
  1.691919     -43.91848    
  1.692006     -43.99434    
  1.709636     -45.43002    
  1.709723     -44.82700    
  1.714846     -45.09602    
  1.714933     -45.08791    
  1.717233     -45.20999    
  1.717320     -45.21218    
  1.717576     -45.22597    
  1.717663     -45.23200    
  1.719536     -45.33508    
  1.719623     -45.34025    
  1.721805     -45.46716    
  1.721892     -45.47447    
  1.725295     -45.69782    
  1.725382     -45.72015    
  1.731154     -46.14722    
  1.731241     -46.10267    
  1.731758     -46.13484    
  1.731845     -46.14062    
  1.732294     -46.16889    
  1.732381     -46.17904    
  1.735217     -46.36273    
  1.735304     -46.43964    
  1.746841     -47.15734    
  1.746929     -46.87610    
  1.747807     -46.84424    
  1.747894     -46.94653    
  1.753972     -46.43278    
  1.754058     -46.40119    
  1.756978     -46.12260    
  1.757065     -46.22202    
  1.762907     -45.59073    
  1.762994     -45.54451    
  1.763503     -45.49658    
  1.763590     -45.49991    
  1.765957     -45.27508    
  1.766044     -45.27197    
  1.768505     -45.04007    
  1.768592     -45.26331    
  1.776113     -44.39550    
  1.776200     -44.40107    
  1.781285     -43.91126    
  1.781372     -43.87690    
  1.781946     -43.82654    
  1.782033     -43.86150    
  1.786409     -43.45952    
  1.786495     -43.43615    
  1.788161     -43.29241    
  1.788248     -43.28356    
  1.789372     -43.18745    
  1.789459     -43.19225    
  1.792246     -42.95162    
  1.792333     -43.19753    
  1.800765     -42.29418    
  1.800851     -42.51133    
  1.809708     -41.57999    
  1.809795     -41.51620    
  1.810144     -41.48866    
  1.810231     -41.50547    
  1.814042     -41.19763    
  1.814129    -100.00000    
  1.834747     -39.80270    
  1.834834     -39.64867    
  1.838907     -39.34263    
  1.838994     -39.32527    
  1.840414     -39.22216    
  1.840501     -39.21997    
  1.842703     -39.05995    
  1.842790     -39.05154    
  1.844125     -38.95527    
  1.844212    -100.00000    
  1.857265     -38.10668    
  1.857352    -100.00000    
  1.870233     -37.18333    
  1.870320     -37.09045    
  1.871306     -37.01949    
  1.871393     -37.01304    
  1.872072     -36.96426    
  1.872158     -36.95945    
  1.873424     -36.86818    
  1.873511     -36.97002    
  1.880831     -36.36924    
  1.880918     -36.40410    
  1.887368     -35.88566    
  1.887455     -36.58574    
  1.899003     -35.07727    
  1.899090     -35.08235    
  1.905821     -34.53106    
  1.905908     -34.54891    
  1.911657     -34.09675    
  1.911744     -34.06590    
  1.912227     -34.03058    
  1.912313     -34.02722    
  1.913955     -33.90751    
  1.914042     -34.22173    
  1.924238     -33.22932    
  1.924325     -33.16471    
  1.925856     -33.05608    
  1.925943     -33.04855    
  1.926709     -32.99459    
  1.926796     -32.98811    
  1.926846     -32.98463    
  1.926932     -32.97871    
  1.927461     -32.94141    
  1.927548     -32.94769    
  1.930771     -32.71813    
  1.930858     -32.71456    
  1.933873     -32.50234    
  1.933960     -32.49974    
  1.936983     -32.28888    
  1.937070     -32.27692    
  1.938051     -32.20981    
  1.938138     -32.21071    
  1.940777     -32.02958    
  1.940864    -100.00000    
  1.955697     -31.13325    
  1.955784     -31.05168    
  1.959855     -30.78334    
  1.959942     -30.78021    
  1.963545     -30.54677    
  1.963632     -30.75931    
  1.974225     -29.92320    
  1.974312     -29.86443    
  1.974387     -29.85969    
  1.974474     -29.86115    
  1.977192     -29.68840    
  1.977279    -100.00000    
  1.994212     -28.46862    
  1.994299     -28.25169    
  1.996552     -27.95137    
  1.996639     -28.39653    
  1.997939     -28.45639    
  1.998026     -28.41551    
  2.000182     -28.26787    
  2.000268     -28.44219    
  2.007421     -27.71920    
  2.007508     -27.89052    
  2.009100     -27.77175    
  2.009187     -27.77067    
  2.009352     -27.76080    
  2.009439     -27.75563    
  2.009543     -27.82725    
  2.017372     -27.31338    
  2.017459     -27.39802    
  2.026471     -26.77508    
  2.026558     -26.73184    
  2.028108     -26.63711    
  2.028195    -100.00000    
  2.061043     -24.48602    
  2.061130     -24.38578    
  2.067104     -23.41830    
  2.067191     -23.34764    
  2.068339     -23.19988    
  2.068426    -100.00000    
  2.076209     -22.25156    
  2.076296    -100.00000    
  2.097304     -19.60266    
  2.097391     -20.33355    
  2.100294     -20.56755    
  2.100380     -20.44313    
  2.101519     -20.29121    
  2.101605     -20.28072    
  2.102584     -20.14698    
  2.102671     -20.15962    
  2.104539     -19.83891    
  2.104626     -19.70964    
  2.106101     -19.71189    
  2.106187     -19.89711    
  2.111508     -18.98059    
  2.111595     -19.14385    
  2.111941    -100.00000    
  2.112028    -100.00000    
  2.124942     -17.57283    
  2.125029     -17.15272    
  2.126973    -100.00000    
  2.127060     -18.98727    
  2.127658     -19.00825    
  2.127745    -100.00000    
  2.131986     -18.09486    
  2.132073     -17.98873    
  2.137486     -17.76544    
  2.137573     -19.48831    
  2.141450     -17.16587    
  2.141537    -100.00000    
  2.141662    -100.00000    
  2.141749     -17.35383    
  2.149371     -16.99383    
  2.149458     -16.43898    
  2.154246     -17.13847    
  2.154333     -19.98500    
  2.156640     -17.32748    
  2.156727     -17.91084    
  2.156827     -17.59803    
  2.158960     -17.85879    
  2.159047     -16.87542    
  2.177604     -15.99838    
  2.177690     -15.80851    
  2.181731     -15.55832    
  2.181818     -14.59847    
  2.184198     -14.28717    
  2.184285     -15.27713    
  2.188445     -16.37712    
  2.188532     -15.62361    
  2.191911     -15.62899    
  2.191997     -14.93598    
  2.204170     -14.42488    
  2.204257    -100.00000    
  2.213352     -13.32682    
  2.213439     -13.52080    
  2.217837     -13.47865    
  2.217924     -13.33325    
  2.218030    -100.00000    
  2.218315    -100.00000    
  2.218402     -15.09287    
  2.218688     -14.80804    
  2.218775     -14.14762    
  2.225403     -14.33781    
  2.231931     -13.80545    
  2.232018     -13.86747    
  2.234695     -13.54615    
  2.234781     -13.60271    
  2.239617     -13.13250    
  2.239704     -13.48646    
  2.245345     -13.97004    
  2.245432    -100.00000    
  2.250721     -13.02622    
  2.250808     -12.38805    
  2.252069    -100.00000    
  2.252156     -14.44224    
  2.253696     -14.98126    
  2.253782     -13.22720    
  2.257177    -100.00000    
  2.260545     -12.42679    
  2.260632     -12.98832    
  2.263836     -15.00458    
  2.267016     -13.66193    
  2.267103    -100.00000    
  2.270490     -13.85104    
  2.270577     -13.65544    
  2.271628     -14.43914    
  2.271715     -14.44055    
  2.275818     -14.16043    
  2.275905     -14.07598    
  2.278364    -100.00000    
  2.280809     -13.32351    
  2.280896     -14.04416    
  2.283804     -13.17242    
  2.283891     -14.21317    
  2.284781     -14.19129    
  2.284868     -14.90147    
  2.286288     -14.36421    
  2.286375     -14.85026    
  2.286786     -14.55158    
  2.286873     -13.29416    
  2.289459     -13.92857    
  2.292031     -13.75575    
  2.294586     -13.62699    
  2.297128     -13.88431    
  2.297214     -15.15721    
  2.297982     -13.41034    
  2.298069    -100.00000    
  2.300085     -12.65384    
  2.302092    -100.00000    
  2.304090     -15.54541    
  2.306078     -14.55136    
  2.306165     -14.90200    
  2.308268     -14.55082    
  2.309316     -13.81708    
  2.310361     -14.50523    
  2.311404     -14.28472    
  2.312444     -14.18965    
  2.313482     -14.55116    
  2.314517     -14.42329    
  2.314604     -14.44648    
  2.315597     -14.38829    
  2.315684     -14.64818    
  2.316612     -14.24315    
  2.317538     -14.46202    
  2.318463     -13.78100    
  2.319385     -14.03695    
  2.320305     -13.66816    
  2.321224     -13.83331    
  2.322140     -12.96083    
  2.323055    -100.00000    
  2.323141     -13.86689    
  2.324295     -13.71684    
  2.325445     -13.99277    
  2.326592     -14.07728    
  2.327736     -13.86104    
  2.327823     -14.26464    
  2.328799     -14.99207    
  2.329773     -14.03208    
  2.330745     -14.88069    
  2.331714     -13.94261    
  2.331801     -13.65250    
  2.333101     -13.61569    
  2.333188     -13.20881    
  2.334187    -100.00000    
  2.335184     -14.48090    
  2.336179    -100.00000    
  2.337171     -13.49478    
  2.338161     -14.21807    
  2.339149     -14.35046    
  2.340135     -14.93022    
  2.341118    -100.00000    
  2.341205     -14.42750    
  2.341283     -14.50181    
  2.341370     -15.01045    
  2.341472     -13.85029    
  2.342320    -100.00000    
  2.343166    -100.00000    
  2.344011     -15.07829    
  2.344853    -100.00000    
  2.344940    -100.00000    
  2.345621    -100.00000    
  2.346301     -12.86762    
  2.346979     -13.54431    
  2.347657    -100.00000    
  2.348333    -100.00000    
  2.349009     -12.71336    
  2.349683    -100.00000    
  2.350356    -100.00000    
  2.350443    -100.00000    
  2.351331    -100.00000    
  2.352217    -100.00000    
  2.352659    -100.00000    
  2.353101    -100.00000    
  2.353542    -100.00000    
  2.353983    -100.00000    
  2.354070    -100.00000    
  2.354494    -100.00000    
  2.354917    -100.00000    
  2.355340    -100.00000    
  2.355762    -100.00000    
  2.355849    -100.00000    
  2.356283    -100.00000    
  2.356717    -100.00000    
  2.357149    -100.00000    
  2.357582    -100.00000    
  2.357669     -10.55283    
  2.362936     -10.61219    
  2.363023    -100.00000    
  2.376702     -5.758514    
  2.376789     -6.070586    
  2.381401     -5.838305    
  2.381488     -5.860476    
  2.381574     -5.744235    
  2.381660     -5.698069    
  2.384670     -4.992302    
  2.384757     -5.279553    
  2.387126    -100.00000    
  2.387213     -5.453932    
  2.396615     -4.609413    
  2.405819     -4.363793    
  2.405905     -4.264520    
  2.409345     -5.550858    
  2.409431    -100.00000    
  2.409967     -7.419036    
  2.410054    -100.00000    
  2.411501     -4.558426    
  2.411588     -4.323014    
  2.412778     -4.108347    
  2.412865     -4.141806    
  2.413098     -4.149095    
  2.413185     -4.035840    
  2.417228     -5.278509    
  2.417315     -5.092317    
  2.417448     -5.065618    
  2.417535     -5.085309    
  2.419545     -4.421730    
  2.419632     -4.450062    
  2.424108     -4.559274    
  2.424195     -4.664551    
  2.429911     -4.581531    
  2.429998     -4.528400    
  2.432147     -4.562870    
  2.432234     -4.505582    
  2.433514     -4.561759    
  2.433601     -4.931398    
  2.434762     -4.842879    
  2.434849     -4.711175    
  2.435182     -4.525593    
  2.435269     -4.452015    
  2.435570     -4.261129    
  2.435657     -4.147269    
  2.438099     -4.221800    
  2.438186     -4.368404    
  2.443115     -4.216850    
  2.443202     -5.101795    
  2.448046     -4.803204    
  2.448133     -4.618746    
  2.449372     -4.546708    
  2.449459     -4.704197    
  2.450924     -4.197736    
  2.451011     -4.386571    
  2.456026     -4.755489    
  2.456113     -4.544124    
  2.457105     -4.892036    
  2.457192     -4.574255    
  2.461170     -4.547105    
  2.461257     -4.871054    
  2.466286     -5.357212    
  2.466372     -5.055046    
  2.466976     -5.250988    
  2.467064     -5.463782    
  2.471828     -4.875171    
  2.471915     -5.107408    
  2.476442     -4.445739    
  2.476529     -4.378628    
  2.476628     -4.442493    
  2.476715     -4.725034    
  2.476977     -5.530576    
  2.477064     -4.579558    
  2.483465     -5.033549    
  2.483551     -4.428506    
  2.483824     -4.903262    
  2.483911     -4.949096    
  2.484130     -4.572339    
  2.484217     -4.565135    
  2.487220     -4.251383    
  2.490203     -4.666307    
  2.493165     -4.453060    
  2.496107     -5.170095    
  2.496194     -4.342094    
  2.500074     -4.395869    
  2.503920     -4.214541    
  2.504007     -4.188799    
  2.504069     -4.193778    
  2.504156     -4.264610    
  2.506191     -4.151196    
  2.506278     -4.020463    
  2.508598     -4.468896    
  2.510906     -4.070518    
  2.513202     -3.822592    
  2.515486     -4.198925    
  2.515573     -4.098234    
  2.515719     -4.120983    
  2.515805     -4.123942    
  2.515872     -4.122512    
  2.515959     -4.115431    
  2.516943     -3.848958    
  2.517030     -3.855526    
  2.517941     -3.859180    
  2.518028     -3.851046    
  2.521727     -4.047800    
  2.525387     -4.108127    
  2.529016     -3.985353    
  2.532615     -3.859875    
  2.532701     -3.844419    
  2.536032     -3.835793    
  2.539337     -4.048141    
  2.539424     -4.021223    
  2.543132     -3.928065    
  2.546808     -3.898045    
  2.546895     -3.881071    
  2.547329     -3.879834    
  2.547416     -3.980684    
  2.551118     -4.010642    
  2.551204     -3.927990    
  2.554808     -3.867616    
  2.558382     -3.878735    
  2.558469     -3.919538    
  2.558869     -3.933190    
  2.558956     -3.937586    
  2.561557     -3.913632    
  2.561644     -3.880702    
  2.564082     -4.094446    
  2.566507     -3.928899    
  2.568917     -3.889483    
  2.571315     -3.895024    
  2.571402     -3.895528    
  2.571490     -3.893833    
  2.571576     -3.882592    
  2.574740     -4.027069    
  2.577880     -3.888905    
  2.580998     -3.937063    
  2.584094     -4.002456    
  2.587168     -4.244511    
  2.590220     -4.086218    
  2.593250     -3.943083    
  2.596260     -4.159050    
  2.596347     -4.089436    
  2.597646     -4.053066    
  2.597733     -4.046258    
  2.600542     -3.921508    
  2.603333     -3.932237    
  2.603420     -3.956078    
  2.606239     -3.998963    
  2.606324     -3.967383    
  2.606411     -3.952959    
  2.607237     -3.936696    
  2.607324     -3.912040    
  2.611491     -3.947360    
  2.615617     -3.923555    
  2.615704     -3.918129    
  2.619659     -3.915452    
  2.619746     -3.932721    
  2.620859     -3.960619    
  2.620946     -3.971259    
  2.621962     -3.989175    
  2.622049     -3.972744    
  2.625471     -3.945394    
  2.625557     -3.952456    
  2.626297     -3.999661    
  2.626384     -3.970853    
  2.627024     -3.943025    
  2.627111     -3.926268    
  2.630159     -3.985957    
  2.633186     -3.915295    
  2.633273     -3.922818    
  2.633585     -3.928664    
  2.633672     -3.928165    
  2.636750     -3.938976    
  2.639805     -3.930960    
  2.642840     -3.992075    
  2.645853     -3.934136    
  2.645940     -3.962140    
  2.646436     -3.953918    
  2.646523     -3.952047    
  2.648513     -3.946872    
  2.648600     -3.949729    
  2.650581     -3.963813    
  2.650668     -3.962783    
  2.652023     -3.951570    
  2.652110     -3.951722    
  2.653758     -3.952983    
  2.653845     -3.952670    
  2.654514     -3.954054    
  2.654601     -3.952240    
  2.655848     -4.058138    
  2.655935     -4.019230    
  2.656856     -3.972581    
  2.656943     -3.958610    
  2.659789     -3.955389    
  2.659876     -3.960053    
  2.661632     -3.964193    
  2.661711     -3.965384    
  2.661798     -3.965394    
  2.662838     -3.967720    
  2.662925     -3.967573    
  2.664288     -3.964413    
  2.665620     -3.969122    
  2.666947     -3.965704    
  2.668270     -4.003482    
  2.668357     -3.956044    
  2.669554     -3.943202    
  2.670748     -3.972876    
  2.670835     -3.970287    
  2.671974     -3.972912    
  2.673109     -3.977945    
  2.674242     -3.980783    
  2.675371     -3.983448    
  2.675458     -3.983681    
  2.676824     -3.985619    
  2.676911     -3.985274    
  2.677751     -3.986286    
  2.677838     -3.986233    
  2.679282     -3.988024    
  2.680721     -3.990934    
  2.682155     -3.992530    
  2.683585     -3.995044    
  2.683672     -3.994999    
  2.684694     -3.996071    
  2.685714     -3.998219    
  2.685801     -3.998244    
  2.685988     -3.998474    
  2.686075     -3.998586    
  2.686520     -3.999058    
  2.686607     -3.999185    
  2.687604     -4.001491    
  2.688599     -4.003213    
  2.688686     -4.001824    
  2.689315     -3.998634    
  2.689943     -4.002963    
  2.690571     -4.002045    
  2.691198     -4.002041    
  2.691823     -4.003419    
  2.692448     -4.004226    
  2.693072     -4.006613    
  2.693695     -4.008136    
  2.694317     -4.009538    
  2.694939     -4.010875    
  2.695559     -4.011536    
  2.696179     -4.007714    
  2.696797     -4.094656    
  2.697415     -4.089434    
  2.698032     -4.036294    
  2.698648     -4.020475    
  2.698717     -4.021772    
  2.698803     -4.021284    
  2.699142     -4.020213    
  2.699229     -4.019765    
  2.700077     -4.019463    
  2.700500     -4.020955    
  2.700923     -4.024523    
  2.701345     -4.023953    
  2.701767     -4.023552    
  2.702189     -4.022752    
  2.702610     -4.022690    
  2.702697     -4.020956    
  2.706323     -4.039016    
  2.706410     -4.030594    
  2.708352     -4.030736    
  2.708438     -4.029248    
  2.709271     -4.046995    
  2.709358     -4.057192    
  2.712230     -4.128268    
  2.712317     -4.049923    
  2.716395     -4.041168    
  2.716481     -4.044769    
  2.716568     -4.044733    
  2.718970     -4.049945    
  2.721359     -4.051695    
  2.721446     -4.051939    
  2.721792     -4.052399    
  2.721879     -4.050333    
  2.724957     -4.062494    
  2.725044     -4.061368    
  2.728368     -4.062130    
  2.728455     -4.063906    
  2.728556     -4.064050    
  2.728643     -4.063579    
  2.730036     -4.067138    
  2.730123     -4.068641    
  2.733020     -4.070589    
  2.735898     -4.075705    
  2.735985     -4.075465    
  2.736079     -4.075623    
  2.737059     -4.077436    
  2.737146     -4.077625    
  2.740300     -4.082562    
  2.740387     -4.083082    
  2.744215     -4.089146    
  2.748009     -4.095624    
  2.751770     -4.102107    
  2.755499     -4.107480    
  2.755586     -4.113637    
  2.758474     -4.120254    
  2.758561     -4.114217    
  2.759027     -4.114387    
  2.759113     -4.114284    
  2.759911     -4.115342    
  2.759997     -4.115819    
  2.760747     -4.117249    
  2.760833     -4.117405    
  2.763123     -4.120548    
  2.765400     -4.125451    
  2.765487     -4.125699    
  2.765755     -4.126092    
  2.765842     -4.132278    
  2.768363     -4.130667    
  2.770870     -4.128900    
  2.773363     -4.139982    
  2.775841     -4.140279    
  2.775928     -4.143023    
  2.777541     -4.145885    
  2.777628     -4.146157    
  2.781421     -4.153525    
  2.781508     -4.153218    
  2.784445     -4.158994    
  2.787363     -4.163717    
  2.787450     -4.163417    
  2.789348     -4.166534    
  2.789435     -4.167267    
  2.792054     -4.172147    
  2.792141     -4.172296    
  2.795962     -4.178356    
  2.796049     -4.179532    
  2.798395     -4.175137    
  2.800729     -4.234996    
  2.803050     -4.187181    
  2.805359     -4.195586    
  2.807656     -4.200361    
  2.809941     -4.210784    
  2.812213     -4.210982    
  2.814474     -4.213194    
  2.814561     -4.212633    
  2.815775     -4.216466    
  2.815862     -4.217616    
  2.816430     -4.219400    
  2.816517     -4.218266    
  2.818570     -4.220902    
  2.818657     -4.221316    
  2.821422     -4.227202    
  2.824169     -4.233264    
  2.826900     -4.243195    
  2.829613     -4.245638    
  2.829700     -4.244436    
  2.832139     -4.248174    
  2.834565     -4.227275    
  2.836978     -4.500160    
  2.839377     -4.111207    
  2.839464     -4.197036    
  2.842740     -4.270699    
  2.845992     -4.274801    
  2.846054     -4.273967    
  2.846141     -4.273926    
  2.846320     -4.273847    
  2.846407     -4.273824    
  2.846929     -4.274023    
  2.847016     -4.274191    
  2.850284     -4.281399    
  2.850371     -4.282248    
  2.851107     -4.282486    
  2.851194     -4.282502    
  2.851272     -4.282548    
  2.851359     -4.282609    
  2.851605     -4.282923    
  2.851692     -4.282883    
  2.852969     -4.285644    
  2.853056     -4.276778    
  2.856721     -4.356224    
  2.856808     -4.301029    
  2.860014     -4.299333    
  2.863196     -4.306799    
  2.863283     -4.307241    
  2.866961     -4.311790    
  2.867048     -4.311647    
  2.867158     -4.312237    
  2.871477     -4.323579    
  2.871560     -4.323286    
  2.871647     -4.316246    
  2.874394     -4.343881    
  2.877123     -4.420467    
  2.877210     -4.370830    
  2.879769     -4.339561    
  2.882313     -4.343781    
  2.882400     -4.344380    
  2.882670     -4.344922    
  2.882757     -4.549520    
  2.885337     -7.267511    
  2.885423     -4.612728    
  2.886380     -4.103123    
  2.886467     -4.115865    
  2.886654     -4.115409    
  2.886741     -4.130492    
  2.889314     -4.349337    
  2.889401     -4.323942    
  2.891964     -4.356920    
  2.892051     -4.357094    
  2.893704     -4.410332    
  2.893791     -4.383539    
  2.894071     -4.377131    
  2.894158     -4.374189    
  2.895095     -4.369815    
  2.895182     -4.370425    
  2.896767     -4.373000    
  2.896854     -4.373737    
  2.897787     -4.375425    
  2.897874     -4.369990    
  2.900589     -4.399067    
  2.900676     -4.386388    
  2.902856     -4.383809    
  2.905026     -4.387120    
  2.905113     -4.390283    
  2.908098     -4.399604    
  2.908185     -4.396399    
  2.908477     -4.396808    
  2.908564     -4.396965    
  2.910090     -4.399443    
  2.910176     -4.399299    
  2.913363     -4.401468    
  2.916527     -4.428408    
  2.916614     -4.436329    
  2.916785     -4.434780    
  2.916872     -4.433537    
  2.917171     -4.425438    
  2.917258     -4.413779    
  2.919518     -4.416254    
  2.921765     -4.421982    
  2.921852     -4.423024    
  2.925029     -4.429489    
  2.925116     -4.430056    
  2.925941     -4.431941    
  2.926028     -4.432062    
  2.927554     -4.435153    
  2.927641     -4.435134    
  2.927950     -4.435763    
  2.928037     -4.435854    
  2.928671     -4.437337    
  2.928758     -4.437820    
  2.929127     -4.439632    
  2.929213     -4.440067    
  2.929524     -4.440732    
  2.929611     -4.440500    
  2.930245     -4.439994    
  2.930332     -4.440282    
  2.930604     -4.440606    
  2.930691     -4.440689    
  2.930963     -4.441220    
  2.931050     -4.442442    
  2.934646     -4.448797    
  2.934733     -4.449244    
  2.936807     -4.452464    
  2.936894     -4.451458    
  2.937412     -4.449033    
  2.937499     -4.449369    
  2.937612     -4.447395    
  2.939332     -4.457167    
  2.939418     -4.458331    
  2.941608     -4.460676    
  2.943787     -4.468951    
  2.943874     -4.467296    
  2.945266     -4.470505    
  2.945353     -4.470741    
  2.946273     -4.472822    
  2.946360     -4.473048    
  2.946687     -4.473699    
  2.946774     -4.473161    
  2.949036     -4.480281    
  2.951287     -4.483581    
  2.951374     -4.483371    
  2.953319     -4.487326    
  2.953406     -4.487295    
  2.953750     -4.488153    
  2.953837     -4.489273    
  2.955739     -4.489352    
  2.955826     -4.490088    
  2.956162     -4.491788    
  2.956249     -4.492799    
  2.957620     -4.495421    
  2.957703     -4.496090    
  2.957790     -4.497742    
  2.959196     -4.500366    
  2.959269     -4.498838    
  2.959356     -4.498640    
  2.959520     -4.497973    
  2.959575     -4.497583    
  2.959642     -4.497027    
  2.959729     -4.496117    
  2.959839     -4.494675    
  2.959926     -4.492305    
  2.960694     -4.485889    
  2.960781     -4.486889    
  2.961122     -4.487029    
  2.961209     -4.408286    
  2.965318     -4.603316    
  2.965405    -100.00000    
  2.969227     -4.235330    
  2.969314     -4.409498    
  2.972533     -4.480572    
  2.975728     -4.447101    
  2.975815     -4.457653    
  2.976166     -4.489766    
  2.976253     -4.422825    
  2.979351     -4.547617    
  2.982423     -4.790246    
  2.982509     -4.412483    
  2.982872     -4.355988    
  2.982959     -4.397038    
  2.986873     -4.469049    
  2.990753     -4.482680    
  2.994598     -4.477168    
  2.998409     -4.548728    
  3.002187     -4.484557    
  3.005933     -4.502651    
  3.009646     -4.528187    
  3.013329     -4.515672    
  3.016980     -4.591711    
  3.020600     -4.524485    
  3.024191     -4.557297    
  3.027752     -4.557770    
  3.031285     -4.567310    
  3.034788     -4.679523    
  3.038264     -4.535710    
  3.041713     -4.631586    
  3.041799     -4.598288    
  3.044019     -4.606796    
  3.044106     -4.607156    
  3.046417     -4.616248    
  3.046504     -4.615684    
  3.047266     -4.609922    
  3.047353     -4.609373    
  3.050503     -4.628281    
  3.053630     -4.640132    
  3.056735     -4.668532    
  3.059819     -4.657228    
  3.062880     -4.681046    
  3.065920     -4.674048    
  3.068939     -4.720035    
  3.071937     -4.671676    
  3.072024     -4.682222    
  3.074515     -4.695310    
  3.074602     -4.703238    
  3.077416     -4.702182    
  3.080211     -4.719710    
  3.082988     -4.679635    
  3.085748     -5.487114    
  3.085835     -4.786221    
  3.088164     -4.311628    
  3.088251     -4.521336    
  3.089222     -4.651650    
  3.089309     -4.667796    
  3.091849     -4.835077    
  3.091936     -4.736725    
  3.095352     -5.433462    
  3.095438     -4.615354    
  3.096179     -4.353904    
  3.096266     -4.410475    
  3.099969     -5.014422    
  3.100056     -4.752845    
  3.102791     -4.813952    
  3.105509     -4.814550    
  3.105596     -4.877993    
  3.108813     -4.800283    
  3.112005     -4.815004    
  3.112092     -4.757728    
  3.114687     -4.909901    
  3.114774     -4.812669    
  3.116978     -4.802220    
  3.117065     -4.784156    
  3.118223     -4.856982    
  3.118310     -4.854020    
  3.120853     -4.807653    
  3.123381     -4.841206    
  3.123468     -4.843600    
  3.125997     -4.868172    
  3.126084     -4.818381    
  3.127687     -4.860103    
  3.127774     -4.902558    
  3.129225     -4.821013    
  3.129312     -4.843388    
  3.132455     -4.859549    
  3.135577     -4.903176    
  3.135664     -4.918472    
  3.136182     -4.891239    
  3.136269     -4.834027    
  3.138696     -4.950626    
  3.141109     -4.855911    
  3.141196     -4.861599    
  3.144101     -4.914118    
  3.144188     -4.907942    
  3.144956     -4.891189    
  3.145043     -4.890285    
  3.146758     -4.909290    
  3.146845     -4.908336    
  3.146975     -4.911110    
  3.147795     -4.917865    
  3.147882     -4.918491    
  3.148729     -4.930053    
  3.148816     -4.931665    
  3.150639     -4.954517    
  3.150726     -4.943585    
  3.151276     -4.917833    
  3.151363     -4.905374    
  3.153068     -4.936638    
  3.153155     -4.934073    
  3.153381     -4.935534    
  3.153434     -4.936079    
  3.153521     -4.939735    
  3.155016     -4.922695    
  3.155103     -4.920811    
  3.156074     -4.944941    
  3.156161     -4.945426    
  3.160418     -4.953543    
  3.164633     -4.968062    
  3.164720     -4.977361    
  3.165979     -4.967854    
  3.166066     -4.973341    
  3.168877     -4.972369    
  3.171670     -4.984464    
  3.171756     -4.988882    
  3.173578     -4.913379    
  3.173665     -4.915979    
  3.177077     -4.987127    
  3.180463     -5.014403    
  3.180550     -5.011730    
  3.181960     -5.017840    
  3.182047     -5.017889    
  3.184770     -5.024780    
  3.187477     -5.035569    
  3.187564     -5.033574    
  3.188338     -5.034701    
  3.188425     -5.036990    
  3.189356     -5.038053    
  3.189443     -5.622335    
  3.191119    -100.00000    
  3.191206     -6.408255    
  3.192224     -5.192548    
  3.192311     -4.880135    
  3.194885     -4.884222    
  3.194972     -4.974472    
  3.196916     -5.047192    
  3.197003     -5.041063    
  3.200094     -5.076298    
  3.203162     -5.075805    
  3.203250     -5.080649    
  3.204674     -5.088702    
  3.204761     -5.088861    
  3.207365     -5.093704    
  3.207452     -5.095121    
  3.209994     -5.109941    
  3.212521     -5.104091    
  3.215033     -6.422512    
  3.217531     -4.484109    
  3.217618     -4.495868    
  3.218164     -4.611090    
  3.218251     -4.635616    
  3.218329     -4.655110    
  3.218415     -4.797419    
  3.222657     -5.212555    
  3.226857     -5.156723    
  3.231016     -5.167884    
  3.235137     -5.382962    
  3.239219     -5.045679    
  3.243262     -5.215064    
  3.247269     -5.221081    
  3.251238     -5.231505    
  3.251325     -5.234884    
  3.254391     -5.244228    
  3.257436     -5.254357    
  3.260459     -5.262181    
  3.263462     -5.273175    
  3.263549     -5.274035    
  3.265995     -5.281291    
  3.268428     -5.289214    
  3.270847     -5.296772    
  3.273253     -5.298662    
  3.273340     -5.303478    
  3.276535     -5.315452    
  3.279706     -5.324573    
  3.279793     -5.325580    
  3.281662     -5.331854    
  3.281749     -5.332270    
  3.285833     -5.345445    
  3.285920     -5.346078    
  3.289028     -5.355296    
  3.289115     -5.355741    
  3.291415     -5.363569    
  3.291501     -5.363674    
  3.293929     -5.371566    
  3.296343     -5.379317    
  3.298744     -5.387215    
  3.301132     -5.395117    
  3.301219     -5.395026    
  3.305074     -5.407877    
  3.305161     -5.407839    
  3.305985     -5.410644    
  3.306072     -5.410926    
  3.306887     -5.413840    
  3.306974     -5.412413    
  3.309850     -5.420686    
  3.309937     -5.423352    
  3.310624     -5.426003    
  3.310710     -5.426271    
  3.311825     -5.429355    
  3.311912     -5.429572    
  3.312012     -5.429812    
  3.312099     -5.432278    
  3.314648     -5.427573    
  3.317181     -5.433019    
  3.319700     -5.449175    
  3.322204     -5.462213    
  3.324695     -5.470203    
  3.327170     -5.473260    
  3.329632     -5.480180    
  3.332080     -5.487627    
  3.334514     -5.503667    
  3.336935     -5.508798    
  3.339342     -5.497678    
  3.341736     -5.533509    
  3.344117     -5.514703    
  3.346485     -5.541796    
  3.348840     -5.528851    
  3.351182     -5.543699    
  3.351269     -5.535294    
  3.355367     -5.564943    
  3.359427     -5.572012    
  3.363449     -5.593866    
  3.367434     -5.582178    
  3.367521     -5.591835    
  3.370066     -5.606051    
  3.372596     -5.612688    
  3.375111     -5.621606    
  3.377612     -5.631785    
  3.377699     -5.652396    
  3.380754     -5.618535    
  3.383787     -5.642577    
  3.386800     -5.663528    
  3.389792     -5.672104    
  3.389879     -5.672742    
  3.392466     -5.680283    
  3.395039     -5.689389    
  3.395126     -5.689443    
  3.397959     -5.699003    
  3.398046     -5.698979    
  3.398416     -5.700329    
  3.398503     -5.701739    
  3.400855     -5.706183    
  3.400942     -5.751087    
  3.402428     -5.671837    
  3.402515     -5.618038    
  3.404126     -5.709491    
  3.404213     -5.702342    
  3.406921     -5.728013    
  3.409611     -5.736291    
  3.412285     -5.745354    
  3.414942     -5.755332    
  3.415029     -5.755488    
  3.419186     -5.769407    
  3.423303     -5.783285    
  3.427382     -5.796597    
  3.431422     -5.809365    
  3.431509     -5.810337    
  3.434904     -5.819393    
  3.438273     -5.764264    
  3.441616     -5.808671    
  3.444934     -5.858413    
  3.445021     -5.854845    
  3.447484     -5.864302    
  3.449934     -5.871996    
  3.450021     -5.871878    
  3.452474     -5.880812    
  3.454914     -5.888364    
  3.455001     -5.888359    
  3.457947     -5.899038    
  3.460873     -5.908270    
  3.463780     -5.918653    
  3.466667     -5.927037    
  3.466754     -5.928630    
  3.469505     -5.937769    
  3.469592     -5.936992    
  3.469843     -5.937777    
  3.469930     -5.937940    
  3.471179     -5.942768    
  3.471266     -5.943518    
  3.474100     -5.953317    
  3.474187     -5.953181    
  3.476423     -5.961654    
  3.478648     -5.948017    
  3.480861     -5.977720    
  3.483063     -5.983421    
  3.483150     -5.983398    
  3.485959     -5.993156    
  3.488749     -6.000952    
  3.491522     -6.012279    
  3.494277     -6.021006    
  3.494364     -6.020677    
  3.496766     -6.029900    
  3.499154     -6.035549    
  3.501530     -6.047118    
  3.503893     -6.054573    
  3.506243     -6.095636    
  3.508580     -5.769412    
  3.510905     -6.081300    
  3.513217     -6.085991    
  3.513304     -6.083577    
  3.515963     -6.095264    
  3.518606     -6.103558    
  3.521233     -6.112958    
  3.523845     -6.121076    
  3.526440     -6.130876    
  3.529020     -6.138476    
  3.531585     -6.148115    
  3.534135     -6.155743    
  3.534222     -6.157303    
  3.536649     -6.165001    
  3.539062     -6.176369    
  3.541462     -6.167793    
  3.543849     -6.203054    
  3.543936     -6.089759    
  3.544500     -6.062827    
  3.544586     -6.112529    
  3.547376     -6.206792    
  3.550148     -6.211978    
  3.550235     -6.211136    
  3.552940     -6.221193    
  3.555627     -6.230692    
  3.555714     -6.230710    
  3.556728     -6.234599    
  3.556815     -6.235063    
  3.557696     -6.238045    
  3.557783     -6.238483    
  3.558846     -6.241221    
  3.558933     -6.241284    
  3.559110     -6.241627    
  3.559197     -6.241295    
  3.560851     -6.248406    
  3.560938     -6.248707    
  3.561019     -6.249006    
  3.561106     -6.249338    
  3.561368     -6.250255    
  3.561455     -6.250513    
  3.561549     -6.250772    
  3.561702     -6.251149    
  3.561789     -6.251350    
  3.561899     -6.251603    
  3.561986     -6.251821    
  3.562293     -6.254836    
  3.565681     -6.249802    
  3.565768     -6.250853    
  3.568672     -6.271668    
  3.571556     -6.277845    
  3.574422     -6.290565    
  3.577268     -6.290850    
  3.580096     -6.308814    
  3.582906     -6.312640    
  3.585698     -6.329407    
  3.588471     -6.329070    
  3.591228     -6.347459    
  3.593966     -6.333360    
  3.596688     -6.358589    
  3.599393     -6.374790    
  3.602081     -6.360535    
  3.604752     -6.377441    
  3.607407     -6.402866    
  3.610046     -6.382521    
  3.610133     -6.289738    
  3.612394     -6.402171    
  3.614642     -6.424957    
  3.616880     -6.384888    
  3.619105     -6.431639    
  3.621319     -6.439223    
  3.623523     -6.442495    
  3.625715     -6.459385    
  3.627896     -6.458220    
  3.627982     -6.455594    
  3.630428     -6.468144    
  3.632293     -6.477112    
  3.632379     -6.477639    
  3.635363     -6.487234    
  3.638325     -6.495965    
  3.641268     -6.440201    
  3.644191     -6.521154    
  3.644278     -6.514089    
  3.646967     -6.525752    
  3.649640     -6.534274    
  3.652297     -6.538696    
  3.654938     -6.541800    
  3.655025     -6.550646    
  3.657211     -6.550466    
  3.659385     -6.595598    
  3.659472     -6.528036    
  3.663615     -6.579773    
  3.663702     -6.589057    
  3.666918     -6.581686    
  3.670110     -6.603202    
  3.670197     -7.062587    
  3.674031     -6.047341    
  3.677831     -6.720813    
  3.681598     -6.643850    
  3.685333     -6.654482    
  3.685420     -6.691418    
  3.688862     -6.565349    
  3.688948     -6.443305    
  3.690731     -6.564411    
  3.690818     -6.594707    
  3.691459     -6.640683    
  3.691546     -6.655377    
  3.694812     -6.677601    
  3.694898     -6.674588    
  3.695365     -6.681599    
  3.695452     -6.682648    
  3.695518     -6.683556    
  3.695605     -6.686091    
  3.698701     -6.699577    
  3.701776     -6.709920    
  3.704828     -6.719520    
  3.707860     -6.730041    
  3.710870     -6.740499    
  3.712650     -6.746432    
  3.713860     -6.749437    
  3.716830     -6.761703    
  3.719779     -6.761223    
  3.719866     -6.767877    
  3.723198     -6.781581    
  3.726504     -6.793069    
  3.729786     -6.804145    
  3.733043     -6.814279    
  3.733130     -6.845752    
  3.736895     -6.727028    
  3.740628     -6.854627    
  3.740715     -6.839222    
  3.743507     -6.850699    
  3.746281     -6.858994    
  3.749037     -6.868855    
  3.751777     -6.877295    
  3.751863     -6.878545    
  3.754658     -6.887392    
  3.754745     -6.887129    
  3.755217     -6.888808    
  3.755304     -6.889102    
  3.755522     -6.889912    
  3.755609     -6.891083    
  3.758467     -6.900713    
  3.761306     -6.908729    
  3.764127     -6.914602    
  3.766929     -6.895258    
  3.769713     -6.934104    
  3.772480     -6.943760    
  3.775229     -6.956223    
  3.777961     -6.963987    
  3.778048     -6.965088    
  3.778151     -6.966279    
  3.781161     -6.975986    
  3.784252     -6.987494    
  3.787320     -6.996286    
  3.790368     -7.005557    
  3.793394     -7.016479    
  3.796399     -7.024064    
  3.799384     -7.030404    
  3.802348     -7.056643    
  3.802435     -7.038403    
  3.806009     -7.061000    
  3.806096     -7.066733    
  3.809815     -7.066176    
  3.809902     -7.061988    
  3.811377     -7.077917    
  3.811464     -7.076476    
  3.811517     -7.076740    
  3.811568     -7.076981    
  3.811655     -7.076596    
  3.814154     -7.083620    
  3.816638     -7.186325    
  3.819108     -6.627690    
  3.821564     -6.921866    
  3.821651     -7.006786    
  3.825835     -7.134854    
  3.829979     -7.132343    
  3.834084     -7.154406    
  3.838150     -7.167647    
  3.838237     -7.169126    
  3.840994     -7.160224    
  3.843735     -7.182354    
  3.846458     -7.196370    
  3.849164     -7.203795    
  3.851853     -7.239818    
  3.854526     -7.060794    
  3.857182     -7.235854    
  3.859823     -7.195653    
  3.859910     -7.230153    
  3.862754     -7.250628    
  3.865581     -7.258301    
  3.868389     -7.268311    
  3.871179     -7.277721    
  3.871266     -7.275892    
  3.873695     -7.285338    
  3.876111     -7.294294    
  3.878513     -7.301281    
  3.880902     -7.309601    
  3.880989     -7.306789    
  3.884377     -7.285701    
  3.887739     -7.332566    
  3.891076     -7.343622    
  3.894387     -7.355191    
  3.894474     -7.355234    
  3.898660     -7.368462    
  3.898747     -7.368859    
  3.901486     -7.378578    
  3.904208     -7.387073    
  3.904295     -7.387744    
  3.905384     -7.391006    
  3.905471     -7.391477    
  3.908472     -7.401568    
  3.908559     -7.401255    
  3.912193     -7.413989    
  3.912280     -7.414658    
  3.913068     -7.417513    
  3.913155     -7.417682    
  3.913273     -7.417987    
  3.913714     -7.419192    
  3.913769     -7.419311    
  3.913842     -7.419481    
  3.913889     -7.419587    
  3.913972     -7.419786    
  3.914081     -7.420064    
  3.914168     -7.424417    
  3.916915     -7.418046    
  3.917002     -7.415335    
  3.919240     -7.365300    
  3.921466     -7.446184    
  3.923680     -7.455899    
  3.925884     -7.462128    
  3.928076     -7.467944    
  3.930258     -7.476190    
  3.934588     -7.490110    
  3.938875     -7.503904    
  3.943121     -7.515106    
  3.947325     -7.530526    
  3.951490     -7.539407    
  3.955614     -7.558128    
  3.959700     -7.563934    
  3.963748     -7.588387    
  3.967758     -7.586243    
  3.971732     -7.543401    
  3.975669     -7.589133    
  3.979571     -7.646856    
  3.983439     -7.610258    
  3.983526     -7.635513    
  3.987126     -7.666517    
  3.990697     -7.677301    
  3.994239     -7.680317    
  3.997752     -7.698327    
  3.997838     -7.700978    
  4.000147     -7.709912    
  4.002444     -7.716698    
  4.004728     -7.736498    
  4.007001     -7.284391    
  4.009262     -7.394664    
  4.011511     -7.727581    
  4.013748     -7.750868    
  4.015974     -7.760447    
  4.018189     -7.768262    
  4.020392     -7.753563    
  4.022585     -7.777682    
  4.024766     -7.786664    
  4.029096     -7.804436    
  4.033383     -7.817131    
  4.033470     -7.791066    
  4.034774     -7.905728    
  4.034861     -7.864767    
  4.038365     -7.745896    
  4.038452     -7.803306    
  4.040802     -7.738030    
  4.043140     -7.796589    
  4.045465     -7.856896    
  4.047778     -7.860000    
  4.047865     -7.862728    
  4.051277     -7.879121    
  4.054632     -7.890258    
  4.057962     -7.898581    
  4.061267     -7.911314    
  4.061354     -7.912737    
  4.065579     -7.878118    
  4.069764     -7.755154    
  4.073909     -7.968664    
  4.078015     -7.966001    
  4.078102     -7.966483    
  4.080241     -7.973011    
  4.080328     -7.973358    
  4.080857     -7.974080    
  4.080944     -7.974309    
  4.081009     -7.974423    
  4.081054     -7.973908    
  4.082194     -7.978503    
  4.082281     -7.976034    
  4.084738     -7.985023    
  4.087181     -7.993235    
  4.089611     -7.999170    
  4.092028     -8.008324    
  4.094430     -8.019051    
  4.096820     -8.021218    
  4.099197     -8.035404    
  4.101560     -8.035382    
  4.101647     -8.032632    
  4.104844     -8.054487    
  4.108018     -8.042703    
  4.111169     -7.874958    
  4.114297     -8.083634    
  4.117403     -8.094824    
  4.120486     -8.099517    
  4.123548     -8.109201    
  4.126589     -8.119257    
  4.129608     -8.131675    
  4.132606     -8.134213    
  4.135584     -8.147501    
  4.138542     -8.161887    
  4.141479     -8.168007    
  4.144397     -8.169736    
  4.147296     -8.184897    
  4.150175     -8.199992    
  4.150262     -8.199728    
  4.153103     -8.209595    
  4.155926     -8.213057    
  4.156013     -8.217677    
  4.158103     -8.195970    
  4.158190     -8.214821    
  4.161727     -8.231678    
  4.161814     -8.235252    
  4.163762     -8.243678    
  4.163849     -8.243775    
  4.163959     -8.244214    
  4.164046     -8.244155    
  4.166389     -8.254714    
  4.168720     -8.276140    
  4.171039     -8.154229    
  4.173345     -8.227763    
  4.175640     -8.253919    
  4.177922     -8.297828    
  4.180192     -8.299284    
  4.182450     -8.317799    
  4.184697     -8.312482    
  4.186932     -8.321030    
  4.189156     -8.324798    
  4.191369     -8.333550    
  4.193570     -8.342255    
  4.195760     -8.351454    
  4.197939     -8.342611    
  4.200107     -8.337538    
  4.204411     -8.376298    
  4.208673     -8.385991    
  4.212894     -8.401507    
  4.217074     -8.407948    
  4.221214     -8.429362    
  4.225315     -8.450023    
  4.229377     -8.421088    
  4.233402     -8.440242    
  4.233489     -8.461705    
  4.235773     -8.477207    
  4.238044     -8.489089    
  4.240303     -8.492763    
  4.242551     -8.463528    
  4.244787     -8.499412    
  4.247012     -8.515240    
  4.249225     -8.525668    
  4.251427     -8.512562    
  4.251514     -8.524293    
  4.255198     -8.544030    
  4.258852     -8.561527    
  4.262474     -8.520757    
  4.266067     -8.573785    
  4.266154     -8.574708    
  4.268659     -8.606584    
  4.271149     -8.378327    
  4.273626     -8.052527    
  4.276088     -8.117675    
  4.278536     -8.590470    
  4.280971     -8.617345    
  4.283392     -8.625532    
  4.285800     -8.640044    
  4.288194     -8.654698    
  4.290575     -8.598456    
  4.292943     -8.630050    
  4.295299     -8.668088    
  4.297641     -8.681189    
  4.299971     -8.688073    
  4.302289     -8.694854    
  4.304595     -8.702511    
  4.306888     -8.710318    
  4.309169     -8.716593    
  4.311438     -8.698437    
  4.313695     -8.727948    
  4.315941     -8.728122    
  4.318175     -8.747308    
  4.320398     -8.755850    
  4.322610     -8.757755    
  4.324810     -8.761225    
  4.326999     -8.770273    
  4.329177     -8.773153    
  4.331345     -8.786945    
  4.335647     -8.771640    
  4.339907     -8.710843    
  4.339994     -8.788661    
  4.343342     -8.702724    
  4.346664     -8.838504    
  4.349961     -8.842773    
  4.353233     -8.855959    
  4.353320     -8.855907    
  4.356074     -8.862128    
  4.356161     -8.855217    
  4.357582     -8.859913    
  4.357669     -8.865052    
  4.357779     -8.866109    
  4.357865     -8.867278    
  4.360696     -8.877617    
  4.363507     -8.895227    
  4.366301     -8.891931    
  4.369077     -8.911788    
  4.371835     -8.891317    
  4.374576     -8.898646    
  4.377300     -8.928475    
  4.380006     -8.934939    
  4.382696     -8.951898    
  4.385369     -8.957607    
  4.388026     -8.966790    
  4.390667     -8.976437    
  4.393292     -8.967537    
  4.395901     -8.989231    
  4.398495     -8.994557    
  4.401073     -9.009398    
  4.403636     -9.014257    
  4.406183     -9.023811    
  4.408716     -9.035430    
  4.411235     -9.008933    
  4.413739     -9.044574    
  4.416228     -9.055300    
  4.418703     -9.083063    
  4.421164     -8.848363    
  4.423612     -9.016334    
  4.426045     -9.086833    
  4.428465     -9.086517    
  4.430872     -9.091376    
  4.433266     -9.087728    
  4.435646     -9.098451    
  4.438013     -9.118686    
  4.440368     -9.134781    
  4.440455     -9.139262    
  4.442834     -9.112854    
  4.445201     -9.148844    
  4.445288     -9.143308    
  4.447569     -9.150079    
  4.449839     -9.173919    
  4.452097     -9.059916    
  4.454343     -8.977664    
  4.456578     -9.173373    
  4.458801     -9.191632    
  4.461013     -9.148471    
  4.463213     -9.165799    
  4.465403     -9.207918    
  4.467581     -9.222353    
  4.471906     -9.224571    
  4.476188     -9.241602    
  4.480428     -9.142843    
  4.512937     -9.323147    
  4.513024     -9.359661    
  4.514610     -9.362595    
  4.514697     -9.362848    
  4.515945     -9.367375    
  4.516032     -9.367500    
  4.516141     -9.367855    
  4.516228     -9.361859    
  4.585469     -9.562332    
  4.585556     -9.528224    
  4.648489     -9.730046    
  4.648576     -9.765660    
  4.649548     -9.771508    
  4.649635     -9.770594    
  4.649838     -9.771015    
  4.649925     -9.771567    
  4.650035     -9.772540    
  4.650122     -9.729045    
  4.709765     -9.914393    
  4.709852     -9.943544    
  4.765753     -10.09886    
  4.765822     -10.12916    
  4.765909     -10.12965    
  4.766019     -10.13063    
  4.766106     -10.10482    
  4.818480     -10.29374    
  4.818567     -10.25706    
  4.868094     -10.37184    
  4.868152     -10.43433    
  4.868214     -10.43435    
  4.868324     -10.43587    
  4.868411     -10.29679    
  4.915089     -10.62856    
  4.915176     -10.57933    
  4.959449     -10.68816    
  4.959536     -10.69734    
  4.959642     -10.69797    
  4.959729     -10.69835    
  4.959839     -10.69840    
  4.959925     -10.68907    
  5.002021     -10.74409    
  5.002108     -10.83148    
  5.041986     -10.94203    
  5.042072     -10.95975    
  5.042428     -10.96616    
  5.042515     -10.96692    
  5.042624     -10.96756    
  5.042711     -10.92529    
  5.081038     -11.04770    
  5.081125     -10.99129    
  5.117569     -11.15206    
  5.117655     -11.18671    
  5.118005     -11.18346    
  5.118092     -11.18191    
  5.118201     -11.17798    
  5.118288     -11.06929    
  5.153462     -11.30455    
  5.153549     -11.26240    
  5.187204     -11.36986    
  5.187290     -11.35931    
  5.187529     -11.35927    
  5.187616     -11.35929    
  5.187725     -11.35933    
  5.187812     -11.35102    
  5.251180     -11.50895    
  5.251266     -11.54483    
  5.251931     -11.54735    
  5.252018     -11.54738    
  5.252095     -11.54760    
  5.252182     -11.53756    
  5.311750     -11.68807    
  5.311837     -11.72833    
  5.311944     -11.73038    
  5.312021     -11.73181    
  5.312108     -11.73387    
  5.368079     -11.83188    
  5.368165     -11.86737    
  5.420736     -12.03286    
  5.420823     -12.00983    
  5.470384     -12.12696    
  5.470471     -12.16087    
  5.517346     -12.30920    
  5.517433     -12.28432    
  5.561899     -12.42087    
  5.561985     -12.43318    
  5.604277     -12.51038    
  5.604364     -12.55987    
  5.644684     -12.64696    
  5.644771     -12.65759    
  6.103027     -13.94946    
  6.321002     -14.58112    
  6.573673     -15.29612    
  6.848341     -16.06191    
  7.135565     -16.84972    
  7.429524     -17.65456    
  7.726975     -18.47441    
  8.026204     -19.32237    
  8.326331     -20.23731    
  8.626909     -21.31447    
  8.927713    -100.00000    
