 0.6989700    -100.00000    
 0.7247828    -100.00000    
 0.7491470    -100.00000    
 0.7722168    -100.00000    
 0.7941226    -100.00000    
 0.8348744    -100.00000    
 0.8721282    -100.00000    
 0.9064373    -100.00000    
 0.9382333    -100.00000    
 0.9678594    -100.00000    
 0.9955930    -100.00000    
  1.021661     -58.59944    
  1.046253     -57.54950    
  1.069527     -56.86023    
  1.091616     -56.40560    
  1.132686     -55.95926    
  1.170205     -56.02198    
  1.204739     -56.35982    
  1.236728     -56.84110    
  1.266522     -57.41988    
  1.294403     -58.00708    
  1.320601     -58.38998    
  1.345308     -58.51760    
  1.368685     -58.56643    
  1.390867     -58.61920    
  1.390954     -38.41993    
  1.407231     -38.30672    
  1.407318     -38.44929    
  1.416604     -38.64719    
  1.416691     -30.32242    
  1.434239     -29.88608    
  1.434325     -29.95286    
  1.438732     -29.93404    
  1.438819     -29.93357    
  1.442990     -29.91759    
  1.443077     -29.90383    
  1.465932     -29.79721    
  1.466019     -29.79721    
  1.466567     -29.79505    
  1.466654     -29.79668    
  1.485460     -29.72849    
  1.485547     -29.72690    
  1.485843     -29.72598    
  1.485930     -29.72608    
  1.499937     -29.68449    
  1.500023    -100.00000    
  1.502811     -28.99844    
  1.502898     -28.97879    
  1.515152     -28.96991    
  1.515239     -28.96710    
  1.538911     -28.74953    
  1.538998     -28.76187    
  1.541754     -28.75976    
  1.541841     -28.67106    
  1.544410     -29.14949    
  1.544497    -100.00000    
  1.546755     -29.02515    
  1.546842     -28.71604    
  1.568094     -28.65544    
  1.568181     -28.66800    
  1.576102     -28.66377    
  1.576189     -28.66358    
  1.577032     -28.66310    
  1.577119     -28.66324    
  1.586189     -28.65757    
  1.586276     -28.65734    
  1.587530     -28.65655    
  1.587617     -28.65646    
  1.602078     -28.64905    
  1.602165     -28.64885    
  1.604747     -28.65011    
  1.604834     -28.87433    
  1.629405     -28.60266    
  1.629492     -28.68256    
  1.633100     -28.69567    
  1.633187     -28.69439    
  1.643761     -28.74920    
  1.643848     -28.75153    
  1.646889     -28.77135    
  1.646976     -28.77220    
  1.653070     -28.81302    
  1.653157     -28.82769    
  1.667964     -28.84736    
  1.668051     -28.83125    
  1.673067     -28.77435    
  1.673154     -28.76928    
  1.673452     -28.76474    
  1.673539     -28.78888    
  1.683736     -28.56104    
  1.683823     -28.54930    
  1.689301     -28.39511    
  1.689388     -28.38710    
  1.690173     -28.36416    
  1.690260     -28.36208    
  1.691919     -28.31303    
  1.692006     -28.44114    
  1.709636     -27.81429    
  1.709723     -27.77645    
  1.714846     -27.62314    
  1.714933     -27.61741    
  1.717233     -27.55059    
  1.717320     -27.54724    
  1.717576     -27.53983    
  1.717663     -27.53789    
  1.719536     -27.48440    
  1.719623     -27.48217    
  1.721805     -27.42058    
  1.721892     -27.41940    
  1.725295     -27.32512    
  1.725382     -27.32677    
  1.731154     -27.17160    
  1.731241     -27.16530    
  1.731758     -27.15189    
  1.731845     -27.14964    
  1.732294     -27.13806    
  1.732381     -27.13693    
  1.735217     -27.06479    
  1.735304     -27.08216    
  1.746841     -26.79951    
  1.746929     -26.78635    
  1.747807     -26.76684    
  1.747894     -26.76863    
  1.753972     -26.63803    
  1.754058     -26.63413    
  1.756978     -26.57508    
  1.757065     -26.57539    
  1.762907     -26.46319    
  1.762994     -26.45957    
  1.763503     -26.45024    
  1.763590     -26.44899    
  1.765957     -26.40661    
  1.766044     -26.40506    
  1.768505     -26.36255    
  1.768592     -26.36368    
  1.776113     -26.24254    
  1.776200     -26.24004    
  1.781285     -26.16671    
  1.781372     -26.16475    
  1.781946     -26.15692    
  1.782033     -26.15627    
  1.786409     -26.09930    
  1.786495     -26.09784    
  1.788161     -26.07753    
  1.788248     -26.07647    
  1.789372     -26.06316    
  1.789459     -26.06228    
  1.792246     -26.03074    
  1.792333     -26.03036    
  1.800765     -25.94706    
  1.800851     -25.94579    
  1.809708     -25.87821    
  1.809795     -25.87784    
  1.810144     -25.87561    
  1.810231     -25.87497    
  1.814042     -25.85262    
  1.814129     -25.84528    
  1.834747     -25.78973    
  1.834834     -25.79619    
  1.838907     -25.79816    
  1.838994     -25.79853    
  1.840414     -25.80026    
  1.840501     -25.80034    
  1.842703     -25.80404    
  1.842790     -25.80426    
  1.844125     -25.80716    
  1.844212     -25.80397    
  1.857265     -25.85603    
  1.857352     -25.85748    
  1.870233     -25.95092    
  1.870320     -25.95447    
  1.871306     -25.96335    
  1.871393     -25.96418    
  1.872072     -25.97047    
  1.872158     -25.97121    
  1.873424     -25.98326    
  1.873511     -25.98367    
  1.880831     -26.06094    
  1.880918     -26.06227    
  1.887368     -26.14123    
  1.887455     -26.14315    
  1.899003     -26.31005    
  1.899090     -26.31081    
  1.905821     -26.42266    
  1.905908     -26.42397    
  1.911657     -26.52889    
  1.911744     -26.52971    
  1.912227     -26.53899    
  1.912313     -26.54075    
  1.913955     -26.57295    
  1.914042     -26.57582    
  1.924238     -26.81609    
  1.924325     -26.81788    
  1.925856     -26.86583    
  1.925943     -26.86866    
  1.926709     -26.89465    
  1.926796     -26.89768    
  1.926846     -26.89944    
  1.926932     -26.90263    
  1.927461     -26.92188    
  1.927548     -26.92540    
  1.930771     -27.05905    
  1.930858     -27.06400    
  1.933873     -27.21324    
  1.933960     -27.21847    
  1.936983     -27.37912    
  1.937070     -27.37907    
  1.938051     -27.43003    
  1.938138     -27.43753    
  1.940777     -27.56578    
  1.940864     -27.67722    
  1.955697     -27.70129    
  1.955784     -27.59597    
  1.959855     -27.38733    
  1.959942     -27.38508    
  1.963545     -27.17176    
  1.963632     -27.42598    
  1.974225     -26.53620    
  1.974312     -26.46957    
  1.974387     -26.46446    
  1.974474     -26.46714    
  1.977192     -26.27902    
  1.977279    -100.00000    
  1.994212     -25.18834    
  1.994299     -25.05506    
  1.996552     -24.88732    
  1.996639     -24.87017    
  1.997939     -24.78463    
  1.998026     -24.77689    
  2.000182     -24.61544    
  2.000268     -24.71586    
  2.007421     -24.10938    
  2.007508     -24.06608    
  2.009100     -23.94951    
  2.009187     -23.93951    
  2.009352     -23.92669    
  2.009439     -23.92046    
  2.009543     -24.05636    
  2.017372     -23.37409    
  2.017459     -23.54521    
  2.026471     -22.71471    
  2.026558     -22.65965    
  2.028108     -22.54272    
  2.028195    -100.00000    
  2.061043     -20.49232    
  2.061130     -20.26363    
  2.067104     -19.83197    
  2.067191     -19.80433    
  2.068339     -19.72737    
  2.068426     -19.81788    
  2.076209     -19.24447    
  2.076296    -100.00000    
  2.097304     -18.07844    
  2.097391     -18.16117    
  2.100294     -18.49956    
  2.100380     -18.32839    
  2.101519     -18.27842    
  2.101605     -18.27046    
  2.102584     -18.21479    
  2.102671     -18.22343    
  2.104539     -17.68301    
  2.104626     -17.38202    
  2.106101     -17.67035    
  2.106187     -17.84043    
  2.111508     -17.21106    
  2.111595     -17.37952    
  2.111941     -17.26297    
  2.112028     -16.92245    
  2.124229     -16.11771    
  2.124316     -16.54158    
  2.124942     -15.62366    
  2.125029     -15.31841    
  2.126973     -16.55480    
  2.127060     -16.25439    
  2.127658     -16.37571    
  2.127745     -17.17772    
  2.131986     -15.89990    
  2.132073     -15.32130    
  2.137486     -16.07443    
  2.137573     -16.54967    
  2.141450     -15.52348    
  2.141537     -15.52167    
  2.141662     -15.63758    
  2.141749     -14.99725    
  2.149371     -15.17979    
  2.149458     -15.17151    
  2.150293     -15.12246    
  2.150380     -15.11878    
  2.150508     -14.63226    
  2.154246     -15.76411    
  2.154333     -15.70231    
  2.156640     -14.80507    
  2.156727     -14.69327    
  2.156827     -14.91184    
  2.158960     -14.84526    
  2.159047     -13.74187    
  2.168055     -13.63011    
  2.168141     -14.01564    
  2.177604     -13.54636    
  2.177690     -14.06701    
  2.181731     -13.54044    
  2.181818     -13.77860    
  2.184198     -12.42520    
  2.184285     -13.47515    
  2.188445     -13.83202    
  2.188532     -13.44739    
  2.191911     -13.21170    
  2.191997     -12.67742    
  2.204170     -12.81425    
  2.204257     -14.19275    
  2.213352     -12.39883    
  2.213439     -12.62262    
  2.217837     -13.28687    
  2.217924     -13.07670    
  2.218030     -13.05953    
  2.218315     -13.19865    
  2.218402     -13.31150    
  2.218688     -13.59186    
  2.218775     -12.98317    
  2.225403     -12.65952    
  2.231931     -12.32020    
  2.232018     -13.41893    
  2.234695     -12.96463    
  2.234781     -12.87788    
  2.239617     -13.31748    
  2.239704     -12.19041    
  2.245345     -12.64582    
  2.245432     -12.50793    
  2.250721     -12.10264    
  2.250808     -11.55414    
  2.252069    -100.00000    
  2.252156     -13.68231    
  2.253696     -13.62161    
  2.253782     -12.16221    
  2.257177     -12.19689    
  2.260545     -11.72809    
  2.260632     -11.45984    
  2.263836     -13.84945    
  2.267016     -12.38810    
  2.267103     -13.56214    
  2.270490     -12.18040    
  2.270577     -12.24580    
  2.271628     -12.21684    
  2.271715     -12.90738    
  2.275818     -12.75094    
  2.275905     -12.81112    
  2.278364    -100.00000    
  2.280809     -12.37047    
  2.280896     -12.50766    
  2.283804     -12.19635    
  2.283891     -12.89326    
  2.284781     -13.25327    
  2.284868     -13.65964    
  2.286288     -13.19616    
  2.286375     -13.19841    
  2.286786     -13.53215    
  2.286873     -12.60751    
  2.289459     -12.85801    
  2.292031     -13.18950    
  2.294586     -12.81841    
  2.297128     -13.34944    
  2.297214     -13.35220    
  2.297982     -13.23606    
  2.298069    -100.00000    
  2.300085     -12.30070    
  2.302092     -13.32842    
  2.304090     -12.73250    
  2.306078     -13.06415    
  2.306165     -13.14585    
  2.308268     -13.62498    
  2.309316     -12.69256    
  2.310361     -13.61535    
  2.311404     -12.89915    
  2.312444     -12.99137    
  2.313482     -13.22221    
  2.314517     -13.20134    
  2.314604     -13.26215    
  2.315597     -13.10191    
  2.315684     -13.18360    
  2.316612     -13.22953    
  2.317538     -12.71528    
  2.318463     -12.49366    
  2.319385     -12.22369    
  2.320305     -12.27121    
  2.321224     -13.23380    
  2.322140     -12.17049    
  2.323055     -12.06379    
  2.323141     -12.61496    
  2.324295     -12.88648    
  2.325445     -12.86208    
  2.326592     -13.10463    
  2.327736     -12.90895    
  2.327823     -12.92665    
  2.328799     -12.78991    
  2.329773     -12.70163    
  2.330745     -13.40515    
  2.331714     -12.24005    
  2.331801     -12.63590    
  2.333101     -12.93371    
  2.333188     -12.85034    
  2.334187     -12.88236    
  2.335184     -12.87469    
  2.336179     -12.83979    
  2.337171     -12.79170    
  2.338161     -12.77574    
  2.339149     -12.72463    
  2.340135     -12.69201    
  2.341118     -12.62872    
  2.341205     -12.65738    
  2.341283     -12.66639    
  2.341370     -12.68208    
  2.341472     -12.64816    
  2.342320     -12.67055    
  2.343166     -12.57319    
  2.344011     -12.63254    
  2.344853     -12.58071    
  2.344940     -12.59976    
  2.345621     -12.55940    
  2.346301     -12.53511    
  2.346979     -12.55735    
  2.347657     -12.48248    
  2.348333     -12.45608    
  2.349009     -12.40566    
  2.349683     -12.41904    
  2.350356     -12.28631    
  2.350443     -12.35752    
  2.351331     -12.26860    
  2.352217     -12.45338    
  2.352659     -12.01358    
  2.353101     -12.06603    
  2.353542     -12.37355    
  2.353983     -11.99378    
  2.354070     -11.73253    
  2.354494     -12.23530    
  2.354917     -12.02518    
  2.355340     -12.13285    
  2.355762     -11.91703    
  2.355849     -11.70058    
  2.356283     -11.81060    
  2.356717     -12.07254    
  2.357149     -11.60714    
  2.357582    -100.00000    
  2.357669    -100.00000    
  2.362936     -9.607068    
  2.363023    -100.00000    
  2.376702     -5.897547    
  2.376789     -6.200070    
  2.381401     -5.741355    
  2.381488     -5.583381    
  2.381574     -5.561336    
  2.381660     -5.404087    
  2.384670     -5.400640    
  2.384757     -5.588495    
  2.387126    -100.00000    
  2.387213     -5.278574    
  2.396615     -4.946432    
  2.405819     -4.856421    
  2.405905     -4.588584    
  2.409345     -5.201886    
  2.409431    -100.00000    
  2.409967     -6.740068    
  2.410054    -100.00000    
  2.411501     -5.070953    
  2.411588     -4.860595    
  2.412778     -4.948653    
  2.412865     -5.025213    
  2.413098     -4.949387    
  2.413185     -4.210897    
  2.417228     -4.908351    
  2.417315     -5.017771    
  2.417448     -5.027299    
  2.417535     -5.772044    
  2.419545     -4.352176    
  2.419632     -4.433921    
  2.424108     -4.565592    
  2.424195     -4.766996    
  2.429911     -4.573205    
  2.429998     -4.606903    
  2.432147     -4.663585    
  2.432234     -4.670354    
  2.433514     -4.529718    
  2.433601     -4.682774    
  2.434762     -4.767395    
  2.434849     -4.833281    
  2.435182     -4.834483    
  2.435269     -4.758189    
  2.435570     -4.389472    
  2.435657     -4.136303    
  2.438099     -4.232486    
  2.438186     -4.466422    
  2.443115     -4.036595    
  2.443202     -4.739860    
  2.448046     -4.898333    
  2.448133     -4.546147    
  2.449372     -4.281383    
  2.449459     -4.622714    
  2.450924     -4.097580    
  2.451011     -4.298521    
  2.456026     -4.609176    
  2.456113     -4.460753    
  2.457105     -4.526803    
  2.457192     -4.544004    
  2.461170     -4.394640    
  2.461257     -4.365209    
  2.466286    -100.00000    
  2.466372     -4.947067    
  2.466976     -5.054800    
  2.467064     -5.287387    
  2.471828     -4.798410    
  2.471915     -4.837927    
  2.476442     -4.542081    
  2.476529     -4.322609    
  2.476628     -4.251875    
  2.476715     -4.233209    
  2.476977     -4.281098    
  2.477064     -4.230627    
  2.483465     -7.756027    
  2.483551     -4.975499    
  2.483824     -4.774304    
  2.483911     -4.708952    
  2.484130     -4.580810    
  2.484217     -4.483714    
  2.487600     -4.205330    
  2.490956     -4.811574    
  2.491043     -4.464776    
  2.493583     -4.424106    
  2.496107     -4.765077    
  2.496194     -4.364980    
  2.500074     -4.449093    
  2.503920     -4.295336    
  2.504007     -4.187153    
  2.504069     -4.177155    
  2.504156     -4.133384    
  2.506191     -4.343251    
  2.506278     -4.224497    
  2.506857     -3.976474    
  2.506943     -3.937360    
  2.507203     -3.866655    
  2.507290     -4.115342    
  2.511408     -4.052808    
  2.515486     -3.963413    
  2.515573     -3.920197    
  2.515719     -3.920458    
  2.515805     -3.940155    
  2.515872     -3.960231    
  2.515959     -4.084287    
  2.516943     -3.783531    
  2.517030     -3.717415    
  2.517941     -3.708257    
  2.518028     -3.728592    
  2.518445     -3.805253    
  2.518532     -3.708236    
  2.522095     -4.158465    
  2.525630     -4.144576    
  2.529136     -4.146411    
  2.532615     -3.873562    
  2.532701     -3.763823    
  2.536032     -3.854011    
  2.539337     -4.121178    
  2.539424     -4.129905    
  2.543132     -4.134110    
  2.546808     -3.891589    
  2.546895     -3.948967    
  2.547329     -4.001470    
  2.547416     -4.023684    
  2.551118     -4.201911    
  2.551204     -4.184611    
  2.554808     -3.969221    
  2.558382     -3.927627    
  2.558469     -3.906740    
  2.558869     -3.924644    
  2.558956     -4.000701    
  2.561557     -4.521383    
  2.561644     -4.373363    
  2.564082     -4.289780    
  2.566507     -4.199807    
  2.568917     -3.967512    
  2.571315     -3.889086    
  2.571402     -4.027802    
  2.571490     -4.031359    
  2.571576     -4.058700    
  2.574740     -4.173633    
  2.577880     -4.141309    
  2.580998     -4.171737    
  2.584094     -4.319058    
  2.587168     -4.636740    
  2.590220     -4.820950    
  2.593250     -4.240644    
  2.596260     -4.729689    
  2.596347     -4.669010    
  2.597646     -4.624747    
  2.597733     -4.695135    
  2.600542     -4.236804    
  2.603333     -4.032680    
  2.603420     -4.259472    
  2.606239     -4.621687    
  2.606324     -4.352853    
  2.606411     -4.257709    
  2.607237     -4.123797    
  2.607324     -3.977671    
  2.611491     -4.253754    
  2.615617     -4.100367    
  2.615704     -4.100589    
  2.619659     -3.817894    
  2.619746     -3.912372    
  2.620859     -4.174920    
  2.620946     -4.150977    
  2.621962     -4.474487    
  2.622049     -4.456235    
  2.625471     -4.371027    
  2.625557     -4.167398    
  2.626297     -4.289549    
  2.626384     -4.382871    
  2.627024     -4.333510    
  2.627111     -4.290269    
  2.630159     -4.073010    
  2.633186     -4.377477    
  2.633273     -4.242141    
  2.633585     -4.228414    
  2.633672     -4.320438    
  2.636750     -3.950060    
  2.639805     -4.190588    
  2.642840     -3.961013    
  2.645853     -3.965670    
  2.645940     -3.956236    
  2.646436     -3.945262    
  2.646523     -3.922575    
  2.648513     -3.885384    
  2.648600     -3.821707    
  2.650581     -4.016394    
  2.650668     -4.123246    
  2.652023     -4.092920    
  2.652110     -4.041917    
  2.653758     -3.925203    
  2.653845     -3.919595    
  2.654514     -3.879261    
  2.654601     -3.905356    
  2.655848     -3.994362    
  2.655935     -3.930554    
  2.656856     -3.925451    
  2.656943     -4.130841    
  2.659789     -3.843360    
  2.659876     -3.905942    
  2.661632     -3.890348    
  2.661711     -3.936209    
  2.661798     -3.984716    
  2.662838     -3.988731    
  2.662925     -3.978913    
  2.664288     -3.946249    
  2.665620     -3.869129    
  2.666947     -3.854832    
  2.668270     -3.999110    
  2.668357     -4.223881    
  2.669554     -3.905771    
  2.670748     -3.902096    
  2.670835     -3.878745    
  2.671974     -3.917543    
  2.673109     -3.959302    
  2.674242     -3.913227    
  2.675371     -3.907111    
  2.675458     -3.886964    
  2.676824     -4.046151    
  2.676911     -3.972405    
  2.677751     -3.874268    
  2.677838     -3.894996    
  2.679282     -3.898792    
  2.680721     -3.893026    
  2.682155     -3.899541    
  2.683585     -3.899496    
  2.683672     -3.897400    
  2.684694     -3.913738    
  2.685714     -3.950925    
  2.685801     -3.927046    
  2.685988     -3.915357    
  2.686075     -3.910376    
  2.686520     -3.904673    
  2.686607     -3.905006    
  2.687604     -3.903679    
  2.688599     -3.931676    
  2.688686     -3.969094    
  2.689315     -4.004131    
  2.689943     -3.915944    
  2.690571     -3.982410    
  2.691198     -3.959722    
  2.691823     -3.958183    
  2.692448     -3.951889    
  2.693072     -3.909945    
  2.693695     -3.914432    
  2.694317     -3.917257    
  2.694939     -3.927855    
  2.695559     -3.922701    
  2.696179     -3.922597    
  2.696797     -4.008255    
  2.697415     -4.028774    
  2.698032     -3.930263    
  2.698648     -3.923471    
  2.698717     -3.924838    
  2.698803     -3.924581    
  2.699142     -3.925245    
  2.699229     -3.926221    
  2.700077     -3.928681    
  2.700500     -3.931361    
  2.700923     -3.935041    
  2.701345     -3.932923    
  2.701767     -3.930388    
  2.702189     -3.931086    
  2.702610     -3.934403    
  2.702697     -3.935515    
  2.706323     -3.970004    
  2.706410     -3.944828    
  2.708352     -3.973503    
  2.708438     -3.977756    
  2.709271     -3.997640    
  2.709358     -4.034203    
  2.712230     -4.007969    
  2.712317     -3.948380    
  2.716395     -3.963321    
  2.716481     -3.953765    
  2.716568     -3.954033    
  2.718970     -3.963612    
  2.721359     -3.980375    
  2.721446     -3.962393    
  2.721792     -3.963546    
  2.721879     -3.973800    
  2.724957     -3.984698    
  2.725044     -3.997206    
  2.728368     -3.999310    
  2.728455     -3.979707    
  2.728556     -3.979492    
  2.728643     -3.979005    
  2.730036     -3.982093    
  2.730123     -3.976992    
  2.733020     -4.031703    
  2.735898     -3.991227    
  2.735985     -3.996290    
  2.736079     -3.997128    
  2.737059     -4.000509    
  2.737146     -3.998544    
  2.740300     -4.005831    
  2.740387     -4.010581    
  2.744215     -4.021364    
  2.748009     -4.018163    
  2.751770     -4.025949    
  2.755499     -4.037804    
  2.755586     -4.043465    
  2.758474     -4.065628    
  2.758561     -4.042657    
  2.759027     -4.040502    
  2.759113     -4.040571    
  2.759268     -4.040818    
  2.759355     -4.040898    
  2.759911     -4.044360    
  2.759997     -4.046466    
  2.760747     -4.050105    
  2.760833     -4.051623    
  2.762307     -4.052567    
  2.762394     -4.050202    
  2.764577     -4.053733    
  2.764664     -4.054175    
  2.765400     -4.060967    
  2.765487     -4.061020    
  2.765755     -4.060582    
  2.765842     -4.058691    
  2.767568     -4.059589    
  2.767655     -4.112330    
  2.771767     -4.084512    
  2.775841     -4.096666    
  2.775928     -4.079166    
  2.777541     -4.082313    
  2.777628     -4.080586    
  2.781421     -4.095417    
  2.781508     -4.104899    
  2.784445     -4.099204    
  2.787363     -4.106729    
  2.787450     -4.106949    
  2.789348     -4.106160    
  2.789435     -4.107419    
  2.792054     -4.111200    
  2.792141     -4.111817    
  2.795962     -4.119753    
  2.796049     -4.120061    
  2.798395     -4.118421    
  2.800729     -4.177242    
  2.803050     -4.127153    
  2.805359     -4.140968    
  2.807656     -4.145755    
  2.809941     -4.166853    
  2.812213     -4.162700    
  2.814474     -4.161500    
  2.814561     -4.161380    
  2.815775     -4.164891    
  2.815862     -4.165725    
  2.816430     -4.168099    
  2.816517     -4.167363    
  2.818570     -4.170407    
  2.818657     -4.169795    
  2.821422     -4.178577    
  2.824169     -4.184322    
  2.826900     -4.197370    
  2.829613     -4.216964    
  2.829700     -4.197292    
  2.832139     -4.199261    
  2.834565     -4.226896    
  2.836978     -4.255385    
  2.839377     -4.386490    
  2.839464     -4.211071    
  2.842740     -4.228244    
  2.845992     -4.234039    
  2.846054     -4.234390    
  2.846141     -4.234575    
  2.846320     -4.234679    
  2.846407     -4.234595    
  2.846929     -4.234800    
  2.847016     -4.234863    
  2.850284     -4.242737    
  2.850371     -4.243247    
  2.851107     -4.245594    
  2.851194     -4.245579    
  2.851272     -4.245684    
  2.851359     -4.245784    
  2.851605     -4.246037    
  2.851692     -4.245936    
  2.852969     -4.248487    
  2.853056     -4.237758    
  2.856721     -4.318160    
  2.856808     -4.261735    
  2.860014     -4.277860    
  2.863196     -4.277905    
  2.863283     -4.277143    
  2.866961     -4.287154    
  2.867048     -4.281985    
  2.867158     -4.283449    
  2.871477     -4.303861    
  2.871560     -4.304036    
  2.871647     -4.286278    
  2.874394     -4.340020    
  2.877123     -4.385150    
  2.877210     -4.351287    
  2.879769     -4.318383    
  2.882313     -4.328381    
  2.882400     -4.322663    
  2.882670     -4.322024    
  2.882757     -4.504426    
  2.885337    -100.00000    
  2.885423     -4.659580    
  2.886380     -4.283848    
  2.886467     -4.205607    
  2.886654     -4.176188    
  2.886741     -4.156807    
  2.889314     -4.321660    
  2.889401     -4.542205    
  2.891964     -4.315112    
  2.892051     -4.330832    
  2.893704     -4.376730    
  2.893791     -4.355204    
  2.894071     -4.345012    
  2.894158     -4.342754    
  2.895095     -4.345884    
  2.895182     -4.346374    
  2.896767     -4.350592    
  2.896854     -4.350838    
  2.897787     -4.353627    
  2.897874     -4.343320    
  2.900589     -4.391201    
  2.900676     -4.387643    
  2.902856     -4.360312    
  2.905026     -4.373525    
  2.905113     -4.378596    
  2.908098     -4.394244    
  2.908185     -4.378045    
  2.908477     -4.378994    
  2.908564     -4.378998    
  2.910090     -4.382992    
  2.910176     -4.382957    
  2.913363     -4.393647    
  2.916527     -4.402065    
  2.916614     -4.401594    
  2.916785     -4.403988    
  2.916872     -4.405622    
  2.917171     -4.420185    
  2.917258     -4.435482    
  2.919518     -4.402345    
  2.921765     -4.411597    
  2.921852     -4.411478    
  2.925029     -4.419142    
  2.925116     -4.419380    
  2.925941     -4.421872    
  2.926028     -4.422264    
  2.927554     -4.425697    
  2.927641     -4.425579    
  2.927950     -4.426131    
  2.928037     -4.426214    
  2.928671     -4.428214    
  2.928758     -4.428715    
  2.929127     -4.431090    
  2.929213     -4.431878    
  2.929524     -4.434497    
  2.929611     -4.435647    
  2.930245     -4.434861    
  2.930332     -4.434137    
  2.930604     -4.433726    
  2.930691     -4.433799    
  2.930963     -4.434079    
  2.931050     -4.433823    
  2.934646     -4.443686    
  2.934733     -4.444432    
  2.936807     -4.449929    
  2.936894     -4.450774    
  2.937412     -4.452750    
  2.937499     -4.452658    
  2.937612     -4.452548    
  2.939332     -4.457593    
  2.939418     -4.455841    
  2.941608     -4.460536    
  2.943787     -4.467301    
  2.943874     -4.468468    
  2.945266     -4.469850    
  2.945353     -4.470569    
  2.946273     -4.473461    
  2.946360     -4.473089    
  2.946687     -4.473323    
  2.946774     -4.473855    
  2.949036     -4.480550    
  2.951287     -4.485749    
  2.951374     -4.486706    
  2.953319     -4.493418    
  2.953406     -4.490698    
  2.953750     -4.491644    
  2.953837     -4.490541    
  2.954344     -4.506629    
  2.954431     -4.538233    
  2.955739     -4.507476    
  2.955826     -4.497111    
  2.956162     -4.496768    
  2.956249     -4.497000    
  2.956822     -4.499889    
  2.956909     -4.502058    
  2.957620     -4.508467    
  2.957703     -4.507661    
  2.957790     -4.507569    
  2.958622     -4.509988    
  2.958708     -4.509136    
  2.959196     -4.506327    
  2.959269     -4.506380    
  2.959356     -4.506424    
  2.959520     -4.507534    
  2.959575     -4.508351    
  2.959642     -4.509571    
  2.959729     -4.515762    
  2.960694     -4.544696    
  2.960781     -4.530647    
  2.961021     -4.519657    
  2.961108     -4.516283    
  2.961209     -4.332870    
  2.965318     -4.474030    
  2.965405    -100.00000    
  2.969227     -4.248027    
  2.969314     -4.368208    
  2.972533     -4.406736    
  2.975728     -4.378033    
  2.975815     -4.359671    
  2.976166     -4.426083    
  2.976253     -4.415590    
  2.979351     -4.463400    
  2.982423     -4.596900    
  2.982509     -4.483370    
  2.982872     -4.337493    
  2.982959     -4.364047    
  2.986873     -4.369101    
  2.990753     -4.440867    
  2.994598     -4.485908    
  2.998409     -4.629476    
  3.002187     -4.471601    
  3.005933     -4.498583    
  3.009646     -4.458321    
  3.013329     -4.534496    
  3.016980     -4.506423    
  3.020600     -4.444003    
  3.024191     -4.491861    
  3.027752     -4.478245    
  3.031285     -4.490792    
  3.034788     -4.541887    
  3.038264     -4.586325    
  3.041713     -4.565691    
  3.041799     -4.527467    
  3.044019     -4.534579    
  3.044106     -4.537410    
  3.046417     -4.583826    
  3.046504     -4.576339    
  3.047266     -4.558576    
  3.047353     -4.538551    
  3.050503     -4.567665    
  3.053630     -4.558237    
  3.056735     -4.683039    
  3.059819     -4.574746    
  3.062880     -4.605372    
  3.065920     -4.612869    
  3.068939     -4.668138    
  3.071937     -4.617001    
  3.072024     -4.635001    
  3.074515     -4.625228    
  3.074602     -4.659157    
  3.077416     -4.666810    
  3.080211     -4.679456    
  3.082988     -4.645748    
  3.085748     -4.724371    
  3.085835     -4.832075    
  3.088164     -4.672614    
  3.088251     -4.677419    
  3.089222     -4.700969    
  3.089309     -4.716701    
  3.091849     -4.761470    
  3.091936     -4.713240    
  3.095352     -6.302179    
  3.095438     -4.856832    
  3.096179     -4.546437    
  3.096266     -4.520013    
  3.099969     -4.765973    
  3.100056     -4.721109    
  3.102791     -4.751807    
  3.105509     -4.749658    
  3.105596     -4.795361    
  3.108813     -4.765443    
  3.112005     -4.795635    
  3.112092     -4.738651    
  3.114687     -4.803646    
  3.114774     -4.830365    
  3.114901     -4.837333    
  3.114988     -4.816974    
  3.116978     -4.761361    
  3.117065     -4.771205    
  3.117740     -4.772272    
  3.117827     -4.777499    
  3.118223     -4.793883    
  3.118310     -4.830251    
  3.120853     -4.778574    
  3.123381     -4.842937    
  3.123468     -4.844985    
  3.125997     -4.813206    
  3.126084     -4.848848    
  3.127687     -4.789795    
  3.127774     -4.817933    
  3.129225     -4.813394    
  3.129312     -4.799507    
  3.132455     -4.820095    
  3.135577     -4.842996    
  3.135664     -4.845871    
  3.136182     -4.870834    
  3.136269     -4.889987    
  3.138696     -4.853523    
  3.141109     -4.928779    
  3.141196     -4.897888    
  3.144101     -4.861230    
  3.144188     -4.954907    
  3.144956     -4.956776    
  3.145043     -4.875400    
  3.146758     -4.888892    
  3.146845     -4.902638    
  3.146975     -4.894783    
  3.147795     -4.880797    
  3.147882     -4.881516    
  3.148729     -4.903741    
  3.148816     -4.915729    
  3.150639     -4.940576    
  3.150726     -4.986930    
  3.151276     -4.991719    
  3.151363     -4.950214    
  3.153068     -4.896101    
  3.153155     -4.939494    
  3.153381     -4.944554    
  3.153434     -4.943799    
  3.153521     -4.942713    
  3.155016     -4.939345    
  3.155103     -4.917457    
  3.156074     -4.887404    
  3.156161     -4.925081    
  3.160418     -4.944732    
  3.164633     -4.947663    
  3.164720     -4.975628    
  3.165979     -4.981826    
  3.166066     -4.968999    
  3.168877     -4.992470    
  3.171670     -4.960129    
  3.171756     -4.977111    
  3.173578     -4.952123    
  3.173665     -4.957173    
  3.177077     -4.964135    
  3.180463     -4.970166    
  3.180550     -4.972518    
  3.181960     -4.977569    
  3.182047     -4.977390    
  3.184770     -4.987275    
  3.187477     -5.002812    
  3.187564     -5.005917    
  3.188338     -4.999836    
  3.188425     -4.997390    
  3.189356     -4.999079    
  3.189443     -5.544433    
  3.191119    -100.00000    
  3.191206     -5.625872    
  3.192224     -5.059740    
  3.192311     -4.964246    
  3.194885     -4.873682    
  3.194972     -4.942186    
  3.196916     -5.024462    
  3.197003     -5.004496    
  3.200094     -5.033671    
  3.203162     -5.052770    
  3.203250     -5.049129    
  3.204674     -5.052381    
  3.204761     -5.053679    
  3.207365     -5.063340    
  3.207452     -5.061711    
  3.209994     -5.080243    
  3.212521     -5.089758    
  3.215033     -5.230610    
  3.217531     -4.986815    
  3.217618     -4.928318    
  3.218164     -4.962171    
  3.218251     -4.968595    
  3.218329     -4.974280    
  3.218415     -5.022892    
  3.222383     -5.120035    
  3.226315     -5.125790    
  3.230212     -5.137543    
  3.234074     -5.208664    
  3.237901     -5.165576    
  3.241696     -5.177196    
  3.245457     -5.242079    
  3.249187     -5.181715    
  3.249274     -5.201483    
  3.251238     -5.209420    
  3.251325     -5.209605    
  3.251523     -5.210391    
  3.251610     -5.210788    
  3.254604     -5.220663    
  3.257576     -5.233365    
  3.260529     -5.242099    
  3.263462     -5.251137    
  3.263549     -5.251856    
  3.265995     -5.260793    
  3.268428     -5.268609    
  3.270847     -5.278327    
  3.273253     -5.286000    
  3.273340     -5.285811    
  3.276535     -5.303982    
  3.279706     -5.308964    
  3.279793     -5.308498    
  3.281662     -5.315128    
  3.281749     -5.315095    
  3.285833     -5.329562    
  3.285920     -5.330192    
  3.289028     -5.341685    
  3.289115     -5.340881    
  3.291415     -5.349253    
  3.291501     -5.349991    
  3.293929     -5.357990    
  3.296343     -5.366358    
  3.298744     -5.374980    
  3.301132     -5.383114    
  3.301219     -5.383362    
  3.305074     -5.396942    
  3.305161     -5.397344    
  3.305985     -5.400229    
  3.306072     -5.400544    
  3.306887     -5.403354    
  3.306974     -5.405357    
  3.309850     -5.415344    
  3.309937     -5.414078    
  3.310624     -5.416495    
  3.310710     -5.416874    
  3.311825     -5.420753    
  3.311912     -5.421029    
  3.312012     -5.421374    
  3.312099     -5.432460    
  3.314648     -5.392606    
  3.317181     -5.390399    
  3.319700     -5.420049    
  3.322204     -5.449669    
  3.324695     -5.453490    
  3.327170     -5.458866    
  3.329632     -5.458044    
  3.332080     -5.469200    
  3.334514     -5.486962    
  3.336935     -5.472402    
  3.339342     -5.474526    
  3.341736     -5.516887    
  3.344117     -5.481946    
  3.346485     -5.510123    
  3.348840     -5.523161    
  3.351182     -5.514203    
  3.351269     -5.504931    
  3.354866     -5.565191    
  3.358433     -5.531014    
  3.361971     -5.543923    
  3.365480     -5.622008    
  3.365567     -5.605082    
  3.367434     -5.557368    
  3.367521     -5.572669    
  3.370087     -5.582051    
  3.372609     -5.591116    
  3.375118     -5.600534    
  3.377612     -5.609741    
  3.377699     -5.597736    
  3.380754     -5.659908    
  3.383787     -5.646400    
  3.386800     -5.642791    
  3.389792     -5.654184    
  3.389879     -5.654664    
  3.392466     -5.663049    
  3.395039     -5.672067    
  3.395126     -5.672432    
  3.397959     -5.682582    
  3.398046     -5.682980    
  3.398416     -5.684265    
  3.398503     -5.684590    
  3.400855     -5.692890    
  3.400942     -5.673149    
  3.402428     -5.821162    
  3.402515     -5.752497    
  3.404126     -5.685645    
  3.404213     -5.708339    
  3.406921     -5.715278    
  3.409611     -5.730459    
  3.412285     -5.734409    
  3.414942     -5.744351    
  3.415029     -5.744732    
  3.419186     -5.759756    
  3.423303     -5.774965    
  3.427382     -5.790119    
  3.431422     -5.804536    
  3.431509     -5.804931    
  3.434904     -5.815956    
  3.438273     -5.867590    
  3.441616     -5.831696    
  3.444934     -5.854069    
  3.445021     -5.854329    
  3.447484     -5.863341    
  3.449934     -5.872320    
  3.450021     -5.872591    
  3.452474     -5.881702    
  3.454914     -5.890534    
  3.455001     -5.890849    
  3.457947     -5.901623    
  3.460873     -5.912814    
  3.463780     -5.923080    
  3.466667     -5.934064    
  3.466754     -5.934089    
  3.467583     -5.937224    
  3.467670     -5.937514    
  3.469453     -5.943967    
  3.469505     -5.944235    
  3.469592     -5.944560    
  3.469843     -5.945548    
  3.469930     -5.946143    
  3.471179     -5.950550    
  3.471266     -5.950703    
  3.474100     -5.961097    
  3.474187     -5.961429    
  3.476423     -5.970028    
  3.478648     -5.977260    
  3.480861     -5.986156    
  3.483063     -5.994086    
  3.483150     -5.994235    
  3.485959     -6.004745    
  3.488749     -6.014798    
  3.491522     -6.024866    
  3.494277     -6.035418    
  3.494364     -6.035536    
  3.496766     -6.044177    
  3.499154     -6.050488    
  3.501530     -6.061819    
  3.503893     -6.071366    
  3.506243     -6.077836    
  3.508580     -6.104921    
  3.510905     -6.096719    
  3.513217     -6.104872    
  3.513304     -6.105182    
  3.515963     -6.115177    
  3.518606     -6.124869    
  3.521233     -6.135340    
  3.523845     -6.144183    
  3.526440     -6.153705    
  3.529020     -6.165019    
  3.531585     -6.172399    
  3.534135     -6.182341    
  3.534222     -6.182636    
  3.536649     -6.191617    
  3.539062     -6.199711    
  3.541462     -6.206786    
  3.543849     -6.248734    
  3.543936     -6.288324    
  3.544500     -6.240984    
  3.544586     -6.214870    
  3.547376     -6.231129    
  3.550148     -6.241494    
  3.550235     -6.241862    
  3.552940     -6.252012    
  3.555627     -6.261920    
  3.555714     -6.262218    
  3.556728     -6.266107    
  3.556815     -6.266620    
  3.557696     -6.269605    
  3.557783     -6.269950    
  3.558846     -6.273856    
  3.558933     -6.274069    
  3.559110     -6.274623    
  3.559197     -6.274889    
  3.559291     -6.275180    
  3.559378     -6.275403    
  3.560851     -6.281122    
  3.560938     -6.281332    
  3.561019     -6.281639    
  3.561106     -6.281977    
  3.561368     -6.283025    
  3.561455     -6.283367    
  3.561549     -6.283729    
  3.561702     -6.284310    
  3.561789     -6.284610    
  3.562293     -6.289687    
  3.565681     -6.282311    
  3.565768     -6.285607    
  3.568672     -6.296599    
  3.571556     -6.306495    
  3.574422     -6.325824    
  3.577268     -6.337199    
  3.580096     -6.349522    
  3.582906     -6.358775    
  3.585698     -6.369259    
  3.588471     -6.380197    
  3.591228     -6.386892    
  3.593966     -6.387305    
  3.596688     -6.415494    
  3.599393     -6.413111    
  3.602081     -6.429728    
  3.604752     -6.428277    
  3.607407     -6.465404    
  3.610046     -6.440427    
  3.610133     -6.409294    
  3.612394     -6.460517    
  3.614642     -6.489362    
  3.616880     -6.472507    
  3.619105     -6.484425    
  3.621319     -6.492985    
  3.623523     -6.494229    
  3.625715     -6.542856    
  3.627896     -6.506261    
  3.627982     -6.517455    
  3.630428     -6.526675    
  3.632293     -6.533997    
  3.632379     -6.534267    
  3.635363     -6.545416    
  3.638325     -6.566004    
  3.641268     -6.573720    
  3.644191     -6.580233    
  3.644278     -6.578022    
  3.646967     -6.588882    
  3.649640     -6.598722    
  3.652297     -6.612342    
  3.654938     -6.624189    
  3.655025     -6.620763    
  3.657211     -6.626302    
  3.659385     -6.661252    
  3.659472     -6.667044    
  3.663615     -6.633682    
  3.663702     -6.651407    
  3.666918     -6.676444    
  3.670110     -6.673270    
  3.670197     -6.714134    
  3.674031     -6.581406    
  3.677831     -6.713210    
  3.681598     -6.719878    
  3.685333     -6.732657    
  3.685420     -6.722346    
  3.688862     -6.772416    
  3.688948     -6.799449    
  3.690731     -6.733118    
  3.690818     -6.750642    
  3.691459     -6.754939    
  3.691546     -6.756173    
  3.694812     -6.766497    
  3.694898     -6.765305    
  3.695365     -6.768582    
  3.695452     -6.769481    
  3.695518     -6.770027    
  3.695605     -6.771250    
  3.698701     -6.783068    
  3.701776     -6.794519    
  3.704828     -6.805868    
  3.707860     -6.817243    
  3.710870     -6.828889    
  3.712650     -6.835687    
  3.713860     -6.839275    
  3.716830     -6.852065    
  3.719779     -6.858434    
  3.719866     -6.862487    
  3.723198     -6.874620    
  3.726504     -6.888104    
  3.729786     -6.900920    
  3.733043     -6.912770    
  3.733130     -6.913855    
  3.736895     -6.937134    
  3.740628     -6.942661    
  3.740715     -6.941708    
  3.743507     -6.952439    
  3.746281     -6.962970    
  3.749037     -6.973448    
  3.751777     -6.983851    
  3.751863     -6.984170    
  3.754658     -6.994806    
  3.754745     -6.995108    
  3.755217     -6.996923    
  3.755304     -6.997256    
  3.755522     -6.998088    
  3.755609     -6.999682    
  3.758467     -7.005577    
  3.761306     -7.012103    
  3.764127     -7.025779    
  3.766929     -7.025570    
  3.769713     -7.047362    
  3.772480     -7.062534    
  3.775229     -7.073008    
  3.777961     -7.081423    
  3.778048     -7.078746    
  3.778151     -7.081709    
  3.781161     -7.094248    
  3.784252     -7.105810    
  3.787320     -7.116792    
  3.790368     -7.126343    
  3.793394     -7.145160    
  3.796399     -7.144630    
  3.799384     -7.151575    
  3.802348     -7.181541    
  3.802435     -7.179974    
  3.806009     -7.180747    
  3.806096     -7.180837    
  3.809815     -7.212479    
  3.809902     -7.198408    
  3.811377     -7.205261    
  3.811464     -7.205425    
  3.811517     -7.205631    
  3.811568     -7.205823    
  3.811655     -7.206279    
  3.814154     -7.215090    
  3.816638     -7.232601    
  3.819108     -7.232917    
  3.821564     -7.225491    
  3.821651     -7.241528    
  3.825835     -7.263159    
  3.829979     -7.275687    
  3.834084     -7.291980    
  3.838150     -7.307401    
  3.838237     -7.299757    
  3.840994     -7.332609    
  3.843735     -7.326702    
  3.846458     -7.339267    
  3.849164     -7.349113    
  3.851853     -7.371882    
  3.854526     -7.308645    
  3.857182     -7.395575    
  3.859823     -7.394674    
  3.859910     -7.389916    
  3.862754     -7.401508    
  3.865581     -7.412049    
  3.868389     -7.422961    
  3.871179     -7.433773    
  3.871266     -7.434233    
  3.873695     -7.443298    
  3.876111     -7.452540    
  3.878513     -7.461758    
  3.880902     -7.470791    
  3.880989     -7.478597    
  3.884377     -7.486327    
  3.887739     -7.494744    
  3.891076     -7.510536    
  3.894387     -7.522502    
  3.894474     -7.522782    
  3.898660     -7.538850    
  3.898747     -7.539171    
  3.901486     -7.549680    
  3.904208     -7.559897    
  3.904295     -7.560318    
  3.905384     -7.564604    
  3.905471     -7.562387    
  3.908472     -7.576098    
  3.908559     -7.576733    
  3.912193     -7.590667    
  3.912280     -7.590985    
  3.913068     -7.593854    
  3.913155     -7.594187    
  3.913273     -7.594643    
  3.913714     -7.596185    
  3.913769     -7.596362    
  3.913842     -7.596617    
  3.913889     -7.596782    
  3.913972     -7.598267    
  3.916915     -7.606012    
  3.917002     -7.621342    
  3.919240     -7.615809    
  3.921466     -7.623716    
  3.923680     -7.627325    
  3.925884     -7.641332    
  3.928076     -7.648974    
  3.930258     -7.657790    
  3.934588     -7.674164    
  3.938875     -7.691689    
  3.943121     -7.708348    
  3.947325     -7.724285    
  3.951490     -7.742292    
  3.955614     -7.756228    
  3.959700     -7.771446    
  3.963748     -7.785697    
  3.967758     -7.803865    
  3.971732     -7.818354    
  3.975669     -7.828249    
  3.979571     -7.847313    
  3.983439     -7.864676    
  3.983526     -7.861423    
  3.987126     -7.875499    
  3.990697     -7.892200    
  3.994239     -7.901927    
  3.997752     -7.916479    
  3.997838     -7.916071    
  4.000147     -7.925590    
  4.002444     -7.932768    
  4.004728     -7.962006    
  4.007001     -7.825374    
  4.009262     -7.867059    
  4.011511     -7.965400    
  4.013748     -7.976348    
  4.015974     -7.986120    
  4.018189     -7.992481    
  4.020392     -8.010399    
  4.022585     -8.009568    
  4.024766     -8.020093    
  4.029096     -8.036876    
  4.033383     -8.053100    
  4.033470     -8.052827    
  4.034774     -8.060889    
  4.034861     -8.059100    
  4.038365     -8.071194    
  4.038452     -8.070435    
  4.040802     -8.087678    
  4.043140     -8.086707    
  4.045465     -8.099716    
  4.047778     -8.105308    
  4.047865     -8.108506    
  4.051277     -8.121513    
  4.054632     -8.134594    
  4.057962     -8.145714    
  4.061267     -8.159797    
  4.061354     -8.160261    
  4.065579     -8.172180    
  4.069764     -8.171432    
  4.073909     -8.209502    
  4.078015     -8.223738    
  4.078102     -8.223605    
  4.080241     -8.234769    
  4.080328     -8.234233    
  4.080857     -8.234910    
  4.080944     -8.235324    
  4.081009     -8.235555    
  4.081054     -8.235606    
  4.082194     -8.240457    
  4.082281     -8.242009    
  4.084738     -8.250139    
  4.087181     -8.259366    
  4.089611     -8.268629    
  4.092028     -8.278847    
  4.094430     -8.286388    
  4.096820     -8.296885    
  4.099197     -8.305054    
  4.101560     -8.316432    
  4.101647     -8.314014    
  4.104844     -8.327316    
  4.108018     -8.339824    
  4.111169     -8.341259    
  4.114297     -8.362243    
  4.117403     -8.375089    
  4.120486     -8.390255    
  4.123548     -8.397161    
  4.126589     -8.410386    
  4.129608     -8.422814    
  4.132606     -8.432533    
  4.135584     -8.444917    
  4.138542     -8.455194    
  4.141479     -8.467962    
  4.144397     -8.477293    
  4.147296     -8.489666    
  4.150175     -8.500892    
  4.150262     -8.501429    
  4.153103     -8.512580    
  4.155926     -8.522343    
  4.156013     -8.525483    
  4.158103     -8.526958    
  4.158190     -8.529999    
  4.161727     -8.544888    
  4.161814     -8.545771    
  4.163762     -8.553302    
  4.163849     -8.553601    
  4.166200     -8.562622    
  4.168538     -8.573048    
  4.170864     -8.568110    
  4.173177     -8.575808    
  4.175478     -8.594128    
  4.177767     -8.607573    
  4.180044     -8.614396    
  4.182309     -8.637106    
  4.184563     -8.629782    
  4.186804     -8.641757    
  4.189034     -8.650198    
  4.191253     -8.658896    
  4.193461     -8.666144    
  4.195657     -8.676109    
  4.197842     -8.682324    
  4.200017     -8.687456    
  4.204333     -8.709006    
  4.208607     -8.724768    
  4.212839     -8.740776    
  4.217030     -8.756814    
  4.221182     -8.772650    
  4.225294     -8.788828    
  4.229367     -8.799088    
  4.233402     -8.814472    
  4.233489     -8.818136    
  4.235773     -8.827431    
  4.238044     -8.837735    
  4.240303     -8.846272    
  4.242551     -8.852319    
  4.244787     -8.863150    
  4.247012     -8.871279    
  4.249225     -8.880526    
  4.251427     -8.885473    
  4.251514     -8.886661    
  4.255198     -8.902698    
  4.258852     -8.917633    
  4.262474     -8.927796    
  4.266067     -8.943850    
  4.266154     -8.944221    
  4.268659     -8.958891    
  4.271149     -8.914819    
  4.273626     -8.759205    
  4.276088     -8.896796    
  4.278536     -8.992849    
  4.280971     -9.000458    
  4.283392     -9.010873    
  4.285800     -9.019818    
  4.288194     -9.029401    
  4.290575     -9.034213    
  4.292943     -9.048839    
  4.295299     -9.054095    
  4.297641     -9.065276    
  4.299971     -9.073958    
  4.302289     -9.082747    
  4.304595     -9.091490    
  4.306888     -9.100251    
  4.309169     -9.109158    
  4.311438     -9.109985    
  4.313695     -9.124198    
  4.315941     -9.134249    
  4.318175     -9.144105    
  4.320398     -9.154445    
  4.322610     -9.159113    
  4.324810     -9.166065    
  4.326999     -9.175682    
  4.329177     -9.181380    
  4.331345     -9.193432    
  4.335647     -9.206416    
  4.339907     -9.216698    
  4.339994     -9.228425    
  4.343342     -9.197657    
  4.346664     -9.252372    
  4.349961     -9.262440    
  4.353233     -9.275820    
  4.353320     -9.276872    
  4.356074     -9.285315    
  4.356161     -9.283449    
  4.357582     -9.287769    
  4.357669     -9.291465    
  4.360507     -9.302430    
  4.363326     -9.315080    
  4.366127     -9.322097    
  4.368910     -9.335409    
  4.371675     -9.337475    
  4.374422     -9.347804    
  4.377153     -9.366803    
  4.379866     -9.372371    
  4.382563     -9.386512    
  4.385243     -9.397562    
  4.387906     -9.407364    
  4.390553     -9.417779    
  4.393185     -9.421803    
  4.395800     -9.435784    
  4.398400     -9.446575    
  4.400984     -9.456788    
  4.403553     -9.466500    
  4.406107     -9.476005    
  4.408646     -9.486029    
  4.411170     -9.487194    
  4.413679     -9.502807    
  4.416174     -9.513582    
  4.418655     -9.525676    
  4.421122     -9.504356    
  4.423575     -9.539076    
  4.426014     -9.550983    
  4.428439     -9.559101    
  4.430851     -9.568545    
  4.433250     -9.569702    
  4.435636     -9.581034    
  4.438008     -9.595181    
  4.440368     -9.605225    
  4.440455     -9.605934    
  4.442834     -9.610325    
  4.445201     -9.625231    
  4.445288     -9.623843    
  4.447569     -9.632756    
  4.449839     -9.642983    
  4.452097     -9.608301    
  4.454343     -9.562809    
  4.456578     -9.667889    
  4.458801     -9.674865    
  4.461013     -9.674555    
  4.463213     -9.678531    
  4.465403     -9.697489    
  4.467581     -9.708831    
  4.471906     -9.719648    
  4.476188     -9.740243    
  4.480428     -9.718642    
  4.512937     -9.862921    
  4.513024     -9.877616    
  4.514610     -9.883630    
  4.514697     -9.883907    
  4.515945     -9.888362    
  4.516032     -9.887956    
  4.585469     -10.14383    
  4.585556     -10.14073    
  4.648489     -10.36769    
  4.648576     -10.37729    
  4.649548     -10.38257    
  4.649635     -10.38307    
  4.649838     -10.38413    
  4.649925     -10.36251    
  4.709765     -10.57163    
  4.709852     -10.60074    
  4.765753     -10.78686    
  4.765822     -10.80665    
  4.765909     -10.79998    
  4.818480     -10.99348    
  4.818567     -10.97793    
  4.868094     -11.12617    
  4.868152     -11.16896    
  4.868214     -11.14018    
  4.915089     -11.33716    
  4.915176     -11.33335    
  4.959449     -11.47838    
  4.959536     -11.47827    
  4.959642     -11.47837    
  4.959729     -11.47903    
  5.002021     -11.53049    
  5.002108     -11.62702    
  5.041986     -11.75973    
  5.042072     -11.76714    
  5.042428     -11.76910    
  5.042515     -11.74971    
  5.081038     -11.88127    
  5.081125     -11.86924    
  5.117569     -12.00640    
  5.117655     -12.01654    
  5.118005     -12.01507    
  5.118092     -11.91126    
  5.153462     -12.15674    
  5.153549     -12.11677    
  5.187204     -12.24131    
  5.187290     -12.23055    
  5.187529     -12.22818    
  5.187616     -12.22150    
  5.251180     -12.38965    
  5.251266     -12.43309    
  5.251931     -12.43503    
  5.252018     -12.43127    
  5.311750     -12.59115    
  5.311837     -12.63023    
  5.311944     -12.61093    
  5.614629     -13.54325    
  5.791270     -14.07835    
  6.013559     -14.73421    
  6.269124     -15.46852    
  6.545503     -16.25926    
  6.833661     -17.07822    
  7.128110     -17.92891    
  7.425812     -18.79094    
  7.725168     -19.65983    
  8.025358     -20.53022    
  8.325968     -21.38871    
  8.626788     -22.23701    
  8.927713    -100.00000    
