 0.6989700    -100.00000    
 0.7247828    -100.00000    
 0.7491470    -100.00000    
 0.7722168    -100.00000    
 0.7941226    -100.00000    
 0.8348744    -100.00000    
 0.8721282    -100.00000    
 0.9064373    -100.00000    
 0.9382333    -100.00000    
 0.9678594     -77.95982    
 0.9955930     -76.41751    
  1.021661     -75.83915    
  1.046253     -75.69691    
  1.069527     -75.86506    
  1.091616     -76.23901    
  1.132686     -77.31554    
  1.170205    -100.00000    
  1.204739    -100.00000    
  1.236728    -100.00000    
  1.266522    -100.00000    
  1.294403    -100.00000    
  1.320601    -100.00000    
  1.345308    -100.00000    
  1.368685    -100.00000    
  1.390867     -89.29405    
  1.390954     -71.37258    
  1.407231    -100.00000    
  1.407318     -73.09654    
  1.416604    -100.00000    
  1.416691     -46.17804    
  1.434239     -47.34209    
  1.434325     -47.16027    
  1.438732     -47.50601    
  1.438819     -47.50012    
  1.442990     -47.83749    
  1.443077     -47.96948    
  1.465932    -100.00000    
  1.466019     -49.73473    
  1.466567     -49.78588    
  1.466654     -49.98028    
  1.485460    -100.00000    
  1.485547     -51.64082    
  1.485843     -51.67109    
  1.485930     -51.82514    
  1.499937    -100.00000    
  1.500023    -100.00000    
  1.502811     -51.69231    
  1.502898     -52.21308    
  1.515152    -100.00000    
  1.515239     -53.56896    
  1.538911    -100.00000    
  1.538998     -55.74726    
  1.541754     -56.07106    
  1.541841     -56.02548    
  1.544410     -56.75563    
  1.544497     -57.41909    
  1.546755     -56.42309    
  1.546842     -56.65058    
  1.568094    -100.00000    
  1.568181     -58.82672    
  1.576102     -60.07749    
  1.576189     -59.59616    
  1.577032     -59.68075    
  1.577119     -59.76476    
  1.586189     -61.13362    
  1.586276     -60.55644    
  1.587530     -60.66857    
  1.587617     -60.79521    
  1.602078    -100.00000    
  1.602165     -61.85851    
  1.604747     -62.06441    
  1.604834     -62.31673    
  1.629405    -100.00000    
  1.629492     -63.74937    
  1.633100     -63.97599    
  1.633187     -64.01350    
  1.643761     -64.78991    
  1.643848     -64.64631    
  1.646889     -64.90049    
  1.646976     -64.93460    
  1.653070     -65.50648    
  1.653157     -65.73972    
  1.667964     -65.48484    
  1.668051     -65.45641    
  1.673067     -64.52004    
  1.673154     -64.44959    
  1.673452     -64.40698    
  1.673539    -100.00000    
  1.683736     -63.10423    
  1.683823     -63.28956    
  1.689301     -62.24219    
  1.689388     -62.17029    
  1.690173     -62.06226    
  1.690260     -62.06054    
  1.691919     -61.82988    
  1.692006    -100.00000    
  1.709636     -59.74276    
  1.709723     -59.66600    
  1.714846     -58.85471    
  1.714933     -58.81564    
  1.717233     -58.51385    
  1.717320     -58.49094    
  1.717576     -58.45842    
  1.717663     -58.46056    
  1.719536     -58.21899    
  1.719623     -58.21871    
  1.721805     -57.93700    
  1.721892     -57.97104    
  1.725295     -57.51539    
  1.725382     -57.75441    
  1.731154     -56.82607    
  1.731241     -56.75957    
  1.731758     -56.69557    
  1.731845     -56.68547    
  1.732294     -56.63007    
  1.732381     -56.65234    
  1.735217     -56.29098    
  1.735304    -100.00000    
  1.746841     -55.02649    
  1.746929     -54.87028    
  1.747807     -54.76506    
  1.747894     -55.04155    
  1.753972     -54.09233    
  1.754058     -54.05682    
  1.756978     -53.69677    
  1.757065     -53.91141    
  1.762907     -53.03758    
  1.762994     -52.97384    
  1.763503     -52.91349    
  1.763590     -52.92274    
  1.765957     -52.63673    
  1.766044     -52.63676    
  1.768505     -52.33884    
  1.768592     -53.24381    
  1.776113     -51.51395    
  1.776200     -51.57427    
  1.781285     -50.87018    
  1.781372     -50.81724    
  1.781946     -50.74945    
  1.782033     -50.83476    
  1.786409     -50.25853    
  1.786495     -50.22295    
  1.788161     -50.02450    
  1.788248     -50.01200    
  1.789372     -49.87899    
  1.789459     -49.89550    
  1.792246     -49.55424    
  1.792333    -100.00000    
  1.800765     -48.63458    
  1.800851    -100.00000    
  1.809708     -47.59851    
  1.809795     -47.48884    
  1.810144     -47.44833    
  1.810231     -47.50053    
  1.814042     -47.02344    
  1.814129    -100.00000    
  1.834747     -44.91960    
  1.834834     -44.70344    
  1.838907     -44.21081    
  1.838994     -44.17918    
  1.840414     -44.02061    
  1.840501     -44.02159    
  1.842703     -43.77363    
  1.842790     -43.75976    
  1.844125     -43.61197    
  1.844212    -100.00000    
  1.857265     -42.33999    
  1.857352    -100.00000    
  1.870233     -40.96888    
  1.870320     -40.81792    
  1.871306     -40.71531    
  1.871393     -40.70564    
  1.872072     -40.63551    
  1.872158     -40.62932    
  1.873424     -40.49804    
  1.873511     -40.82611    
  1.880831     -39.80190    
  1.880918     -39.92859    
  1.887368     -39.13375    
  1.887455    -100.00000    
  1.899003     -38.05568    
  1.899090     -38.13077    
  1.905821     -37.33655    
  1.905908     -37.39273    
  1.911657     -36.77262    
  1.911744     -36.72746    
  1.912227     -36.68183    
  1.912313     -36.67865    
  1.913955     -36.52379    
  1.914042    -100.00000    
  1.924238     -35.65944    
  1.924325     -35.56801    
  1.925856     -35.42792    
  1.925943     -35.41777    
  1.926709     -35.34833    
  1.926796     -35.33984    
  1.926846     -35.33535    
  1.926932     -35.32777    
  1.927461     -35.27978    
  1.927548     -35.29382    
  1.930771     -34.99439    
  1.930858     -34.99254    
  1.933873     -34.71588    
  1.933960     -34.71552    
  1.936983     -34.44021    
  1.937070     -34.42307    
  1.938051     -34.33626    
  1.938138     -34.34062    
  1.940777     -34.10431    
  1.940864    -100.00000    
  1.955697     -32.94822    
  1.955784     -32.84032    
  1.959855     -32.48213    
  1.959942     -32.48201    
  1.963545     -32.17133    
  1.963632     -33.00013    
  1.974225     -31.36070    
  1.974312     -31.27516    
  1.974387     -31.26902    
  1.974474     -31.27351    
  1.977192     -31.04967    
  1.977279    -100.00000    
  1.994212     -29.83461    
  1.994299     -29.68963    
  1.996552     -29.51109    
  1.996639     -29.50126    
  1.997939     -29.39931    
  1.998026     -29.39724    
  2.000182     -29.22738    
  2.000268     -29.33996    
  2.007421     -28.70063    
  2.007508     -28.65744    
  2.009100     -28.53387    
  2.009187     -28.52478    
  2.009352     -28.51198    
  2.009439     -28.50528    
  2.009543     -28.65716    
  2.017372     -27.94008    
  2.017459     -28.14448    
  2.026471     -27.25490    
  2.026558     -27.19498    
  2.028108     -27.07632    
  2.028195    -100.00000    
  2.061043     -24.89250    
  2.061130     -24.65447    
  2.067104     -24.17727    
  2.067191     -24.14534    
  2.068339     -24.06122    
  2.068426     -24.18540    
  2.076209     -23.52892    
  2.076296    -100.00000    
  2.097304     -22.16132    
  2.097391     -22.12215    
  2.100294     -21.92648    
  2.100380     -21.91541    
  2.101519     -21.83672    
  2.101605     -21.83015    
  2.102584     -21.76290    
  2.102671     -21.75445    
  2.104539     -21.52987    
  2.104626     -21.45066    
  2.106101     -21.57373    
  2.106187     -21.51018    
  2.111508     -21.10153    
  2.111595     -21.07867    
  2.111941     -21.08731    
  2.112028     -21.14543    
  2.124229     -20.21107    
  2.124316     -20.07418    
  2.124942     -19.49130    
  2.125029     -19.78144    
  2.126973     -20.28887    
  2.127060     -20.11825    
  2.127658     -20.06707    
  2.127745     -20.13526    
  2.131986     -19.71753    
  2.132073     -19.52905    
  2.137486     -19.49934    
  2.137573     -19.47116    
  2.141450     -19.16615    
  2.141537     -19.21392    
  2.141662     -19.21499    
  2.141749     -19.02835    
  2.149371     -18.72447    
  2.149458     -18.68376    
  2.150293     -18.61611    
  2.150380     -18.61937    
  2.150508     -18.49187    
  2.154246     -18.46606    
  2.154333     -18.44145    
  2.156640     -18.21484    
  2.156727     -18.24410    
  2.156827     -18.25990    
  2.158960     -18.10342    
  2.159047     -17.62989    
  2.168055     -17.43551    
  2.168141     -17.52151    
  2.177604     -16.99680    
  2.177690     -17.01987    
  2.181731     -16.76285    
  2.181818     -16.43013    
  2.184198     -16.34545    
  2.184285     -16.64775    
  2.188445     -16.44217    
  2.188532     -16.39173    
  2.191911     -16.24233    
  2.191997     -16.23228    
  2.204170     -15.64001    
  2.204257     -15.68062    
  2.213352     -15.15535    
  2.213439     -15.14491    
  2.217837     -14.95401    
  2.217924     -14.90186    
  2.218030    -100.00000    
  2.218315     -15.47311    
  2.218402     -15.59364    
  2.218688     -15.57753    
  2.218775     -15.57995    
  2.225403     -15.28088    
  2.231931     -14.86557    
  2.232018     -14.93394    
  2.234695     -14.74583    
  2.234781     -14.78422    
  2.239617     -14.57703    
  2.239704     -15.91773    
  2.245345     -15.30978    
  2.245432     -15.37327    
  2.250721     -15.19314    
  2.250808     -15.32880    
  2.252069     -15.32026    
  2.252156     -15.47813    
  2.253696     -15.58754    
  2.253782     -15.05144    
  2.257177     -14.69821    
  2.260545     -14.83726    
  2.260632     -14.79842    
  2.263836     -14.98431    
  2.267016     -14.68182    
  2.267103     -14.95474    
  2.270490     -15.11032    
  2.270577     -15.14416    
  2.271628     -15.01912    
  2.271715     -14.25336    
  2.275818     -14.28897    
  2.275905     -14.52645    
  2.278364     -14.84886    
  2.280809     -14.61517    
  2.280896     -14.86760    
  2.283804     -14.74806    
  2.283891     -14.82569    
  2.284781     -14.82906    
  2.284868     -15.11425    
  2.286288     -14.95701    
  2.286375     -14.99470    
  2.286786     -14.82020    
  2.286873     -13.17043    
  2.289459     -14.41723    
  2.292031     -13.83407    
  2.294586     -13.80091    
  2.297128     -14.40237    
  2.297214     -14.48252    
  2.297982     -14.66827    
  2.298069    -100.00000    
  2.300085     -13.01318    
  2.302092     -14.17762    
  2.304090     -15.33860    
  2.306078     -14.20980    
  2.306165     -14.55750    
  2.308268     -14.46451    
  2.309316     -14.14308    
  2.310361     -14.30692    
  2.311404     -13.96097    
  2.312444     -13.99688    
  2.313482     -14.43236    
  2.314517     -14.26395    
  2.314604     -14.36836    
  2.315597     -14.31127    
  2.315684     -14.34078    
  2.316612     -14.31342    
  2.317538     -14.36763    
  2.318463     -13.92007    
  2.319385     -14.07814    
  2.320305     -13.87757    
  2.321224     -13.99587    
  2.322140     -13.18974    
  2.323055    -100.00000    
  2.323141     -14.11093    
  2.324295     -13.92264    
  2.325445     -14.12730    
  2.326592     -14.20875    
  2.327736     -14.24393    
  2.327823     -14.33437    
  2.328799     -14.53266    
  2.329773     -14.25884    
  2.330745     -14.48714    
  2.331714     -14.16918    
  2.331801     -14.00907    
  2.333101     -14.10484    
  2.333188     -13.79823    
  2.334187     -14.47219    
  2.335184     -14.42522    
  2.336179     -14.30267    
  2.337171     -14.01742    
  2.338161     -14.31131    
  2.339149     -14.24027    
  2.340135     -14.21840    
  2.341118     -14.18190    
  2.341205     -14.20158    
  2.341283     -14.18306    
  2.341370     -14.18374    
  2.341472     -14.18906    
  2.342320     -14.08159    
  2.343166     -14.16820    
  2.344011     -14.09301    
  2.344853     -14.00944    
  2.344940     -14.04317    
  2.345621     -14.02780    
  2.346301     -13.67080    
  2.346979     -13.97730    
  2.347657     -13.91494    
  2.348333     -13.95554    
  2.349009     -13.58885    
  2.349683     -13.65581    
  2.350356     -13.45809    
  2.350443     -13.68997    
  2.351331     -13.42048    
  2.352217     -14.02287    
  2.352659     -14.02618    
  2.353101     -13.68388    
  2.353542     -13.91653    
  2.353983     -13.61676    
  2.354070     -13.68386    
  2.354494     -13.62951    
  2.354917     -13.87208    
  2.355340     -13.91762    
  2.355762     -13.53430    
  2.355849     -13.70394    
  2.356283     -13.54169    
  2.356717     -13.37310    
  2.357149     -13.57103    
  2.357582    -100.00000    
  2.357669    -100.00000    
  2.362936     -10.11127    
  2.363023    -100.00000    
  2.376702     -7.080359    
  2.376789     -6.608392    
  2.381401     -6.723076    
  2.381488     -7.139218    
  2.381574     -7.131903    
  2.381660     -6.898374    
  2.384670     -6.283005    
  2.384757     -6.485184    
  2.387126    -100.00000    
  2.387213     -8.679863    
  2.405819     -5.740321    
  2.405905     -5.277059    
  2.409345     -5.932286    
  2.409431    -100.00000    
  2.409967     -6.801357    
  2.410054     -6.513414    
  2.411501     -5.817289    
  2.411588     -5.789971    
  2.412778     -5.481139    
  2.412865     -5.478536    
  2.413098     -5.469659    
  2.413185     -4.955426    
  2.417228    -100.00000    
  2.417315     -5.814392    
  2.417448     -5.767440    
  2.417535     -5.628419    
  2.419545     -5.182888    
  2.419632     -5.275359    
  2.424108     -5.823019    
  2.424195     -5.410439    
  2.429911     -5.281310    
  2.429998     -5.225946    
  2.432147     -5.358961    
  2.432234     -5.246188    
  2.433514     -5.708247    
  2.433601     -5.817085    
  2.434762     -5.496511    
  2.434849     -5.462572    
  2.435182     -5.299148    
  2.435269     -5.148820    
  2.435570     -4.974499    
  2.435657     -4.965600    
  2.438099     -4.728880    
  2.438186     -4.884146    
  2.443115     -4.764977    
  2.443202     -5.598302    
  2.448046     -5.300798    
  2.448133     -5.181297    
  2.449372     -5.085998    
  2.449459     -4.951499    
  2.450924     -5.057714    
  2.451011     -5.082547    
  2.456026     -5.211837    
  2.456113     -5.387794    
  2.457105     -5.393184    
  2.457192     -5.220157    
  2.461170     -5.063291    
  2.461257     -5.536248    
  2.466286     -5.905727    
  2.466372     -6.042466    
  2.466976     -5.868860    
  2.467064     -6.130013    
  2.471828     -5.443971    
  2.471915     -5.725850    
  2.476442     -4.918273    
  2.476529     -5.915629    
  2.476628    -100.00000    
  2.476715     -8.201265    
  2.476977     -7.710252    
  2.477064     -5.191820    
  2.483465     -5.398749    
  2.483551     -5.169136    
  2.483824     -5.316364    
  2.483911     -5.208999    
  2.484130     -5.092805    
  2.484217     -4.925715    
  2.487600     -4.875737    
  2.490956     -5.073366    
  2.491043     -4.792600    
  2.493583     -5.181832    
  2.496107     -5.397952    
  2.496194     -4.892400    
  2.500074     -5.072049    
  2.503920     -4.703611    
  2.504007     -4.701023    
  2.504069     -4.707147    
  2.504156     -4.826384    
  2.506191     -4.564625    
  2.506278     -4.610926    
  2.506857     -4.296721    
  2.506943     -4.292043    
  2.507203     -4.287142    
  2.507290     -4.517720    
  2.511408     -4.466772    
  2.515486     -4.252698    
  2.515573     -4.328683    
  2.515719     -4.375129    
  2.515805     -4.394712    
  2.515872     -4.400085    
  2.515959     -4.473634    
  2.516943     -3.920177    
  2.517030     -3.894934    
  2.517941     -3.926635    
  2.518028     -3.980424    
  2.518445     -4.119365    
  2.518532     -3.972209    
  2.522095     -4.869850    
  2.525630     -4.666473    
  2.529136     -5.030075    
  2.532615     -4.241314    
  2.532701     -4.077714    
  2.536032     -4.458506    
  2.539337     -5.208019    
  2.539424     -4.687784    
  2.543132     -4.824859    
  2.546808     -4.380372    
  2.546895     -4.426400    
  2.547329     -4.476472    
  2.547416     -4.573013    
  2.551118     -4.835608    
  2.551204     -4.836513    
  2.554808     -4.359285    
  2.558382     -4.426146    
  2.558469     -4.862599    
  2.558869     -4.905943    
  2.558956     -5.011094    
  2.561557     -4.856862    
  2.561644     -5.160263    
  2.564082     -5.247926    
  2.566507     -4.500279    
  2.568917     -4.223912    
  2.571315     -4.487832    
  2.571402     -4.383582    
  2.571490     -4.387175    
  2.571576     -4.454257    
  2.574740     -5.072051    
  2.577880     -4.636237    
  2.580998     -5.179414    
  2.584094     -4.799954    
  2.587168    -100.00000    
  2.590220     -4.832653    
  2.593250     -4.747393    
  2.596260     -5.035703    
  2.596347     -4.758519    
  2.597646     -4.853788    
  2.597733     -4.874720    
  2.600542     -4.283237    
  2.603333     -5.093549    
  2.603420     -4.752518    
  2.606239     -4.419804    
  2.606324     -4.302273    
  2.606411     -4.204371    
  2.607237     -4.364419    
  2.607324     -4.422444    
  2.611491     -4.363543    
  2.615617     -4.509148    
  2.615704     -3.988232    
  2.619659     -4.343860    
  2.619746     -4.533261    
  2.620859     -5.014183    
  2.620946     -4.670925    
  2.621962     -4.748455    
  2.622049     -4.243625    
  2.625471     -4.479273    
  2.625557     -4.706241    
  2.626297     -4.257148    
  2.626384     -4.266165    
  2.627024     -4.292209    
  2.627111     -4.121429    
  2.630159     -4.479061    
  2.633186     -4.087002    
  2.633273     -4.106474    
  2.633585     -4.073628    
  2.633672     -4.014232    
  2.636750     -4.162992    
  2.639805     -4.127567    
  2.642840     -4.112376    
  2.645853     -3.978654    
  2.645940     -4.038527    
  2.646436     -3.951983    
  2.646523     -3.948662    
  2.648513     -3.961564    
  2.648600     -4.118042    
  2.650581     -4.207146    
  2.650668     -4.141236    
  2.652023     -4.014267    
  2.652110     -4.016009    
  2.653758     -3.918599    
  2.653845     -3.894430    
  2.654514     -3.928941    
  2.654601     -3.907760    
  2.655848    -100.00000    
  2.655935     -4.514026    
  2.656856     -4.046721    
  2.656943     -3.925865    
  2.659789     -3.850193    
  2.659876     -3.974517    
  2.661632     -4.026585    
  2.661711     -4.039351    
  2.661798     -4.039619    
  2.662838     -4.009085    
  2.662925     -4.007760    
  2.664288     -3.904303    
  2.665620     -3.867722    
  2.666947     -3.983105    
  2.668270     -4.169025    
  2.668357     -4.014743    
  2.669554     -3.891486    
  2.670748     -3.929646    
  2.670835     -3.932350    
  2.671974     -3.979875    
  2.673109     -3.954391    
  2.674242     -3.922338    
  2.675371     -3.938023    
  2.675458     -3.928546    
  2.676824     -4.005316    
  2.676911     -3.940841    
  2.677751     -3.914926    
  2.677838     -3.925282    
  2.679282     -3.920385    
  2.680721     -3.921543    
  2.682155     -3.924940    
  2.683585     -3.925388    
  2.683672     -3.925915    
  2.684694     -3.941871    
  2.685714     -3.951974    
  2.685801     -3.939581    
  2.685988     -3.936440    
  2.686075     -3.935195    
  2.686520     -3.930556    
  2.686607     -3.951802    
  2.687604     -3.983334    
  2.688599     -3.979614    
  2.688686     -4.042744    
  2.689315     -3.938045    
  2.689943     -3.954545    
  2.690571     -3.978252    
  2.691198     -3.899014    
  2.691823     -3.936137    
  2.692448     -3.886986    
  2.693072     -3.910938    
  2.693695     -3.920149    
  2.694317     -3.932411    
  2.694939     -3.947377    
  2.695559     -3.936272    
  2.696179     -3.940512    
  2.696797     -4.030706    
  2.697415     -4.007431    
  2.698032     -3.955034    
  2.698648     -3.941148    
  2.698717     -3.943029    
  2.698803     -3.943227    
  2.699142     -3.944278    
  2.699229     -3.944378    
  2.700077     -3.945094    
  2.700500     -3.949152    
  2.700923     -3.953213    
  2.701345     -3.956140    
  2.701767     -3.954178    
  2.702189     -3.952856    
  2.702610     -3.952932    
  2.702697     -3.952048    
  2.706323     -3.997068    
  2.706410     -3.954986    
  2.708352     -3.974735    
  2.708438     -3.967679    
  2.709271     -4.012761    
  2.709358     -4.020024    
  2.712230     -4.024029    
  2.712317     -3.973483    
  2.716395     -3.969926    
  2.716481     -3.968552    
  2.716568     -3.968672    
  2.718970     -3.972327    
  2.721359     -4.010848    
  2.721446     -4.017068    
  2.721792     -4.005064    
  2.721879     -3.987625    
  2.724957     -4.005920    
  2.725044     -4.015136    
  2.728368     -3.983932    
  2.728455     -3.988251    
  2.728556     -3.988856    
  2.728643     -3.984572    
  2.730036     -4.013659    
  2.730123     -4.038908    
  2.733020     -4.007971    
  2.735898     -3.995527    
  2.735985     -4.002109    
  2.736079     -4.002400    
  2.737059     -4.003120    
  2.737146     -4.004525    
  2.740300     -4.021367    
  2.740387     -4.021471    
  2.744215     -4.021931    
  2.748009     -4.020624    
  2.751770     -4.030951    
  2.755499     -4.037945    
  2.755586     -4.059681    
  2.758474     -4.066580    
  2.758561     -4.043530    
  2.759027     -4.042149    
  2.759113     -4.042316    
  2.759268     -4.044968    
  2.759355     -4.047339    
  2.759911     -4.047756    
  2.759997     -4.048493    
  2.760747     -4.045133    
  2.760833     -4.050960    
  2.762307     -4.048661    
  2.762394     -4.049485    
  2.764577     -4.054645    
  2.764664     -4.054335    
  2.765400     -4.056127    
  2.765487     -4.054638    
  2.765755     -4.055004    
  2.765842     -4.074772    
  2.767568     -4.116360    
  2.767655     -4.070345    
  2.771767     -4.054829    
  2.775841     -4.056461    
  2.775928     -4.069689    
  2.777541     -4.077377    
  2.777628     -4.071643    
  2.781421     -4.084407    
  2.781508     -4.082518    
  2.784445     -4.097635    
  2.787363     -4.090589    
  2.787450     -4.092173    
  2.789348     -4.089678    
  2.789435     -4.090349    
  2.792054     -4.098095    
  2.792141     -4.098942    
  2.795962     -4.105597    
  2.796049     -4.106011    
  2.798395     -4.102483    
  2.800729     -4.166056    
  2.803050     -4.111973    
  2.805359     -4.123145    
  2.807656     -4.126258    
  2.809941     -4.154526    
  2.812213     -4.140549    
  2.814474     -4.140722    
  2.814561     -4.140215    
  2.815775     -4.143069    
  2.815862     -4.144300    
  2.816430     -4.147066    
  2.816517     -4.145805    
  2.818570     -4.147911    
  2.818657     -4.146928    
  2.821422     -4.155688    
  2.824169     -4.161153    
  2.826900     -4.171221    
  2.829613     -4.186158    
  2.829700     -4.171848    
  2.832139     -4.170330    
  2.834565     -4.147965    
  2.836978     -5.900797    
  2.839377     -3.971621    
  2.839464     -4.065737    
  2.842740     -4.182514    
  2.845992     -4.200502    
  2.846054     -4.198005    
  2.846141     -4.198098    
  2.846320     -4.198352    
  2.846407     -4.198599    
  2.846929     -4.199783    
  2.847016     -4.199922    
  2.850284     -4.207823    
  2.850371     -4.208210    
  2.851107     -4.209700    
  2.851194     -4.209570    
  2.851272     -4.209635    
  2.851359     -4.209711    
  2.851605     -4.210031    
  2.851692     -4.209976    
  2.852969     -4.212394    
  2.853056     -4.201632    
  2.856721     -4.286730    
  2.856808     -4.231495    
  2.860014     -4.242160    
  2.863196     -4.238407    
  2.863283     -4.238848    
  2.866961     -4.246533    
  2.867048     -4.241579    
  2.867158     -4.242898    
  2.871477     -4.263892    
  2.871560     -4.261564    
  2.871647     -4.228299    
  2.874394     -4.336979    
  2.877123     -4.331472    
  2.877210     -4.337191    
  2.879769     -4.261291    
  2.882313     -4.273238    
  2.882400     -4.271890    
  2.882670     -4.273653    
  2.882757     -5.106900    
  2.885337     -4.897293    
  2.885423     -4.465832    
  2.886380     -4.102047    
  2.886467     -4.080552    
  2.886654     -4.066776    
  2.886741     -4.059934    
  2.889314     -4.643845    
  2.889401     -4.295673    
  2.891964     -4.183401    
  2.892051     -4.248016    
  2.893704     -4.325569    
  2.893791     -4.294465    
  2.894071     -4.292182    
  2.894158     -4.289944    
  2.895095     -4.287857    
  2.895182     -4.289179    
  2.896767     -4.293864    
  2.896854     -4.294040    
  2.897787     -4.296967    
  2.897874     -4.279803    
  2.900589     -4.375576    
  2.900676     -4.318775    
  2.902856     -4.302849    
  2.905026     -4.314353    
  2.905113     -4.319523    
  2.908098     -4.330591    
  2.908185     -4.317660    
  2.908477     -4.317774    
  2.908564     -4.317859    
  2.910090     -4.320355    
  2.910176     -4.320043    
  2.913363     -4.317863    
  2.916527     -4.414372    
  2.916614     -4.443459    
  2.916785     -4.442326    
  2.916872     -4.441149    
  2.917171     -4.427365    
  2.917258     -4.366226    
  2.919518     -4.326579    
  2.921765     -4.344069    
  2.921852     -4.343420    
  2.925029     -4.348643    
  2.925116     -4.349489    
  2.925941     -4.351084    
  2.926028     -4.351617    
  2.927554     -4.354302    
  2.927641     -4.354295    
  2.927950     -4.354870    
  2.928037     -4.355052    
  2.928671     -4.357116    
  2.928758     -4.357719    
  2.929127     -4.358466    
  2.929213     -4.358254    
  2.929524     -4.357404    
  2.929611     -4.356846    
  2.930245     -4.357353    
  2.930332     -4.358247    
  2.930604     -4.359316    
  2.930691     -4.359503    
  2.930963     -4.360184    
  2.931050     -4.360853    
  2.934646     -4.367862    
  2.934733     -4.368799    
  2.936807     -4.370859    
  2.936894     -4.370872    
  2.937412     -4.370428    
  2.937499     -4.370919    
  2.937612     -4.371489    
  2.939332     -4.378994    
  2.939418     -4.377582    
  2.941608     -4.378760    
  2.943787     -4.385124    
  2.943874     -4.386710    
  2.945266     -4.388566    
  2.945353     -4.389867    
  2.946273     -4.390938    
  2.946360     -4.390480    
  2.946687     -4.391502    
  2.946774     -4.391926    
  2.949036     -4.394874    
  2.951287     -4.402419    
  2.951374     -4.404962    
  2.953319     -4.403926    
  2.953406     -4.402719    
  2.953750     -4.403094    
  2.953837     -4.402211    
  2.954344     -4.413814    
  2.954431     -4.425351    
  2.955739     -4.397364    
  2.955826     -4.402699    
  2.956162     -4.402270    
  2.956249     -4.401674    
  2.956822     -4.410371    
  2.956909     -4.413628    
  2.957620     -4.417615    
  2.957703     -4.417863    
  2.957790     -4.419849    
  2.958622     -4.417669    
  2.958708     -4.414696    
  2.959196     -4.411958    
  2.959269     -4.412257    
  2.959356     -4.412461    
  2.959520     -4.414572    
  2.959575     -4.415860    
  2.959642     -4.417627    
  2.959729     -4.432302    
  2.960694     -4.419097    
  2.960781     -4.406241    
  2.961021     -4.402755    
  2.961108     -4.401948    
  2.961209     -4.248427    
  2.965318     -4.494300    
  2.965405    -100.00000    
  2.969227     -4.142618    
  2.969314     -4.294391    
  2.972533     -4.365113    
  2.975728     -4.360820    
  2.975815     -4.371569    
  2.976166     -4.418427    
  2.976253     -4.317228    
  2.979351     -4.455584    
  2.982423     -4.766071    
  2.982509     -4.379234    
  2.982872     -4.295152    
  2.982959     -4.298407    
  2.986873     -4.316314    
  2.990753     -4.486552    
  2.994598     -4.417169    
  2.998409     -4.512139    
  3.002187     -4.399928    
  3.005933     -4.429029    
  3.009646     -4.446618    
  3.013329     -4.413630    
  3.016980     -4.484379    
  3.020600     -4.374770    
  3.024191     -4.418065    
  3.027752     -4.411553    
  3.031285     -4.422458    
  3.034788     -4.651552    
  3.038264     -4.359927    
  3.041713     -4.543461    
  3.041799     -4.465269    
  3.044019     -4.462727    
  3.044106     -4.463624    
  3.046417     -4.512888    
  3.046504     -4.513872    
  3.047266     -4.482641    
  3.047353     -4.495236    
  3.050503     -4.486829    
  3.053630     -4.484093    
  3.056735     -4.618053    
  3.059819     -4.501674    
  3.062880     -4.533993    
  3.065920     -4.529899    
  3.068939     -4.613267    
  3.071937     -4.548892    
  3.072024     -4.543148    
  3.074515     -4.537388    
  3.074602     -4.574907    
  3.077416     -4.571211    
  3.080211     -4.603599    
  3.082988     -4.526260    
  3.085748     -5.459623    
  3.085835     -4.575958    
  3.088164     -4.293428    
  3.088251     -4.444021    
  3.089222     -4.550619    
  3.089309     -4.592862    
  3.091849     -4.704183    
  3.091936     -4.628061    
  3.095352     -5.324091    
  3.095438     -4.605733    
  3.096179     -4.396511    
  3.096266     -4.397567    
  3.099969     -4.749381    
  3.100056     -4.619681    
  3.102791     -4.696287    
  3.105509     -4.667404    
  3.105596     -4.748980    
  3.108813     -4.693009    
  3.112005     -4.696954    
  3.112092     -4.634493    
  3.114687     -4.748434    
  3.114774     -4.741097    
  3.114901     -4.736369    
  3.114988     -4.702440    
  3.116978     -4.722682    
  3.117065     -4.708097    
  3.117740     -4.714950    
  3.117827     -4.728538    
  3.118223     -4.746263    
  3.118310     -4.732835    
  3.120853     -4.755856    
  3.123381     -4.770910    
  3.123468     -4.720965    
  3.125997     -4.772819    
  3.126084     -4.720457    
  3.127687     -4.692708    
  3.127774     -4.735956    
  3.129225     -4.699910    
  3.129312     -4.693665    
  3.132455     -4.747991    
  3.135577     -4.969236    
  3.135664     -4.924179    
  3.136182     -4.825878    
  3.136269     -4.680517    
  3.138696     -5.119998    
  3.141109     -4.720725    
  3.141196     -4.721916    
  3.144101     -4.854693    
  3.144188     -4.789547    
  3.144956     -4.719571    
  3.145043     -4.704542    
  3.146758     -4.867778    
  3.146845     -4.879177    
  3.146975     -5.004237    
  3.147795     -4.894658    
  3.147882     -4.864109    
  3.148729     -5.135370    
  3.148816     -5.397344    
  3.150639     -4.815575    
  3.150726     -4.808731    
  3.151276     -4.760137    
  3.151363     -4.710319    
  3.153068     -4.902238    
  3.153155     -4.833320    
  3.153381     -4.810004    
  3.153434     -4.808409    
  3.153521     -4.821428    
  3.155016     -4.706273    
  3.155103     -4.756236    
  3.156074     -5.356503    
  3.156161     -4.825189    
  3.160418     -4.881769    
  3.164633     -4.992287    
  3.164720     -4.968819    
  3.165979     -4.971670    
  3.166066     -4.979899    
  3.168877     -4.789440    
  3.171670     -4.808767    
  3.171756     -4.827070    
  3.173578     -4.681053    
  3.173665     -4.675151    
  3.177077     -4.829923    
  3.180463     -4.859470    
  3.180550     -4.856993    
  3.181960     -4.883461    
  3.182047     -4.885571    
  3.184770     -4.884627    
  3.187477     -4.902545    
  3.187564     -4.870452    
  3.188338     -4.861892    
  3.188425     -4.905937    
  3.189356     -4.910391    
  3.189443     -5.756688    
  3.191119    -100.00000    
  3.191206     -6.037535    
  3.192224     -4.961979    
  3.192311     -4.752256    
  3.194885     -4.680349    
  3.194972     -4.770191    
  3.196916     -4.904960    
  3.197003     -4.879038    
  3.200094     -4.933790    
  3.203162     -4.927995    
  3.203250     -4.919609    
  3.204674     -4.958564    
  3.204761     -4.945226    
  3.207365     -4.929856    
  3.207452     -4.933429    
  3.209994     -4.965990    
  3.212521     -4.943448    
  3.215033     -5.931166    
  3.217531     -4.316103    
  3.217618     -4.364074    
  3.218164     -4.440293    
  3.218251     -4.462181    
  3.218329     -4.477620    
  3.218415     -4.587553    
  3.222383     -5.032319    
  3.226315     -5.006943    
  3.230212     -5.018001    
  3.234074     -5.163801    
  3.237901     -4.897825    
  3.241696     -5.067544    
  3.245457     -5.112830    
  3.249187     -5.074617    
  3.249274     -5.075487    
  3.251238     -5.088007    
  3.251325     -5.087431    
  3.251523     -5.087983    
  3.251610     -5.086983    
  3.254604     -5.099356    
  3.257576     -5.103167    
  3.260529     -5.109935    
  3.263462     -5.119067    
  3.263549     -5.123471    
  3.265995     -5.132881    
  3.268428     -5.140360    
  3.270847     -5.149475    
  3.273253     -5.151927    
  3.273340     -5.155077    
  3.276535     -5.167784    
  3.279706     -5.175488    
  3.279793     -5.178029    
  3.281662     -5.183609    
  3.281749     -5.183695    
  3.285833     -5.199825    
  3.285920     -5.205617    
  3.289028     -5.200541    
  3.289115     -5.208080    
  3.291415     -5.213595    
  3.291501     -5.209601    
  3.293929     -5.223737    
  3.296343     -5.232459    
  3.298744     -5.238703    
  3.301132     -5.246829    
  3.301219     -5.247930    
  3.305074     -5.260216    
  3.305161     -5.260586    
  3.305985     -5.263837    
  3.306072     -5.264224    
  3.306887     -5.266676    
  3.306974     -5.260680    
  3.309850     -5.266238    
  3.309937     -5.274604    
  3.310624     -5.278245    
  3.310710     -5.278542    
  3.311825     -5.283289    
  3.311912     -5.283362    
  3.312012     -5.283700    
  3.312099     -5.292243    
  3.314648     -5.261390    
  3.317181     -5.263431    
  3.319700     -5.294415    
  3.322204     -5.312394    
  3.324695     -5.315748    
  3.327170     -5.307193    
  3.329632     -5.318330    
  3.332080     -5.330219    
  3.334514     -5.346644    
  3.336935     -5.355098    
  3.339342     -5.319620    
  3.341736     -5.383197    
  3.344117     -5.340465    
  3.346485     -5.394691    
  3.348840     -5.345407    
  3.351182     -5.374005    
  3.351269     -5.360304    
  3.354866     -5.409632    
  3.358433     -5.397980    
  3.361971     -5.413814    
  3.365480     -5.469050    
  3.365567     -5.374451    
  3.367434     -5.423915    
  3.367521     -5.424157    
  3.370087     -5.443185    
  3.372609     -5.450839    
  3.375118     -5.460364    
  3.377612     -5.468460    
  3.377699     -5.521773    
  3.380754     -5.433234    
  3.383787     -5.500005    
  3.386800     -5.501151    
  3.389792     -5.510224    
  3.389879     -5.511024    
  3.392466     -5.519584    
  3.395039     -5.527990    
  3.395126     -5.528412    
  3.397959     -5.537667    
  3.398046     -5.537915    
  3.398416     -5.539280    
  3.398503     -5.532175    
  3.400855     -5.567258    
  3.400942     -5.662024    
  3.402428     -5.468882    
  3.402515     -5.417094    
  3.404126     -5.517038    
  3.404213     -5.531549    
  3.406921     -5.568644    
  3.409611     -5.576249    
  3.412285     -5.585408    
  3.414942     -5.595891    
  3.415029     -5.595609    
  3.419186     -5.610048    
  3.423303     -5.624498    
  3.427382     -5.637356    
  3.431422     -5.651968    
  3.431509     -5.651080    
  3.434904     -5.652727    
  3.438273     -5.593461    
  3.441616     -5.624441    
  3.444934     -5.701792    
  3.445021     -5.696909    
  3.447484     -5.706784    
  3.449934     -5.715196    
  3.450021     -5.715802    
  3.452474     -5.724350    
  3.454914     -5.731791    
  3.455001     -5.732259    
  3.457947     -5.741702    
  3.460873     -5.752297    
  3.463780     -5.762469    
  3.466667     -5.770060    
  3.466754     -5.770524    
  3.467583     -5.773862    
  3.467670     -5.779141    
  3.469453     -5.777284    
  3.469505     -5.776482    
  3.469592     -5.776971    
  3.469843     -5.778795    
  3.469930     -5.780000    
  3.471179     -5.787554    
  3.471266     -5.787784    
  3.474100     -5.797372    
  3.474187     -5.798050    
  3.476423     -5.806436    
  3.478648     -5.807575    
  3.480861     -5.821858    
  3.483063     -5.828290    
  3.483150     -5.828721    
  3.485959     -5.838611    
  3.488749     -5.844870    
  3.491522     -5.857404    
  3.494277     -5.866851    
  3.494364     -5.867577    
  3.496766     -5.873324    
  3.499154     -5.866533    
  3.501530     -5.896324    
  3.503893     -5.894259    
  3.506243     -5.969857    
  3.508580     -5.538563    
  3.510905     -5.898251    
  3.513217     -5.931951    
  3.513304     -5.926861    
  3.515963     -5.941307    
  3.518606     -5.950814    
  3.521233     -5.960454    
  3.523845     -5.968962    
  3.526440     -5.976782    
  3.529020     -5.984824    
  3.531585     -5.994744    
  3.534135     -6.004250    
  3.534222     -6.004466    
  3.536649     -6.013136    
  3.539062     -6.027214    
  3.541462     -5.997353    
  3.543849     -6.150919    
  3.543936     -5.952425    
  3.544500     -5.901198    
  3.544586     -5.939676    
  3.547376     -6.057595    
  3.550148     -6.059896    
  3.550235     -6.059774    
  3.552940     -6.069146    
  3.555627     -6.078126    
  3.555714     -6.078677    
  3.556728     -6.081454    
  3.556815     -6.081584    
  3.557696     -6.084638    
  3.557783     -6.085306    
  3.558846     -6.090616    
  3.558933     -6.090150    
  3.559110     -6.090174    
  3.559197     -6.090242    
  3.559291     -6.090363    
  3.559378     -6.090255    
  3.560851     -6.095941    
  3.560938     -6.096268    
  3.561019     -6.096507    
  3.561106     -6.096772    
  3.561368     -6.097520    
  3.561455     -6.097752    
  3.561549     -6.098006    
  3.561702     -6.098465    
  3.561789     -6.098715    
  3.562293     -6.101791    
  3.565681     -6.100459    
  3.565768     -6.104397    
  3.568672     -6.115582    
  3.571556     -6.125611    
  3.574422     -6.140847    
  3.577268     -6.141722    
  3.580096     -6.158521    
  3.582906     -6.164148    
  3.585698     -6.169056    
  3.588471     -6.192391    
  3.591228     -6.196260    
  3.593966     -6.187203    
  3.596688     -6.205211    
  3.599393     -6.233036    
  3.602081     -6.216565    
  3.604752     -6.238971    
  3.607407     -6.254090    
  3.610046     -6.212819    
  3.610133     -6.090515    
  3.612394     -6.260056    
  3.614642     -6.272362    
  3.616880     -6.247033    
  3.619105     -6.289090    
  3.621319     -6.299530    
  3.623523     -6.303623    
  3.625715     -6.289064    
  3.627896     -6.310188    
  3.627982     -6.309594    
  3.630428     -6.330804    
  3.632293     -6.337783    
  3.632379     -6.337989    
  3.635363     -6.348476    
  3.638325     -6.368658    
  3.641268     -6.320567    
  3.644191     -6.369808    
  3.644278     -6.370858    
  3.646967     -6.388295    
  3.649640     -6.396869    
  3.652297     -6.403801    
  3.654938     -6.396420    
  3.655025     -6.406910    
  3.657211     -6.414387    
  3.659385     -6.435591    
  3.659472     -6.337395    
  3.663615     -6.442280    
  3.663702     -6.439904    
  3.666918     -6.441481    
  3.670110     -6.430611    
  3.670197     -6.878797    
  3.674031     -5.868281    
  3.677831     -6.550294    
  3.681598     -6.510777    
  3.685333     -6.520730    
  3.685420     -6.534463    
  3.688862     -6.492979    
  3.688948     -6.373388    
  3.690731     -6.468356    
  3.690818     -6.485685    
  3.691459     -6.516347    
  3.691546     -6.524331    
  3.694812     -6.551285    
  3.694898     -6.549041    
  3.695365     -6.552340    
  3.695452     -6.552791    
  3.695518     -6.553159    
  3.695605     -6.553852    
  3.698701     -6.566296    
  3.701776     -6.577222    
  3.704828     -6.586572    
  3.707860     -6.597454    
  3.710870     -6.608757    
  3.712650     -6.614372    
  3.713860     -6.616321    
  3.716830     -6.632892    
  3.719779     -6.621539    
  3.719866     -6.631812    
  3.723198     -6.651263    
  3.726504     -6.661276    
  3.729786     -6.673361    
  3.733043     -6.684912    
  3.733130     -6.735730    
  3.736895     -6.519936    
  3.740628     -6.742140    
  3.740715     -6.707631    
  3.743507     -6.721009    
  3.746281     -6.730184    
  3.749037     -6.739895    
  3.751777     -6.749629    
  3.751863     -6.749469    
  3.754658     -6.759305    
  3.754745     -6.759568    
  3.755217     -6.761132    
  3.755304     -6.761378    
  3.755522     -6.762091    
  3.755609     -6.762906    
  3.758467     -6.773348    
  3.761306     -6.778551    
  3.764127     -6.781093    
  3.766929     -6.733075    
  3.769713     -6.815172    
  3.772480     -6.797095    
  3.775229     -6.824419    
  3.777961     -6.834421    
  3.778048     -6.836707    
  3.778151     -6.838267    
  3.781161     -6.847934    
  3.784252     -6.860438    
  3.787320     -6.868376    
  3.790368     -6.877582    
  3.793394     -6.883018    
  3.796399     -6.888198    
  3.799384     -6.877574    
  3.802348     -6.942874    
  3.802435     -6.898655    
  3.806009     -6.941280    
  3.806096     -6.941828    
  3.809815     -6.928670    
  3.809902     -6.925676    
  3.811377     -6.950921    
  3.811464     -6.948157    
  3.811517     -6.948298    
  3.811568     -6.948416    
  3.811655     -6.945275    
  3.814154     -6.959697    
  3.816638     -7.020258    
  3.819108     -6.623787    
  3.821564     -6.850175    
  3.821651     -6.915067    
  3.825835     -6.984217    
  3.829979     -6.975830    
  3.834084     -7.035516    
  3.838150     -7.047310    
  3.838237     -7.056382    
  3.840994     -7.014755    
  3.843735     -7.061006    
  3.846458     -7.076544    
  3.849164     -7.084154    
  3.851853     -7.112102    
  3.854526     -6.942646    
  3.857182     -7.114602    
  3.859823     -7.029764    
  3.859910     -7.091373    
  3.862754     -7.132094    
  3.865581     -7.139952    
  3.868389     -7.149971    
  3.871179     -7.159066    
  3.871266     -7.165543    
  3.873695     -7.168134    
  3.876111     -7.176462    
  3.878513     -7.185350    
  3.880902     -7.188779    
  3.880989     -7.185197    
  3.884377     -7.131104    
  3.887739     -7.213114    
  3.891076     -7.228000    
  3.894387     -7.238630    
  3.894474     -7.238161    
  3.898660     -7.252742    
  3.898747     -7.253106    
  3.901486     -7.262292    
  3.904208     -7.270908    
  3.904295     -7.271674    
  3.905384     -7.274325    
  3.905471     -7.270858    
  3.908472     -7.284997    
  3.908559     -7.285818    
  3.912193     -7.298675    
  3.912280     -7.299523    
  3.913068     -7.301081    
  3.913155     -7.300871    
  3.913273     -7.300798    
  3.913714     -7.301393    
  3.913769     -7.301707    
  3.913842     -7.301973    
  3.913889     -7.302146    
  3.913972     -7.313154    
  3.916915     -7.289481    
  3.917002     -7.274901    
  3.919240     -7.181881    
  3.921466     -7.330028    
  3.923680     -7.327539    
  3.925884     -7.348616    
  3.928076     -7.354860    
  3.930258     -7.364362    
  3.934588     -7.379329    
  3.938875     -7.393966    
  3.943121     -7.400150    
  3.947325     -7.411431    
  3.951490     -7.432521    
  3.955614     -7.442676    
  3.959700     -7.456617    
  3.963748     -7.466355    
  3.967758     -7.479991    
  3.971732     -7.383276    
  3.975669     -7.433847    
  3.979571     -7.536677    
  3.983439     -7.513853    
  3.983526     -7.526387    
  3.987126     -7.555746    
  3.990697     -7.561200    
  3.994239     -7.558079    
  3.997752     -7.590984    
  3.997838     -7.590680    
  4.000147     -7.599446    
  4.002444     -7.607737    
  4.004728     -7.696674    
  4.007001     -7.041376    
  4.009262     -7.144275    
  4.011511     -7.557240    
  4.013748     -7.633272    
  4.015974     -7.646822    
  4.018189     -7.658417    
  4.020392     -7.613080    
  4.022585     -7.656649    
  4.024766     -7.679817    
  4.029096     -7.696061    
  4.033383     -7.708575    
  4.033470     -7.646120    
  4.034774     -7.943777    
  4.034861     -7.749764    
  4.038365     -7.506940    
  4.038452     -7.588595    
  4.040802     -7.626137    
  4.043140     -7.699894    
  4.045465     -7.744227    
  4.047778     -7.755596    
  4.047865     -7.755761    
  4.051277     -7.773726    
  4.054632     -7.786217    
  4.057962     -7.796498    
  4.061267     -7.808857    
  4.061354     -7.808606    
  4.065579     -7.746692    
  4.069764     -7.552146    
  4.073909     -7.876863    
  4.078015     -7.862580    
  4.078102     -7.863210    
  4.080241     -7.872415    
  4.080328     -7.870841    
  4.080857     -7.866288    
  4.080944     -7.866885    
  4.081009     -7.866913    
  4.081054     -7.865776    
  4.082194     -7.874078    
  4.082281     -7.866962    
  4.084738     -7.877076    
  4.087181     -7.885967    
  4.089611     -7.888182    
  4.092028     -7.900313    
  4.094430     -7.912709    
  4.096820     -7.908401    
  4.099197     -7.931528    
  4.101560     -7.928359    
  4.101647     -7.922827    
  4.104844     -7.948807    
  4.108018     -7.929602    
  4.111169     -7.820729    
  4.114297     -7.959334    
  4.117403     -7.991694    
  4.120486     -7.999029    
  4.123548     -7.992564    
  4.126589     -8.016744    
  4.129608     -8.028113    
  4.132606     -8.017793    
  4.135584     -8.044631    
  4.138542     -8.053235    
  4.141479     -8.055314    
  4.144397     -8.053911    
  4.147296     -8.085113    
  4.150175     -8.094965    
  4.150262     -8.097298    
  4.153103     -8.108815    
  4.155926     -8.106040    
  4.156013     -8.099992    
  4.158103     -8.074559    
  4.158190     -8.098440    
  4.161727     -8.131476    
  4.161814     -8.133383    
  4.163762     -8.143774    
  4.163849     -8.143880    
  4.166200     -8.152052    
  4.168538     -8.186113    
  4.170864     -7.978489    
  4.173177     -8.041925    
  4.175478     -8.114932    
  4.177767     -8.190790    
  4.180044     -8.198719    
  4.182309     -8.221330    
  4.184563     -8.213562    
  4.186804     -8.221678    
  4.189034     -8.230914    
  4.191253     -8.237369    
  4.193461     -8.243334    
  4.195657     -8.254595    
  4.197842     -8.228858    
  4.200017     -8.207810    
  4.204333     -8.282391    
  4.208607     -8.289683    
  4.212839     -8.294419    
  4.217030     -8.309866    
  4.221182     -8.324706    
  4.225294     -8.347311    
  4.229367     -8.302630    
  4.233402     -8.306130    
  4.233489     -8.338042    
  4.235773     -8.367607    
  4.238044     -8.390411    
  4.240303     -8.385477    
  4.242551     -8.369262    
  4.244787     -8.398853    
  4.247012     -8.412451    
  4.249225     -8.423470    
  4.251427     -8.400151    
  4.251514     -8.411957    
  4.255198     -8.432270    
  4.258852     -8.458600    
  4.262474     -8.439531    
  4.266067     -8.468944    
  4.266154     -8.463201    
  4.268659     -8.551619    
  4.271149     -8.139526    
  4.273626     -7.880101    
  4.276088     -8.090528    
  4.278536     -8.466683    
  4.280971     -8.513335    
  4.283392     -8.496833    
  4.285800     -8.526604    
  4.288194     -8.546392    
  4.290575     -8.527830    
  4.292943     -8.548723    
  4.295299     -8.560132    
  4.297641     -8.583360    
  4.299971     -8.589099    
  4.302289     -8.596422    
  4.304595     -8.603788    
  4.306888     -8.611527    
  4.309169     -8.615683    
  4.311438     -8.569199    
  4.313695     -8.629956    
  4.315941     -8.625288    
  4.318175     -8.647485    
  4.320398     -8.661059    
  4.322610     -8.657323    
  4.324810     -8.654962    
  4.326999     -8.656778    
  4.329177     -8.650586    
  4.331345     -8.685448    
  4.335647     -8.677711    
  4.339907     -8.645833    
  4.339994     -8.669000    
  4.343342     -8.516346    
  4.346664     -8.733778    
  4.349961     -8.737983    
  4.353233     -8.755056    
  4.353320     -8.756692    
  4.356074     -8.759035    
  4.356161     -8.746694    
  4.357582     -8.749570    
  4.357669     -8.760191    
  4.360507     -8.770476    
  4.363326     -8.792965    
  4.366127     -8.783813    
  4.368910     -8.800315    
  4.371675     -8.754676    
  4.374422     -8.753928    
  4.377153     -8.832547    
  4.379866     -8.819153    
  4.382563     -8.837290    
  4.385243     -8.859519    
  4.387906     -8.868965    
  4.390553     -8.876655    
  4.393185     -8.855294    
  4.395800     -8.879433    
  4.398400     -8.892174    
  4.400984     -8.910016    
  4.403553     -8.916669    
  4.406107     -8.921145    
  4.408646     -8.923980    
  4.411170     -8.893839    
  4.413679     -8.928305    
  4.416174     -8.945094    
  4.418655     -8.970084    
  4.421122     -8.841237    
  4.423575     -8.927123    
  4.426014     -8.983969    
  4.428439     -8.988796    
  4.430851     -8.997767    
  4.433250     -8.962728    
  4.435636     -8.975900    
  4.438008     -9.011462    
  4.440368     -9.031603    
  4.440455     -9.031840    
  4.442834     -9.023362    
  4.445201     -9.049906    
  4.445288     -9.045939    
  4.447569     -9.053766    
  4.449839     -9.080939    
  4.452097     -8.984370    
  4.454343     -8.664484    
  4.456578     -8.984915    
  4.458801     -9.073820    
  4.461013     -9.050903    
  4.463213     -9.045994    
  4.465403     -9.085919    
  4.467581     -9.123003    
  4.471906     -9.114416    
  4.476188     -9.134848    
  4.480428     -8.992753    
  4.512937     -9.187990    
  4.513024     -9.254315    
  4.514610     -9.257802    
  4.514697     -9.259010    
  4.515945     -9.260902    
  4.516032     -9.256442    
  4.585469     -9.455121    
  4.585556     -9.440245    
  4.648489     -9.611234    
  4.648576     -9.634831    
  4.649548     -9.643538    
  4.649635     -9.644732    
  4.649838     -9.646503    
  4.649925     -9.598700    
  4.709765     -9.768413    
  4.709852     -9.839658    
  4.765753     -9.957666    
  4.765822     -10.01303    
  4.765909     -9.992818    
  4.818480     -10.17860    
  4.818567     -10.12788    
  4.868094     -10.21741    
  4.868152     -10.31300    
  4.868214     -10.24434    
  4.915089     -10.48087    
  4.915176     -10.46229    
  4.959449     -10.58178    
  4.959536     -10.58092    
  4.959642     -10.57897    
  4.959729     -10.56526    
  5.002021     -10.56237    
  5.002108     -10.71398    
  5.041986     -10.83846    
  5.042072     -10.85411    
  5.042428     -10.85792    
  5.042515     -10.81142    
  5.081038     -10.93068    
  5.081125     -10.89698    
  5.117569     -11.05434    
  5.117655     -11.07858    
  5.118005     -11.07528    
  5.118092     -10.88953    
  5.153462     -11.22776    
  5.153549     -11.14499    
  5.187204     -11.27643    
  5.187290     -11.25736    
  5.187529     -11.25596    
  5.187616     -11.23690    
  5.251180     -11.38542    
  5.251266     -11.44507    
  5.251931     -11.44519    
  5.252018     -11.43178    
  5.311750     -11.58531    
  5.311837     -11.62919    
  5.311944     -11.59859    
  5.614629     -12.51253    
  5.791270     -13.05218    
  6.013559     -13.71830    
  6.269124     -14.47474    
  6.545503     -15.27772    
  6.833661     -16.08306    
  7.128110     -16.89193    
  7.425812     -17.70895    
  7.725168     -18.53175    
  8.025358     -19.36898    
  8.325968     -20.23515    
  8.626788     -21.14867    
  8.927713    -100.00000    
