 0.6989700    -100.00000    
 0.7247828    -100.00000    
 0.7491470    -100.00000    
 0.7722168    -100.00000    
 0.7941226    -100.00000    
 0.8348744    -100.00000    
 0.8721282    -100.00000    
 0.9064373    -100.00000    
 0.9382333    -100.00000    
 0.9678594    -100.00000    
 0.9955930     -35.77207    
  1.021661     -34.51314    
  1.046253     -33.77899    
  1.069527     -33.35331    
  1.091616     -33.13228    
  1.132686     -33.34048    
  1.170205     -34.51875    
  1.204739    -100.00000    
  1.236728    -100.00000    
  1.266522    -100.00000    
  1.294403    -100.00000    
  1.320601    -100.00000    
  1.345308    -100.00000    
  1.368685    -100.00000    
  1.390867     -52.94171    
  1.390954     -31.05517    
  1.407231     -31.72326    
  1.407318     -31.91307    
  1.416604     -32.89930    
  1.416691     -28.99321    
  1.434239    -100.00000    
  1.434325     -29.98057    
  1.438732     -30.28790    
  1.438819     -30.28463    
  1.442990     -30.58202    
  1.443077     -30.73519    
  1.465932    -100.00000    
  1.466019     -32.28056    
  1.466567     -32.32463    
  1.466654     -32.50484    
  1.485460    -100.00000    
  1.485547     -33.24054    
  1.485843     -33.22928    
  1.485930     -34.32397    
  1.499937     -32.48795    
  1.500023     -32.45690    
  1.502811     -32.30197    
  1.502898     -32.87013    
  1.515152    -100.00000    
  1.515239     -33.84838    
  1.538911    -100.00000    
  1.538998     -35.08503    
  1.541754     -35.23107    
  1.541841     -35.13732    
  1.544410    -100.00000    
  1.544497    -100.00000    
  1.546755     -35.24509    
  1.546842     -35.51199    
  1.568094     -36.84260    
  1.568181     -36.31814    
  1.576102     -36.62901    
  1.576189     -36.61181    
  1.577032     -36.64388    
  1.577119     -36.66196    
  1.586189     -37.02034    
  1.586276     -36.99617    
  1.587530     -37.04436    
  1.587617     -37.08040    
  1.602078     -37.70874    
  1.602165     -37.57948    
  1.604747     -37.85151    
  1.604834     -37.90356    
  1.629405     -38.99546    
  1.629492     -38.79973    
  1.633100     -38.97953    
  1.633187     -39.00978    
  1.643761     -39.63634    
  1.643848     -39.54744    
  1.646889     -39.71800    
  1.646976     -39.73253    
  1.653070     -40.08960    
  1.653157     -40.13244    
  1.667964     -41.31133    
  1.668051     -40.90565    
  1.673067     -41.18472    
  1.673154     -41.17246    
  1.673452     -41.18853    
  1.673539     -41.22756    
  1.683736     -41.83868    
  1.683823     -41.75716    
  1.689301     -42.05898    
  1.689388     -42.04405    
  1.690173     -42.08647    
  1.690260     -42.09187    
  1.691919     -42.18102    
  1.692006     -42.26364    
  1.709636     -44.21185    
  1.709723     -43.14660    
  1.714846     -43.43023    
  1.714933     -43.42018    
  1.717233     -43.54550    
  1.717320     -43.54737    
  1.717576     -43.56137    
  1.717663     -43.56778    
  1.719536     -43.66988    
  1.719623     -43.67500    
  1.721805     -43.79467    
  1.721892     -43.80186    
  1.725295     -43.99054    
  1.725382     -44.00169    
  1.731154     -44.33055    
  1.731241     -44.31142    
  1.731758     -44.34062    
  1.731845     -44.34470    
  1.732294     -44.36953    
  1.732381     -44.37813    
  1.735217     -44.53601    
  1.735304     -44.57967    
  1.746841     -45.32880    
  1.746929     -45.17993    
  1.747807     -45.22719    
  1.747894     -45.24627    
  1.753972     -45.61616    
  1.754058     -45.60016    
  1.756978     -45.81979    
  1.757065     -45.85119    
  1.762907     -46.52590    
  1.762994     -46.41774    
  1.763503     -46.47099    
  1.763590     -46.48814    
  1.765957     -46.72733    
  1.766044     -46.73060    
  1.768505     -46.95606    
  1.768592     -47.00646    
  1.776113     -47.43784    
  1.776200     -47.40548    
  1.781285     -47.04239    
  1.781372     -46.98628    
  1.781946     -46.92452    
  1.782033     -47.01978    
  1.786409     -46.43493    
  1.786495     -46.39680    
  1.788161     -46.18905    
  1.788248     -46.17587    
  1.789372     -46.03620    
  1.789459     -46.05556    
  1.792246     -45.69555    
  1.792333    -100.00000    
  1.800765     -44.73420    
  1.800851    -100.00000    
  1.809708     -43.65754    
  1.809795     -43.54266    
  1.810144     -43.50076    
  1.810231     -43.55814    
  1.814042     -43.06195    
  1.814129    -100.00000    
  1.834747     -40.89446    
  1.834834     -40.67535    
  1.838907     -40.16645    
  1.838994     -40.13365    
  1.840414     -39.97065    
  1.840501     -39.97207    
  1.842703     -39.71706    
  1.842790     -39.70277    
  1.844125     -39.55091    
  1.844212    -100.00000    
  1.857265     -38.24531    
  1.857352    -100.00000    
  1.870233     -36.83536    
  1.870320     -36.67887    
  1.871306     -36.57309    
  1.871393     -36.56314    
  1.872072     -36.49083    
  1.872158     -36.48459    
  1.873424     -36.34918    
  1.873511     -36.72804    
  1.880831     -35.63160    
  1.880918     -35.77997    
  1.887368     -34.94010    
  1.887455    -100.00000    
  1.899003     -33.82038    
  1.899090     -33.92152    
  1.905821     -33.06895    
  1.905908     -33.13868    
  1.911657     -32.47738    
  1.911744     -32.42879    
  1.912227     -32.38074    
  1.912313     -32.37777    
  1.913955     -32.21462    
  1.914042    -100.00000    
  1.924238     -31.30373    
  1.924325     -31.20498    
  1.925856     -31.05616    
  1.925943     -31.04536    
  1.926709     -30.97145    
  1.926796     -30.96244    
  1.926846     -30.95769    
  1.926932     -30.94975    
  1.927461     -30.89859    
  1.927548     -30.91572    
  1.930771     -30.59560    
  1.930858     -30.59480    
  1.933873     -30.29858    
  1.933960     -30.29938    
  1.936983     -30.00393    
  1.937070     -29.98517    
  1.938051     -29.89203    
  1.938138     -29.89805    
  1.940777     -29.64398    
  1.940864    -100.00000    
  1.955697     -28.40154    
  1.955784     -28.28627    
  1.959855     -27.89521    
  1.959942     -27.89718    
  1.963545     -27.55807    
  1.963632    -100.00000    
  1.974225     -26.67979    
  1.974312     -26.58368    
  1.974387     -26.57703    
  1.974474     -26.58344    
  1.977192     -26.33922    
  1.977279    -100.00000    
  1.994212     -25.02208    
  1.994299     -24.86277    
  1.996552     -24.66893    
  1.996639     -24.65895    
  1.997939     -24.63581    
  1.998026     -24.61878    
  2.000182     -24.42969    
  2.000268     -24.57536    
  2.007421     -23.86814    
  2.007508     -23.78061    
  2.009100     -23.70606    
  2.009187     -23.68963    
  2.009352     -23.66526    
  2.009439     -23.66390    
  2.009543     -23.83611    
  2.017372     -23.06787    
  2.017459     -23.29016    
  2.026471     -22.34731    
  2.026558     -22.28706    
  2.028108     -22.14415    
  2.028195    -100.00000    
  2.061043     -19.93745    
  2.061130     -19.69909    
  2.067104     -19.22974    
  2.067191     -19.19957    
  2.068339     -19.11689    
  2.068426     -19.22735    
  2.076209     -18.60144    
  2.076296    -100.00000    
  2.097304     -17.45327    
  2.097391     -17.66765    
  2.100294     -17.73056    
  2.100380     -17.67618    
  2.101519     -17.61216    
  2.101605     -17.60447    
  2.102584     -17.55306    
  2.102671     -17.48303    
  2.104539     -17.02216    
  2.104626     -16.73036    
  2.106101     -18.08570    
  2.106187     -17.16116    
  2.111508     -16.68260    
  2.111595     -16.91314    
  2.111941     -16.66621    
  2.112028     -16.21042    
  2.124229     -15.59692    
  2.124316     -15.63700    
  2.124942     -14.63759    
  2.125029     -14.81889    
  2.126973    -100.00000    
  2.127060     -16.05783    
  2.127658     -15.86287    
  2.127745     -17.23585    
  2.131986     -15.27074    
  2.132073     -14.80392    
  2.137486     -15.87698    
  2.137573     -15.77593    
  2.141450     -14.96564    
  2.141537     -15.11579    
  2.141662     -15.53664    
  2.141749     -14.42810    
  2.149371     -14.78132    
  2.149458     -14.60605    
  2.150293     -14.63391    
  2.150380     -14.60798    
  2.150508     -14.05149    
  2.154246    -100.00000    
  2.154333     -15.11992    
  2.156640     -14.25629    
  2.156727     -14.43499    
  2.156827     -14.56484    
  2.158960     -14.45697    
  2.159047     -13.30422    
  2.168055     -13.36639    
  2.168141     -13.49537    
  2.177604     -13.26510    
  2.177690     -13.50420    
  2.181731     -13.21816    
  2.181818     -12.43835    
  2.184198     -12.22062    
  2.184285     -13.32354    
  2.188445     -13.37794    
  2.188532     -12.90217    
  2.191911     -13.04669    
  2.191997     -12.30242    
  2.204170     -12.50574    
  2.204257     -12.98398    
  2.213352     -12.15434    
  2.213439     -12.42452    
  2.217837     -13.87331    
  2.217924     -12.95195    
  2.218030     -12.95098    
  2.218315     -13.19975    
  2.218402     -13.53724    
  2.218688     -13.73005    
  2.218775     -12.79968    
  2.225403     -12.34060    
  2.231931     -12.30833    
  2.232018     -13.33544    
  2.234695     -12.67003    
  2.234781     -12.71070    
  2.239617     -13.95958    
  2.239704     -11.93947    
  2.245345     -12.81518    
  2.245432     -12.30014    
  2.250721     -12.45925    
  2.250808     -11.80028    
  2.252069    -100.00000    
  2.252156     -13.79132    
  2.253696     -13.81378    
  2.253782     -12.01103    
  2.257177     -13.35136    
  2.260545     -11.59731    
  2.260632     -11.96208    
  2.263836     -12.38792    
  2.267016     -12.46559    
  2.267103     -13.12691    
  2.270490     -12.23883    
  2.270577     -12.07679    
  2.271628     -12.40802    
  2.271715     -13.08082    
  2.275818     -12.83725    
  2.275905     -12.83753    
  2.278364    -100.00000    
  2.280809     -12.50682    
  2.280896     -12.40046    
  2.283804     -12.43266    
  2.283891     -12.79920    
  2.284781     -13.80284    
  2.284868     -14.37583    
  2.286288     -13.06898    
  2.286375     -13.26600    
  2.286786     -14.16541    
  2.286873     -12.63117    
  2.289459     -13.67307    
  2.292031     -13.20010    
  2.294586     -13.13273    
  2.297128     -14.12048    
  2.297214     -13.27227    
  2.297982    -100.00000    
  2.298069    -100.00000    
  2.300085     -12.66319    
  2.302092     -13.16379    
  2.304090     -12.92218    
  2.306078     -13.41686    
  2.306165     -13.23038    
  2.308268     -14.17592    
  2.309316     -12.68332    
  2.310361     -14.15982    
  2.311404     -13.14218    
  2.312444     -13.20134    
  2.313482     -13.36832    
  2.314517     -13.34638    
  2.314604     -13.32421    
  2.315597     -13.23988    
  2.315684     -13.42064    
  2.316612     -13.21516    
  2.317538     -12.76428    
  2.318463     -12.66868    
  2.319385     -12.45800    
  2.320305     -12.65567    
  2.321224     -13.44545    
  2.322140     -12.21036    
  2.323055     -13.10741    
  2.323141     -12.95353    
  2.324295     -13.11458    
  2.325445     -13.13023    
  2.326592     -13.25482    
  2.327736     -13.13451    
  2.327823     -13.04936    
  2.328799     -13.01062    
  2.329773     -12.87070    
  2.330745     -13.15270    
  2.331714     -12.55567    
  2.331801     -12.92789    
  2.333101     -13.34977    
  2.333188     -13.13617    
  2.334187     -13.06004    
  2.335184     -13.05017    
  2.336179     -12.96371    
  2.337171     -13.03457    
  2.338161     -13.07142    
  2.339149     -12.90407    
  2.340135     -12.83569    
  2.341118     -12.83115    
  2.341205     -12.84613    
  2.341283     -12.85977    
  2.341370     -12.87365    
  2.341472     -12.81672    
  2.342320     -12.83625    
  2.343166     -12.76825    
  2.344011     -12.92404    
  2.344853     -12.74658    
  2.344940     -12.77047    
  2.345621     -12.71877    
  2.346301     -12.98606    
  2.346979     -12.80126    
  2.347657     -12.72002    
  2.348333     -12.70997    
  2.349009     -12.90833    
  2.349683     -12.67733    
  2.350356     -12.65800    
  2.350443     -12.71629    
  2.351331     -12.63028    
  2.352217     -12.80703    
  2.352659     -12.28069    
  2.353101     -12.59766    
  2.353542     -13.58106    
  2.353983     -12.13257    
  2.354070     -12.17930    
  2.354494     -12.70284    
  2.354917     -12.60803    
  2.355340     -12.79017    
  2.355762     -12.07222    
  2.355849     -12.27119    
  2.356283     -12.21051    
  2.356717     -12.63698    
  2.357149     -12.06508    
  2.357582    -100.00000    
  2.357669    -100.00000    
  2.362936     -8.898972    
  2.363023    -100.00000    
  2.376702     -5.430378    
  2.376789     -5.178084    
  2.381401     -5.471251    
  2.381488     -5.267514    
  2.381574     -5.223338    
  2.381660     -5.641009    
  2.384670     -4.306107    
  2.384757     -4.880564    
  2.387126    -100.00000    
  2.387213     -5.202166    
  2.396615     -4.318675    
  2.405819     -3.944572    
  2.405905     -3.940863    
  2.409345     -5.121753    
  2.409431    -100.00000    
  2.409967     -4.966909    
  2.410054     -4.974505    
  2.411501     -3.794097    
  2.411588     -3.698162    
  2.412778     -3.606402    
  2.412865     -3.623261    
  2.413098     -3.640851    
  2.413185     -3.608952    
  2.417228     -4.923296    
  2.417315     -4.092626    
  2.417448     -4.078757    
  2.417535     -4.266032    
  2.419545     -3.791777    
  2.419632     -3.738725    
  2.424108     -3.999234    
  2.424195     -4.341755    
  2.429911     -3.869299    
  2.429998     -3.927491    
  2.432147     -3.798588    
  2.432234     -3.740764    
  2.433514     -4.230635    
  2.433601     -4.023246    
  2.434762     -3.755463    
  2.434849     -3.807518    
  2.435182     -3.800408    
  2.435269     -3.771983    
  2.435570     -3.704333    
  2.435657     -3.684232    
  2.438099     -3.746274    
  2.438186     -3.702301    
  2.443115     -3.880232    
  2.443202    -100.00000    
  2.448046     -3.876827    
  2.448133     -4.014740    
  2.449372     -3.701798    
  2.449459     -3.770949    
  2.450924     -3.700155    
  2.451011     -3.960258    
  2.456026     -3.990377    
  2.456113     -3.898410    
  2.457105     -3.743779    
  2.457192     -3.742729    
  2.461170     -4.013662    
  2.461257     -4.854587    
  2.466286     -4.462523    
  2.466372     -4.927016    
  2.466976     -4.826355    
  2.467064     -5.234591    
  2.471828     -4.386405    
  2.471915     -4.560851    
  2.476442     -3.755113    
  2.476529     -4.051082    
  2.476628     -4.242750    
  2.476715     -4.738994    
  2.476977     -4.927628    
  2.477064     -3.978485    
  2.483465     -4.272745    
  2.483551     -4.453622    
  2.483824     -4.457683    
  2.483911     -4.297166    
  2.484130     -4.049688    
  2.484217     -3.677938    
  2.487600     -3.879563    
  2.490956     -3.864096    
  2.491043     -3.703418    
  2.493583     -4.066921    
  2.496107     -3.884111    
  2.496194     -3.748840    
  2.500074     -3.707173    
  2.503920     -3.586384    
  2.504007     -3.585516    
  2.504069     -3.580977    
  2.504156     -3.560990    
  2.506191     -3.532313    
  2.506278     -3.657123    
  2.506857     -3.607952    
  2.506943     -3.593569    
  2.507203     -3.577937    
  2.507290     -3.828129    
  2.511408     -3.601703    
  2.515486     -3.724156    
  2.515573     -3.595923    
  2.515719     -3.603202    
  2.515805     -3.608850    
  2.515872     -3.611829    
  2.515959     -3.614879    
  2.516943     -3.573770    
  2.517030     -3.579153    
  2.517941     -3.596665    
  2.518028     -3.601171    
  2.518445     -3.613236    
  2.518532     -3.750190    
  2.522095     -3.564029    
  2.525630     -4.022508    
  2.529136     -3.499873    
  2.532615     -3.595911    
  2.532701     -3.629089    
  2.536032     -3.678287    
  2.539337     -3.777315    
  2.539424     -3.748717    
  2.543132     -3.751813    
  2.546808     -3.704078    
  2.546895     -3.720917    
  2.547329     -3.721139    
  2.547416     -3.736176    
  2.551118     -3.766925    
  2.551204     -3.736874    
  2.554808     -3.716679    
  2.558382     -3.775459    
  2.558469     -3.819851    
  2.558869     -3.824535    
  2.558956     -3.815344    
  2.561557     -3.714573    
  2.561644     -3.763984    
  2.564082     -3.749688    
  2.566507     -3.723481    
  2.568917     -3.716129    
  2.571315     -3.741835    
  2.571402     -3.744834    
  2.571490     -3.746320    
  2.571576     -3.817697    
  2.574740     -3.779810    
  2.577880     -3.755460    
  2.580998     -3.780980    
  2.584094     -3.845521    
  2.587168     -3.906752    
  2.590220     -3.777098    
  2.593250     -3.833904    
  2.596260     -3.860841    
  2.596347     -3.812356    
  2.597646     -3.820883    
  2.597733     -3.824141    
  2.600542     -3.795708    
  2.603333     -3.830520    
  2.603420     -3.798962    
  2.606239     -3.915854    
  2.606324     -3.869627    
  2.606411     -3.861411    
  2.607237     -3.839597    
  2.607324     -3.836113    
  2.611491     -3.840378    
  2.615617     -3.841190    
  2.615704     -3.839898    
  2.619659     -3.859204    
  2.619746     -3.860500    
  2.620859     -3.876414    
  2.620946     -3.865143    
  2.621962     -3.869258    
  2.622049     -3.847674    
  2.625471     -3.872995    
  2.625557     -3.861124    
  2.626297     -3.859211    
  2.626384     -3.857724    
  2.627024     -3.859640    
  2.627111     -3.842317    
  2.630159     -3.950657    
  2.633186     -3.853136    
  2.633273     -3.881881    
  2.633585     -3.881519    
  2.633672     -3.880680    
  2.636750     -3.895174    
  2.639805     -3.877725    
  2.642840     -3.977835    
  2.645853     -3.929772    
  2.645940     -3.968841    
  2.646436     -3.935605    
  2.646523     -3.935834    
  2.648513     -3.928580    
  2.648600     -3.940445    
  2.650581     -3.927806    
  2.650668     -3.928940    
  2.652023     -3.924962    
  2.652110     -3.926003    
  2.653758     -3.937984    
  2.653845     -3.934244    
  2.654514     -3.950296    
  2.654601     -3.973610    
  2.655848     -4.042843    
  2.655935     -3.966754    
  2.656856     -3.965589    
  2.656943     -3.949447    
  2.659789     -3.954970    
  2.659876     -3.960569    
  2.661632     -3.963946    
  2.661711     -3.955339    
  2.661798     -3.961486    
  2.662838     -3.979329    
  2.662925     -3.962099    
  2.664288     -3.957510    
  2.665620     -3.960112    
  2.666947     -3.943566    
  2.668270     -3.920881    
  2.668357     -3.922150    
  2.669554     -3.939908    
  2.670748     -3.939432    
  2.670835     -3.948106    
  2.671974     -3.984069    
  2.673109     -3.982077    
  2.674242     -3.978049    
  2.675371     -3.980313    
  2.675458     -3.980213    
  2.676824     -3.985143    
  2.676911     -3.986912    
  2.677751     -3.989898    
  2.677838     -3.987518    
  2.679282     -3.991618    
  2.680721     -3.992801    
  2.682155     -3.990838    
  2.683585     -3.996777    
  2.683672     -3.996701    
  2.684694     -3.997432    
  2.685714     -4.002527    
  2.685801     -4.002707    
  2.685988     -4.003350    
  2.686075     -4.003646    
  2.686520     -4.004149    
  2.686607     -4.004543    
  2.687604     -4.007260    
  2.688599     -4.011612    
  2.688686     -4.012253    
  2.689315     -4.014415    
  2.689943     -4.015165    
  2.690571     -4.014277    
  2.691198     -4.014178    
  2.691823     -4.015826    
  2.692448     -4.017875    
  2.693072     -4.018031    
  2.693695     -4.020839    
  2.694317     -4.023289    
  2.694939     -4.025063    
  2.695559     -4.031652    
  2.696179     -4.070766    
  2.696797     -4.189251    
  2.697415     -4.079396    
  2.698032     -4.044374    
  2.698648     -4.035442    
  2.698717     -4.036667    
  2.698803     -4.036598    
  2.699142     -4.038599    
  2.699229     -4.040118    
  2.700077     -4.046625    
  2.700500     -4.052336    
  2.700923     -4.054069    
  2.701345     -4.043747    
  2.701767     -4.042845    
  2.702189     -4.042230    
  2.702610     -4.042385    
  2.702697     -4.041791    
  2.706323     -4.058391    
  2.706410     -4.045967    
  2.708352     -4.067843    
  2.708438     -4.072637    
  2.709271     -4.106977    
  2.709358     -4.146943    
  2.712230     -4.144841    
  2.712317     -4.083645    
  2.716395     -4.075000    
  2.716481     -4.077239    
  2.716568     -4.075294    
  2.718970     -4.090262    
  2.721359     -4.079684    
  2.721446     -4.085864    
  2.721792     -4.088464    
  2.721879     -4.090233    
  2.724957     -4.100598    
  2.725044     -4.095069    
  2.728368     -4.105269    
  2.728455     -4.105640    
  2.728556     -4.106084    
  2.728643     -4.105509    
  2.730036     -4.114266    
  2.730123     -4.111994    
  2.733020     -4.115272    
  2.735898     -4.122259    
  2.735985     -4.123251    
  2.736079     -4.123558    
  2.737059     -4.126029    
  2.737146     -4.123572    
  2.740300     -4.136191    
  2.740387     -4.137196    
  2.744215     -4.142771    
  2.748009     -4.153467    
  2.751770     -4.164050    
  2.755499     -4.173729    
  2.755586     -4.173764    
  2.758474     -4.178175    
  2.758561     -4.179537    
  2.759027     -4.180472    
  2.759113     -4.180508    
  2.759268     -4.180541    
  2.759355     -4.180467    
  2.759911     -4.180265    
  2.759997     -4.179756    
  2.760747     -4.181081    
  2.760833     -4.184029    
  2.762307     -4.192217    
  2.762394     -4.190512    
  2.764577     -4.193583    
  2.764664     -4.195300    
  2.765400     -4.198209    
  2.765487     -4.198562    
  2.765755     -4.199429    
  2.765842     -4.206251    
  2.767568     -4.205833    
  2.767655     -4.199230    
  2.771767     -4.211838    
  2.775841     -4.218645    
  2.775928     -4.216254    
  2.777541     -4.226265    
  2.777628     -4.227252    
  2.781421     -4.239380    
  2.781508     -4.239759    
  2.784445     -4.246031    
  2.787363     -4.251279    
  2.787450     -4.253866    
  2.789348     -4.255472    
  2.789435     -4.252927    
  2.792054     -4.266771    
  2.792141     -4.264448    
  2.795962     -4.277894    
  2.796049     -4.277321    
  2.798395     -4.278192    
  2.800729     -4.327214    
  2.803050     -4.289848    
  2.805359     -4.303067    
  2.807656     -4.305859    
  2.809941     -4.311467    
  2.812213     -4.314786    
  2.814474     -4.325117    
  2.814561     -4.323323    
  2.815775     -4.327727    
  2.815862     -4.329645    
  2.816430     -4.332098    
  2.816517     -4.331326    
  2.818570     -4.335107    
  2.818657     -4.335788    
  2.821422     -4.342902    
  2.824169     -4.350016    
  2.826900     -4.360200    
  2.829613     -4.364133    
  2.829700     -4.364736    
  2.832139     -4.374903    
  2.834565     -4.374853    
  2.836978     -4.442536    
  2.839377     -4.361172    
  2.839464     -4.359959    
  2.842740     -4.396260    
  2.845992     -4.418196    
  2.846054     -4.413669    
  2.846141     -4.413323    
  2.846320     -4.413373    
  2.846407     -4.414088    
  2.846929     -4.416654    
  2.847016     -4.413587    
  2.850284     -4.424453    
  2.850371     -4.423789    
  2.851107     -4.424513    
  2.851194     -4.424611    
  2.851272     -4.424607    
  2.851359     -4.424599    
  2.851605     -4.425813    
  2.851692     -4.425964    
  2.852969     -4.430046    
  2.853056     -4.480604    
  2.856721     -4.442677    
  2.856808     -4.420098    
  2.860014     -4.448234    
  2.863196     -4.456119    
  2.863283     -4.462075    
  2.866961     -4.466490    
  2.867048     -4.465796    
  2.867158     -4.455341    
  2.871477     -4.504028    
  2.871560     -4.512831    
  2.871647     -4.484007    
  2.874394     -4.596172    
  2.877123     -4.441512    
  2.877210     -4.458017    
  2.879769     -4.500450    
  2.882313     -4.511486    
  2.882400     -4.504621    
  2.882670     -4.504089    
  2.882757     -4.875876    
  2.885337     -5.043285    
  2.885423     -4.484181    
  2.886380     -4.237266    
  2.886467     -4.261547    
  2.886654     -4.269672    
  2.886741     -4.288140    
  2.889314     -4.449979    
  2.889401     -4.456995    
  2.891964     -4.518981    
  2.892051     -4.550724    
  2.893704     -4.540968    
  2.893791     -4.524055    
  2.894071     -4.525870    
  2.894158     -4.524678    
  2.895095     -4.541197    
  2.895182     -4.538884    
  2.896767     -4.564526    
  2.896854     -4.560018    
  2.897787     -4.542816    
  2.897874     -4.545180    
  2.900589     -4.551979    
  2.900676     -4.567752    
  2.902856     -4.565381    
  2.905026     -4.571663    
  2.905113     -4.567625    
  2.908098     -4.604156    
  2.908185     -4.583857    
  2.908477     -4.580796    
  2.908564     -4.579086    
  2.910090     -4.577935    
  2.910176     -4.580466    
  2.913363     -4.582541    
  2.916527     -4.604658    
  2.916614     -4.593674    
  2.916785     -4.593580    
  2.916872     -4.593599    
  2.917171     -4.593776    
  2.917258     -4.592773    
  2.919518     -4.601387    
  2.921765     -4.605361    
  2.921852     -4.606750    
  2.925029     -4.619226    
  2.925116     -4.619396    
  2.925941     -4.621249    
  2.926028     -4.619424    
  2.927554     -4.628771    
  2.927641     -4.626209    
  2.927950     -4.628778    
  2.928037     -4.630376    
  2.928671     -4.630678    
  2.928758     -4.632307    
  2.929127     -4.635439    
  2.929213     -4.633943    
  2.929524     -4.630717    
  2.929611     -4.630501    
  2.930245     -4.633339    
  2.930332     -4.633687    
  2.930604     -4.634572    
  2.930691     -4.635125    
  2.930963     -4.637897    
  2.931050     -4.638197    
  2.934646     -4.640724    
  2.934733     -4.642575    
  2.936807     -4.643095    
  2.936894     -4.645259    
  2.937412     -4.644478    
  2.937499     -4.643718    
  2.937612     -4.643287    
  2.939332     -4.650592    
  2.939418     -4.649171    
  2.941608     -4.655858    
  2.943787     -4.659815    
  2.943874     -4.662765    
  2.945266     -4.672277    
  2.945353     -4.672442    
  2.946273     -4.673083    
  2.946360     -4.673565    
  2.946687     -4.674825    
  2.946774     -4.674476    
  2.949036     -4.685631    
  2.951287     -4.684755    
  2.951374     -4.687585    
  2.953319     -4.694368    
  2.953406     -4.692916    
  2.953750     -4.692758    
  2.953837     -4.692807    
  2.954344     -4.691373    
  2.954431     -4.690929    
  2.955739     -4.696240    
  2.955826     -4.695717    
  2.956162     -4.696303    
  2.956249     -4.696573    
  2.956822     -4.699452    
  2.956909     -4.700268    
  2.957620     -4.702173    
  2.957703     -4.702595    
  2.957790     -4.703585    
  2.958622     -4.705691    
  2.958708     -4.704822    
  2.959196     -4.703844    
  2.959269     -4.703606    
  2.959356     -4.703468    
  2.959520     -4.703350    
  2.959575     -4.703315    
  2.959642     -4.703297    
  2.959729     -4.700863    
  2.960694     -4.685786    
  2.960781     -4.686456    
  2.961021     -4.683760    
  2.961108     -4.682746    
  2.961209     -4.581716    
  2.965318     -4.897941    
  2.965405    -100.00000    
  2.969227     -4.471603    
  2.969314     -4.597420    
  2.972533     -4.705103    
  2.975728     -4.724500    
  2.975815     -4.722050    
  2.976166     -4.742056    
  2.976253     -4.692923    
  2.979351     -4.812224    
  2.982423     -4.824386    
  2.982509     -4.663495    
  2.982872     -4.642241    
  2.982959     -4.635005    
  2.986873     -4.728415    
  2.990753     -4.702844    
  2.994598     -4.754214    
  2.998409     -4.785703    
  3.002187     -4.725138    
  3.005933     -4.764382    
  3.009646     -4.849494    
  3.013329     -4.733775    
  3.016980     -4.821015    
  3.020600     -4.793783    
  3.024191     -4.832497    
  3.027752     -4.829364    
  3.031285     -4.852942    
  3.034788     -5.048020    
  3.038264     -4.686113    
  3.041713     -4.906222    
  3.041799     -4.827634    
  3.044019     -4.883745    
  3.044106     -4.880779    
  3.046417     -4.897880    
  3.046504     -4.894649    
  3.047266     -4.888586    
  3.047353     -4.875665    
  3.050503     -4.929384    
  3.053630     -4.906677    
  3.056735     -4.908436    
  3.059819     -4.935162    
  3.062880     -4.995887    
  3.065920     -4.948241    
  3.068939     -4.935516    
  3.071937     -4.900567    
  3.072024     -4.932877    
  3.074515     -5.017275    
  3.074602     -4.953251    
  3.077416     -4.975691    
  3.080211     -4.996094    
  3.082988     -5.058881    
  3.085748     -5.361556    
  3.085835     -4.798775    
  3.088164     -4.863898    
  3.088251     -4.863217    
  3.089222     -4.819630    
  3.089309     -5.126370    
  3.091849     -4.938446    
  3.091936     -5.427090    
  3.095352     -4.667822    
  3.095438     -4.338955    
  3.096179     -4.292579    
  3.096266     -4.314809    
  3.099969     -5.528010    
  3.100056     -5.068870    
  3.102791     -4.940746    
  3.105509     -5.217168    
  3.105596     -5.099952    
  3.108813     -5.065672    
  3.112005     -4.817108    
  3.112092     -5.107838    
  3.114687     -5.034258    
  3.114774     -5.094450    
  3.114901     -5.061376    
  3.114988     -4.938291    
  3.116978     -4.960793    
  3.117065     -5.221540    
  3.117740     -5.164513    
  3.117827     -5.101808    
  3.118223     -5.004703    
  3.118310     -4.924992    
  3.120853     -5.014173    
  3.123381     -5.123410    
  3.123468     -5.223068    
  3.125997     -5.022382    
  3.126084     -5.155356    
  3.127687     -5.077768    
  3.127774     -5.041826    
  3.129225     -5.025342    
  3.129312     -5.059121    
  3.132455     -5.135964    
  3.135577     -5.219802    
  3.135664     -5.090225    
  3.136182     -5.057257    
  3.136269     -5.105043    
  3.138696     -5.201020    
  3.141109     -4.984765    
  3.141196     -5.042765    
  3.144101     -5.194913    
  3.144188     -5.177576    
  3.144956     -5.167098    
  3.145043     -5.166458    
  3.146758     -5.197677    
  3.146845     -5.202873    
  3.146975     -5.209832    
  3.147795     -5.206057    
  3.147882     -5.209890    
  3.148729     -5.229541    
  3.148816     -5.243757    
  3.150639     -5.199662    
  3.150726     -5.213708    
  3.151276     -5.217601    
  3.151363     -5.219306    
  3.153068     -5.237390    
  3.153155     -5.230868    
  3.153381     -5.229430    
  3.153434     -5.229314    
  3.153521     -5.225196    
  3.155016     -5.214283    
  3.155103     -5.227733    
  3.156074     -5.244217    
  3.156161     -5.223923    
  3.160418     -5.254363    
  3.164633     -5.257777    
  3.164720     -5.252451    
  3.165979     -5.261768    
  3.166066     -5.251957    
  3.168877     -5.273152    
  3.171670     -5.282190    
  3.171756     -5.190881    
  3.173578     -5.155821    
  3.173665     -5.156826    
  3.177077     -5.227121    
  3.180463     -5.302644    
  3.180550     -5.302150    
  3.181960     -5.318893    
  3.182047     -5.318909    
  3.184770     -5.334135    
  3.187477     -5.346564    
  3.187564     -5.346429    
  3.188338     -5.342497    
  3.188425     -5.346000    
  3.189356     -5.343295    
  3.189443     -6.310942    
  3.191119     -7.673837    
  3.191206     -5.985119    
  3.192224     -5.213413    
  3.192311     -5.118146    
  3.194885     -5.207537    
  3.194972     -5.250134    
  3.196916     -5.317650    
  3.197003     -5.315289    
  3.200094     -5.390245    
  3.203162     -5.360796    
  3.203250     -5.369542    
  3.204674     -5.382976    
  3.204761     -5.382424    
  3.207365     -5.414064    
  3.207452     -5.406926    
  3.209994     -5.418023    
  3.212521     -5.340589    
  3.215033     -6.176771    
  3.217531     -4.581269    
  3.217618     -4.657012    
  3.218164     -4.700808    
  3.218251     -4.717314    
  3.218329     -4.729361    
  3.218415     -4.828751    
  3.222383     -5.444367    
  3.226315     -5.478673    
  3.230212     -5.485467    
  3.234074     -5.632200    
  3.237901     -5.325248    
  3.241696     -5.514878    
  3.245457     -5.514767    
  3.249187     -5.531633    
  3.249274     -5.527219    
  3.251238     -5.545147    
  3.251325     -5.546961    
  3.251523     -5.548614    
  3.251610     -5.551175    
  3.254604     -5.563672    
  3.257576     -5.573129    
  3.260529     -5.573887    
  3.263462     -5.592917    
  3.263549     -5.590887    
  3.265995     -5.600517    
  3.268428     -5.612329    
  3.270847     -5.612076    
  3.273253     -5.591257    
  3.273340     -5.613215    
  3.276535     -5.630316    
  3.279706     -5.647690    
  3.279793     -5.647570    
  3.281662     -5.652918    
  3.281749     -5.653102    
  3.285833     -5.667513    
  3.285920     -5.667988    
  3.289028     -5.673715    
  3.289115     -5.674189    
  3.291415     -5.679187    
  3.291501     -5.682367    
  3.293929     -5.693436    
  3.296343     -5.702272    
  3.298744     -5.709054    
  3.301132     -5.716530    
  3.301219     -5.716423    
  3.305074     -5.727652    
  3.305161     -5.726326    
  3.305985     -5.732472    
  3.306072     -5.732409    
  3.306887     -5.734801    
  3.306974     -5.735586    
  3.309850     -5.744993    
  3.309937     -5.744616    
  3.310624     -5.747383    
  3.310710     -5.747686    
  3.311825     -5.752326    
  3.311912     -5.751667    
  3.312012     -5.750890    
  3.312099     -5.749653    
  3.314648     -5.741993    
  3.317181     -5.753986    
  3.319700     -5.779255    
  3.322204     -5.787944    
  3.324695     -5.786958    
  3.327170     -5.786128    
  3.329632     -5.796932    
  3.332080     -5.800782    
  3.334514     -5.825822    
  3.336935     -5.834106    
  3.339342     -5.796528    
  3.341736     -5.868707    
  3.344117     -5.817507    
  3.346485     -5.881824    
  3.348840     -5.824018    
  3.351182     -5.861794    
  3.351269     -5.853419    
  3.354866     -5.884715    
  3.358433     -5.877972    
  3.361971     -5.911944    
  3.365480     -5.928809    
  3.365567     -5.843208    
  3.367434     -5.883299    
  3.367521     -5.892893    
  3.370087     -5.934409    
  3.372609     -5.939681    
  3.375118     -5.940744    
  3.377612     -5.957724    
  3.377699     -6.021039    
  3.380754     -5.870765    
  3.383787     -5.964621    
  3.386800     -5.989398    
  3.389792     -6.002053    
  3.389879     -6.001413    
  3.392466     -6.005566    
  3.395039     -6.014104    
  3.395126     -6.017301    
  3.397959     -6.023019    
  3.398046     -6.022304    
  3.398416     -6.024906    
  3.398503     -6.017244    
  3.400855     -6.060873    
  3.400942     -6.106472    
  3.402428     -5.888085    
  3.402515     -5.862584    
  3.404126     -5.946740    
  3.404213     -5.968135    
  3.406921     -6.049877    
  3.409611     -6.064636    
  3.412285     -6.074801    
  3.414942     -6.080364    
  3.415029     -6.079496    
  3.419186     -6.095379    
  3.423303     -6.110981    
  3.427382     -6.122926    
  3.431422     -6.135853    
  3.431509     -6.136283    
  3.434904     -6.152946    
  3.438273     -6.008327    
  3.441616     -6.044789    
  3.444934     -6.187865    
  3.445021     -6.174754    
  3.447484     -6.191246    
  3.449934     -6.200785    
  3.450021     -6.201319    
  3.452474     -6.205057    
  3.454914     -6.212123    
  3.455001     -6.215647    
  3.457947     -6.222740    
  3.460873     -6.230435    
  3.463780     -6.244635    
  3.466667     -6.250417    
  3.466754     -6.250539    
  3.467583     -6.256271    
  3.467670     -6.261110    
  3.469453     -6.261764    
  3.469505     -6.262053    
  3.469592     -6.262303    
  3.469843     -6.262881    
  3.469930     -6.262672    
  3.471179     -6.266452    
  3.471266     -6.267443    
  3.474100     -6.276391    
  3.474187     -6.278483    
  3.476423     -6.291672    
  3.478648     -6.176824    
  3.480861     -6.293746    
  3.483063     -6.304272    
  3.483150     -6.304532    
  3.485959     -6.313812    
  3.488749     -6.326889    
  3.491522     -6.335342    
  3.494277     -6.346211    
  3.494364     -6.344538    
  3.496766     -6.354086    
  3.499154     -6.356711    
  3.501530     -6.368868    
  3.503893     -6.375344    
  3.506243     -6.325538    
  3.508580     -5.944016    
  3.510905     -6.271934    
  3.513217     -6.386583    
  3.513304     -6.379225    
  3.515963     -6.415513    
  3.518606     -6.427376    
  3.521233     -6.434821    
  3.523845     -6.438321    
  3.526440     -6.449280    
  3.529020     -6.459624    
  3.531585     -6.467792    
  3.534135     -6.478021    
  3.534222     -6.476856    
  3.536649     -6.481735    
  3.539062     -6.492938    
  3.541462     -6.507991    
  3.543849     -6.292845    
  3.543936     -6.322141    
  3.544500     -6.344519    
  3.544586     -6.334474    
  3.547376     -6.481283    
  3.550148     -6.527814    
  3.550235     -6.522356    
  3.552940     -6.540741    
  3.555627     -6.549625    
  3.555714     -6.548259    
  3.556728     -6.552394    
  3.556815     -6.549612    
  3.557696     -6.552215    
  3.557783     -6.551717    
  3.558846     -6.552871    
  3.558933     -6.554051    
  3.559110     -6.555536    
  3.559197     -6.556391    
  3.559291     -6.557328    
  3.559378     -6.559144    
  3.560851     -6.561686    
  3.560938     -6.561121    
  3.561019     -6.561245    
  3.561106     -6.561403    
  3.561368     -6.561651    
  3.561455     -6.561724    
  3.561549     -6.561872    
  3.561702     -6.562357    
  3.561789     -6.562839    
  3.562293     -6.566517    
  3.565681     -6.581762    
  3.565768     -6.583925    
  3.568672     -6.596117    
  3.571556     -6.604081    
  3.574422     -6.613608    
  3.577268     -6.607136    
  3.580096     -6.621864    
  3.582906     -6.633321    
  3.585698     -6.638792    
  3.588471     -6.658197    
  3.591228     -6.656302    
  3.593966     -6.659123    
  3.596688     -6.666597    
  3.599393     -6.697436    
  3.602081     -6.673262    
  3.604752     -6.706794    
  3.607407     -6.704827    
  3.610046     -6.703050    
  3.610133     -6.699089    
  3.612394     -6.717698    
  3.614642     -6.745331    
  3.616880     -6.705987    
  3.619105     -6.748515    
  3.621319     -6.769122    
  3.623523     -6.773654    
  3.625715     -6.740013    
  3.627896     -6.752093    
  3.627982     -6.755280    
  3.630428     -6.796601    
  3.632293     -6.803949    
  3.632379     -6.804412    
  3.635363     -6.816482    
  3.638325     -6.819623    
  3.641268     -6.750468    
  3.644191     -6.843405    
  3.644278     -6.835886    
  3.646967     -6.851898    
  3.649640     -6.860373    
  3.652297     -6.861269    
  3.654938     -6.861830    
  3.655025     -6.861157    
  3.657211     -6.856922    
  3.659385     -6.857291    
  3.659472     -6.756525    
  3.663615     -6.895729    
  3.663702     -7.012858    
  3.666918     -6.719276    
  3.670110     -6.940749    
  3.670197     -7.042994    
  3.674031     -6.180431    
  3.677831     -6.900104    
  3.681598     -6.966356    
  3.685333     -6.980594    
  3.685420     -7.010849    
  3.688862     -6.881010    
  3.688948     -6.789098    
  3.690731     -6.872782    
  3.690818     -6.880367    
  3.691459     -6.923053    
  3.691546     -6.965970    
  3.694812     -6.927864    
  3.694898     -6.933154    
  3.695365     -6.964611    
  3.695452     -6.968074    
  3.695518     -6.970989    
  3.695605     -6.976537    
  3.698701     -7.017288    
  3.701776     -7.027099    
  3.704828     -7.038967    
  3.707860     -7.045520    
  3.710870     -7.051593    
  3.712650     -7.061304    
  3.713860     -7.066246    
  3.716830     -7.074810    
  3.719779     -7.070498    
  3.719866     -7.077957    
  3.723198     -7.085248    
  3.726504     -7.108691    
  3.729786     -7.119250    
  3.733043     -7.125884    
  3.733130     -7.128707    
  3.736895     -6.888046    
  3.740628     -7.169005    
  3.740715     -7.133906    
  3.743507     -7.160491    
  3.746281     -7.173332    
  3.749037     -7.174898    
  3.751777     -7.187096    
  3.751863     -7.187534    
  3.754658     -7.192882    
  3.754745     -7.195352    
  3.755217     -7.197707    
  3.755304     -7.197898    
  3.755522     -7.198735    
  3.755609     -7.200887    
  3.758467     -7.213296    
  3.761306     -7.233387    
  3.764127     -7.176349    
  3.766929     -7.146216    
  3.769713     -7.217545    
  3.772480     -7.250235    
  3.775229     -7.263390    
  3.777961     -7.269029    
  3.778048     -7.273585    
  3.778151     -7.275021    
  3.781161     -7.275460    
  3.784252     -7.287073    
  3.787320     -7.301450    
  3.790368     -7.308231    
  3.793394     -7.302638    
  3.796399     -7.333862    
  3.799384     -7.328010    
  3.802348     -7.358804    
  3.802435     -7.329019    
  3.806009     -7.360640    
  3.806096     -7.362026    
  3.809815     -7.355218    
  3.809902     -7.350135    
  3.811377     -7.359586    
  3.811464     -7.363034    
  3.811517     -7.364314    
  3.811568     -7.365534    
  3.811655     -7.369724    
  3.814154     -7.378942    
  3.816638     -7.405714    
  3.819108     -6.966807    
  3.821564     -7.166614    
  3.821651     -7.242179    
  3.825835     -7.423771    
  3.829979     -7.409264    
  3.834084     -7.462699    
  3.838150     -7.470646    
  3.838237     -7.475115    
  3.840994     -7.421555    
  3.843735     -7.462591    
  3.846458     -7.498374    
  3.849164     -7.506969    
  3.851853     -7.511779    
  3.854526     -7.376346    
  3.857182     -7.373957    
  3.859823     -7.435038    
  3.859910     -7.482178    
  3.862754     -7.541836    
  3.865581     -7.558772    
  3.868389     -7.566166    
  3.871179     -7.568938    
  3.871266     -7.571415    
  3.873695     -7.579897    
  3.876111     -7.588077    
  3.878513     -7.601515    
  3.880902     -7.590404    
  3.880989     -7.553633    
  3.884377     -7.494249    
  3.887739     -7.624711    
  3.891076     -7.640169    
  3.894387     -7.644276    
  3.894474     -7.644092    
  3.898660     -7.657110    
  3.898747     -7.659875    
  3.901486     -7.666306    
  3.904208     -7.678337    
  3.904295     -7.678332    
  3.905384     -7.682782    
  3.905471     -7.681058    
  3.908472     -7.689286    
  3.908559     -7.688743    
  3.912193     -7.700164    
  3.912280     -7.700145    
  3.913068     -7.703025    
  3.913155     -7.703464    
  3.913273     -7.703894    
  3.913714     -7.705931    
  3.913769     -7.706263    
  3.913842     -7.706646    
  3.913889     -7.706882    
  3.913972     -7.727002    
  3.916915     -7.656508    
  3.917002     -7.634278    
  3.919240     -7.554516    
  3.921466     -7.705892    
  3.923680     -7.740398    
  3.925884     -7.756009    
  3.928076     -7.763491    
  3.930258     -7.768186    
  3.934588     -7.775880    
  3.938875     -7.796716    
  3.943121     -7.792825    
  3.947325     -7.804488    
  3.951490     -7.820125    
  3.955614     -7.836451    
  3.959700     -7.846917    
  3.963748     -7.849819    
  3.967758     -7.888548    
  3.971732     -7.712572    
  3.975669     -7.772960    
  3.979571     -7.922225    
  3.983439     -7.898736    
  3.983526     -7.907133    
  3.987126     -7.937036    
  3.990697     -7.944610    
  3.994239     -7.930804    
  3.997752     -7.971508    
  3.997838     -7.977529    
  4.000147     -7.985899    
  4.002444     -7.985745    
  4.004728     -8.043843    
  4.007001     -7.331297    
  4.009262     -7.431774    
  4.011511     -7.842440    
  4.013748     -7.957964    
  4.015974     -8.016353    
  4.018189     -8.032382    
  4.020392     -7.981765    
  4.022585     -8.014761    
  4.024766     -8.049957    
  4.029096     -8.074844    
  4.033383     -8.082494    
  4.033470     -8.012325    
  4.034774     -8.334386    
  4.034861     -8.067785    
  4.038365     -7.981680    
  4.038452     -8.019801    
  4.040802     -8.008627    
  4.043140     -8.047541    
  4.045465     -8.106927    
  4.047778     -8.090225    
  4.047865     -8.113159    
  4.051277     -8.143838    
  4.054632     -8.157310    
  4.057962     -8.158686    
  4.061267     -8.176284    
  4.061354     -8.183799    
  4.065579     -8.033910    
  4.069764     -7.845796    
  4.073909     -8.216970    
  4.078015     -8.231827    
  4.078102     -8.225617    
  4.080241     -8.233809    
  4.080328     -8.231801    
  4.080857     -8.231210    
  4.080944     -8.231597    
  4.081009     -8.231694    
  4.081054     -8.232341    
  4.082194     -8.234601    
  4.082281     -8.229033    
  4.084738     -8.235165    
  4.087181     -8.239750    
  4.089611     -8.251165    
  4.092028     -8.259841    
  4.094430     -8.266969    
  4.096820     -8.265020    
  4.099197     -8.289741    
  4.101560     -8.283983    
  4.101647     -8.282383    
  4.104844     -8.298608    
  4.108018     -8.255551    
  4.111169     -8.165985    
  4.114297     -8.303752    
  4.117403     -8.346423    
  4.120486     -8.341401    
  4.123548     -8.341595    
  4.126589     -8.369903    
  4.129608     -8.374772    
  4.132606     -8.363423    
  4.135584     -8.387181    
  4.138542     -8.408797    
  4.141479     -8.399827    
  4.144397     -8.393652    
  4.147296     -8.424620    
  4.150175     -8.443128    
  4.150262     -8.445336    
  4.153103     -8.455939    
  4.155926     -8.437312    
  4.156013     -8.428692    
  4.158103     -8.410669    
  4.158190     -8.428537    
  4.161727     -8.467557    
  4.161814     -8.469911    
  4.163762     -8.488664    
  4.163849     -8.486514    
  4.166200     -8.492341    
  4.168538     -8.519256    
  4.170864     -8.287953    
  4.173177     -8.331305    
  4.175478     -8.426801    
  4.177767     -8.516440    
  4.180044     -8.535071    
  4.182309     -8.540823    
  4.184563     -8.545953    
  4.186804     -8.555596    
  4.189034     -8.559748    
  4.191253     -8.572956    
  4.193461     -8.561061    
  4.195657     -8.594535    
  4.197842     -8.538265    
  4.200017     -8.526240    
  4.204333     -8.615638    
  4.208607     -8.618116    
  4.212839     -8.621825    
  4.217030     -8.637555    
  4.221182     -8.651144    
  4.225294     -8.675736    
  4.229367     -8.608921    
  4.233402     -8.612551    
  4.233489     -8.644801    
  4.235773     -8.686485    
  4.238044     -8.711787    
  4.240303     -8.704257    
  4.242551     -8.701180    
  4.244787     -8.712753    
  4.247012     -8.733014    
  4.249225     -8.737800    
  4.251427     -8.722172    
  4.251514     -8.730894    
  4.255198     -8.750279    
  4.258852     -8.771690    
  4.262474     -8.755062    
  4.266067     -8.778409    
  4.266154     -8.779501    
  4.268659     -9.034380    
  4.271149     -8.282327    
  4.273626     -8.094717    
  4.276088     -8.338251    
  4.278536     -8.699093    
  4.280971     -8.792535    
  4.283392     -8.826892    
  4.285800     -8.852564    
  4.288194     -8.861865    
  4.290575     -8.828943    
  4.292943     -8.841522    
  4.295299     -8.874109    
  4.297641     -8.889414    
  4.299971     -8.900548    
  4.302289     -8.901816    
  4.304595     -8.901658    
  4.306888     -8.915966    
  4.309169     -8.915114    
  4.311438     -8.877292    
  4.313695     -8.906642    
  4.315941     -8.930948    
  4.318175     -8.950731    
  4.320398     -8.959788    
  4.322610     -8.956499    
  4.324810     -8.948831    
  4.326999     -8.959212    
  4.329177     -8.963263    
  4.331345     -8.981836    
  4.335647     -8.969184    
  4.339907     -8.939450    
  4.339994     -8.893694    
  4.343342     -8.808138    
  4.346664     -9.003705    
  4.349961     -9.030741    
  4.353233     -9.051377    
  4.353320     -9.047359    
  4.356074     -9.041606    
  4.356161     -9.037412    
  4.357582     -9.046428    
  4.357669     -9.045459    
  4.360507     -9.068463    
  4.363326     -9.084363    
  4.366127     -9.075481    
  4.368910     -9.089650    
  4.371675     -9.034072    
  4.374422     -9.036210    
  4.377153     -9.105997    
  4.379866     -9.104445    
  4.382563     -9.139838    
  4.385243     -9.141103    
  4.387906     -9.153070    
  4.390553     -9.163834    
  4.393185     -9.144853    
  4.395800     -9.151159    
  4.398400     -9.179415    
  4.400984     -9.190268    
  4.403553     -9.202410    
  4.406107     -9.202198    
  4.408646     -9.199633    
  4.411170     -9.183552    
  4.413679     -9.198388    
  4.416174     -9.229548    
  4.418655     -9.234554    
  4.421122     -9.117562    
  4.423575     -9.182825    
  4.426014     -9.252559    
  4.428439     -9.263031    
  4.430851     -9.263732    
  4.433250     -9.240530    
  4.435636     -9.239875    
  4.438008     -9.288718    
  4.440368     -9.299866    
  4.440455     -9.299112    
  4.442834     -9.298073    
  4.445201     -9.316820    
  4.445288     -9.319217    
  4.447569     -9.326331    
  4.449839     -9.386261    
  4.452097     -9.052492    
  4.454343     -9.050508    
  4.456578     -9.259476    
  4.458801     -9.329414    
  4.461013     -9.304193    
  4.463213     -9.305884    
  4.465403     -9.360020    
  4.467581     -9.384681    
  4.471906     -9.380638    
  4.476188     -9.402887    
  4.480428     -9.191772    
  4.512937     -9.418655    
  4.513024     -9.510775    
  4.514610     -9.516571    
  4.514697     -9.515353    
  4.515945     -9.522827    
  4.516032     -9.515011    
  4.585469     -9.694827    
  4.585556     -9.677557    
  4.648489     -9.837024    
  4.648576     -9.867909    
  4.649548     -9.885781    
  4.649635     -9.887633    
  4.649838     -9.890910    
  4.649925     -9.825813    
  4.709765     -9.984998    
  4.709852     -10.06284    
  4.765753     -10.16164    
  4.765822     -10.23275    
  4.765909     -10.20538    
  4.818480     -10.38785    
  4.818567     -10.32763    
  4.868094     -10.39152    
  4.868152     -10.51486    
  4.868214     -10.43656    
  4.915089     -10.68072    
  4.915176     -10.65992    
  4.959449     -10.77631    
  4.959536     -10.78282    
  4.959642     -10.74828    
  4.959729     -10.72706    
  5.002021     -10.75670    
  5.002108     -10.90067    
  5.041986     -11.02031    
  5.042072     -11.04404    
  5.042428     -11.04626    
  5.042515     -10.98717    
  5.081038     -11.10325    
  5.081125     -11.07785    
  5.117569     -11.22897    
  5.117655     -11.25659    
  5.118005     -11.24926    
  5.118092     -11.02738    
  5.153462     -11.42303    
  5.153549     -11.31263    
  5.187204     -11.43787    
  5.187290     -11.42063    
  5.187529     -11.42146    
  5.187616     -11.38680    
  5.251180     -11.53388    
  5.251266     -11.58920    
  5.251931     -11.59093    
  5.252018     -11.58364    
  5.311750     -11.71557    
  5.311837     -11.77000    
  5.311944     -11.73341    
  5.614629     -12.58520    
  5.791270     -13.10576    
  6.013559     -13.75345    
  6.269124     -14.51034    
  6.545503     -15.34327    
  6.833661     -16.19206    
  7.128110     -17.04370    
  7.425812     -17.89384    
  7.725168     -18.74964    
  8.025358     -19.63642    
  8.325968     -20.60279    
  8.626788     -21.75625    
  8.927713    -100.00000    
