 0.6989700    -100.00000    
 0.7247828    -100.00000    
 0.7491470    -100.00000    
 0.7722168     -22.73843    
 0.7941226    -100.00000    
 0.8348744    -100.00000    
 0.8721282    -100.00000    
 0.9064373     -16.99062    
 0.9382333     -15.91413    
 0.9678594     -15.12853    
 0.9955930     -14.51718    
  1.021661     -14.03134    
  1.046253     -13.64211    
  1.069527     -13.32999    
  1.091616     -13.10026    
  1.132686     -12.74721    
  1.170205     -12.56710    
  1.204739     -12.53330    
  1.236728     -12.62181    
  1.266522     -12.81198    
  1.294403     -13.08112    
  1.320601     -13.40265    
  1.345308     -13.73842    
  1.368685     -14.02944    
  1.390867     -14.21892    
  1.390954     -14.20509    
  1.407231     -14.26073    
  1.407318     -14.26873    
  1.416604     -14.27598    
  1.416691     -14.28083    
  1.434239     -14.24878    
  1.434325     -14.24512    
  1.438732     -14.22529    
  1.438819     -14.22504    
  1.442990     -14.20378    
  1.443077     -14.23024    
  1.465932     -14.03288    
  1.466019     -14.01040    
  1.466567     -14.00377    
  1.466654     -14.05169    
  1.485460     -13.72975    
  1.485547     -13.69798    
  1.485843     -13.69190    
  1.485930     -13.73906    
  1.499937     -13.37862    
  1.500023     -13.36676    
  1.502811     -13.01908    
  1.502898     -13.54538    
  1.515152     -13.10929    
  1.515239     -13.19786    
  1.538911     -12.72674    
  1.538998     -12.73018    
  1.541754     -12.70190    
  1.541841     -12.58098    
  1.544410     -14.05108    
  1.544497     -13.55110    
  1.546755     -12.55287    
  1.546842     -12.64911    
  1.568094     -12.43956    
  1.568181     -12.42461    
  1.576102     -12.33942    
  1.576189     -12.33657    
  1.577032     -12.32746    
  1.577119     -12.32909    
  1.586189     -12.22996    
  1.586276     -12.22693    
  1.587530     -12.21355    
  1.587617     -12.21892    
  1.602078     -12.06110    
  1.602165     -12.03203    
  1.604747     -12.08738    
  1.604834     -12.17490    
  1.629405     -11.74813    
  1.629492     -11.75187    
  1.633100     -11.71187    
  1.633187     -11.67929    
  1.643761     -11.53302    
  1.643848     -11.54594    
  1.646889     -11.49836    
  1.646976     -11.51063    
  1.653070     -11.45300    
  1.653157     -11.46720    
  1.667964     -11.31403    
  1.668051     -11.27535    
  1.673067     -11.22682    
  1.673154     -11.24281    
  1.673452     -11.21876    
  1.673539     -11.05369    
  1.683736     -10.66046    
  1.683823     -10.13925    
  1.689301     -10.63186    
  1.689388     -10.96296    
  1.690173     -10.91903    
  1.690260     -11.33718    
  1.691919     -10.45483    
  1.692006     -10.47223    
  1.709636     -10.96096    
  1.709723     -10.72943    
  1.714846     -10.65618    
  1.714933     -10.64906    
  1.717233     -10.60587    
  1.717320     -10.57004    
  1.717576     -10.44777    
  1.717663     -10.17159    
  1.719536     -10.65842    
  1.719623     -10.55753    
  1.721805     -10.52419    
  1.721892     -10.55128    
  1.725295     -10.48379    
  1.725382     -7.341170    
  1.731154     -7.419608    
  1.731241     -7.822350    
  1.731758     -8.165793    
  1.731845     -8.876282    
  1.732294     -7.759862    
  1.732381     -6.314485    
  1.735217     -6.939519    
  1.735304     -7.676938    
  1.746841     -8.365500    
  1.746929     -6.813641    
  1.747807     -7.393590    
  1.747894     -7.828120    
  1.753972    -100.00000    
  1.754058     -9.026927    
  1.756978     -8.451952    
  1.757065     -8.234932    
  1.762907     -7.505469    
  1.762994     -7.562360    
  1.763503     -6.836637    
  1.763590     -6.538154    
  1.765957     -7.173619    
  1.766044     -6.940360    
  1.768505    -100.00000    
  1.768592     -6.512934    
  1.776113    -100.00000    
  1.776200     -7.821637    
  1.781285     -7.516867    
  1.781372     -6.724507    
  1.781946     -6.872803    
  1.782033     -7.144994    
  1.786409    -100.00000    
  1.786495     -8.620291    
  1.788161     -8.142349    
  1.788248     -7.672289    
  1.789372     -8.029960    
  1.789459     -8.249199    
  1.792246     -8.230508    
  1.792333    -100.00000    
  1.800765     -6.600706    
  1.800851     -6.757950    
  1.809708     -6.588278    
  1.809795     -6.457969    
  1.810144     -6.554570    
  1.810231    -100.00000    
  1.814042     -6.147657    
  1.814129     -6.055308    
  1.834747    -100.00000    
  1.834834    -100.00000    
  1.838907     -6.631189    
  1.838994     -6.983155    
  1.840414    -100.00000    
  1.840501    -100.00000    
  1.842703     -6.993617    
  1.842790     -7.080401    
  1.844125     -8.673890    
  1.844212    -100.00000    
  1.857265     -6.828135    
  1.857352     -8.150621    
  1.870233     -8.230049    
  1.870320     -8.203396    
  1.871306     -8.039078    
  1.871393     -8.072956    
  1.872072     -8.003100    
  1.872158     -7.893583    
  1.873424     -8.227063    
  1.873511     -8.070885    
  1.880831     -7.179854    
  1.880918     -7.471741    
  1.887368     -7.146445    
  1.887455     -6.919961    
  1.899003     -6.780451    
  1.899090     -6.522749    
  1.905821     -6.264960    
  1.905908     -6.197154    
  1.911657     -6.433063    
  1.911744     -7.020310    
  1.912227     -6.649418    
  1.912313     -6.558818    
  1.913955     -6.092876    
  1.914042     -5.822320    
  1.924238     -5.909471    
  1.924325     -7.257227    
  1.925856     -6.481467    
  1.925943     -6.450999    
  1.926709     -6.430407    
  1.926796     -6.250141    
  1.926846     -6.225303    
  1.926932     -6.176267    
  1.927461     -6.121457    
  1.927548     -5.907769    
  1.930771     -5.210544    
  1.930858     -6.294718    
  1.933873     -6.484214    
  1.933960    -100.00000    
  1.936983     -5.217547    
  1.937070     -5.028486    
  1.938051     -5.808727    
  1.938138     -5.523732    
  1.940777     -5.725600    
  1.940864     -4.909940    
  1.955697     -7.285160    
  1.955784     -5.538952    
  1.959855     -5.773180    
  1.959942     -5.693742    
  1.963545     -5.654816    
  1.963632     -5.668350    
  1.974225     -5.573239    
  1.974312     -5.818231    
  1.974387     -5.799853    
  1.974474     -5.782260    
  1.977192     -5.278873    
  1.977279    -100.00000    
  1.985828     -4.575912    
  1.994212     -4.571879    
  1.994299     -4.460810    
  1.996552     -4.026254    
  1.996639     -4.046496    
  1.997939     -4.003045    
  1.998026     -4.093192    
  2.000182     -4.771354    
  2.000268     -4.297369    
  2.007421     -5.094843    
  2.007508    -100.00000    
  2.009100     -4.760210    
  2.009187     -4.662857    
  2.009352     -4.615655    
  2.009439     -4.585709    
  2.009543     -4.884412    
  2.017372     -5.018447    
  2.017459     -5.783886    
  2.026471     -4.034082    
  2.026558     -4.135222    
  2.028108    -100.00000    
  2.028195     -3.851203    
  2.036643     -3.822179    
  2.044930     -3.457221    
  2.053061     -3.938329    
  2.061043     -3.532377    
  2.061130     -3.457593    
  2.067104     -4.792711    
  2.067191     -4.350501    
  2.068339     -3.799583    
  2.068426     -3.890859    
  2.076209     -3.562919    
  2.076296     -3.631602    
  2.086927     -3.586300    
  2.097304     -3.465639    
  2.097391     -3.549719    
  2.100294     -3.256582    
  2.100380     -3.200291    
  2.101519     -3.327164    
  2.101605     -3.366185    
  2.102584     -3.306249    
  2.102671     -3.294912    
  2.104539     -3.388804    
  2.104626     -3.384829    
  2.106101     -3.346221    
  2.106187     -3.366739    
  2.111508     -3.497455    
  2.111595     -3.439299    
  2.111941     -3.430361    
  2.112028     -3.450843    
  2.124229     -3.364688    
  2.124316     -3.240196    
  2.124942     -3.437778    
  2.125029     -3.509749    
  2.126973     -3.349413    
  2.127060     -3.340250    
  2.127658     -3.300191    
  2.127745     -3.342821    
  2.131986     -3.278529    
  2.132073     -3.478036    
  2.137486     -3.619141    
  2.137573     -3.522818    
  2.141450     -3.311353    
  2.141537     -3.301363    
  2.141662     -3.276549    
  2.141749     -3.289117    
  2.149371    -100.00000    
  2.149458     -4.661717    
  2.150293     -4.700244    
  2.150380     -5.415106    
  2.150508    -100.00000    
  2.154246     -3.931540    
  2.154333     -3.446559    
  2.156640     -4.601028    
  2.156727     -4.024073    
  2.156827     -3.977934    
  2.158960     -3.520780    
  2.159047     -3.804086    
  2.168055    -100.00000    
  2.168141     -4.128438    
  2.177604     -3.890404    
  2.177690     -5.341783    
  2.181731     -4.293277    
  2.181818     -4.022764    
  2.184198     -4.226356    
  2.184285     -4.414054    
  2.188445     -4.171460    
  2.188532     -3.895284    
  2.191911     -4.878914    
  2.191997     -4.395963    
  2.204170     -4.121090    
  2.204257     -4.053722    
  2.213352     -4.202519    
  2.213439     -3.780393    
  2.217837     -3.982482    
  2.217924     -3.987563    
  2.218030     -3.957378    
  2.218315     -4.062472    
  2.218402     -5.002435    
  2.218688     -5.465812    
  2.218775     -4.177753    
  2.225403     -4.421000    
  2.231931     -3.662875    
  2.232018     -4.464708    
  2.234695     -4.187177    
  2.234781     -4.342163    
  2.239617     -3.940240    
  2.239704     -4.040968    
  2.245345     -4.214305    
  2.245432     -4.161293    
  2.250721     -4.153397    
  2.250808     -4.066597    
  2.252069     -5.264170    
  2.252156     -4.275059    
  2.253696     -3.858977    
  2.253782     -3.987566    
  2.257177     -3.929485    
  2.260545     -4.073513    
  2.260632     -4.005949    
  2.263836     -4.100695    
  2.267016     -4.340527    
  2.267103    -100.00000    
  2.270490     -3.553028    
  2.270577     -4.250765    
  2.271628     -4.342333    
  2.271715     -3.872722    
  2.275818     -3.926489    
  2.275905     -3.800879    
  2.278364     -3.913650    
  2.280809     -4.025608    
  2.280896     -3.924556    
  2.283804     -4.045792    
  2.283891     -3.988656    
  2.284781     -4.058790    
  2.284868     -3.975780    
  2.286288     -3.881724    
  2.286375     -3.891981    
  2.286786     -3.869900    
  2.286873     -3.861435    
  2.289459     -4.190204    
  2.292031     -4.283628    
  2.294586     -3.877428    
  2.297128     -3.840420    
  2.297214     -3.886476    
  2.297982     -3.892040    
  2.298069     -3.846407    
  2.300085     -4.001271    
  2.302092     -4.218393    
  2.304090     -4.075444    
  2.306078     -3.788242    
  2.306165     -3.797354    
  2.308268     -4.478068    
  2.309316     -4.026041    
  2.310361     -3.782952    
  2.311404     -4.428582    
  2.312444     -3.988505    
  2.313482     -3.788111    
  2.314517     -4.064133    
  2.314604     -3.883209    
  2.315597     -3.797648    
  2.315684     -3.642038    
  2.316612     -3.934547    
  2.317538     -3.786357    
  2.318463     -3.639614    
  2.319385     -4.680327    
  2.320305     -3.949442    
  2.321224     -5.083065    
  2.322140     -3.918338    
  2.323055     -3.718729    
  2.323141     -4.209622    
  2.324295     -4.050391    
  2.325445     -4.071201    
  2.326592     -4.408722    
  2.327736     -3.801495    
  2.327823     -3.733635    
  2.328799     -3.661770    
  2.329773     -3.760811    
  2.330745     -3.765026    
  2.331714     -3.678930    
  2.331801     -3.594234    
  2.333101    -100.00000    
  2.333188     -4.144160    
  2.334187     -4.177034    
  2.335184     -4.140275    
  2.336179     -3.685871    
  2.337171     -3.979572    
  2.338161     -3.905212    
  2.339149     -3.766934    
  2.340135     -3.912137    
  2.341118     -3.830103    
  2.341205     -3.924544    
  2.341283     -3.904950    
  2.341370     -3.883053    
  2.341472     -3.822223    
  2.342320     -4.097998    
  2.343166     -4.447645    
  2.344011     -3.899652    
  2.344853     -3.584216    
  2.344940     -3.442451    
  2.345621     -5.078339    
  2.346301     -3.878836    
  2.346979     -4.253793    
  2.347657     -3.880222    
  2.348333     -3.966458    
  2.349009     -4.045599    
  2.349683     -3.804211    
  2.350356     -4.570051    
  2.350443     -4.236208    
  2.351331     -3.906159    
  2.352217     -3.571107    
  2.352659     -3.531922    
  2.353101     -3.816790    
  2.353542     -3.838934    
  2.353983     -3.863454    
  2.354070     -3.808999    
  2.354494     -3.650378    
  2.354917     -3.576749    
  2.355340     -3.577640    
  2.355762     -3.590692    
  2.355849     -3.593425    
  2.356283     -3.615179    
  2.356717     -3.566909    
  2.357149     -3.579093    
  2.357582     -3.732124    
  2.357669     -3.722309    
  2.362936     -3.873604    
  2.363023     -3.741062    
  2.376702     -3.756685    
  2.376789     -3.772988    
  2.381401     -3.619794    
  2.381488     -3.637783    
  2.381574     -3.647310    
  2.381660     -3.719304    
  2.384670     -3.698465    
  2.384757     -3.656837    
  2.387126     -4.023774    
  2.387213     -3.751396    
  2.396615     -3.701453    
  2.405819     -3.721287    
  2.405905     -3.693005    
  2.409345     -3.971719    
  2.409431     -4.089309    
  2.409967     -3.887699    
  2.410054     -3.848698    
  2.411501     -3.516723    
  2.411588     -3.499234    
  2.412778     -3.552027    
  2.412865     -3.633198    
  2.413098     -3.698611    
  2.413185     -3.726626    
  2.417228     -3.753597    
  2.417315     -3.745894    
  2.417448     -3.740161    
  2.417535     -3.726328    
  2.419545     -3.646854    
  2.419632     -3.650411    
  2.424108     -3.648517    
  2.424195     -3.753643    
  2.429911     -3.691084    
  2.429998     -3.733924    
  2.432147     -3.851448    
  2.432234     -3.935408    
  2.433514     -4.459547    
  2.433601     -4.094116    
  2.434762     -3.533247    
  2.434849     -3.535179    
  2.435182     -3.530707    
  2.435269     -3.529273    
  2.435570     -3.520272    
  2.435657     -3.558334    
  2.438099     -3.610084    
  2.438186     -3.616221    
  2.443115     -3.876303    
  2.443202     -3.804661    
  2.448046     -3.741666    
  2.448133     -4.555210    
  2.449372     -3.813141    
  2.449459     -3.749994    
  2.450924     -3.669283    
  2.451011     -3.602426    
  2.456026     -3.650603    
  2.456113     -3.683864    
  2.457105     -3.917377    
  2.457192     -4.220009    
  2.461170     -3.612408    
  2.461257     -3.618497    
  2.466286     -3.850628    
  2.466372     -3.533940    
  2.466976     -3.527557    
  2.467064     -3.633970    
  2.471828     -3.915935    
  2.471915     -3.712223    
  2.476442     -3.726703    
  2.476529     -3.704354    
  2.476628     -3.696768    
  2.476715     -3.694217    
  2.476977     -3.714967    
  2.477064     -3.755826    
  2.483465     -4.119582    
  2.483551     -3.961675    
  2.483824     -3.789130    
  2.483911     -3.738241    
  2.484130     -3.641268    
  2.484217     -3.594348    
  2.487600     -3.694582    
  2.490956     -3.813473    
  2.491043     -3.793531    
  2.493583     -3.852455    
  2.496107     -3.977398    
  2.496194     -3.802388    
  2.500074     -3.850628    
  2.503920     -3.812552    
  2.504007     -3.738421    
  2.504069     -3.735086    
  2.504156     -3.756022    
  2.506191     -3.795062    
  2.506278     -3.790941    
  2.506857     -3.901786    
  2.506943     -3.905478    
  2.507203     -3.934922    
  2.507290     -3.908182    
  2.511408     -3.874578    
  2.515486     -3.871289    
  2.515573     -3.795064    
  2.515719     -3.783619    
  2.515805     -3.778136    
  2.515872     -3.775227    
  2.515959     -3.775188    
  2.516943     -3.768517    
  2.517030     -3.767146    
  2.517941     -3.780540    
  2.518028     -3.789030    
  2.518445     -3.780400    
  2.518532     -3.931247    
  2.522095     -3.889683    
  2.525630     -3.800904    
  2.529136     -4.079298    
  2.532615     -3.755530    
  2.532701     -3.914826    
  2.536032     -4.179905    
  2.539337     -3.811339    
  2.539424     -3.698367    
  2.543132     -3.984203    
  2.546808     -3.868433    
  2.546895     -3.885975    
  2.547329     -3.914236    
  2.547416     -3.863943    
  2.551118     -4.038028    
  2.551204     -3.931663    
  2.554808     -4.277221    
  2.558382     -3.694654    
  2.558469     -3.777685    
  2.558869     -3.796712    
  2.558956     -3.826520    
  2.561557     -4.357887    
  2.561644     -3.815335    
  2.564082     -3.845941    
  2.566507     -3.942022    
  2.568917     -4.342302    
  2.571315     -3.753015    
  2.571402     -3.867680    
  2.571490     -3.873322    
  2.571576     -3.847827    
  2.574740     -4.225658    
  2.577880     -3.878414    
  2.580998     -4.071214    
  2.584094     -4.021697    
  2.587168     -3.919607    
  2.590220     -3.980818    
  2.593250     -4.010260    
  2.596260     -3.948300    
  2.596347     -3.973772    
  2.597646     -3.973780    
  2.597733     -3.947297    
  2.600542     -4.028990    
  2.603333     -4.005035    
  2.603420     -3.988638    
  2.606239     -3.992398    
  2.606324     -3.999145    
  2.606411     -3.982058    
  2.607237     -4.047378    
  2.607324     -3.978929    
  2.611491     -4.025443    
  2.615617     -4.016272    
  2.615704     -4.011481    
  2.619659     -4.154700    
  2.619746     -3.948261    
  2.620859     -3.949804    
  2.620946     -3.921138    
  2.621962     -5.070854    
  2.622049     -4.086076    
  2.625471     -3.892615    
  2.625557     -4.026416    
  2.626297     -3.921084    
  2.626384     -3.932428    
  2.627024     -3.934305    
  2.627111     -4.107868    
  2.630159     -3.963798    
  2.633186     -4.103216    
  2.633273     -4.103533    
  2.633585     -4.096726    
  2.633672     -4.104653    
  2.636750     -4.235278    
  2.639805     -4.012208    
  2.642840     -4.114850    
  2.645853     -4.242780    
  2.645940     -4.248347    
  2.646436     -4.166695    
  2.646523     -4.074915    
  2.648513     -4.038890    
  2.648600     -4.072851    
  2.650581     -4.139861    
  2.650668     -4.137706    
  2.652023     -4.136190    
  2.652110     -4.139025    
  2.653758     -4.157293    
  2.653845     -4.153444    
  2.654514     -4.165794    
  2.654601     -4.386973    
  2.655848     -4.396604    
  2.655935     -4.257765    
  2.656856     -3.969016    
  2.656943     -3.945362    
  2.659789     -4.138215    
  2.659876     -4.139703    
  2.661632     -4.167711    
  2.661711     -4.160500    
  2.661798     -4.151147    
  2.662838     -4.185126    
  2.662925     -4.200299    
  2.664288     -4.154667    
  2.665620     -4.159499    
  2.666947     -4.139668    
  2.668270     -4.178748    
  2.668357     -4.190600    
  2.669554     -4.200287    
  2.670748     -4.192696    
  2.670835     -4.208035    
  2.671974     -4.212225    
  2.673109     -4.346578    
  2.674242     -4.144585    
  2.675371     -4.184083    
  2.675458     -4.196299    
  2.676824     -4.224730    
  2.676911     -4.221950    
  2.677751     -4.233177    
  2.677838     -4.229271    
  2.679282     -4.256902    
  2.680721     -4.218353    
  2.682155     -4.231939    
  2.683585     -4.281589    
  2.683672     -4.247861    
  2.684694     -4.241427    
  2.685714     -4.251751    
  2.685801     -4.259905    
  2.685988     -4.272326    
  2.686075     -4.277272    
  2.686520     -4.284558    
  2.686607     -4.282180    
  2.687604     -4.275856    
  2.688599     -4.263552    
  2.688686     -4.270691    
  2.689315     -4.268552    
  2.689943     -4.270996    
  2.690571     -4.277046    
  2.691198     -4.271919    
  2.691823     -4.275279    
  2.692448     -4.278784    
  2.693072     -4.280977    
  2.693695     -4.281802    
  2.694317     -4.282231    
  2.694939     -4.277711    
  2.695559     -4.278785    
  2.696179     -4.271568    
  2.696797     -4.275646    
  2.697415     -4.266950    
  2.698032     -4.270653    
  2.698648     -4.319162    
  2.698717     -4.335012    
  2.698803     -4.336698    
  2.699142     -4.335254    
  2.699229     -4.338926    
  2.700077     -4.281845    
  2.700500     -4.253298    
  2.700923     -4.250826    
  2.701345     -4.265269    
  2.701767     -4.262855    
  2.702189     -4.268336    
  2.702610     -4.281199    
  2.702697     -4.289272    
  2.706323     -4.346230    
  2.706410     -4.300056    
  2.708352     -4.469752    
  2.708438     -4.417579    
  2.709271     -4.252672    
  2.709358     -4.201327    
  2.712230     -4.302515    
  2.712317     -4.324627    
  2.716395     -4.356674    
  2.716481     -4.350166    
  2.716568     -4.350784    
  2.718970     -4.372470    
  2.721359     -4.238928    
  2.721446     -4.273578    
  2.721792     -4.290444    
  2.721879     -4.306656    
  2.724957     -4.391519    
  2.725044     -4.386971    
  2.728368     -4.389556    
  2.728455     -4.394329    
  2.728556     -4.394968    
  2.728643     -4.395561    
  2.730036     -4.403381    
  2.730123     -4.411768    
  2.733020     -4.395885    
  2.735898     -4.416699    
  2.735985     -4.419802    
  2.736079     -4.423130    
  2.737059     -4.419112    
  2.737146     -4.418382    
  2.740300     -4.437461    
  2.740387     -4.434776    
  2.744215     -4.446527    
  2.748009     -4.456230    
  2.751770     -4.463422    
  2.755499     -4.475761    
  2.755586     -4.476929    
  2.758474     -4.486655    
  2.758561     -4.496019    
  2.759027     -4.508932    
  2.759113     -4.505847    
  2.759268     -4.503052    
  2.759355     -4.503236    
  2.759911     -4.502067    
  2.759997     -4.495520    
  2.760747     -4.498896    
  2.760833     -4.501893    
  2.762307     -4.509391    
  2.762394     -4.510902    
  2.764577     -4.509955    
  2.764664     -4.518537    
  2.765400     -4.521573    
  2.765487     -4.518361    
  2.765755     -4.517150    
  2.765842     -4.517071    
  2.767568     -4.528832    
  2.767655     -4.531114    
  2.771767     -4.535112    
  2.775841     -4.553994    
  2.775928     -4.545358    
  2.777541     -4.559757    
  2.777628     -4.556820    
  2.781421     -4.572500    
  2.781508     -4.568200    
  2.784445     -4.569319    
  2.787363     -4.585356    
  2.787450     -4.584071    
  2.789348     -4.598090    
  2.789435     -4.605793    
  2.792054     -4.593560    
  2.792141     -4.591616    
  2.795962     -4.628640    
  2.796049     -4.614581    
  2.798395     -4.610934    
  2.800729     -4.626835    
  2.803050     -4.618649    
  2.805359     -4.688070    
  2.807656     -4.662383    
  2.809941     -4.649439    
  2.812213     -4.660284    
  2.814474     -4.691139    
  2.814561     -4.680344    
  2.815775     -4.690711    
  2.815862     -4.693348    
  2.816430     -4.703980    
  2.816517     -4.679823    
  2.818570     -4.693740    
  2.818657     -4.723345    
  2.821422     -4.697214    
  2.824169     -4.715923    
  2.826900     -4.718723    
  2.829613     -4.731584    
  2.829700     -4.733849    
  2.832139     -4.724087    
  2.834565     -4.754227    
  2.836978     -4.772663    
  2.839377     -4.745486    
  2.839464     -4.756168    
  2.842740     -4.753868    
  2.845992     -4.792267    
  2.846054     -4.782114    
  2.846141     -4.781041    
  2.846320     -4.778708    
  2.846407     -4.777414    
  2.846929     -4.778809    
  2.847016     -4.778851    
  2.850284     -4.802365    
  2.850371     -4.800478    
  2.851107     -4.806700    
  2.851194     -4.806707    
  2.851272     -4.806381    
  2.851359     -4.805661    
  2.851605     -4.801469    
  2.851692     -4.797641    
  2.852969     -4.806528    
  2.853056     -4.801785    
  2.856721     -4.821013    
  2.856808     -4.821682    
  2.860014     -4.823842    
  2.863196     -4.837810    
  2.863283     -4.842397    
  2.866961     -4.852768    
  2.867048     -4.853776    
  2.867158     -4.853486    
  2.871477     -4.885215    
  2.871560     -4.881301    
  2.871647     -4.880231    
  2.874394     -4.890492    
  2.877123     -4.889553    
  2.877210     -4.875495    
  2.879769     -4.891344    
  2.882313     -4.916296    
  2.882400     -4.915451    
  2.882670     -4.916522    
  2.882757     -4.894574    
  2.885337     -4.913174    
  2.885423     -4.921875    
  2.886380     -4.926516    
  2.886467     -4.926882    
  2.886654     -4.929907    
  2.886741     -4.933665    
  2.889314     -4.943538    
  2.889401     -4.944427    
  2.891964     -4.939062    
  2.892051     -4.890328    
  2.893704     -4.928468    
  2.893791     -4.935470    
  2.894071     -4.939535    
  2.894158     -4.938660    
  2.895095     -4.947603    
  2.895182     -4.951472    
  2.896767     -4.970421    
  2.896854     -4.969230    
  2.897787     -4.969118    
  2.897874     -4.964744    
  2.900589     -4.969707    
  2.900676     -4.964624    
  2.902856     -4.970512    
  2.905026     -4.993279    
  2.905113     -4.996093    
  2.908098     -5.011404    
  2.908185     -5.010605    
  2.908477     -5.010082    
  2.908564     -5.008095    
  2.910090     -5.007475    
  2.910176     -5.011252    
  2.913363     -5.001718    
  2.916527     -5.028859    
  2.916614     -5.028791    
  2.916785     -5.029400    
  2.916872     -5.029714    
  2.917171     -5.031817    
  2.917258     -5.038645    
  2.919518     -5.034760    
  2.921765     -5.043467    
  2.921852     -5.052451    
  2.925029     -5.012122    
  2.925116     -5.025750    
  2.925941     -5.037036    
  2.926028     -5.035202    
  2.927554     -5.059967    
  2.927641     -5.061044    
  2.927950     -5.060987    
  2.928037     -5.060838    
  2.928671     -5.056458    
  2.928758     -5.055161    
  2.929127     -5.053225    
  2.929213     -5.053560    
  2.929524     -5.056230    
  2.929611     -5.057528    
  2.930245     -5.066317    
  2.930332     -5.067309    
  2.930604     -5.071204    
  2.930691     -5.072470    
  2.930963     -5.076593    
  2.931050     -5.102021    
  2.934646     -5.019106    
  2.934733     -5.024881    
  2.936807     -5.072504    
  2.936894     -5.068130    
  2.937412     -5.082207    
  2.937499     -5.085150    
  2.937612     -5.087351    
  2.939332     -5.115513    
  2.939418     -5.114117    
  2.941608     -5.136057    
  2.943787     -5.028587    
  2.943874     -5.023651    
  2.945266     -5.087194    
  2.945353     -5.087796    
  2.946273     -5.098101    
  2.946360     -5.094872    
  2.946687     -5.081544    
  2.946774     -5.051239    
  2.949036     -5.026075    
  2.951287     -5.025056    
  2.951374     -5.043834    
  2.953319     -5.121951    
  2.953406     -5.090932    
  2.953750     -5.082016    
  2.953837     -5.083719    
  2.954344     -5.116687    
  2.954431     -5.134826    
  2.955739     -5.135977    
  2.955826     -5.124387    
  2.956162     -5.116239    
  2.956249     -5.114714    
  2.956822     -5.124071    
  2.956909     -5.127834    
  2.957620     -5.144232    
  2.957703     -5.143429    
  2.957790     -5.145865    
  2.958622     -5.090950    
  2.958708     -5.096541    
  2.959196     -5.104442    
  2.959269     -5.107970    
  2.959356     -5.111909    
  2.959520     -5.120367    
  2.959575     -5.123029    
  2.959642     -5.125931    
  2.959729     -5.133900    
  2.960694     -5.097884    
  2.960781     -5.102345    
  2.961021     -5.097803    
  2.961108     -5.097643    
  2.961209     -5.117475    
  2.965318     -5.183168    
  2.965405     -5.192899    
  2.969227     -5.219062    
  2.969314     -5.232046    
  2.972533     -5.140152    
  2.975728     -5.130578    
  2.975815     -5.149998    
  2.976166     -5.180318    
  2.976253     -5.183832    
  2.979351     -5.240666    
  2.982423     -5.200784    
  2.982509     -5.141558    
  2.982872     -5.169472    
  2.982959     -5.217736    
  2.986873     -5.163646    
  2.990753     -5.239886    
  2.994598     -5.282233    
  2.998409     -5.296842    
  3.002187     -5.283718    
  3.005933     -5.322451    
  3.009646     -5.344394    
  3.013329     -5.353351    
  3.016980     -5.298962    
  3.020600     -5.260041    
  3.024191     -5.379410    
  3.027752     -5.375577    
  3.031285     -5.403994    
  3.034788     -5.432749    
  3.038264     -5.380362    
  3.041713     -5.463002    
  3.041799     -5.457082    
  3.044019     -5.472077    
  3.044106     -5.472184    
  3.046417     -5.470567    
  3.046504     -5.477187    
  3.047266     -5.482486    
  3.047353     -5.462910    
  3.050503     -5.455870    
  3.053630     -5.480298    
  3.056735     -5.497621    
  3.059819     -5.525377    
  3.062880     -5.524863    
  3.065920     -5.542475    
  3.068939     -5.557579    
  3.071937     -5.571742    
  3.072024     -5.571459    
  3.074515     -5.578436    
  3.074602     -5.580103    
  3.077416     -5.589721    
  3.080211     -5.599706    
  3.082988     -5.613053    
  3.085748     -5.592519    
  3.085835     -5.533822    
  3.088164     -5.431984    
  3.088251     -5.496679    
  3.089222     -5.568092    
  3.089309     -5.583885    
  3.091849     -5.640192    
  3.091936     -5.672662    
  3.095352     -5.897889    
  3.095438     -5.540663    
  3.096179     -5.466118    
  3.096266     -5.510670    
  3.099969     -5.679198    
  3.100056     -5.647827    
  3.102791     -5.680417    
  3.105509     -5.690303    
  3.105596     -5.685197    
  3.108813     -5.692306    
  3.112005     -5.712413    
  3.112092     -5.710313    
  3.114687     -5.721893    
  3.114774     -5.722546    
  3.114901     -5.723148    
  3.114988     -5.724296    
  3.116978     -5.729661    
  3.117065     -5.729590    
  3.117740     -5.732986    
  3.117827     -5.733503    
  3.118223     -5.734424    
  3.118310     -5.734240    
  3.120853     -5.743000    
  3.123381     -5.751910    
  3.123468     -5.751284    
  3.125997     -5.762427    
  3.126084     -5.762620    
  3.127687     -5.768657    
  3.127774     -5.769536    
  3.129225     -5.774929    
  3.129312     -5.772065    
  3.132455     -5.785919    
  3.135577     -5.792988    
  3.135664     -5.794398    
  3.136182     -5.797895    
  3.136269     -5.797510    
  3.138696     -5.808066    
  3.141109     -5.814491    
  3.141196     -5.807026    
  3.144101     -5.825977    
  3.144188     -5.823803    
  3.144956     -5.821785    
  3.145043     -5.822743    
  3.146758     -5.836599    
  3.146845     -5.836476    
  3.146975     -5.837278    
  3.147795     -5.840547    
  3.147882     -5.840559    
  3.148729     -5.842876    
  3.148816     -5.843364    
  3.150639     -5.849424    
  3.150726     -5.849957    
  3.151276     -5.852775    
  3.151363     -5.852881    
  3.153068     -5.858315    
  3.153155     -5.859555    
  3.153381     -5.860429    
  3.153434     -5.860617    
  3.153521     -5.861081    
  3.155016     -5.865609    
  3.155103     -5.865886    
  3.156074     -5.868839    
  3.156161     -5.871702    
  3.160418     -5.879008    
  3.164633     -5.900295    
  3.164720     -5.900238    
  3.165979     -5.901473    
  3.166066     -5.903598    
  3.168877     -5.914191    
  3.171670     -5.913268    
  3.171756     -5.922548    
  3.173578     -5.927621    
  3.173665     -5.930533    
  3.177077     -5.940834    
  3.180463     -5.957949    
  3.180550     -5.955948    
  3.181960     -5.963564    
  3.182047     -5.965142    
  3.184770     -5.973582    
  3.187477     -5.981850    
  3.187564     -5.982177    
  3.188338     -5.985465    
  3.188425     -5.985462    
  3.189356     -5.989421    
  3.189443     -5.990813    
  3.191119     -5.998769    
  3.191206     -5.998079    
  3.192224     -6.000794    
  3.192311     -5.996397    
  3.194885     -6.007371    
  3.194972     -6.009046    
  3.196916     -6.015883    
  3.197003     -6.013115    
  3.200094     -6.028714    
  3.203162     -6.038385    
  3.203250     -6.039366    
  3.204674     -6.040718    
  3.204761     -6.039923    
  3.207365     -6.055994    
  3.207452     -6.052844    
  3.209994     -6.064708    
  3.212521     -6.055353    
  3.215033     -6.035662    
  3.217531     -5.539814    
  3.217618     -5.564766    
  3.218164     -5.626736    
  3.218251     -5.646737    
  3.218329     -5.660664    
  3.218415     -5.741766    
  3.222383     -6.128085    
  3.226315     -6.123897    
  3.230212     -6.137204    
  3.234074     -6.146572    
  3.237901     -6.160248    
  3.241696     -6.173521    
  3.245457     -6.189334    
  3.249187     -6.202213    
  3.249274     -6.201472    
  3.251238     -6.208140    
  3.251325     -6.210380    
  3.251523     -6.211669    
  3.251610     -6.213195    
  3.254604     -6.222557    
  3.257576     -6.233945    
  3.260529     -6.242907    
  3.263462     -6.254666    
  3.263549     -6.252226    
  3.265995     -6.263423    
  3.268428     -6.272762    
  3.270847     -6.280021    
  3.273253     -6.270302    
  3.273340     -6.284710    
  3.276535     -6.300062    
  3.279706     -6.312215    
  3.279793     -6.314423    
  3.281662     -6.320005    
  3.281749     -6.319657    
  3.285833     -6.335468    
  3.285920     -6.334865    
  3.289028     -6.344816    
  3.289115     -6.345957    
  3.291415     -6.354336    
  3.291501     -6.352114    
  3.293929     -6.364332    
  3.296343     -6.372362    
  3.298744     -6.381830    
  3.301132     -6.389347    
  3.301219     -6.389304    
  3.305074     -6.403957    
  3.305161     -6.402261    
  3.305985     -6.402917    
  3.306072     -6.402383    
  3.306887     -6.409358    
  3.306974     -6.411115    
  3.309850     -6.422073    
  3.309937     -6.420551    
  3.310624     -6.421985    
  3.310710     -6.422741    
  3.311825     -6.427772    
  3.311912     -6.427642    
  3.312012     -6.427638    
  3.312099     -6.427169    
  3.314648     -6.434544    
  3.317181     -6.442586    
  3.319700     -6.452633    
  3.322204     -6.465448    
  3.324695     -6.471362    
  3.327170     -6.478463    
  3.329632     -6.487268    
  3.332080     -6.491474    
  3.334514     -6.509583    
  3.336935     -6.514898    
  3.339342     -6.513521    
  3.341736     -6.538262    
  3.344117     -6.532232    
  3.346485     -6.550837    
  3.348840     -6.542340    
  3.351182     -6.564244    
  3.351269     -6.557543    
  3.354866     -6.574696    
  3.358433     -6.583268    
  3.361971     -6.600735    
  3.365480     -6.623255    
  3.365567     -6.589289    
  3.367434     -6.610360    
  3.367521     -6.611597    
  3.370087     -6.626113    
  3.372609     -6.645545    
  3.375118     -6.643194    
  3.377612     -6.658226    
  3.377699     -6.665312    
  3.380754     -6.637965    
  3.383787     -6.672468    
  3.386800     -6.691654    
  3.389792     -6.700276    
  3.389879     -6.699509    
  3.392466     -6.709973    
  3.395039     -6.717618    
  3.395126     -6.716466    
  3.397959     -6.727519    
  3.398046     -6.729222    
  3.398416     -6.731001    
  3.398503     -6.736410    
  3.400855     -6.725161    
  3.400942     -6.743771    
  3.402428     -6.709166    
  3.402515     -6.670095    
  3.404126     -6.720301    
  3.404213     -6.720140    
  3.406921     -6.757750    
  3.409611     -6.771022    
  3.412285     -6.779187    
  3.414942     -6.788767    
  3.415029     -6.789941    
  3.419186     -6.801090    
  3.423303     -6.818595    
  3.427382     -6.833108    
  3.431422     -6.845569    
  3.431509     -6.845543    
  3.434904     -6.861862    
  3.438273     -6.808953    
  3.441616     -6.833719    
  3.444934     -6.898485    
  3.445021     -6.892940    
  3.447484     -6.903819    
  3.449934     -6.911516    
  3.450021     -6.911638    
  3.452474     -6.920049    
  3.454914     -6.926308    
  3.455001     -6.922018    
  3.457947     -6.940693    
  3.460873     -6.950067    
  3.463780     -6.960192    
  3.466667     -6.969232    
  3.466754     -6.967621    
  3.467583     -6.971945    
  3.467670     -6.973071    
  3.469453     -6.977753    
  3.469505     -6.977664    
  3.469592     -6.977927    
  3.469843     -6.978958    
  3.469930     -6.979419    
  3.471179     -6.983517    
  3.471266     -6.983576    
  3.474100     -6.995421    
  3.474187     -6.996491    
  3.476423     -7.005946    
  3.478648     -6.945501    
  3.480861     -7.016234    
  3.483063     -7.020500    
  3.483150     -7.017911    
  3.485959     -7.038690    
  3.488749     -7.046282    
  3.491522     -7.056707    
  3.494277     -7.064800    
  3.494364     -7.064610    
  3.496766     -7.071841    
  3.499154     -7.082874    
  3.501530     -7.089962    
  3.503893     -7.106806    
  3.506243     -7.066072    
  3.508580     -6.876841    
  3.510905     -7.081981    
  3.513217     -7.126202    
  3.513304     -7.123739    
  3.515963     -7.140304    
  3.518606     -7.152639    
  3.521233     -7.157952    
  3.523845     -7.165876    
  3.526440     -7.172042    
  3.529020     -7.188452    
  3.531585     -7.195389    
  3.534135     -7.205502    
  3.534222     -7.205118    
  3.536649     -7.215701    
  3.539062     -7.218218    
  3.541462     -7.229230    
  3.543849     -7.236557    
  3.543936     -7.235713    
  3.544500     -7.237574    
  3.544586     -7.236269    
  3.547376     -7.249178    
  3.550148     -7.257671    
  3.550235     -7.257840    
  3.552940     -7.266716    
  3.555627     -7.275495    
  3.555714     -7.276765    
  3.556728     -7.281836    
  3.556815     -7.282586    
  3.557696     -7.285350    
  3.557783     -7.284793    
  3.558846     -7.287621    
  3.558933     -7.288602    
  3.559110     -7.289695    
  3.559197     -7.290247    
  3.559291     -7.290844    
  3.559378     -7.292372    
  3.560851     -7.296279    
  3.560938     -7.295493    
  3.561019     -7.295566    
  3.561106     -7.295628    
  3.561368     -7.296252    
  3.561455     -7.296600    
  3.561549     -7.296938    
  3.561702     -7.297454    
  3.561789     -7.297678    
  3.562293     -7.300513    
  3.565681     -7.312301    
  3.565768     -7.312204    
  3.568672     -7.322719    
  3.571556     -7.334033    
  3.574422     -7.345200    
  3.577268     -7.349887    
  3.580096     -7.360487    
  3.582906     -7.370317    
  3.585698     -7.377362    
  3.588471     -7.390262    
  3.591228     -7.399501    
  3.593966     -7.403435    
  3.596688     -7.409967    
  3.599393     -7.431584    
  3.602081     -7.430403    
  3.604752     -7.439723    
  3.607407     -7.444076    
  3.610046     -7.463222    
  3.610133     -7.466009    
  3.612394     -7.470641    
  3.614642     -7.483488    
  3.616880     -7.472116    
  3.619105     -7.492404    
  3.621319     -7.497882    
  3.623523     -7.509836    
  3.625715     -7.508221    
  3.627896     -7.513846    
  3.627982     -7.516425    
  3.630428     -7.525176    
  3.632293     -7.541879    
  3.632379     -7.542475    
  3.635363     -7.552100    
  3.638325     -7.560326    
  3.641268     -7.545840    
  3.644191     -7.568801    
  3.644278     -7.576496    
  3.646967     -7.592126    
  3.649640     -7.599249    
  3.652297     -7.609187    
  3.654938     -7.615675    
  3.655025     -7.613912    
  3.657211     -7.609450    
  3.659385     -7.629436    
  3.659472     -7.583514    
  3.663615     -7.640763    
  3.663702     -7.639970    
  3.666918     -7.645283    
  3.670110     -7.666406    
  3.670197     -7.700877    
  3.674031     -7.206823    
  3.677831     -7.690005    
  3.681598     -7.705591    
  3.685333     -7.722200    
  3.685420     -7.726540    
  3.688862     -7.693646    
  3.688948     -7.643263    
  3.690731     -7.691871    
  3.690818     -7.688353    
  3.691459     -7.705031    
  3.691546     -7.731391    
  3.694812     -7.701977    
  3.694898     -7.711763    
  3.695365     -7.726631    
  3.695452     -7.728561    
  3.695518     -7.730143    
  3.695605     -7.735548    
  3.698701     -7.763040    
  3.701776     -7.773317    
  3.704828     -7.783726    
  3.707860     -7.795087    
  3.710870     -7.803516    
  3.712650     -7.810033    
  3.713860     -7.813339    
  3.716830     -7.824001    
  3.719779     -7.833122    
  3.719866     -7.834700    
  3.723198     -7.844654    
  3.726504     -7.856524    
  3.729786     -7.866062    
  3.733043     -7.874101    
  3.733130     -7.873721    
  3.736895     -7.781102    
  3.740628     -7.909434    
  3.740715     -7.898232    
  3.743507     -7.912490    
  3.746281     -7.921130    
  3.749037     -7.929721    
  3.751777     -7.936958    
  3.751863     -7.929174    
  3.754658     -7.947466    
  3.754745     -7.949714    
  3.755217     -7.951436    
  3.755304     -7.951613    
  3.755522     -7.952158    
  3.755609     -7.952344    
  3.758467     -7.962669    
  3.761306     -7.973693    
  3.764127     -7.982412    
  3.766929     -7.993294    
  3.769713     -8.001079    
  3.772480     -8.009454    
  3.775229     -8.014381    
  3.777961     -8.024561    
  3.778048     -8.025743    
  3.778151     -8.025766    
  3.781161     -8.033834    
  3.784252     -8.047738    
  3.787320     -8.053596    
  3.790368     -8.059046    
  3.793394     -8.074000    
  3.796399     -8.088045    
  3.799384     -8.093063    
  3.802348     -8.103003    
  3.802435     -8.090576    
  3.806009     -8.117075    
  3.806096     -8.121790    
  3.809815     -8.121980    
  3.809902     -8.124064    
  3.811377     -8.133268    
  3.811464     -8.132931    
  3.811517     -8.133273    
  3.811568     -8.133592    
  3.811655     -8.135181    
  3.814154     -8.137476    
  3.816638     -8.156174    
  3.819108     -7.920867    
  3.821564     -8.067574    
  3.821651     -8.104519    
  3.825835     -8.184474    
  3.829979     -8.185922    
  3.834084     -8.206331    
  3.838150     -8.224862    
  3.838237     -8.225112    
  3.840994     -8.213982    
  3.843735     -8.235081    
  3.846458     -8.243538    
  3.849164     -8.261248    
  3.851853     -8.267304    
  3.854526     -8.279641    
  3.857182     -8.276156    
  3.859823     -8.258278    
  3.859910     -8.269883    
  3.862754     -8.295241    
  3.865581     -8.313780    
  3.868389     -8.322243    
  3.871179     -8.327218    
  3.871266     -8.328312    
  3.873695     -8.337093    
  3.876111     -8.344068    
  3.878513     -8.351978    
  3.880902     -8.358243    
  3.880989     -8.340585    
  3.884377     -8.324454    
  3.887739     -8.375019    
  3.891076     -8.395620    
  3.894387     -8.402912    
  3.894474     -8.406161    
  3.898660     -8.416202    
  3.898747     -8.416381    
  3.901486     -8.421825    
  3.904208     -8.439464    
  3.904295     -8.436207    
  3.905384     -8.436468    
  3.905471     -8.438332    
  3.908472     -8.450630    
  3.908559     -8.452051    
  3.912193     -8.458861    
  3.912280     -8.457789    
  3.913068     -8.461892    
  3.913155     -8.462266    
  3.913273     -8.462754    
  3.913714     -8.464390    
  3.913769     -8.464494    
  3.913842     -8.464683    
  3.913889     -8.464796    
  3.913972     -8.471410    
  3.916915     -8.454885    
  3.917002     -8.458448    
  3.919240     -8.423633    
  3.921466     -8.466776    
  3.923680     -8.501479    
  3.925884     -8.508776    
  3.928076     -8.512695    
  3.930258     -8.522194    
  3.934588     -8.530067    
  3.938875     -8.548817    
  3.943121     -8.556695    
  3.947325     -8.571945    
  3.951490     -8.578732    
  3.955614     -8.594101    
  3.959700     -8.612501    
  3.963748     -8.617973    
  3.967758     -8.637715    
  3.971732     -8.584079    
  3.975669     -8.606975    
  3.979571     -8.679407    
  3.983439     -8.675087    
  3.983526     -8.682340    
  3.987126     -8.689806    
  3.990697     -8.705621    
  3.994239     -8.714720    
  3.997752     -8.729692    
  3.997838     -8.731831    
  4.000147     -8.741841    
  4.002444     -8.745921    
  4.004728     -8.800834    
  4.007001     -8.273971    
  4.009262     -8.400217    
  4.011511     -8.692274    
  4.013748     -8.755245    
  4.015974     -8.782644    
  4.018189     -8.795824    
  4.020392     -8.779305    
  4.022585     -8.798404    
  4.024766     -8.803002    
  4.029096     -8.831643    
  4.033383     -8.843355    
  4.033470     -8.844559    
  4.034774     -8.846673    
  4.034861     -8.847496    
  4.038365     -8.852577    
  4.038452     -8.853685    
  4.040802     -8.839912    
  4.043140     -8.863227    
  4.045465     -8.866235    
  4.047778     -8.875654    
  4.047865     -8.879522    
  4.051277     -8.897733    
  4.054632     -8.907070    
  4.057962     -8.917901    
  4.061267     -8.929147    
  4.061354     -8.934985    
  4.065579     -8.888486    
  4.069764     -8.795436    
  4.073909     -8.973051    
  4.078015     -8.984758    
  4.078102     -8.981700    
  4.080241     -8.984362    
  4.080328     -8.985404    
  4.080857     -8.986929    
  4.080944     -8.987018    
  4.081009     -8.987154    
  4.081054     -8.987448    
  4.082194     -8.989453    
  4.082281     -8.988106    
  4.084738     -8.990714    
  4.087181     -9.004659    
  4.089611     -9.011108    
  4.092028     -9.023062    
  4.094430     -9.027674    
  4.096820     -9.028728    
  4.099197     -9.044527    
  4.101560     -9.042507    
  4.101647     -9.047713    
  4.104844     -9.064534    
  4.108018     -9.059922    
  4.111169     -9.026548    
  4.114297     -9.073950    
  4.117403     -9.104007    
  4.120486     -9.104534    
  4.123548     -9.115995    
  4.126589     -9.119868    
  4.129608     -9.135679    
  4.132606     -9.137753    
  4.135584     -9.151324    
  4.138542     -9.160540    
  4.141479     -9.167516    
  4.144397     -9.175783    
  4.147296     -9.181507    
  4.150175     -9.195150    
  4.150262     -9.196831    
  4.153103     -9.208183    
  4.155926     -9.211189    
  4.156013     -9.204533    
  4.158103     -9.205735    
  4.158190     -9.217622    
  4.161727     -9.228164    
  4.161814     -9.225927    
  4.163762     -9.229671    
  4.163849     -9.233132    
  4.166200     -9.250474    
  4.168538     -9.257284    
  4.170864     -9.202875    
  4.173177     -9.211481    
  4.175478     -9.231621    
  4.177767     -9.284153    
  4.180044     -9.291679    
  4.182309     -9.298909    
  4.184563     -9.304796    
  4.186804     -9.311009    
  4.189034     -9.315086    
  4.191253     -9.317024    
  4.193461     -9.322595    
  4.195657     -9.338860    
  4.197842     -9.327259    
  4.200017     -9.332648    
  4.204333     -9.356280    
  4.208607     -9.377598    
  4.212839     -9.382092    
  4.217030     -9.395850    
  4.221182     -9.407427    
  4.225294     -9.425833    
  4.229367     -9.417602    
  4.233402     -9.425714    
  4.233489     -9.426683    
  4.235773     -9.442419    
  4.238044     -9.464904    
  4.240303     -9.469194    
  4.242551     -9.466522    
  4.244787     -9.482227    
  4.247012     -9.476649    
  4.249225     -9.490655    
  4.251427     -9.492825    
  4.251514     -9.498258    
  4.255198     -9.512952    
  4.258852     -9.523672    
  4.262474     -9.521023    
  4.266067     -9.543116    
  4.266154     -9.539990    
  4.268659     -9.579883    
  4.271149     -9.342680    
  4.273626     -9.171271    
  4.276088     -9.345560    
  4.278536     -9.537517    
  4.280971     -9.576637    
  4.283392     -9.594834    
  4.285800     -9.603235    
  4.288194     -9.607143    
  4.290575     -9.602895    
  4.292943     -9.614958    
  4.295299     -9.625635    
  4.297641     -9.639635    
  4.299971     -9.644561    
  4.302289     -9.649900    
  4.304595     -9.654883    
  4.306888     -9.663973    
  4.309169     -9.671277    
  4.311438     -9.653028    
  4.313695     -9.682749    
  4.315941     -9.687872    
  4.318175     -9.693223    
  4.320398     -9.703735    
  4.322610     -9.707657    
  4.324810     -9.711255    
  4.326999     -9.715218    
  4.329177     -9.723114    
  4.331345     -9.733940    
  4.335647     -9.740989    
  4.339907     -9.738282    
  4.339994     -9.748252    
  4.343342     -9.690803    
  4.346664     -9.767642    
  4.349961     -9.789785    
  4.353233     -9.795348    
  4.353320     -9.800304    
  4.356074     -9.800847    
  4.356161     -9.795829    
  4.357582     -9.804689    
  4.357669     -9.809125    
  4.360507     -9.813320    
  4.363326     -9.830841    
  4.366127     -9.830888    
  4.368910     -9.840644    
  4.371675     -9.838516    
  4.374422     -9.841347    
  4.377153     -9.857679    
  4.379866     -9.868896    
  4.382563     -9.882752    
  4.385243     -9.890492    
  4.387906     -9.897138    
  4.390553     -9.902796    
  4.393185     -9.902159    
  4.395800     -9.921133    
  4.398400     -9.927247    
  4.400984     -9.935050    
  4.403553     -9.943085    
  4.406107     -9.947399    
  4.408646     -9.953184    
  4.411170     -9.954446    
  4.413679     -9.966981    
  4.416174     -9.974986    
  4.418655     -9.987693    
  4.421122     -9.957945    
  4.423575     -9.980150    
  4.426014     -10.00164    
  4.428439     -10.01152    
  4.430851     -10.01801    
  4.433250     -10.00960    
  4.435636     -10.02524    
  4.438008     -10.04157    
  4.440368     -10.04490    
  4.440455     -10.04736    
  4.442834     -10.04942    
  4.445201     -10.05976    
  4.445288     -10.06221    
  4.447569     -10.06257    
  4.449839     -10.08059    
  4.452097     -10.01692    
  4.454343     -9.974075    
  4.456578     -10.06833    
  4.458801     -10.09277    
  4.461013     -10.09436    
  4.463213     -10.09510    
  4.465403     -10.11314    
  4.467581     -10.12176    
  4.471906     -10.13202    
  4.476188     -10.14975    
  4.480428     -10.08237    
  4.512937     -10.21886    
  4.513024     -10.24734    
  4.514610     -10.25903    
  4.514697     -10.25867    
  4.515945     -10.26005    
  4.516032     -10.26175    
  4.585469     -10.44809    
  4.585556     -10.44681    
  4.648489     -10.61448    
  4.648576     -10.62484    
  4.649548     -10.62815    
  4.649635     -10.63057    
  4.649838     -10.63199    
  4.649925     -10.60737    
  4.709765     -10.77131    
  4.709852     -10.79720    
  4.765753     -10.93144    
  4.765822     -10.94700    
  4.765909     -10.94159    
  4.818480     -11.09976    
  4.818567     -11.08868    
  4.868094     -11.21063    
  4.868152     -11.22147    
  4.868214     -11.20966    
  4.915089     -11.36056    
  4.915176     -11.35129    
  4.959449     -11.47312    
  4.959536     -11.46394    
  4.959642     -11.46049    
  4.959729     -11.46665    
  5.002021     -11.54406    
  5.002108     -11.58437    
  5.041986     -11.70072    
  5.042072     -11.72008    
  5.042428     -11.72106    
  5.042515     -11.69108    
  5.081038     -11.78730    
  5.081125     -11.79030    
  5.117569     -11.89056    
  5.117655     -11.91750    
  5.118005     -11.91187    
  5.118092     -11.85783    
  5.153462     -12.00011    
  5.153549     -11.97864    
  5.187204     -12.09215    
  5.187290     -12.08186    
  5.187529     -12.07992    
  5.187616     -12.07402    
  5.251180     -12.22707    
  5.251266     -12.23577    
  5.251931     -12.24236    
  5.252018     -12.24270    
  5.311750     -12.39623    
  5.311837     -12.40718    
  5.311944     -12.39454    
  5.614629     -13.19788    
  5.791270     -13.68395    
  6.013559     -14.28636    
  6.269124     -14.97871    
  6.545503     -15.73282    
  6.833661     -16.52068    
  7.128110     -17.33580    
  7.425812     -18.17801    
  7.725168     -19.05546    
  8.025358     -19.99991    
  8.325968     -21.10460    
  8.626788     -22.83728    
  8.927713    -100.00000    
