 0.6989700    -100.00000    
 0.7247828    -100.00000    
 0.7491470    -100.00000    
 0.7722168     -22.87045    
 0.7941226    -100.00000    
 0.8348744    -100.00000    
 0.8721282    -100.00000    
 0.9064373     -17.15833    
 0.9382333     -16.11208    
 0.9678594     -15.34942    
 0.9955930     -14.76132    
  1.021661     -14.30062    
  1.046253     -13.93909    
  1.069527     -13.65773    
  1.091616     -13.45046    
  1.132686     -13.17998    
  1.170205     -13.09415    
  1.204739     -13.16541    
  1.236728     -13.36747    
  1.266522     -13.67610    
  1.294403     -14.05282    
  1.320601     -14.42417    
  1.345308     -14.69406    
  1.368685     -14.82355    
  1.390867     -14.85891    
  1.390954     -14.85324    
  1.407231     -14.84343    
  1.407318     -14.84355    
  1.416604     -14.82615    
  1.416691     -14.82741    
  1.434239     -14.78730    
  1.434325     -14.78184    
  1.438732     -14.76455    
  1.438819     -14.76436    
  1.442990     -14.74732    
  1.443077     -14.76448    
  1.465932     -14.61938    
  1.466019     -14.60252    
  1.466567     -14.59749    
  1.466654     -14.63508    
  1.485460     -14.37058    
  1.485547     -14.34207    
  1.485843     -14.33659    
  1.485930     -14.38034    
  1.499937     -14.04327    
  1.500023     -14.05357    
  1.502811     -13.55768    
  1.502898     -14.18747    
  1.515152     -13.68185    
  1.515239     -13.75899    
  1.538911     -13.35730    
  1.538998     -13.36863    
  1.541754     -13.34740    
  1.541841     -13.22815    
  1.544410     -14.89270    
  1.544497     -14.24456    
  1.546755     -13.20255    
  1.546842     -13.30321    
  1.568094     -13.14857    
  1.568181     -13.13639    
  1.576102     -13.06969    
  1.576189     -13.06749    
  1.577032     -13.06026    
  1.577119     -13.06154    
  1.586189     -12.98206    
  1.586276     -12.97962    
  1.587530     -12.96866    
  1.587617     -12.97358    
  1.602078     -12.84120    
  1.602165     -12.81001    
  1.604747     -12.87982    
  1.604834     -12.95338    
  1.629405     -12.54931    
  1.629492     -12.55246    
  1.633100     -12.51109    
  1.633187     -12.50537    
  1.643761     -12.36896    
  1.643848     -12.36713    
  1.646889     -12.32724    
  1.646976     -12.32924    
  1.653070     -12.25188    
  1.653157     -12.26602    
  1.667964     -12.05498    
  1.668051     -12.04025    
  1.673067     -11.96584    
  1.673154     -11.96411    
  1.673452     -11.95874    
  1.673539     -11.91020    
  1.683736     -11.72344    
  1.683823     -11.56348    
  1.689301     -11.65877    
  1.689388     -11.69677    
  1.690173     -11.67334    
  1.690260     -11.69072    
  1.691919     -11.61381    
  1.692006     -11.62648    
  1.709636     -11.41228    
  1.709723     -11.38639    
  1.714846     -11.30434    
  1.714933     -11.29987    
  1.717233     -11.25976    
  1.717320     -11.25578    
  1.717576     -11.24503    
  1.717663     -11.23939    
  1.719536     -11.22586    
  1.719623     -11.22221    
  1.721805     -11.18953    
  1.721892     -11.18637    
  1.725295     -11.13453    
  1.725382     -8.097072    
  1.731154     -8.221333    
  1.731241     -8.625474    
  1.731758     -9.149879    
  1.731845     -9.794373    
  1.732294     -8.656733    
  1.732381     -7.258697    
  1.735217     -7.682429    
  1.735304     -8.678035    
  1.746841     -8.819999    
  1.746929     -7.675679    
  1.747807     -8.345930    
  1.747894     -8.638241    
  1.753972    -100.00000    
  1.754058     -10.26984    
  1.756978     -9.265269    
  1.757065     -9.090266    
  1.762907     -8.319354    
  1.762994     -8.248968    
  1.763503     -7.570465    
  1.763590     -7.456001    
  1.765957     -8.106749    
  1.766044     -7.699383    
  1.768505     -9.038362    
  1.768592     -7.278395    
  1.776113    -100.00000    
  1.776200     -8.474653    
  1.781285     -8.739943    
  1.781372     -7.962783    
  1.781946     -8.240781    
  1.782033     -8.260661    
  1.786409    -100.00000    
  1.786495     -9.536375    
  1.788161     -9.076519    
  1.788248     -8.651626    
  1.789372     -8.999275    
  1.789459     -9.256648    
  1.792246     -9.250733    
  1.792333    -100.00000    
  1.800765     -7.341270    
  1.800851     -7.368527    
  1.809708     -7.494345    
  1.809795     -7.267680    
  1.810144     -7.413739    
  1.810231    -100.00000    
  1.814042     -7.165467    
  1.814129     -7.163698    
  1.834747    -100.00000    
  1.834834    -100.00000    
  1.838907     -7.660515    
  1.838994     -8.032626    
  1.840414    -100.00000    
  1.840501    -100.00000    
  1.842703     -7.927185    
  1.842790     -8.032342    
  1.844125     -8.951330    
  1.844212     -9.238718    
  1.857265     -7.810859    
  1.857352     -8.907108    
  1.870233     -8.986611    
  1.870320     -8.944667    
  1.871306     -8.829586    
  1.871393     -8.835910    
  1.872072     -8.796661    
  1.872158     -8.700324    
  1.873424     -8.921126    
  1.873511     -8.871078    
  1.880831     -8.215331    
  1.880918     -8.443971    
  1.887368     -7.949068    
  1.887455     -7.883740    
  1.899003     -7.863405    
  1.899090     -7.697593    
  1.905821     -7.558423    
  1.905908     -7.475370    
  1.911657     -7.681757    
  1.911744     -7.748247    
  1.912227     -7.608313    
  1.912313     -7.544240    
  1.913955     -7.409774    
  1.914042     -6.150868    
  1.924238     -6.181742    
  1.924325     -6.885273    
  1.925856     -6.631835    
  1.925943     -6.558692    
  1.926709     -6.593184    
  1.926796     -6.450672    
  1.926846     -6.430912    
  1.926932     -6.384165    
  1.927461     -6.329223    
  1.927548     -6.160434    
  1.930771     -5.444102    
  1.930858     -6.373477    
  1.933873     -6.674083    
  1.933960    -100.00000    
  1.936983     -5.615124    
  1.937070     -5.555274    
  1.938051     -6.077355    
  1.938138     -5.887906    
  1.940777     -5.847700    
  1.940864     -5.247127    
  1.955697    -100.00000    
  1.955784     -5.827626    
  1.959855     -5.901158    
  1.959942     -5.887972    
  1.963545     -6.110270    
  1.963632     -5.877720    
  1.974225     -5.750010    
  1.974312     -5.756860    
  1.974387     -5.760263    
  1.974474     -5.774501    
  1.977192     -5.466018    
  1.977279     -6.176389    
  1.985828     -4.937477    
  1.994212     -5.438620    
  1.994299     -4.819386    
  1.996552     -4.228633    
  1.996639     -4.322275    
  1.997939     -4.270296    
  1.998026     -4.384629    
  2.000182     -4.887454    
  2.000268     -4.640087    
  2.007421     -5.187387    
  2.007508     -6.469222    
  2.009100     -4.913308    
  2.009187     -4.833599    
  2.009352     -4.809965    
  2.009439     -4.774629    
  2.009543     -4.998522    
  2.017372     -5.091699    
  2.017459     -5.402628    
  2.026471     -4.202044    
  2.026558     -4.340878    
  2.028108     -5.630369    
  2.028195     -3.989612    
  2.036643     -3.856381    
  2.044930     -3.565732    
  2.053061     -4.227773    
  2.061043     -3.639503    
  2.061130     -3.567596    
  2.067104    -100.00000    
  2.067191     -4.847650    
  2.068339     -4.143784    
  2.068426     -4.084481    
  2.076209     -3.821829    
  2.076296     -3.821152    
  2.086927     -3.683855    
  2.097304     -3.498341    
  2.097391     -3.548053    
  2.100294     -3.291771    
  2.100380     -3.231180    
  2.101519     -3.348437    
  2.101605     -3.374726    
  2.102584     -3.332135    
  2.102671     -3.316373    
  2.104539     -3.446865    
  2.104626     -3.409966    
  2.106101     -3.376073    
  2.106187     -3.376518    
  2.111508     -3.594459    
  2.111595     -3.501479    
  2.111941     -3.449552    
  2.112028     -3.484554    
  2.124229     -3.425778    
  2.124316     -3.262376    
  2.124942     -3.533299    
  2.125029     -3.602614    
  2.126973     -3.341395    
  2.127060     -3.333520    
  2.127658     -3.336882    
  2.127745     -3.369760    
  2.131986     -3.286197    
  2.132073     -3.446425    
  2.137486     -3.936482    
  2.137573     -3.588087    
  2.141450     -3.400097    
  2.141537     -3.380936    
  2.141662     -3.335980    
  2.141749     -3.346467    
  2.149371    -100.00000    
  2.149458     -4.498200    
  2.150293     -4.543130    
  2.150380     -4.896796    
  2.150508     -5.316431    
  2.154246     -4.051477    
  2.154333     -3.556299    
  2.156640     -4.864891    
  2.156727     -4.153237    
  2.156827     -4.082708    
  2.158960     -3.600324    
  2.159047     -3.888732    
  2.168055     -5.254852    
  2.168141     -4.180172    
  2.177604     -3.994894    
  2.177690     -4.577164    
  2.181731     -4.524073    
  2.181818     -4.193512    
  2.184198     -4.154327    
  2.184285     -4.344089    
  2.188445     -4.262296    
  2.188532     -4.197826    
  2.191911     -4.707296    
  2.191997     -4.410957    
  2.204170     -4.165705    
  2.204257     -4.097067    
  2.213352     -4.368880    
  2.213439     -3.954601    
  2.217837     -3.991710    
  2.217924     -4.144335    
  2.218030     -4.290032    
  2.218315     -4.237997    
  2.218402     -4.623520    
  2.218688     -5.184540    
  2.218775     -4.259389    
  2.225403     -4.660728    
  2.231931     -3.790979    
  2.232018     -4.385954    
  2.234695     -4.178694    
  2.234781     -4.257315    
  2.239617     -4.009277    
  2.239704     -4.029986    
  2.245345     -4.397866    
  2.245432     -4.394901    
  2.250721     -4.144848    
  2.250808     -4.120351    
  2.252069     -4.611943    
  2.252156     -4.250006    
  2.253696     -3.866826    
  2.253782     -3.995271    
  2.257177     -4.007444    
  2.260545     -3.988616    
  2.260632     -4.036225    
  2.263836     -4.115343    
  2.267016     -4.201695    
  2.267103    -100.00000    
  2.270490     -3.563668    
  2.270577     -4.487796    
  2.271628     -4.394736    
  2.271715     -4.021772    
  2.275818     -3.877346    
  2.275905     -3.811637    
  2.278364     -3.927418    
  2.280809     -3.990240    
  2.280896     -3.903507    
  2.283804     -4.191229    
  2.283891     -3.979447    
  2.284781     -4.074553    
  2.284868     -4.000431    
  2.286288     -3.885663    
  2.286375     -3.869778    
  2.286786     -3.876104    
  2.286873     -3.900295    
  2.289459     -4.228832    
  2.292031     -4.206742    
  2.294586     -3.871022    
  2.297128     -3.777683    
  2.297214     -3.824942    
  2.297982     -3.820182    
  2.298069     -3.761837    
  2.300085     -3.980848    
  2.302092     -4.208045    
  2.304090     -4.092494    
  2.306078     -3.805065    
  2.306165     -3.813507    
  2.308268     -4.439509    
  2.309316     -4.061674    
  2.310361     -3.812956    
  2.311404     -4.362981    
  2.312444     -4.104356    
  2.313482     -3.745212    
  2.314517     -4.401924    
  2.314604     -3.862300    
  2.315597     -4.038748    
  2.315684     -3.697457    
  2.316612     -3.892840    
  2.317538     -3.759107    
  2.318463     -3.631767    
  2.319385     -4.433496    
  2.320305     -3.949359    
  2.321224     -4.950748    
  2.322140     -3.927534    
  2.323055     -3.731670    
  2.323141     -4.133094    
  2.324295     -4.077712    
  2.325445     -4.096692    
  2.326592     -4.384821    
  2.327736     -3.851057    
  2.327823     -3.756507    
  2.328799     -3.731844    
  2.329773     -3.763115    
  2.330745     -3.799653    
  2.331714     -3.681843    
  2.331801     -3.585354    
  2.333101     -5.564374    
  2.333188     -4.128860    
  2.334187     -4.167651    
  2.335184     -4.174855    
  2.336179     -3.694505    
  2.337171     -4.011635    
  2.338161     -4.212334    
  2.339149     -3.695878    
  2.340135     -3.924831    
  2.341118     -3.777120    
  2.341205     -3.892485    
  2.341283     -3.885530    
  2.341370     -3.870702    
  2.341472     -3.832526    
  2.342320     -4.010492    
  2.343166     -4.371678    
  2.344011     -3.966162    
  2.344853     -3.595905    
  2.344940     -3.461496    
  2.345621     -4.636607    
  2.346301     -3.878290    
  2.346979     -4.258583    
  2.347657     -3.908526    
  2.348333     -3.935214    
  2.349009     -4.211370    
  2.349683     -3.843626    
  2.350356     -4.501963    
  2.350443     -4.343487    
  2.351331     -4.058016    
  2.352217     -3.535341    
  2.352659     -3.501225    
  2.353101     -3.769025    
  2.353542     -3.912822    
  2.353983     -3.970001    
  2.354070     -3.799194    
  2.354494     -3.622642    
  2.354917     -3.579607    
  2.355340     -3.587368    
  2.355762     -3.593639    
  2.355849     -3.594834    
  2.356283     -3.592712    
  2.356717     -3.538256    
  2.357149     -3.573396    
  2.357582     -3.701357    
  2.357669     -3.678093    
  2.362936     -3.848698    
  2.363023     -3.759208    
  2.376702     -3.736366    
  2.376789     -3.767517    
  2.381401     -3.602917    
  2.381488     -3.618285    
  2.381574     -3.630088    
  2.381660     -3.699901    
  2.384670     -3.667456    
  2.384757     -3.672280    
  2.387126     -4.082134    
  2.387213     -3.710415    
  2.396615     -3.694737    
  2.405819     -3.702704    
  2.405905     -3.630438    
  2.409345     -4.068464    
  2.409431     -4.214770    
  2.409967     -3.835378    
  2.410054     -3.771808    
  2.411501     -3.452214    
  2.411588     -3.449384    
  2.412778     -3.539386    
  2.412865     -3.593892    
  2.413098     -3.648613    
  2.413185     -3.679998    
  2.417228     -3.720498    
  2.417315     -3.711945    
  2.417448     -3.709904    
  2.417535     -3.695218    
  2.419545     -3.626602    
  2.419632     -3.640408    
  2.424108     -3.635450    
  2.424195     -3.729207    
  2.429911     -3.660135    
  2.429998     -3.714729    
  2.432147     -3.811157    
  2.432234     -3.866470    
  2.433514     -4.524194    
  2.433601     -4.066007    
  2.434762     -3.514202    
  2.434849     -3.522882    
  2.435182     -3.521327    
  2.435269     -3.519993    
  2.435570     -3.516872    
  2.435657     -3.548546    
  2.438099     -3.586762    
  2.438186     -3.614434    
  2.443115     -3.835750    
  2.443202     -3.795545    
  2.448046     -3.700158    
  2.448133     -4.517874    
  2.449372     -3.834965    
  2.449459     -3.755635    
  2.450924     -3.703275    
  2.451011     -3.610625    
  2.456026     -3.610752    
  2.456113     -3.656783    
  2.457105     -3.882289    
  2.457192     -4.222102    
  2.461170     -3.600726    
  2.461257     -3.592108    
  2.466286     -3.868365    
  2.466372     -3.506606    
  2.466976     -3.503159    
  2.467064     -3.602615    
  2.471828     -3.868067    
  2.471915     -3.699415    
  2.476442     -3.713130    
  2.476529     -3.677548    
  2.476628     -3.672979    
  2.476715     -3.671915    
  2.476977     -3.699652    
  2.477064     -3.718962    
  2.483465     -4.081331    
  2.483551     -3.839565    
  2.483824     -3.665462    
  2.483911     -3.615116    
  2.484130     -3.522947    
  2.484217     -3.464511    
  2.487600     -3.664423    
  2.490956     -3.761132    
  2.491043     -3.763088    
  2.493583     -3.814429    
  2.496107     -3.971714    
  2.496194     -3.748123    
  2.500074     -3.819243    
  2.503920     -3.795895    
  2.504007     -3.725393    
  2.504069     -3.723777    
  2.504156     -3.748890    
  2.506191     -3.770519    
  2.506278     -3.778601    
  2.506857     -3.866535    
  2.506943     -3.869511    
  2.507203     -3.896935    
  2.507290     -3.875227    
  2.511408     -3.856787    
  2.515486     -3.847668    
  2.515573     -3.780330    
  2.515719     -3.774951    
  2.515805     -3.772986    
  2.515872     -3.772221    
  2.515959     -3.774664    
  2.516943     -3.760915    
  2.517030     -3.756428    
  2.517941     -3.770255    
  2.518028     -3.775228    
  2.518445     -3.761106    
  2.518532     -3.915371    
  2.522095     -3.863558    
  2.525630     -3.784162    
  2.529136     -4.066802    
  2.532615     -3.720946    
  2.532701     -3.878432    
  2.536032     -4.133173    
  2.539337     -3.803331    
  2.539424     -3.678240    
  2.543132     -3.949115    
  2.546808     -3.845571    
  2.546895     -3.874746    
  2.547329     -3.900812    
  2.547416     -3.856317    
  2.551118     -3.993923    
  2.551204     -3.904445    
  2.554808     -4.233431    
  2.558382     -3.674881    
  2.558469     -3.766964    
  2.558869     -3.792171    
  2.558956     -3.793078    
  2.561557     -4.363310    
  2.561644     -3.801452    
  2.564082     -3.815718    
  2.566507     -3.906304    
  2.568917     -4.249481    
  2.571315     -3.758102    
  2.571402     -3.868031    
  2.571490     -3.873209    
  2.571576     -3.858508    
  2.574740     -4.148068    
  2.577880     -3.881358    
  2.580998     -4.037197    
  2.584094     -4.000316    
  2.587168     -3.905391    
  2.590220     -3.959184    
  2.593250     -3.992093    
  2.596260     -3.935623    
  2.596347     -3.965354    
  2.597646     -3.959507    
  2.597733     -3.927683    
  2.600542     -3.991249    
  2.603333     -4.001519    
  2.603420     -3.968697    
  2.606239     -3.976253    
  2.606324     -3.974784    
  2.606411     -3.963007    
  2.607237     -4.035567    
  2.607324     -3.952897    
  2.611491     -4.009549    
  2.615617     -3.992590    
  2.615704     -3.998238    
  2.619659     -4.130286    
  2.619746     -3.909672    
  2.620859     -3.926683    
  2.620946     -3.896780    
  2.621962     -5.067572    
  2.622049     -4.071100    
  2.625471     -3.885290    
  2.625557     -4.014235    
  2.626297     -3.883541    
  2.626384     -3.893094    
  2.627024     -3.891533    
  2.627111     -4.094974    
  2.630159     -3.935377    
  2.633186     -4.092795    
  2.633273     -4.094746    
  2.633585     -4.084088    
  2.633672     -4.078238    
  2.636750     -4.252455    
  2.639805     -3.977765    
  2.642840     -4.088573    
  2.645853     -4.257156    
  2.645940     -4.269033    
  2.646436     -4.140199    
  2.646523     -4.042994    
  2.648513     -4.012922    
  2.648600     -4.063852    
  2.650581     -4.116449    
  2.650668     -4.101055    
  2.652023     -4.110597    
  2.652110     -4.114241    
  2.653758     -4.155560    
  2.653845     -4.146483    
  2.654514     -4.160825    
  2.654601     -4.394342    
  2.655848     -4.445256    
  2.655935     -4.278931    
  2.656856     -3.942744    
  2.656943     -3.915738    
  2.659789     -4.107162    
  2.659876     -4.122520    
  2.661632     -4.163203    
  2.661711     -4.150519    
  2.661798     -4.141718    
  2.662838     -4.185643    
  2.662925     -4.172750    
  2.664288     -4.139589    
  2.665620     -4.146782    
  2.666947     -4.124960    
  2.668270     -4.169427    
  2.668357     -4.174438    
  2.669554     -4.191969    
  2.670748     -4.176924    
  2.670835     -4.199443    
  2.671974     -4.183764    
  2.673109     -4.328195    
  2.674242     -4.114692    
  2.675371     -4.178601    
  2.675458     -4.182404    
  2.676824     -4.222906    
  2.676911     -4.216307    
  2.677751     -4.227512    
  2.677838     -4.224649    
  2.679282     -4.231944    
  2.680721     -4.223394    
  2.682155     -4.215037    
  2.683585     -4.261693    
  2.683672     -4.217237    
  2.684694     -4.233304    
  2.685714     -4.250063    
  2.685801     -4.259539    
  2.685988     -4.267103    
  2.686075     -4.268567    
  2.686520     -4.262400    
  2.686607     -4.259350    
  2.687604     -4.256718    
  2.688599     -4.259520    
  2.688686     -4.265289    
  2.689315     -4.266925    
  2.689943     -4.273869    
  2.690571     -4.275741    
  2.691198     -4.270925    
  2.691823     -4.276010    
  2.692448     -4.276742    
  2.693072     -4.278864    
  2.693695     -4.278247    
  2.694317     -4.280063    
  2.694939     -4.276487    
  2.695559     -4.279379    
  2.696179     -4.269774    
  2.696797     -4.258916    
  2.697415     -4.246599    
  2.698032     -4.262226    
  2.698648     -4.309669    
  2.698717     -4.334390    
  2.698803     -4.341911    
  2.699142     -4.343967    
  2.699229     -4.349867    
  2.700077     -4.264554    
  2.700500     -4.228085    
  2.700923     -4.226954    
  2.701345     -4.240038    
  2.701767     -4.241914    
  2.702189     -4.256034    
  2.702610     -4.269658    
  2.702697     -4.283149    
  2.706323     -4.323441    
  2.706410     -4.283977    
  2.708352     -4.509714    
  2.708438     -4.446003    
  2.709271     -4.223500    
  2.709358     -4.162733    
  2.712230     -4.290139    
  2.712317     -4.305846    
  2.716395     -4.353112    
  2.716481     -4.338806    
  2.716568     -4.339926    
  2.718970     -4.364958    
  2.721359     -4.209272    
  2.721446     -4.252376    
  2.721792     -4.269673    
  2.721879     -4.278821    
  2.724957     -4.387605    
  2.725044     -4.374798    
  2.728368     -4.388368    
  2.728455     -4.392376    
  2.728556     -4.393353    
  2.728643     -4.393277    
  2.730036     -4.401102    
  2.730123     -4.416394    
  2.733020     -4.387072    
  2.735898     -4.414069    
  2.735985     -4.417233    
  2.736079     -4.420739    
  2.737059     -4.405838    
  2.737146     -4.406021    
  2.740300     -4.436900    
  2.740387     -4.432909    
  2.744215     -4.436482    
  2.748009     -4.450477    
  2.751770     -4.444506    
  2.755499     -4.461602    
  2.755586     -4.463498    
  2.758474     -4.482700    
  2.758561     -4.493802    
  2.759027     -4.503693    
  2.759113     -4.498424    
  2.759268     -4.493789    
  2.759355     -4.492980    
  2.759911     -4.484622    
  2.759997     -4.481007    
  2.760747     -4.491116    
  2.760833     -4.492298    
  2.762307     -4.507079    
  2.762394     -4.504596    
  2.764577     -4.499150    
  2.764664     -4.512741    
  2.765400     -4.505433    
  2.765487     -4.501478    
  2.765755     -4.502207    
  2.765842     -4.506674    
  2.767568     -4.524279    
  2.767655     -4.525926    
  2.771767     -4.520458    
  2.775841     -4.547912    
  2.775928     -4.534856    
  2.777541     -4.548345    
  2.777628     -4.546543    
  2.781421     -4.572168    
  2.781508     -4.566030    
  2.784445     -4.553289    
  2.787363     -4.576564    
  2.787450     -4.568414    
  2.789348     -4.580769    
  2.789435     -4.590843    
  2.792054     -4.579008    
  2.792141     -4.581639    
  2.795962     -4.611998    
  2.796049     -4.590221    
  2.798395     -4.595297    
  2.800729     -4.604646    
  2.803050     -4.599264    
  2.805359     -4.662416    
  2.807656     -4.640483    
  2.809941     -4.635826    
  2.812213     -4.639420    
  2.814474     -4.671375    
  2.814561     -4.650934    
  2.815775     -4.664177    
  2.815862     -4.671194    
  2.816430     -4.679687    
  2.816517     -4.651022    
  2.818570     -4.683388    
  2.818657     -4.701295    
  2.821422     -4.682402    
  2.824169     -4.703042    
  2.826900     -4.698216    
  2.829613     -4.720430    
  2.829700     -4.713194    
  2.832139     -4.708782    
  2.834565     -4.740801    
  2.836978     -4.746090    
  2.839377     -4.731744    
  2.839464     -4.733726    
  2.842740     -4.727405    
  2.845992     -4.763018    
  2.846054     -4.756421    
  2.846141     -4.755202    
  2.846320     -4.752760    
  2.846407     -4.751085    
  2.846929     -4.756913    
  2.847016     -4.758735    
  2.850284     -4.794940    
  2.850371     -4.792075    
  2.851107     -4.798938    
  2.851194     -4.796508    
  2.851272     -4.794861    
  2.851359     -4.792481    
  2.851605     -4.784811    
  2.851692     -4.780903    
  2.852969     -4.791369    
  2.853056     -4.786655    
  2.856721     -4.798036    
  2.856808     -4.809407    
  2.860014     -4.796393    
  2.863196     -4.817111    
  2.863283     -4.822584    
  2.866961     -4.841411    
  2.867048     -4.840418    
  2.867158     -4.838899    
  2.871477     -4.871605    
  2.871560     -4.867043    
  2.871647     -4.864447    
  2.874394     -4.879998    
  2.877123     -4.860769    
  2.877210     -4.848700    
  2.879769     -4.871652    
  2.882313     -4.904915    
  2.882400     -4.901095    
  2.882670     -4.901956    
  2.882757     -4.873145    
  2.885337     -4.897698    
  2.885423     -4.907945    
  2.886380     -4.912048    
  2.886467     -4.914376    
  2.886654     -4.917374    
  2.886741     -4.920702    
  2.889314     -4.930470    
  2.889401     -4.934390    
  2.891964     -4.918004    
  2.892051     -4.867706    
  2.893704     -4.904058    
  2.893791     -4.913627    
  2.894071     -4.918694    
  2.894158     -4.918449    
  2.895095     -4.929397    
  2.895182     -4.935272    
  2.896767     -4.952052    
  2.896854     -4.951698    
  2.897787     -4.950064    
  2.897874     -4.944044    
  2.900589     -4.956750    
  2.900676     -4.945405    
  2.902856     -4.951613    
  2.905026     -4.978471    
  2.905113     -4.979293    
  2.908098     -4.995797    
  2.908185     -4.997628    
  2.908477     -4.997835    
  2.908564     -4.996663    
  2.910090     -4.991670    
  2.910176     -4.996057    
  2.913363     -4.980270    
  2.916527     -5.008214    
  2.916614     -5.009337    
  2.916785     -5.009384    
  2.916872     -5.009363    
  2.917171     -5.010123    
  2.917258     -5.012853    
  2.919518     -5.017197    
  2.921765     -5.023627    
  2.921852     -5.037219    
  2.925029     -4.978830    
  2.925116     -4.997939    
  2.925941     -5.012715    
  2.926028     -5.012312    
  2.927554     -5.040844    
  2.927641     -5.037806    
  2.927950     -5.034543    
  2.928037     -5.033241    
  2.928671     -5.028520    
  2.928758     -5.028274    
  2.929127     -5.027173    
  2.929213     -5.027227    
  2.929524     -5.029846    
  2.929611     -5.031127    
  2.930245     -5.042936    
  2.930332     -5.044141    
  2.930604     -5.048951    
  2.930691     -5.050887    
  2.930963     -5.056002    
  2.931050     -5.087586    
  2.934646     -4.981911    
  2.934733     -4.992820    
  2.936807     -5.047413    
  2.936894     -5.044753    
  2.937412     -5.061844    
  2.937499     -5.064129    
  2.937612     -5.065679    
  2.939332     -5.087970    
  2.939418     -5.091788    
  2.941608     -5.122345    
  2.943787     -4.984957    
  2.943874     -4.979476    
  2.945266     -5.058091    
  2.945353     -5.056364    
  2.946273     -5.068160    
  2.946360     -5.064695    
  2.946687     -5.046611    
  2.946774     -5.005352    
  2.949036     -4.975473    
  2.951287     -4.976402    
  2.951374     -4.997143    
  2.953319     -5.081942    
  2.953406     -5.048426    
  2.953750     -5.043316    
  2.953837     -5.046722    
  2.954344     -5.084929    
  2.954431     -5.105915    
  2.955739     -5.099176    
  2.955826     -5.084010    
  2.956162     -5.076191    
  2.956249     -5.075130    
  2.956822     -5.086094    
  2.956909     -5.090779    
  2.957620     -5.116556    
  2.957703     -5.114438    
  2.957790     -5.113376    
  2.958622     -5.052301    
  2.958708     -5.060202    
  2.959196     -5.063391    
  2.959269     -5.065638    
  2.959356     -5.069414    
  2.959520     -5.078441    
  2.959575     -5.081366    
  2.959642     -5.084454    
  2.959729     -5.093022    
  2.960694     -5.050623    
  2.960781     -5.054329    
  2.961021     -5.049325    
  2.961108     -5.050163    
  2.961209     -5.069072    
  2.965318     -5.159697    
  2.965405     -5.166967    
  2.969227     -5.197864    
  2.969314     -5.214895    
  2.972533     -5.106330    
  2.975728     -5.095196    
  2.975815     -5.121439    
  2.976166     -5.151108    
  2.976253     -5.158440    
  2.979351     -5.217708    
  2.982423     -5.175354    
  2.982509     -5.115406    
  2.982872     -5.149101    
  2.982959     -5.182732    
  2.986873     -5.132958    
  2.990753     -5.201962    
  2.994598     -5.262352    
  2.998409     -5.264162    
  3.002187     -5.259420    
  3.005933     -5.298221    
  3.009646     -5.335196    
  3.013329     -5.310695    
  3.016980     -5.264428    
  3.020600     -5.215708    
  3.024191     -5.355779    
  3.027752     -5.314377    
  3.031285     -5.370301    
  3.034788     -5.419227    
  3.038264     -5.317003    
  3.041713     -5.444644    
  3.041799     -5.437756    
  3.044019     -5.457941    
  3.044106     -5.457523    
  3.046417     -5.456026    
  3.046504     -5.463436    
  3.047266     -5.467494    
  3.047353     -5.443996    
  3.050503     -5.427386    
  3.053630     -5.427986    
  3.056735     -5.469510    
  3.059819     -5.503820    
  3.062880     -5.492247    
  3.065920     -5.519426    
  3.068939     -5.539655    
  3.071937     -5.552633    
  3.072024     -5.556733    
  3.074515     -5.562959    
  3.074602     -5.562195    
  3.077416     -5.572901    
  3.080211     -5.578952    
  3.082988     -5.599875    
  3.085748     -5.555907    
  3.085835     -5.434629    
  3.088164     -5.351308    
  3.088251     -5.427802    
  3.089222     -5.499100    
  3.089309     -5.528754    
  3.091849     -5.620393    
  3.091936     -5.676744    
  3.095352     -5.878690    
  3.095438     -5.478168    
  3.096179     -5.411844    
  3.096266     -5.457928    
  3.099969     -5.648052    
  3.100056     -5.618967    
  3.102791     -5.660304    
  3.105509     -5.672299    
  3.105596     -5.663530    
  3.108813     -5.665819    
  3.112005     -5.687712    
  3.112092     -5.685735    
  3.114687     -5.696626    
  3.114774     -5.699124    
  3.114901     -5.700522    
  3.114988     -5.702948    
  3.116978     -5.710500    
  3.117065     -5.710408    
  3.117740     -5.713315    
  3.117827     -5.713556    
  3.118223     -5.714111    
  3.118310     -5.712722    
  3.120853     -5.722202    
  3.123381     -5.722430    
  3.123468     -5.727229    
  3.125997     -5.735520    
  3.126084     -5.736508    
  3.127687     -5.747826    
  3.127774     -5.747775    
  3.129225     -5.751327    
  3.129312     -5.747499    
  3.132455     -5.760531    
  3.135577     -5.768494    
  3.135664     -5.769960    
  3.136182     -5.772659    
  3.136269     -5.773998    
  3.138696     -5.779704    
  3.141109     -5.792895    
  3.141196     -5.782571    
  3.144101     -5.795205    
  3.144188     -5.794323    
  3.144956     -5.793736    
  3.145043     -5.796145    
  3.146758     -5.810904    
  3.146845     -5.809226    
  3.146975     -5.809334    
  3.147795     -5.809514    
  3.147882     -5.809467    
  3.148729     -5.817560    
  3.148816     -5.819129    
  3.150639     -5.821467    
  3.150726     -5.820465    
  3.151276     -5.820749    
  3.151363     -5.822751    
  3.153068     -5.829456    
  3.153155     -5.830537    
  3.153381     -5.832814    
  3.153434     -5.833299    
  3.153521     -5.834560    
  3.155016     -5.840722    
  3.155103     -5.841877    
  3.156074     -5.843596    
  3.156161     -5.845548    
  3.160418     -5.852229    
  3.164633     -5.865716    
  3.164720     -5.865203    
  3.165979     -5.871979    
  3.166066     -5.874481    
  3.168877     -5.889265    
  3.171670     -5.884745    
  3.171756     -5.894717    
  3.173578     -5.898426    
  3.173665     -5.901552    
  3.177077     -5.906315    
  3.180463     -5.928389    
  3.180550     -5.926381    
  3.181960     -5.933277    
  3.182047     -5.937811    
  3.184770     -5.942621    
  3.187477     -5.952305    
  3.187564     -5.953175    
  3.188338     -5.955199    
  3.188425     -5.955053    
  3.189356     -5.956695    
  3.189443     -5.960932    
  3.191119     -5.970822    
  3.191206     -5.969000    
  3.192224     -5.966462    
  3.192311     -5.962417    
  3.194885     -5.974632    
  3.194972     -5.974741    
  3.196916     -5.981757    
  3.197003     -5.982084    
  3.200094     -5.999363    
  3.203162     -6.009089    
  3.203250     -6.008640    
  3.204674     -6.008031    
  3.204761     -6.009309    
  3.207365     -6.018206    
  3.207452     -6.018409    
  3.209994     -6.030323    
  3.212521     -6.014957    
  3.215033     -5.967210    
  3.217531     -5.429616    
  3.217618     -5.463216    
  3.218164     -5.505966    
  3.218251     -5.525805    
  3.218329     -5.540234    
  3.218415     -5.628718    
  3.222383     -6.088183    
  3.226315     -6.091695    
  3.230212     -6.105278    
  3.234074     -6.112300    
  3.237901     -6.120679    
  3.241696     -6.138202    
  3.245457     -6.151782    
  3.249187     -6.165366    
  3.249274     -6.162774    
  3.251238     -6.168930    
  3.251325     -6.170632    
  3.251523     -6.171708    
  3.251610     -6.174529    
  3.254604     -6.186097    
  3.257576     -6.191353    
  3.260529     -6.206833    
  3.263462     -6.212278    
  3.263549     -6.215427    
  3.265995     -6.224094    
  3.268428     -6.232023    
  3.270847     -6.239880    
  3.273253     -6.228126    
  3.273340     -6.241282    
  3.276535     -6.256162    
  3.279706     -6.271200    
  3.279793     -6.273424    
  3.281662     -6.283288    
  3.281749     -6.282127    
  3.285833     -6.292168    
  3.285920     -6.293523    
  3.289028     -6.296259    
  3.289115     -6.299849    
  3.291415     -6.313179    
  3.291501     -6.307777    
  3.293929     -6.325222    
  3.296343     -6.329852    
  3.298744     -6.337260    
  3.301132     -6.345994    
  3.301219     -6.342244    
  3.305074     -6.362519    
  3.305161     -6.360183    
  3.305985     -6.360765    
  3.306072     -6.360754    
  3.306887     -6.365392    
  3.306974     -6.367288    
  3.309850     -6.370722    
  3.309937     -6.374364    
  3.310624     -6.377561    
  3.310710     -6.378617    
  3.311825     -6.384792    
  3.311912     -6.384622    
  3.312012     -6.384489    
  3.312099     -6.384076    
  3.314648     -6.388520    
  3.317181     -6.403046    
  3.319700     -6.412342    
  3.322204     -6.419407    
  3.324695     -6.424725    
  3.327170     -6.427074    
  3.329632     -6.443924    
  3.332080     -6.448545    
  3.334514     -6.459816    
  3.336935     -6.471006    
  3.339342     -6.465287    
  3.341736     -6.485855    
  3.344117     -6.480865    
  3.346485     -6.507158    
  3.348840     -6.495145    
  3.351182     -6.517917    
  3.351269     -6.512298    
  3.354866     -6.519856    
  3.358433     -6.538016    
  3.361971     -6.557223    
  3.365480     -6.564527    
  3.365567     -6.530757    
  3.367434     -6.554684    
  3.367521     -6.557191    
  3.370087     -6.579573    
  3.372609     -6.600902    
  3.375118     -6.595947    
  3.377612     -6.609660    
  3.377699     -6.619071    
  3.380754     -6.565738    
  3.383787     -6.626051    
  3.386800     -6.643171    
  3.389792     -6.652779    
  3.389879     -6.650909    
  3.392466     -6.658334    
  3.395039     -6.664826    
  3.395126     -6.666838    
  3.397959     -6.678171    
  3.398046     -6.678533    
  3.398416     -6.680032    
  3.398503     -6.687507    
  3.400855     -6.661794    
  3.400942     -6.699665    
  3.402428     -6.620106    
  3.402515     -6.594480    
  3.404126     -6.657818    
  3.404213     -6.648911    
  3.406921     -6.706505    
  3.409611     -6.719250    
  3.412285     -6.730207    
  3.414942     -6.735334    
  3.415029     -6.734610    
  3.419186     -6.746275    
  3.423303     -6.765408    
  3.427382     -6.776457    
  3.431422     -6.791080    
  3.431509     -6.788023    
  3.434904     -6.810441    
  3.438273     -6.725510    
  3.441616     -6.758819    
  3.444934     -6.843549    
  3.445021     -6.835516    
  3.447484     -6.849792    
  3.449934     -6.854643    
  3.450021     -6.854592    
  3.452474     -6.862297    
  3.454914     -6.861908    
  3.455001     -6.865590    
  3.457947     -6.879941    
  3.460873     -6.896058    
  3.463780     -6.899162    
  3.466667     -6.909288    
  3.466754     -6.908950    
  3.467583     -6.910726    
  3.467670     -6.910367    
  3.469453     -6.916273    
  3.469505     -6.916522    
  3.469592     -6.917033    
  3.469843     -6.919392    
  3.469930     -6.920984    
  3.471179     -6.926266    
  3.471266     -6.925382    
  3.474100     -6.935159    
  3.474187     -6.935855    
  3.476423     -6.939799    
  3.478648     -6.874544    
  3.480861     -6.948607    
  3.483063     -6.959578    
  3.483150     -6.961898    
  3.485959     -6.973435    
  3.488749     -6.987558    
  3.491522     -6.993588    
  3.494277     -6.999697    
  3.494364     -6.996953    
  3.496766     -7.009619    
  3.499154     -7.021881    
  3.501530     -7.027317    
  3.503893     -7.041021    
  3.506243     -6.969615    
  3.508580     -6.769191    
  3.510905     -6.990010    
  3.513217     -7.057402    
  3.513304     -7.053574    
  3.515963     -7.074901    
  3.518606     -7.088148    
  3.521233     -7.091908    
  3.523845     -7.095755    
  3.526440     -7.106621    
  3.529020     -7.118648    
  3.531585     -7.131058    
  3.534135     -7.135145    
  3.534222     -7.134425    
  3.536649     -7.146468    
  3.539062     -7.148115    
  3.541462     -7.160458    
  3.543849     -7.167670    
  3.543936     -7.168530    
  3.544500     -7.169795    
  3.544586     -7.163679    
  3.547376     -7.175249    
  3.550148     -7.189062    
  3.550235     -7.188137    
  3.552940     -7.194381    
  3.555627     -7.205123    
  3.555714     -7.202686    
  3.556728     -7.209848    
  3.556815     -7.210807    
  3.557696     -7.215053    
  3.557783     -7.215417    
  3.558846     -7.217067    
  3.558933     -7.217232    
  3.559110     -7.217909    
  3.559197     -7.218294    
  3.559291     -7.218681    
  3.559378     -7.219048    
  3.560851     -7.223435    
  3.560938     -7.223721    
  3.561019     -7.223954    
  3.561106     -7.224208    
  3.561368     -7.225033    
  3.561455     -7.225325    
  3.561549     -7.225639    
  3.561702     -7.226128    
  3.561789     -7.226401    
  3.562293     -7.225432    
  3.565681     -7.233029    
  3.565768     -7.238785    
  3.568672     -7.256281    
  3.571556     -7.266144    
  3.574422     -7.270899    
  3.577268     -7.271153    
  3.580096     -7.282694    
  3.582906     -7.297856    
  3.585698     -7.303420    
  3.588471     -7.312689    
  3.591228     -7.321769    
  3.593966     -7.327034    
  3.596688     -7.335031    
  3.599393     -7.354370    
  3.602081     -7.347158    
  3.604752     -7.365732    
  3.607407     -7.370554    
  3.610046     -7.381589    
  3.610133     -7.382284    
  3.612394     -7.395709    
  3.614642     -7.397387    
  3.616880     -7.394794    
  3.619105     -7.416329    
  3.621319     -7.423137    
  3.623523     -7.426641    
  3.625715     -7.419017    
  3.627896     -7.432973    
  3.627982     -7.432997    
  3.630428     -7.452166    
  3.632293     -7.463922    
  3.632379     -7.465295    
  3.635363     -7.473835    
  3.638325     -7.473713    
  3.641268     -7.446603    
  3.644191     -7.504128    
  3.644278     -7.499505    
  3.646967     -7.512157    
  3.649640     -7.519776    
  3.652297     -7.522445    
  3.654938     -7.529556    
  3.655025     -7.524637    
  3.657211     -7.527404    
  3.659385     -7.535473    
  3.659472     -7.485579    
  3.663615     -7.553084    
  3.663702     -7.549423    
  3.666918     -7.559570    
  3.670110     -7.581545    
  3.670197     -7.551665    
  3.674031     -7.074565    
  3.677831     -7.587221    
  3.681598     -7.620016    
  3.685333     -7.638332    
  3.685420     -7.648321    
  3.688862     -7.589301    
  3.688948     -7.538269    
  3.690731     -7.597460    
  3.690818     -7.592094    
  3.691459     -7.603138    
  3.691546     -7.628633    
  3.694812     -7.612963    
  3.694898     -7.623109    
  3.695365     -7.635734    
  3.695452     -7.638026    
  3.695518     -7.639880    
  3.695605     -7.645776    
  3.698701     -7.668942    
  3.701776     -7.685862    
  3.704828     -7.692142    
  3.707860     -7.702581    
  3.710870     -7.716576    
  3.712650     -7.719752    
  3.713860     -7.721592    
  3.716830     -7.730999    
  3.719779     -7.739504    
  3.719866     -7.742881    
  3.723198     -7.753309    
  3.726504     -7.763470    
  3.729786     -7.770823    
  3.733043     -7.787210    
  3.733130     -7.772294    
  3.736895     -7.663312    
  3.740628     -7.814448    
  3.740715     -7.801270    
  3.743507     -7.820609    
  3.746281     -7.828094    
  3.749037     -7.832605    
  3.751777     -7.835689    
  3.751863     -7.835338    
  3.754658     -7.853725    
  3.754745     -7.853096    
  3.755217     -7.854284    
  3.755304     -7.854309    
  3.755522     -7.854262    
  3.755609     -7.851165    
  3.758467     -7.870966    
  3.761306     -7.875798    
  3.764127     -7.886625    
  3.766929     -7.891639    
  3.769713     -7.905106    
  3.772480     -7.911401    
  3.775229     -7.918096    
  3.777961     -7.924515    
  3.778048     -7.926177    
  3.778151     -7.924038    
  3.781161     -7.930992    
  3.784252     -7.948035    
  3.787320     -7.957658    
  3.790368     -7.959552    
  3.793394     -7.963533    
  3.796399     -7.987334    
  3.799384     -7.995071    
  3.802348     -8.000140    
  3.802435     -7.993124    
  3.806009     -8.016544    
  3.806096     -8.014328    
  3.809815     -8.014807    
  3.809902     -8.014052    
  3.811377     -8.028342    
  3.811464     -8.030625    
  3.811517     -8.031268    
  3.811568     -8.031814    
  3.811655     -8.029861    
  3.814154     -8.039931    
  3.816638     -8.044184    
  3.819108     -7.787602    
  3.821564     -7.935521    
  3.821651     -7.979065    
  3.825835     -8.079840    
  3.829979     -8.082622    
  3.834084     -8.098822    
  3.838150     -8.115752    
  3.838237     -8.123514    
  3.840994     -8.102714    
  3.843735     -8.131031    
  3.846458     -8.134747    
  3.849164     -8.151515    
  3.851853     -8.165680    
  3.854526     -8.167630    
  3.857182     -8.165123    
  3.859823     -8.139283    
  3.859910     -8.155321    
  3.862754     -8.192604    
  3.865581     -8.202490    
  3.868389     -8.214361    
  3.871179     -8.220697    
  3.871266     -8.220233    
  3.873695     -8.220698    
  3.876111     -8.232404    
  3.878513     -8.247122    
  3.880902     -8.242224    
  3.880989     -8.219411    
  3.884377     -8.197936    
  3.887739     -8.268783    
  3.891076     -8.286742    
  3.894387     -8.291125    
  3.894474     -8.290870    
  3.898660     -8.297660    
  3.898747     -8.296211    
  3.901486     -8.313289    
  3.904208     -8.320675    
  3.904295     -8.319252    
  3.905384     -8.326237    
  3.905471     -8.326989    
  3.908472     -8.331197    
  3.908559     -8.333454    
  3.912193     -8.348093    
  3.912280     -8.345503    
  3.913068     -8.341990    
  3.913155     -8.342367    
  3.913273     -8.342784    
  3.913714     -8.345667    
  3.913769     -8.346050    
  3.913842     -8.346469    
  3.913889     -8.346704    
  3.913972     -8.356446    
  3.916915     -8.338056    
  3.917002     -8.333252    
  3.919240     -8.291688    
  3.921466     -8.357209    
  3.923680     -8.384173    
  3.925884     -8.396094    
  3.928076     -8.400791    
  3.930258     -8.402093    
  3.934588     -8.413095    
  3.938875     -8.428604    
  3.943121     -8.439540    
  3.947325     -8.453759    
  3.951490     -8.456584    
  3.955614     -8.476747    
  3.959700     -8.490280    
  3.963748     -8.497164    
  3.967758     -8.522625    
  3.971732     -8.448691    
  3.975669     -8.477492    
  3.979571     -8.559243    
  3.983439     -8.554157    
  3.983526     -8.563135    
  3.987126     -8.569233    
  3.990697     -8.578886    
  3.994239     -8.588207    
  3.997752     -8.603840    
  3.997838     -8.605353    
  4.000147     -8.617300    
  4.002444     -8.625518    
  4.004728     -8.671293    
  4.007001     -8.107018    
  4.009262     -8.240669    
  4.011511     -8.545793    
  4.013748     -8.621263    
  4.015974     -8.653818    
  4.018189     -8.674226    
  4.020392     -8.650963    
  4.022585     -8.674823    
  4.024766     -8.676095    
  4.029096     -8.702874    
  4.033383     -8.716871    
  4.033470     -8.712891    
  4.034774     -8.710858    
  4.034861     -8.714910    
  4.038365     -8.729832    
  4.038452     -8.723137    
  4.040802     -8.710990    
  4.043140     -8.727928    
  4.045465     -8.741281    
  4.047778     -8.746289    
  4.047865     -8.746881    
  4.051277     -8.770839    
  4.054632     -8.771914    
  4.057962     -8.790467    
  4.061267     -8.800681    
  4.061354     -8.800863    
  4.065579     -8.737089    
  4.069764     -8.650785    
  4.073909     -8.838514    
  4.078015     -8.855052    
  4.078102     -8.849044    
  4.080241     -8.856444    
  4.080328     -8.856715    
  4.080857     -8.856354    
  4.080944     -8.856374    
  4.081009     -8.856415    
  4.081054     -8.856640    
  4.082194     -8.858726    
  4.082281     -8.853199    
  4.084738     -8.858317    
  4.087181     -8.872657    
  4.089611     -8.880848    
  4.092028     -8.884410    
  4.094430     -8.894652    
  4.096820     -8.899064    
  4.099197     -8.907665    
  4.101560     -8.909052    
  4.101647     -8.913595    
  4.104844     -8.925106    
  4.108018     -8.921211    
  4.111169     -8.890379    
  4.114297     -8.938867    
  4.117403     -8.969806    
  4.120486     -8.967459    
  4.123548     -8.974255    
  4.126589     -8.983537    
  4.129608     -8.999865    
  4.132606     -9.004385    
  4.135584     -9.010667    
  4.138542     -9.021984    
  4.141479     -9.025621    
  4.144397     -9.034380    
  4.147296     -9.050282    
  4.150175     -9.062806    
  4.150262     -9.063250    
  4.153103     -9.071111    
  4.155926     -9.064589    
  4.156013     -9.056412    
  4.158103     -9.070243    
  4.158190     -9.075378    
  4.161727     -9.089906    
  4.161814     -9.092706    
  4.163762     -9.093386    
  4.163849     -9.094565    
  4.166200     -9.104686    
  4.168538     -9.120082    
  4.170864     -9.054312    
  4.173177     -9.061133    
  4.175478     -9.093963    
  4.177767     -9.141449    
  4.180044     -9.152138    
  4.182309     -9.157601    
  4.184563     -9.159847    
  4.186804     -9.162757    
  4.189034     -9.170163    
  4.191253     -9.185705    
  4.193461     -9.175817    
  4.195657     -9.194488    
  4.197842     -9.180826    
  4.200017     -9.186979    
  4.204333     -9.217674    
  4.208607     -9.231192    
  4.212839     -9.239034    
  4.217030     -9.247612    
  4.221182     -9.268838    
  4.225294     -9.273199    
  4.229367     -9.266048    
  4.233402     -9.282527    
  4.233489     -9.292569    
  4.235773     -9.298629    
  4.238044     -9.316280    
  4.240303     -9.320489    
  4.242551     -9.320212    
  4.244787     -9.327558    
  4.247012     -9.337534    
  4.249225     -9.347263    
  4.251427     -9.344286    
  4.251514     -9.348942    
  4.255198     -9.361462    
  4.258852     -9.378407    
  4.262474     -9.373503    
  4.266067     -9.396674    
  4.266154     -9.384381    
  4.268659     -9.450390    
  4.271149     -9.149904    
  4.273626     -9.000917    
  4.276088     -9.187285    
  4.278536     -9.375960    
  4.280971     -9.422807    
  4.283392     -9.445252    
  4.285800     -9.452183    
  4.288194     -9.457463    
  4.290575     -9.448696    
  4.292943     -9.466021    
  4.295299     -9.480938    
  4.297641     -9.487390    
  4.299971     -9.492133    
  4.302289     -9.493256    
  4.304595     -9.505084    
  4.306888     -9.510076    
  4.309169     -9.520801    
  4.311438     -9.504666    
  4.313695     -9.526107    
  4.315941     -9.534331    
  4.318175     -9.545880    
  4.320398     -9.550824    
  4.322610     -9.547531    
  4.324810     -9.552974    
  4.326999     -9.569605    
  4.329177     -9.571086    
  4.331345     -9.579323    
  4.335647     -9.582874    
  4.339907     -9.587794    
  4.339994     -9.594416    
  4.343342     -9.541120    
  4.346664     -9.612494    
  4.349961     -9.633736    
  4.353233     -9.640860    
  4.353320     -9.646600    
  4.356074     -9.638656    
  4.356161     -9.638971    
  4.357582     -9.643617    
  4.357669     -9.651303    
  4.360507     -9.663978    
  4.363326     -9.671596    
  4.366127     -9.673491    
  4.368910     -9.683544    
  4.371675     -9.686200    
  4.374422     -9.681183    
  4.377153     -9.701237    
  4.379866     -9.712857    
  4.382563     -9.728773    
  4.385243     -9.733354    
  4.387906     -9.735164    
  4.390553     -9.746682    
  4.393185     -9.748535    
  4.395800     -9.763245    
  4.398400     -9.764200    
  4.400984     -9.778939    
  4.403553     -9.784437    
  4.406107     -9.792372    
  4.408646     -9.796293    
  4.411170     -9.793401    
  4.413679     -9.809693    
  4.416174     -9.818679    
  4.418655     -9.824108    
  4.421122     -9.801383    
  4.423575     -9.822521    
  4.426014     -9.845225    
  4.428439     -9.852440    
  4.430851     -9.858246    
  4.433250     -9.854354    
  4.435636     -9.860968    
  4.438008     -9.878048    
  4.440368     -9.892919    
  4.440455     -9.889347    
  4.442834     -9.884107    
  4.445201     -9.900158    
  4.445288     -9.900932    
  4.447569     -9.907924    
  4.449839     -9.918368    
  4.452097     -9.861275    
  4.454343     -9.819945    
  4.456578     -9.908813    
  4.458801     -9.929012    
  4.461013     -9.928987    
  4.463213     -9.936217    
  4.465403     -9.947788    
  4.467581     -9.964326    
  4.471906     -9.972032    
  4.476188     -9.984677    
  4.480428     -9.906543    
  4.512937     -10.05633    
  4.513024     -10.08450    
  4.514610     -10.09122    
  4.514697     -10.09224    
  4.515945     -10.09584    
  4.516032     -10.09899    
  4.585469     -10.28198    
  4.585556     -10.28023    
  4.648489     -10.44674    
  4.648576     -10.46655    
  4.649548     -10.46614    
  4.649635     -10.46317    
  4.649838     -10.46116    
  4.649925     -10.43989    
  4.709765     -10.60186    
  4.709852     -10.62544    
  4.765753     -10.75907    
  4.765822     -10.77389    
  4.765909     -10.76909    
  4.818480     -10.92465    
  4.818567     -10.91478    
  4.868094     -11.03406    
  4.868152     -11.04706    
  4.868214     -11.03424    
  4.915089     -11.18064    
  4.915176     -11.17302    
  4.959449     -11.29177    
  4.959536     -11.28662    
  4.959642     -11.28347    
  4.959729     -11.28744    
  5.002021     -11.35891    
  5.002108     -11.40267    
  5.041986     -11.51688    
  5.042072     -11.53745    
  5.042428     -11.53767    
  5.042515     -11.50804    
  5.081038     -11.60153    
  5.081125     -11.60592    
  5.117569     -11.70510    
  5.117655     -11.73156    
  5.118005     -11.72462    
  5.118092     -11.66772    
  5.153462     -11.81472    
  5.153549     -11.79135    
  5.187204     -11.90465    
  5.187290     -11.89327    
  5.187529     -11.89143    
  5.187616     -11.88823    
  5.251180     -12.03817    
  5.251266     -12.04784    
  5.251931     -12.05487    
  5.252018     -12.05461    
  5.311750     -12.20767    
  5.311837     -12.21791    
  5.311944     -12.20504    
  5.614629     -13.00645    
  5.791270     -13.49147    
  6.013559     -14.09321    
  6.269124     -14.78589    
  6.545503     -15.54119    
  6.833661     -16.33184    
  7.128110     -17.15123    
  7.425812     -18.00068    
  7.725168     -18.89554    
  8.025358     -19.88104    
  8.325968     -21.09055    
  8.626788    -100.00000    
  8.927713    -100.00000    
