 0.6989700    -100.00000    
 0.7247828    -100.00000    
 0.7491470    -100.00000    
 0.7722168    -100.00000    
 0.7941226    -100.00000    
 0.8348744    -100.00000    
 0.8721282    -100.00000    
 0.9064373    -100.00000    
 0.9382333    -100.00000    
 0.9678594    -100.00000    
 0.9955930     -27.93223    
  1.021661     -26.72122    
  1.046253     -25.91920    
  1.069527     -25.36077    
  1.091616     -24.97512    
  1.132686     -24.67193    
  1.170205     -24.89672    
  1.204739     -25.56086    
  1.236728     -26.65806    
  1.266522     -28.84683    
  1.294403    -100.00000    
  1.320601    -100.00000    
  1.345308    -100.00000    
  1.368685    -100.00000    
  1.390867    -100.00000    
  1.390954     -23.62880    
  1.407231     -23.82676    
  1.407318     -24.07206    
  1.416604     -24.59623    
  1.416691     -23.08334    
  1.434239     -24.05302    
  1.434325     -23.83290    
  1.438732     -24.05741    
  1.438819     -24.05839    
  1.442990     -24.27727    
  1.443077     -24.38440    
  1.465932    -100.00000    
  1.466019     -25.58650    
  1.466567     -25.62158    
  1.466654     -25.77296    
  1.485460     -26.83003    
  1.485547     -26.18946    
  1.485843     -26.17460    
  1.485930    -100.00000    
  1.499937     -25.18238    
  1.500023     -24.96365    
  1.502811     -25.19163    
  1.502898     -25.32519    
  1.515152    -100.00000    
  1.515239     -26.31378    
  1.538911    -100.00000    
  1.538998     -27.54147    
  1.541754     -27.71718    
  1.541841     -27.62431    
  1.544410    -100.00000    
  1.544497    -100.00000    
  1.546755     -28.00154    
  1.546842     -28.03277    
  1.568094     -28.72411    
  1.568181     -28.56265    
  1.576102     -28.71324    
  1.576189     -28.71034    
  1.577032     -28.72578    
  1.577119     -28.73086    
  1.586189     -28.89580    
  1.586276     -28.89295    
  1.587530     -28.91563    
  1.587617     -28.92440    
  1.602078     -29.19619    
  1.602165     -29.16261    
  1.604747     -29.31349    
  1.604834     -28.95589    
  1.629405     -29.51361    
  1.629492     -29.75735    
  1.633100     -29.84126    
  1.633187     -29.84923    
  1.643761     -30.11225    
  1.643848     -30.10402    
  1.646889     -30.18228    
  1.646976     -30.18670    
  1.653070     -30.34965    
  1.653157     -30.36538    
  1.667964     -30.81074    
  1.668051     -30.77686    
  1.673067     -30.93114    
  1.673154     -30.92999    
  1.673452     -30.93925    
  1.673539     -30.95385    
  1.683736     -31.29209    
  1.683823     -31.27724    
  1.689301     -31.46388    
  1.689388     -31.46091    
  1.690173     -31.48804    
  1.690260     -31.49135    
  1.691919     -31.54877    
  1.692006     -31.58978    
  1.709636     -32.33679    
  1.709723     -32.20438    
  1.714846     -32.40523    
  1.714933     -32.40246    
  1.717233     -32.49342    
  1.717320     -32.49554    
  1.717576     -32.50576    
  1.717663     -32.51011    
  1.719536     -32.58488    
  1.719623     -32.58869    
  1.721805     -32.67689    
  1.721892     -32.68185    
  1.725295     -32.82184    
  1.725382     -32.83003    
  1.731154     -33.07547    
  1.731241     -33.06756    
  1.731758     -33.08960    
  1.731845     -33.09327    
  1.732294     -33.11211    
  1.732381     -33.11806    
  1.735217     -33.24005    
  1.735304     -33.26923    
  1.746841     -33.82860    
  1.746929     -33.75778    
  1.747807     -33.79761    
  1.747894     -33.81179    
  1.753972     -34.10099    
  1.754058     -34.09049    
  1.756978     -34.22660    
  1.757065     -34.23692    
  1.762907     -34.50167    
  1.762994     -34.49089    
  1.763503     -34.51509    
  1.763590     -34.51960    
  1.765957     -34.63856    
  1.766044     -34.64420    
  1.768505     -34.78754    
  1.768592     -34.81641    
  1.776113     -35.35945    
  1.776200     -35.30783    
  1.781285     -35.80555    
  1.781372     -35.79418    
  1.781946     -35.88891    
  1.782033     -35.89298    
  1.786409    -100.00000    
  1.786495    -100.00000    
  1.788161    -100.00000    
  1.788248    -100.00000    
  1.789372    -100.00000    
  1.789459    -100.00000    
  1.792246    -100.00000    
  1.792333    -100.00000    
  1.800765    -100.00000    
  1.800851    -100.00000    
  1.809708    -100.00000    
  1.809795    -100.00000    
  1.810144    -100.00000    
  1.810231    -100.00000    
  1.814042    -100.00000    
  1.814129     -32.17483    
  1.834747    -100.00000    
  1.834834    -100.00000    
  1.838907    -100.00000    
  1.838994    -100.00000    
  1.840414    -100.00000    
  1.840501    -100.00000    
  1.842703    -100.00000    
  1.842790    -100.00000    
  1.844125    -100.00000    
  1.844212     -30.92787    
  1.857265    -100.00000    
  1.857352     -30.11440    
  1.870233    -100.00000    
  1.870320    -100.00000    
  1.871306    -100.00000    
  1.871393    -100.00000    
  1.872072    -100.00000    
  1.872158    -100.00000    
  1.873424    -100.00000    
  1.873511    -100.00000    
  1.880831    -100.00000    
  1.880918    -100.00000    
  1.887368    -100.00000    
  1.887455    -100.00000    
  1.899003    -100.00000    
  1.899090    -100.00000    
  1.905821    -100.00000    
  1.905908    -100.00000    
  1.911657    -100.00000    
  1.911744    -100.00000    
  1.912227    -100.00000    
  1.912313    -100.00000    
  1.913955    -100.00000    
  1.914042    -100.00000    
  1.924238    -100.00000    
  1.924325    -100.00000    
  1.925856    -100.00000    
  1.925943    -100.00000    
  1.926709    -100.00000    
  1.926796    -100.00000    
  1.926846    -100.00000    
  1.926932    -100.00000    
  1.927461    -100.00000    
  1.927548    -100.00000    
  1.930771    -100.00000    
  1.930858    -100.00000    
  1.933873    -100.00000    
  1.933960    -100.00000    
  1.936983    -100.00000    
  1.937070    -100.00000    
  1.938051    -100.00000    
  1.938138    -100.00000    
  1.940777    -100.00000    
  1.940864     -25.44833    
  1.955697    -100.00000    
  1.955784    -100.00000    
  1.959855    -100.00000    
  1.959942    -100.00000    
  1.963545    -100.00000    
  1.963632    -100.00000    
  1.974225    -100.00000    
  1.974312    -100.00000    
  1.974387    -100.00000    
  1.974474    -100.00000    
  1.977192    -100.00000    
  1.977279     -22.42261    
  1.994212    -100.00000    
  1.994299    -100.00000    
  1.996552    -100.00000    
  1.996639    -100.00000    
  1.997939    -100.00000    
  1.998026    -100.00000    
  2.000182    -100.00000    
  2.000268    -100.00000    
  2.007421    -100.00000    
  2.007508    -100.00000    
  2.009100    -100.00000    
  2.009187    -100.00000    
  2.009352    -100.00000    
  2.009439    -100.00000    
  2.009543    -100.00000    
  2.017372    -100.00000    
  2.017459    -100.00000    
  2.026471    -100.00000    
  2.026558    -100.00000    
  2.028108    -100.00000    
  2.028195     -18.09063    
  2.061043    -100.00000    
  2.061130    -100.00000    
  2.067104    -100.00000    
  2.067191    -100.00000    
  2.068339    -100.00000    
  2.068426    -100.00000    
  2.076209    -100.00000    
  2.076296    -100.00000    
  2.097304    -100.00000    
  2.097391    -100.00000    
  2.100294    -100.00000    
  2.100380    -100.00000    
  2.101519    -100.00000    
  2.101605    -100.00000    
  2.102584    -100.00000    
  2.102671    -100.00000    
  2.104539    -100.00000    
  2.104626    -100.00000    
  2.106101     -16.80814    
  2.106187    -100.00000    
  2.111508    -100.00000    
  2.111595     -16.08387    
  2.111941    -100.00000    
  2.112028    -100.00000    
  2.124229    -100.00000    
  2.124316    -100.00000    
  2.124942    -100.00000    
  2.125029    -100.00000    
  2.126973     -15.17926    
  2.127060    -100.00000    
  2.127658    -100.00000    
  2.127745    -100.00000    
  2.131986    -100.00000    
  2.132073    -100.00000    
  2.137486     -14.26379    
  2.137573    -100.00000    
  2.141450    -100.00000    
  2.141537    -100.00000    
  2.141662    -100.00000    
  2.141749    -100.00000    
  2.149371    -100.00000    
  2.149458    -100.00000    
  2.150293    -100.00000    
  2.150380    -100.00000    
  2.150508    -100.00000    
  2.154246    -100.00000    
  2.154333     -15.33774    
  2.156640    -100.00000    
  2.156727    -100.00000    
  2.156827    -100.00000    
  2.158960    -100.00000    
  2.159047    -100.00000    
  2.168055    -100.00000    
  2.168141    -100.00000    
  2.177604    -100.00000    
  2.177690    -100.00000    
  2.181731    -100.00000    
  2.181818    -100.00000    
  2.184198    -100.00000    
  2.184285    -100.00000    
  2.188445    -100.00000    
  2.188532    -100.00000    
  2.191911    -100.00000    
  2.191997    -100.00000    
  2.204170    -100.00000    
  2.204257    -100.00000    
  2.213352     -12.58221    
  2.213439    -100.00000    
  2.217837     -12.41686    
  2.217924     -11.79591    
  2.218030     -11.80659    
  2.218315     -12.50120    
  2.218402     -12.42647    
  2.218688     -13.14065    
  2.218775    -100.00000    
  2.225403    -100.00000    
  2.231931    -100.00000    
  2.232018    -100.00000    
  2.234695    -100.00000    
  2.234781    -100.00000    
  2.239617    -100.00000    
  2.239704     -12.37851    
  2.245345    -100.00000    
  2.245432    -100.00000    
  2.250721     -11.50032    
  2.250808     -10.40381    
  2.252069    -100.00000    
  2.252156     -12.89721    
  2.253696    -100.00000    
  2.253782    -100.00000    
  2.257177    -100.00000    
  2.260545     -11.46690    
  2.260632    -100.00000    
  2.263836    -100.00000    
  2.267016    -100.00000    
  2.267103    -100.00000    
  2.270490    -100.00000    
  2.270577    -100.00000    
  2.271628    -100.00000    
  2.271715    -100.00000    
  2.275818    -100.00000    
  2.275905    -100.00000    
  2.278364    -100.00000    
  2.280809     -12.85935    
  2.280896    -100.00000    
  2.283804     -11.78621    
  2.283891    -100.00000    
  2.284781     -13.31804    
  2.284868    -100.00000    
  2.286288    -100.00000    
  2.286375    -100.00000    
  2.286786    -100.00000    
  2.286873    -100.00000    
  2.289459     -12.92557    
  2.292031    -100.00000    
  2.294586    -100.00000    
  2.297128    -100.00000    
  2.297214    -100.00000    
  2.297982     -11.99918    
  2.298069    -100.00000    
  2.300085    -100.00000    
  2.302092    -100.00000    
  2.304090    -100.00000    
  2.306078    -100.00000    
  2.306165    -100.00000    
  2.308268    -100.00000    
  2.309316    -100.00000    
  2.310361    -100.00000    
  2.311404    -100.00000    
  2.312444    -100.00000    
  2.313482    -100.00000    
  2.314517    -100.00000    
  2.314604    -100.00000    
  2.315597    -100.00000    
  2.315684    -100.00000    
  2.316612    -100.00000    
  2.317538    -100.00000    
  2.318463    -100.00000    
  2.319385    -100.00000    
  2.320305    -100.00000    
  2.321224    -100.00000    
  2.322140    -100.00000    
  2.323055    -100.00000    
  2.323141    -100.00000    
  2.324295    -100.00000    
  2.325445    -100.00000    
  2.326592    -100.00000    
  2.327736    -100.00000    
  2.327823    -100.00000    
  2.328799    -100.00000    
  2.329773    -100.00000    
  2.330745    -100.00000    
  2.331714    -100.00000    
  2.331801    -100.00000    
  2.333101    -100.00000    
  2.333188    -100.00000    
  2.334187    -100.00000    
  2.335184    -100.00000    
  2.336179    -100.00000    
  2.337171    -100.00000    
  2.338161    -100.00000    
  2.339149    -100.00000    
  2.340135    -100.00000    
  2.341118    -100.00000    
  2.341205    -100.00000    
  2.341283    -100.00000    
  2.341370    -100.00000    
  2.341472    -100.00000    
  2.342320    -100.00000    
  2.343166    -100.00000    
  2.344011    -100.00000    
  2.344853    -100.00000    
  2.344940    -100.00000    
  2.345621    -100.00000    
  2.346301    -100.00000    
  2.346979    -100.00000    
  2.347657    -100.00000    
  2.348333    -100.00000    
  2.349009    -100.00000    
  2.349683    -100.00000    
  2.350356    -100.00000    
  2.350443    -100.00000    
  2.351331    -100.00000    
  2.352217     -13.10455    
  2.352659    -100.00000    
  2.353101    -100.00000    
  2.353542     -12.55807    
  2.353983    -100.00000    
  2.354070    -100.00000    
  2.354494    -100.00000    
  2.354917    -100.00000    
  2.355340     -12.41690    
  2.355762    -100.00000    
  2.355849    -100.00000    
  2.356283    -100.00000    
  2.356717    -100.00000    
  2.357149    -100.00000    
  2.357582    -100.00000    
  2.357669    -100.00000    
  2.362936     -8.010520    
  2.363023     -6.748929    
  2.376702     -5.342186    
  2.376789     -4.751250    
  2.381401     -5.214285    
  2.381488     -4.955178    
  2.381574     -4.923285    
  2.381660     -4.985493    
  2.384670     -4.102354    
  2.384757     -4.730979    
  2.387126    -100.00000    
  2.387213     -5.022814    
  2.396615     -4.137509    
  2.405819     -3.815127    
  2.405905     -3.792538    
  2.409345     -4.742432    
  2.409431    -100.00000    
  2.409967     -4.719401    
  2.410054     -4.635288    
  2.411501     -3.654558    
  2.411588     -3.576342    
  2.412778     -3.513523    
  2.412865     -3.531912    
  2.413098     -3.557679    
  2.413185     -3.536810    
  2.417228     -4.110353    
  2.417315     -3.787611    
  2.417448     -3.772539    
  2.417535     -3.927909    
  2.419545     -3.590113    
  2.419632     -3.570211    
  2.424108     -3.734094    
  2.424195     -4.266091    
  2.429911     -3.634230    
  2.429998     -3.685691    
  2.432147     -3.576249    
  2.432234     -3.588296    
  2.433514     -3.726245    
  2.433601     -3.679988    
  2.434762     -3.705840    
  2.434849     -3.741497    
  2.435182     -3.695623    
  2.435269     -3.675521    
  2.435570     -3.651350    
  2.435657     -3.642747    
  2.438099     -3.670531    
  2.438186     -3.636001    
  2.443115     -3.694396    
  2.443202     -5.131131    
  2.448046     -3.580517    
  2.448133     -3.678515    
  2.449372     -3.573578    
  2.449459     -3.718548    
  2.450924     -3.655866    
  2.451011     -4.021701    
  2.456026     -3.634573    
  2.456113     -3.570339    
  2.457105     -3.568965    
  2.457192     -3.574136    
  2.461170     -3.822001    
  2.461257     -4.477029    
  2.466286     -4.036624    
  2.466372     -4.535947    
  2.466976     -4.435323    
  2.467064     -4.747651    
  2.471828     -4.033415    
  2.471915     -4.018085    
  2.476442     -3.537454    
  2.476529     -3.636435    
  2.476628     -3.699164    
  2.476715     -4.044607    
  2.476977     -3.962340    
  2.477064     -3.618853    
  2.483465     -4.030550    
  2.483551     -4.142660    
  2.483824     -4.155927    
  2.483911     -3.992554    
  2.484130     -3.683255    
  2.484217     -3.329493    
  2.487600     -3.677076    
  2.490956     -3.571154    
  2.491043     -3.467175    
  2.493583     -3.809409    
  2.496107     -3.554126    
  2.496194     -3.468548    
  2.500074     -3.500662    
  2.503920     -3.509084    
  2.504007     -3.477132    
  2.504069     -3.477037    
  2.504156     -3.463240    
  2.506191     -3.532559    
  2.506278     -3.628045    
  2.506857     -3.555822    
  2.506943     -3.553030    
  2.507203     -3.548329    
  2.507290     -3.792875    
  2.511408     -3.561142    
  2.515486     -3.656260    
  2.515573     -3.579287    
  2.515719     -3.582404    
  2.515805     -3.584642    
  2.515872     -3.586177    
  2.515959     -3.587553    
  2.516943     -3.587053    
  2.517030     -3.590260    
  2.517941     -3.603905    
  2.518028     -3.605353    
  2.518445     -3.609787    
  2.518532     -3.696554    
  2.522095     -3.579334    
  2.525630     -3.777018    
  2.529136     -3.542640    
  2.532615     -3.664176    
  2.532701     -3.643063    
  2.536032     -3.677195    
  2.539337     -3.753221    
  2.539424     -3.726895    
  2.543132     -3.730546    
  2.546808     -3.699919    
  2.546895     -3.708038    
  2.547329     -3.703923    
  2.547416     -3.719390    
  2.551118     -3.739325    
  2.551204     -3.721746    
  2.554808     -3.719684    
  2.558382     -3.788042    
  2.558469     -3.802022    
  2.558869     -3.803973    
  2.558956     -3.800412    
  2.561557     -3.726526    
  2.561644     -3.787090    
  2.564082     -3.745967    
  2.566507     -3.745772    
  2.568917     -3.731413    
  2.571315     -3.768609    
  2.571402     -3.758640    
  2.571490     -3.758323    
  2.571576     -3.797757    
  2.574740     -3.774866    
  2.577880     -3.779936    
  2.580998     -3.785604    
  2.584094     -3.823456    
  2.587168     -3.868898    
  2.590220     -3.803163    
  2.593250     -3.855646    
  2.596260     -3.844981    
  2.596347     -3.819037    
  2.597646     -3.826663    
  2.597733     -3.826167    
  2.600542     -3.824559    
  2.603333     -3.841663    
  2.603420     -3.815812    
  2.606239     -3.910205    
  2.606324     -3.877951    
  2.606411     -3.871339    
  2.607237     -3.848426    
  2.607324     -3.847445    
  2.611491     -3.862596    
  2.615617     -3.858805    
  2.615704     -3.859911    
  2.619659     -3.876405    
  2.619746     -3.894287    
  2.620859     -3.878666    
  2.620946     -3.878185    
  2.621962     -3.879948    
  2.622049     -3.885627    
  2.625471     -3.908453    
  2.625557     -3.884033    
  2.626297     -3.895204    
  2.626384     -3.903962    
  2.627024     -3.891418    
  2.627111     -3.875147    
  2.630159     -3.964816    
  2.633186     -3.878289    
  2.633273     -3.903315    
  2.633585     -3.903776    
  2.633672     -3.904748    
  2.636750     -3.917075    
  2.639805     -3.910882    
  2.642840     -3.991096    
  2.645853     -3.947476    
  2.645940     -3.972808    
  2.646436     -3.951281    
  2.646523     -3.960484    
  2.648513     -3.949231    
  2.648600     -3.959102    
  2.650581     -3.952259    
  2.650668     -3.952932    
  2.652023     -3.949172    
  2.652110     -3.950091    
  2.653758     -3.968227    
  2.653845     -3.962682    
  2.654514     -3.972332    
  2.654601     -3.987917    
  2.655848     -4.042789    
  2.655935     -3.993053    
  2.656856     -4.012288    
  2.656943     -3.994905    
  2.659789     -3.977556    
  2.659876     -3.986489    
  2.661632     -3.995097    
  2.661711     -3.985962    
  2.661798     -3.992946    
  2.662838     -4.006328    
  2.662925     -3.988426    
  2.664288     -3.992193    
  2.665620     -3.988507    
  2.666947     -3.971602    
  2.668270     -3.966406    
  2.668357     -3.966411    
  2.669554     -3.982493    
  2.670748     -3.975720    
  2.670835     -3.976369    
  2.671974     -4.012736    
  2.673109     -4.011264    
  2.674242     -4.007482    
  2.675371     -4.009091    
  2.675458     -4.008359    
  2.676824     -4.017428    
  2.676911     -4.018165    
  2.677751     -4.019279    
  2.677838     -4.017637    
  2.679282     -4.022231    
  2.680721     -4.024824    
  2.682155     -4.027601    
  2.683585     -4.029922    
  2.683672     -4.029885    
  2.684694     -4.032492    
  2.685714     -4.035291    
  2.685801     -4.035667    
  2.685988     -4.036276    
  2.686075     -4.036564    
  2.686520     -4.038239    
  2.686607     -4.039466    
  2.687604     -4.041599    
  2.688599     -4.042604    
  2.688686     -4.042906    
  2.689315     -4.046264    
  2.689943     -4.047892    
  2.690571     -4.050354    
  2.691198     -4.050469    
  2.691823     -4.051578    
  2.692448     -4.052998    
  2.693072     -4.055872    
  2.693695     -4.057639    
  2.694317     -4.059918    
  2.694939     -4.060798    
  2.695559     -4.067204    
  2.696179     -4.086116    
  2.696797     -4.190481    
  2.697415     -4.112135    
  2.698032     -4.077705    
  2.698648     -4.069837    
  2.698717     -4.071177    
  2.698803     -4.071403    
  2.699142     -4.074763    
  2.699229     -4.075648    
  2.700077     -4.080040    
  2.700500     -4.085336    
  2.700923     -4.082012    
  2.701345     -4.075250    
  2.701767     -4.075401    
  2.702189     -4.075817    
  2.702610     -4.076783    
  2.702697     -4.077975    
  2.706323     -4.093304    
  2.706410     -4.082398    
  2.708352     -4.108339    
  2.708438     -4.108670    
  2.709271     -4.123035    
  2.709358     -4.156423    
  2.712230     -4.171971    
  2.712317     -4.112326    
  2.716395     -4.115127    
  2.716481     -4.117721    
  2.716568     -4.117987    
  2.718970     -4.127399    
  2.721359     -4.127779    
  2.721446     -4.129785    
  2.721792     -4.130803    
  2.721879     -4.130763    
  2.724957     -4.140702    
  2.725044     -4.138511    
  2.728368     -4.148866    
  2.728455     -4.148909    
  2.728556     -4.149063    
  2.728643     -4.148937    
  2.730036     -4.153952    
  2.730123     -4.152843    
  2.733020     -4.158204    
  2.735898     -4.169118    
  2.735985     -4.168224    
  2.736079     -4.168183    
  2.737059     -4.170829    
  2.737146     -4.171190    
  2.740300     -4.179842    
  2.740387     -4.180111    
  2.744215     -4.190787    
  2.748009     -4.201112    
  2.751770     -4.211928    
  2.755499     -4.221347    
  2.755586     -4.221854    
  2.758474     -4.231477    
  2.758561     -4.231030    
  2.759027     -4.231697    
  2.759113     -4.231755    
  2.759268     -4.231771    
  2.759355     -4.231578    
  2.759911     -4.233391    
  2.759997     -4.233505    
  2.760747     -4.235640    
  2.760833     -4.235263    
  2.762307     -4.241646    
  2.762394     -4.240347    
  2.764577     -4.245958    
  2.764664     -4.246154    
  2.765400     -4.247321    
  2.765487     -4.247551    
  2.765755     -4.248424    
  2.765842     -4.250949    
  2.767568     -4.254325    
  2.767655     -4.252542    
  2.771767     -4.265685    
  2.775841     -4.274414    
  2.775928     -4.275073    
  2.777541     -4.279133    
  2.777628     -4.279748    
  2.781421     -4.290342    
  2.781508     -4.289622    
  2.784445     -4.299943    
  2.787363     -4.308481    
  2.787450     -4.308560    
  2.789348     -4.313947    
  2.789435     -4.313834    
  2.792054     -4.322509    
  2.792141     -4.321201    
  2.795962     -4.333052    
  2.796049     -4.334273    
  2.798395     -4.336281    
  2.800729     -4.383029    
  2.803050     -4.347501    
  2.805359     -4.359135    
  2.807656     -4.363491    
  2.809941     -4.371669    
  2.812213     -4.377430    
  2.814474     -4.384142    
  2.814561     -4.383129    
  2.815775     -4.386373    
  2.815862     -4.387560    
  2.816430     -4.390704    
  2.816517     -4.389846    
  2.818570     -4.393415    
  2.818657     -4.394482    
  2.821422     -4.402868    
  2.824169     -4.411315    
  2.826900     -4.419854    
  2.829613     -4.425731    
  2.829700     -4.427248    
  2.832139     -4.434093    
  2.834565     -4.443521    
  2.836978     -4.458609    
  2.839377     -4.459999    
  2.839464     -4.452896    
  2.842740     -4.466075    
  2.845992     -4.489721    
  2.846054     -4.477975    
  2.846141     -4.477487    
  2.846320     -4.477920    
  2.846407     -4.479009    
  2.846929     -4.482201    
  2.847016     -4.478987    
  2.850284     -4.489723    
  2.850371     -4.488147    
  2.851107     -4.489768    
  2.851194     -4.489868    
  2.851272     -4.489941    
  2.851359     -4.490042    
  2.851605     -4.491966    
  2.851692     -4.492189    
  2.852969     -4.501361    
  2.853056     -4.538829    
  2.856721     -4.516638    
  2.856808     -4.489541    
  2.860014     -4.524832    
  2.863196     -4.516564    
  2.863283     -4.533174    
  2.866961     -4.532713    
  2.867048     -4.533813    
  2.867158     -4.522601    
  2.871477     -4.582282    
  2.871560     -4.584678    
  2.871647     -4.553541    
  2.874394     -4.671672    
  2.877123     -4.504342    
  2.877210     -4.519491    
  2.879769     -4.572986    
  2.882313     -4.578390    
  2.882400     -4.572027    
  2.882670     -4.573814    
  2.882757     -4.902152    
  2.885337     -5.087893    
  2.885423     -4.546736    
  2.886380     -4.330064    
  2.886467     -4.352128    
  2.886654     -4.361103    
  2.886741     -4.377783    
  2.889314     -4.537056    
  2.889401     -4.542668    
  2.891964     -4.590672    
  2.892051     -4.608201    
  2.893704     -4.612931    
  2.893791     -4.596413    
  2.894071     -4.595872    
  2.894158     -4.593419    
  2.895095     -4.613054    
  2.895182     -4.610919    
  2.896767     -4.640904    
  2.896854     -4.630060    
  2.897787     -4.612253    
  2.897874     -4.616522    
  2.900589     -4.630248    
  2.900676     -4.647655    
  2.902856     -4.645774    
  2.905026     -4.648167    
  2.905113     -4.645671    
  2.908098     -4.678447    
  2.908185     -4.652662    
  2.908477     -4.650488    
  2.908564     -4.648889    
  2.910090     -4.652969    
  2.910176     -4.655229    
  2.913363     -4.663727    
  2.916527     -4.673954    
  2.916614     -4.670496    
  2.916785     -4.670900    
  2.916872     -4.671154    
  2.917171     -4.672344    
  2.917258     -4.673574    
  2.919518     -4.680708    
  2.921765     -4.685078    
  2.921852     -4.681806    
  2.925029     -4.699809    
  2.925116     -4.698397    
  2.925941     -4.699760    
  2.926028     -4.698470    
  2.927554     -4.713661    
  2.927641     -4.706741    
  2.927950     -4.708305    
  2.928037     -4.710008    
  2.928671     -4.711116    
  2.928758     -4.713468    
  2.929127     -4.717421    
  2.929213     -4.715993    
  2.929524     -4.709656    
  2.929611     -4.709006    
  2.930245     -4.714120    
  2.930332     -4.714436    
  2.930604     -4.715743    
  2.930691     -4.716328    
  2.930963     -4.718864    
  2.931050     -4.716252    
  2.934646     -4.722553    
  2.934733     -4.725924    
  2.936807     -4.726502    
  2.936894     -4.724685    
  2.937412     -4.726033    
  2.937499     -4.726413    
  2.937612     -4.728228    
  2.939332     -4.736438    
  2.939418     -4.732801    
  2.941608     -4.738442    
  2.943787     -4.748359    
  2.943874     -4.747959    
  2.945266     -4.754187    
  2.945353     -4.754649    
  2.946273     -4.756630    
  2.946360     -4.756978    
  2.946687     -4.758522    
  2.946774     -4.758507    
  2.949036     -4.770943    
  2.951287     -4.768961    
  2.951374     -4.772329    
  2.953319     -4.778351    
  2.953406     -4.777627    
  2.953750     -4.777827    
  2.953837     -4.777742    
  2.954344     -4.776263    
  2.954431     -4.775509    
  2.955739     -4.782231    
  2.955826     -4.782078    
  2.956162     -4.783056    
  2.956249     -4.783558    
  2.956822     -4.787141    
  2.956909     -4.788040    
  2.957620     -4.790873    
  2.957703     -4.790557    
  2.957790     -4.790597    
  2.958622     -4.790022    
  2.958708     -4.791242    
  2.959196     -4.793357    
  2.959269     -4.792802    
  2.959356     -4.792730    
  2.959520     -4.792753    
  2.959575     -4.792817    
  2.959642     -4.792930    
  2.959729     -4.792570    
  2.960694     -4.785046    
  2.960781     -4.784897    
  2.961021     -4.783992    
  2.961108     -4.783779    
  2.961209     -4.689171    
  2.965318     -4.969995    
  2.965405     -6.101544    
  2.969227     -4.561642    
  2.969314     -4.699727    
  2.972533     -4.793115    
  2.975728     -4.806905    
  2.975815     -4.807644    
  2.976166     -4.838282    
  2.976253     -4.792510    
  2.979351     -4.844556    
  2.982423     -4.817195    
  2.982509     -4.807511    
  2.982872     -4.798319    
  2.982959     -4.786630    
  2.986873     -4.817893    
  2.990753     -4.809850    
  2.994598     -4.841588    
  2.998409     -4.883380    
  3.002187     -4.833556    
  3.005933     -4.866385    
  3.009646     -4.930240    
  3.013329     -4.846685    
  3.016980     -4.907575    
  3.020600     -4.909325    
  3.024191     -4.929295    
  3.027752     -4.938940    
  3.031285     -4.961284    
  3.034788     -5.105881    
  3.038264     -4.810687    
  3.041713     -5.029269    
  3.041799     -4.922667    
  3.044019     -4.986531    
  3.044106     -4.982555    
  3.046417     -5.007164    
  3.046504     -5.001782    
  3.047266     -5.000879    
  3.047353     -4.992215    
  3.050503     -5.026793    
  3.053630     -5.016713    
  3.056735     -5.024447    
  3.059819     -5.034795    
  3.062880     -5.114938    
  3.065920     -5.046944    
  3.068939     -5.032510    
  3.071937     -5.030736    
  3.072024     -5.055535    
  3.074515     -5.119853    
  3.074602     -5.038467    
  3.077416     -5.090722    
  3.080211     -5.110468    
  3.082988     -5.175346    
  3.085748     -5.341693    
  3.085835     -4.935462    
  3.088164     -4.961079    
  3.088251     -4.918863    
  3.089222     -4.951791    
  3.089309     -5.321822    
  3.091849     -4.988458    
  3.091936     -6.064209    
  3.095352     -4.691844    
  3.095438     -4.411779    
  3.096179     -4.388523    
  3.096266     -4.407217    
  3.099969     -5.520259    
  3.100056     -5.136528    
  3.102791     -5.023995    
  3.105509     -5.304677    
  3.105596     -5.161436    
  3.108813     -5.154249    
  3.112005     -4.930272    
  3.112092     -5.260546    
  3.114687     -5.102931    
  3.114774     -5.225893    
  3.114901     -5.147081    
  3.114988     -5.009548    
  3.116978     -5.147946    
  3.117065     -5.390628    
  3.117740     -5.209441    
  3.117827     -5.139295    
  3.118223     -5.074333    
  3.118310     -5.051899    
  3.120853     -5.149878    
  3.123381     -5.226688    
  3.123468     -5.336879    
  3.125997     -5.148536    
  3.126084     -5.344102    
  3.127687     -5.125264    
  3.127774     -5.164225    
  3.129225     -5.160692    
  3.129312     -5.199235    
  3.132455     -5.258169    
  3.135577     -5.298567    
  3.135664     -5.211977    
  3.136182     -5.206181    
  3.136269     -5.276472    
  3.138696     -5.264630    
  3.141109     -5.147948    
  3.141196     -5.187393    
  3.144101     -5.308682    
  3.144188     -5.292744    
  3.144956     -5.288542    
  3.145043     -5.291916    
  3.146758     -5.320049    
  3.146845     -5.322441    
  3.146975     -5.323464    
  3.147795     -5.332165    
  3.147882     -5.331587    
  3.148729     -5.336059    
  3.148816     -5.340675    
  3.150639     -5.335015    
  3.150726     -5.341012    
  3.151276     -5.342601    
  3.151363     -5.348787    
  3.153068     -5.363596    
  3.153155     -5.358248    
  3.153381     -5.358554    
  3.153434     -5.358210    
  3.153521     -5.351481    
  3.155016     -5.345578    
  3.155103     -5.352726    
  3.156074     -5.353115    
  3.156161     -5.351306    
  3.160418     -5.378157    
  3.164633     -5.379882    
  3.164720     -5.377652    
  3.165979     -5.389610    
  3.166066     -5.387778    
  3.168877     -5.405061    
  3.171670     -5.401748    
  3.171756     -5.343834    
  3.173578     -5.324457    
  3.173665     -5.322796    
  3.177077     -5.367614    
  3.180463     -5.422084    
  3.180550     -5.425912    
  3.181960     -5.435699    
  3.182047     -5.439257    
  3.184770     -5.456564    
  3.187477     -5.470202    
  3.187564     -5.469878    
  3.188338     -5.468502    
  3.188425     -5.469780    
  3.189356     -5.470958    
  3.189443     -6.430080    
  3.191119     -6.776186    
  3.191206     -5.751881    
  3.192224     -5.294634    
  3.192311     -5.256199    
  3.194885     -5.364694    
  3.194972     -5.388847    
  3.196916     -5.449807    
  3.197003     -5.449445    
  3.200094     -5.510388    
  3.203162     -5.493803    
  3.203250     -5.499345    
  3.204674     -5.516102    
  3.204761     -5.516427    
  3.207365     -5.536949    
  3.207452     -5.531684    
  3.209994     -5.538638    
  3.212521     -5.471177    
  3.215033     -6.082654    
  3.217531     -4.731818    
  3.217618     -4.797402    
  3.218164     -4.851493    
  3.218251     -4.869699    
  3.218329     -4.882796    
  3.218415     -4.982685    
  3.222383     -5.569442    
  3.226315     -5.603293    
  3.230212     -5.614345    
  3.234074     -5.693114    
  3.237901     -5.487574    
  3.241696     -5.641711    
  3.245457     -5.646556    
  3.249187     -5.661822    
  3.249274     -5.663729    
  3.251238     -5.677392    
  3.251325     -5.677705    
  3.251523     -5.678760    
  3.251610     -5.679750    
  3.254604     -5.692069    
  3.257576     -5.704106    
  3.260529     -5.708506    
  3.263462     -5.724164    
  3.263549     -5.724616    
  3.265995     -5.730872    
  3.268428     -5.742450    
  3.270847     -5.743595    
  3.273253     -5.722204    
  3.273340     -5.750646    
  3.276535     -5.767505    
  3.279706     -5.778501    
  3.279793     -5.779327    
  3.281662     -5.785254    
  3.281749     -5.785405    
  3.285833     -5.800066    
  3.285920     -5.800407    
  3.289028     -5.808606    
  3.289115     -5.811120    
  3.291415     -5.817545    
  3.291501     -5.816937    
  3.293929     -5.826674    
  3.296343     -5.835292    
  3.298744     -5.843768    
  3.301132     -5.850551    
  3.301219     -5.850679    
  3.305074     -5.864776    
  3.305161     -5.864978    
  3.305985     -5.868163    
  3.306072     -5.868553    
  3.306887     -5.870468    
  3.306974     -5.869566    
  3.309850     -5.880750    
  3.309937     -5.880198    
  3.310624     -5.883188    
  3.310710     -5.884024    
  3.311825     -5.887221    
  3.311912     -5.886723    
  3.312012     -5.886025    
  3.312099     -5.884341    
  3.314648     -5.879903    
  3.317181     -5.890907    
  3.319700     -5.913524    
  3.322204     -5.922064    
  3.324695     -5.922365    
  3.327170     -5.928908    
  3.329632     -5.935984    
  3.332080     -5.939264    
  3.334514     -5.960885    
  3.336935     -5.975363    
  3.339342     -5.935316    
  3.341736     -6.002089    
  3.344117     -5.958586    
  3.346485     -6.017448    
  3.348840     -5.967265    
  3.351182     -6.000066    
  3.351269     -5.991030    
  3.354866     -6.025268    
  3.358433     -6.018198    
  3.361971     -6.045385    
  3.365480     -6.073779    
  3.365567     -5.991161    
  3.367434     -6.026502    
  3.367521     -6.039082    
  3.370087     -6.072890    
  3.372609     -6.078992    
  3.375118     -6.081297    
  3.377612     -6.097369    
  3.377699     -6.144730    
  3.380754     -6.025804    
  3.383787     -6.112692    
  3.386800     -6.128448    
  3.389792     -6.140285    
  3.389879     -6.140588    
  3.392466     -6.148000    
  3.395039     -6.157121    
  3.395126     -6.156545    
  3.397959     -6.165390    
  3.398046     -6.167145    
  3.398416     -6.168787    
  3.398503     -6.167364    
  3.400855     -6.180794    
  3.400942     -6.231842    
  3.402428     -6.056656    
  3.402515     -6.018751    
  3.404126     -6.097776    
  3.404213     -6.121325    
  3.406921     -6.191983    
  3.409611     -6.204892    
  3.412285     -6.215243    
  3.414942     -6.224887    
  3.415029     -6.223519    
  3.419186     -6.238990    
  3.423303     -6.253099    
  3.427382     -6.266353    
  3.431422     -6.279384    
  3.431509     -6.280107    
  3.434904     -6.297950    
  3.438273     -6.162524    
  3.441616     -6.201016    
  3.444934     -6.330423    
  3.445021     -6.319016    
  3.447484     -6.334098    
  3.449934     -6.344023    
  3.450021     -6.344206    
  3.452474     -6.351740    
  3.454914     -6.357303    
  3.455001     -6.356662    
  3.457947     -6.368873    
  3.460873     -6.375347    
  3.463780     -6.388483    
  3.466667     -6.399051    
  3.466754     -6.399311    
  3.467583     -6.402323    
  3.467670     -6.402512    
  3.469453     -6.407836    
  3.469505     -6.408885    
  3.469592     -6.409268    
  3.469843     -6.410141    
  3.469930     -6.410135    
  3.471179     -6.413453    
  3.471266     -6.414918    
  3.474100     -6.423525    
  3.474187     -6.423984    
  3.476423     -6.436643    
  3.478648     -6.322539    
  3.480861     -6.438442    
  3.483063     -6.443494    
  3.483150     -6.446710    
  3.485959     -6.464987    
  3.488749     -6.473107    
  3.491522     -6.481992    
  3.494277     -6.492209    
  3.494364     -6.490870    
  3.496766     -6.500403    
  3.499154     -6.507980    
  3.501530     -6.517181    
  3.503893     -6.526837    
  3.506243     -6.469434    
  3.508580     -6.116166    
  3.510905     -6.435050    
  3.513217     -6.538215    
  3.513304     -6.530672    
  3.515963     -6.562678    
  3.518606     -6.574482    
  3.521233     -6.583769    
  3.523845     -6.590503    
  3.526440     -6.598061    
  3.529020     -6.608129    
  3.531585     -6.618630    
  3.534135     -6.622922    
  3.534222     -6.626386    
  3.536649     -6.634431    
  3.539062     -6.641116    
  3.541462     -6.642379    
  3.543849     -6.520760    
  3.543936     -6.558530    
  3.544500     -6.563819    
  3.544586     -6.543450    
  3.547376     -6.635983    
  3.550148     -6.675922    
  3.550235     -6.673675    
  3.552940     -6.689089    
  3.555627     -6.699049    
  3.555714     -6.698591    
  3.556728     -6.703835    
  3.556815     -6.702290    
  3.557696     -6.703899    
  3.557783     -6.703104    
  3.558846     -6.706523    
  3.558933     -6.707655    
  3.559110     -6.708675    
  3.559197     -6.709130    
  3.559291     -6.709597    
  3.559378     -6.710536    
  3.560851     -6.709975    
  3.560938     -6.711098    
  3.561019     -6.711516    
  3.561106     -6.711939    
  3.561368     -6.713344    
  3.561455     -6.713911    
  3.561549     -6.714546    
  3.561702     -6.715647    
  3.561789     -6.716479    
  3.562293     -6.719222    
  3.565681     -6.731305    
  3.565768     -6.733975    
  3.568672     -6.746104    
  3.571556     -6.754600    
  3.574422     -6.765997    
  3.577268     -6.763535    
  3.580096     -6.773663    
  3.582906     -6.784908    
  3.585698     -6.790839    
  3.588471     -6.808714    
  3.591228     -6.815531    
  3.593966     -6.806965    
  3.596688     -6.820735    
  3.599393     -6.851819    
  3.602081     -6.831174    
  3.604752     -6.855087    
  3.607407     -6.860793    
  3.610046     -6.864139    
  3.610133     -6.863685    
  3.612394     -6.882430    
  3.614642     -6.901093    
  3.616880     -6.862472    
  3.619105     -6.905556    
  3.621319     -6.921310    
  3.623523     -6.923259    
  3.625715     -6.900118    
  3.627896     -6.907894    
  3.627982     -6.914237    
  3.630428     -6.950401    
  3.632293     -6.957042    
  3.632379     -6.957589    
  3.635363     -6.970150    
  3.638325     -6.972328    
  3.641268     -6.912760    
  3.644191     -6.999464    
  3.644278     -6.991188    
  3.646967     -7.005280    
  3.649640     -7.014654    
  3.652297     -7.021798    
  3.654938     -7.024320    
  3.655025     -7.018410    
  3.657211     -7.012672    
  3.659385     -7.015759    
  3.659472     -6.919952    
  3.663615     -7.056030    
  3.663702     -7.131254    
  3.666918     -6.863220    
  3.670110     -7.099591    
  3.670197     -7.128077    
  3.674031     -6.367896    
  3.677831     -7.056197    
  3.681598     -7.118564    
  3.685333     -7.135838    
  3.685420     -7.160343    
  3.688862     -7.041673    
  3.688948     -6.954768    
  3.690731     -7.036517    
  3.690818     -7.046885    
  3.691459     -7.090673    
  3.691546     -7.129639    
  3.694812     -7.084296    
  3.694898     -7.091195    
  3.695365     -7.120170    
  3.695452     -7.122995    
  3.695518     -7.125548    
  3.695605     -7.131448    
  3.698701     -7.174307    
  3.701776     -7.185170    
  3.704828     -7.195423    
  3.707860     -7.201817    
  3.710870     -7.216197    
  3.712650     -7.219429    
  3.713860     -7.224033    
  3.716830     -7.231613    
  3.719779     -7.235963    
  3.719866     -7.235160    
  3.723198     -7.246628    
  3.726504     -7.267088    
  3.729786     -7.275854    
  3.733043     -7.287301    
  3.733130     -7.279533    
  3.736895     -7.054958    
  3.740628     -7.330503    
  3.740715     -7.294643    
  3.743507     -7.319379    
  3.746281     -7.331059    
  3.749037     -7.339050    
  3.751777     -7.347869    
  3.751863     -7.347790    
  3.754658     -7.352114    
  3.754745     -7.356524    
  3.755217     -7.359386    
  3.755304     -7.359795    
  3.755522     -7.360833    
  3.755609     -7.360547    
  3.758467     -7.373282    
  3.761306     -7.392181    
  3.764127     -7.350331    
  3.766929     -7.333618    
  3.769713     -7.390583    
  3.772480     -7.413153    
  3.775229     -7.424797    
  3.777961     -7.430389    
  3.778048     -7.434657    
  3.778151     -7.433655    
  3.781161     -7.438404    
  3.784252     -7.453165    
  3.787320     -7.462245    
  3.790368     -7.467615    
  3.793394     -7.470413    
  3.796399     -7.496428    
  3.799384     -7.489400    
  3.802348     -7.520969    
  3.802435     -7.488971    
  3.806009     -7.518803    
  3.806096     -7.527045    
  3.809815     -7.522027    
  3.809902     -7.514925    
  3.811377     -7.525213    
  3.811464     -7.527598    
  3.811517     -7.528262    
  3.811568     -7.528814    
  3.811655     -7.525782    
  3.814154     -7.541936    
  3.816638     -7.561542    
  3.819108     -7.120773    
  3.821564     -7.335992    
  3.821651     -7.411371    
  3.825835     -7.586356    
  3.829979     -7.575902    
  3.834084     -7.625282    
  3.838150     -7.633949    
  3.838237     -7.636009    
  3.840994     -7.587028    
  3.843735     -7.630909    
  3.846458     -7.661653    
  3.849164     -7.670745    
  3.851853     -7.674448    
  3.854526     -7.634839    
  3.857182     -7.639879    
  3.859823     -7.600671    
  3.859910     -7.642610    
  3.862754     -7.711999    
  3.865581     -7.722331    
  3.868389     -7.731092    
  3.871179     -7.739144    
  3.871266     -7.741588    
  3.873695     -7.742358    
  3.876111     -7.757715    
  3.878513     -7.765531    
  3.880902     -7.756112    
  3.880989     -7.713313    
  3.884377     -7.663680    
  3.887739     -7.792510    
  3.891076     -7.803596    
  3.894387     -7.812819    
  3.894474     -7.814077    
  3.898660     -7.824090    
  3.898747     -7.820896    
  3.901486     -7.836706    
  3.904208     -7.844824    
  3.904295     -7.843574    
  3.905384     -7.846618    
  3.905471     -7.846103    
  3.908472     -7.859067    
  3.908559     -7.857276    
  3.912193     -7.868599    
  3.912280     -7.867580    
  3.913068     -7.871810    
  3.913155     -7.872443    
  3.913273     -7.873122    
  3.913714     -7.875581    
  3.913769     -7.875962    
  3.913842     -7.876307    
  3.913889     -7.876465    
  3.913972     -7.898513    
  3.916915     -7.823073    
  3.917002     -7.802407    
  3.919240     -7.728936    
  3.921466     -7.877367    
  3.923680     -7.908590    
  3.925884     -7.920930    
  3.928076     -7.930525    
  3.930258     -7.936395    
  3.934588     -7.946052    
  3.938875     -7.963503    
  3.943121     -7.962685    
  3.947325     -7.973495    
  3.951490     -7.988984    
  3.955614     -8.002458    
  3.959700     -8.016957    
  3.963748     -8.022461    
  3.967758     -8.057270    
  3.971732     -7.880365    
  3.975669     -7.949449    
  3.979571     -8.089794    
  3.983439     -8.068648    
  3.983526     -8.079882    
  3.987126     -8.108787    
  3.990697     -8.113000    
  3.994239     -8.100868    
  3.997752     -8.145237    
  3.997838     -8.146379    
  4.000147     -8.155795    
  4.002444     -8.153724    
  4.004728     -8.220549    
  4.007001     -7.488416    
  4.009262     -7.598518    
  4.011511     -8.012016    
  4.013748     -8.128857    
  4.015974     -8.185860    
  4.018189     -8.199651    
  4.020392     -8.154502    
  4.022585     -8.185900    
  4.024766     -8.223683    
  4.029096     -8.243139    
  4.033383     -8.256429    
  4.033470     -8.211900    
  4.034774     -8.403503    
  4.034861     -8.255444    
  4.038365     -8.209168    
  4.038452     -8.231269    
  4.040802     -8.195492    
  4.043140     -8.226035    
  4.045465     -8.282665    
  4.047778     -8.259431    
  4.047865     -8.278833    
  4.051277     -8.313826    
  4.054632     -8.332018    
  4.057962     -8.332707    
  4.061267     -8.352261    
  4.061354     -8.355059    
  4.065579     -8.197410    
  4.069764     -8.016019    
  4.073909     -8.391996    
  4.078015     -8.402470    
  4.078102     -8.394746    
  4.080241     -8.409087    
  4.080328     -8.407813    
  4.080857     -8.408627    
  4.080944     -8.408893    
  4.081009     -8.408924    
  4.081054     -8.408882    
  4.082194     -8.405277    
  4.082281     -8.402832    
  4.084738     -8.408754    
  4.087181     -8.411895    
  4.089611     -8.425369    
  4.092028     -8.432784    
  4.094430     -8.447263    
  4.096820     -8.442429    
  4.099197     -8.458455    
  4.101560     -8.454850    
  4.101647     -8.451893    
  4.104844     -8.479832    
  4.108018     -8.434203    
  4.111169     -8.344799    
  4.114297     -8.480065    
  4.117403     -8.519773    
  4.120486     -8.518236    
  4.123548     -8.516973    
  4.126589     -8.540875    
  4.129608     -8.548778    
  4.132606     -8.538242    
  4.135584     -8.562325    
  4.138542     -8.587447    
  4.141479     -8.572631    
  4.144397     -8.571392    
  4.147296     -8.601481    
  4.150175     -8.622572    
  4.150262     -8.621029    
  4.153103     -8.628790    
  4.155926     -8.614548    
  4.156013     -8.608536    
  4.158103     -8.591876    
  4.158190     -8.608240    
  4.161727     -8.642888    
  4.161814     -8.646721    
  4.163762     -8.661315    
  4.163849     -8.661777    
  4.166200     -8.668701    
  4.168538     -8.697563    
  4.170864     -8.464867    
  4.173177     -8.514700    
  4.175478     -8.606436    
  4.177767     -8.692961    
  4.180044     -8.712952    
  4.182309     -8.697983    
  4.184563     -8.718891    
  4.186804     -8.732187    
  4.189034     -8.731410    
  4.191253     -8.754674    
  4.193461     -8.733567    
  4.195657     -8.769940    
  4.197842     -8.718199    
  4.200017     -8.705114    
  4.204333     -8.791179    
  4.208607     -8.796377    
  4.212839     -8.800095    
  4.217030     -8.814870    
  4.221182     -8.827946    
  4.225294     -8.852051    
  4.229367     -8.794816    
  4.233402     -8.791438    
  4.233489     -8.819223    
  4.235773     -8.865661    
  4.238044     -8.888331    
  4.240303     -8.886228    
  4.242551     -8.881682    
  4.244787     -8.892161    
  4.247012     -8.910379    
  4.249225     -8.917645    
  4.251427     -8.900021    
  4.251514     -8.910356    
  4.255198     -8.926800    
  4.258852     -8.952571    
  4.262474     -8.931865    
  4.266067     -8.964558    
  4.266154     -8.961446    
  4.268659    -100.00000    
  4.271149     -8.378333    
  4.273626     -8.209806    
  4.276088     -8.552162    
  4.278536     -8.848952    
  4.280971     -8.882682    
  4.283392     -8.980649    
  4.285800     -9.024280    
  4.288194     -9.042025    
  4.290575     -9.013018    
  4.292943     -9.023465    
  4.295299     -9.047452    
  4.297641     -9.071634    
  4.299971     -9.076735    
  4.302289     -9.085430    
  4.304595     -9.087901    
  4.306888     -9.095198    
  4.309169     -9.095356    
  4.311438     -9.055373    
  4.313695     -9.086127    
  4.315941     -9.110795    
  4.318175     -9.132353    
  4.320398     -9.137181    
  4.322610     -9.137854    
  4.324810     -9.128910    
  4.326999     -9.151551    
  4.329177     -9.140616    
  4.331345     -9.165516    
  4.335647     -9.148269    
  4.339907     -9.117294    
  4.339994     -9.091460    
  4.343342     -8.985715    
  4.346664     -9.186593    
  4.349961     -9.211926    
  4.353233     -9.234201    
  4.353320     -9.234723    
  4.356074     -9.218647    
  4.356161     -9.215873    
  4.357582     -9.227606    
  4.357669     -9.231186    
  4.360507     -9.251446    
  4.363326     -9.265067    
  4.366127     -9.251446    
  4.368910     -9.283552    
  4.371675     -9.213651    
  4.374422     -9.221350    
  4.377153     -9.284913    
  4.379866     -9.288109    
  4.382563     -9.321894    
  4.385243     -9.324825    
  4.387906     -9.338546    
  4.390553     -9.337540    
  4.393185     -9.324216    
  4.395800     -9.338790    
  4.398400     -9.359157    
  4.400984     -9.376473    
  4.403553     -9.380912    
  4.406107     -9.389712    
  4.408646     -9.390165    
  4.411170     -9.362069    
  4.413679     -9.386259    
  4.416174     -9.410666    
  4.418655     -9.421892    
  4.421122     -9.291830    
  4.423575     -9.371719    
  4.426014     -9.435967    
  4.428439     -9.444256    
  4.430851     -9.449276    
  4.433250     -9.418965    
  4.435636     -9.428756    
  4.438008     -9.467884    
  4.440368     -9.486902    
  4.440455     -9.487061    
  4.442834     -9.477675    
  4.445201     -9.502003    
  4.445288     -9.503038    
  4.447569     -9.506498    
  4.449839     -9.559751    
  4.452097     -9.255395    
  4.454343     -9.229549    
  4.456578     -9.459115    
  4.458801     -9.515771    
  4.461013     -9.485475    
  4.463213     -9.492522    
  4.465403     -9.540724    
  4.467581     -9.572308    
  4.471906     -9.562188    
  4.476188     -9.587784    
  4.480428     -9.372246    
  4.512937     -9.602373    
  4.513024     -9.698059    
  4.514610     -9.697329    
  4.514697     -9.699881    
  4.515945     -9.707202    
  4.516032     -9.698688    
  4.585469     -9.880567    
  4.585556     -9.865963    
  4.648489     -10.02329    
  4.648576     -10.06853    
  4.649548     -10.08061    
  4.649635     -10.08101    
  4.649838     -10.08326    
  4.649925     -10.01843    
  4.709765     -10.17943    
  4.709852     -10.25054    
  4.765753     -10.34083    
  4.765822     -10.42009    
  4.765909     -10.39063    
  4.818480     -10.57407    
  4.818567     -10.51586    
  4.868094     -10.58642    
  4.868152     -10.69852    
  4.868214     -10.61728    
  4.915089     -10.86417    
  4.915176     -10.84211    
  4.959449     -10.95966    
  4.959536     -10.96016    
  4.959642     -10.91609    
  4.959729     -10.92413    
  5.002021     -10.91899    
  5.002108     -11.08183    
  5.041986     -11.20050    
  5.042072     -11.22086    
  5.042428     -11.22117    
  5.042515     -11.16956    
  5.081038     -11.28243    
  5.081125     -11.25976    
  5.117569     -11.40061    
  5.117655     -11.42814    
  5.118005     -11.41888    
  5.118092     -11.19031    
  5.153462     -11.59830    
  5.153549     -11.48841    
  5.187204     -11.60927    
  5.187290     -11.58924    
  5.187529     -11.59003    
  5.187616     -11.57159    
  5.251180     -11.69073    
  5.251266     -11.75709    
  5.251931     -11.75675    
  5.252018     -11.75391    
  5.311750     -11.88780    
  5.311837     -11.93349    
  5.311944     -11.89903    
  5.614629     -12.73253    
  5.791270     -13.24003    
  6.013559     -13.86406    
  6.269124     -14.58867    
  6.545503     -15.39158    
  6.833661     -16.23020    
  7.128110     -17.09002    
  7.425812     -17.95268    
  7.725168     -18.82109    
  8.025358     -19.73819    
  8.325968     -20.78917    
  8.626788     -22.16511    
  8.927713    -100.00000    
