 0.6989700    -100.00000    
 0.7247828    -100.00000    
 0.7491470    -100.00000    
 0.7722168    -100.00000    
 0.7941226    -100.00000    
 0.8348744    -100.00000    
 0.8721282    -100.00000    
 0.9064373    -100.00000    
 0.9382333    -100.00000    
 0.9678594     -66.84334    
 0.9955930     -64.16173    
  1.021661     -63.37953    
  1.046253     -63.04194    
  1.069527     -63.04142    
  1.091616     -63.32143    
  1.132686     -64.56729    
  1.170205    -100.00000    
  1.204739    -100.00000    
  1.236728    -100.00000    
  1.266522    -100.00000    
  1.294403    -100.00000    
  1.320601    -100.00000    
  1.345308    -100.00000    
  1.368685    -100.00000    
  1.390867    -100.00000    
  1.390954     -47.42401    
  1.407231     -48.64187    
  1.407318     -48.46608    
  1.416604     -49.51041    
  1.416691     -35.32597    
  1.434239     -35.46159    
  1.434325     -35.62346    
  1.438732     -35.77846    
  1.438819     -35.78053    
  1.442990     -35.93241    
  1.443077     -35.98904    
  1.465932     -37.40071    
  1.466019     -36.83761    
  1.466567     -36.86118    
  1.466654     -36.92655    
  1.485460     -38.18023    
  1.485547     -37.72957    
  1.485843     -37.74393    
  1.485930     -37.79554    
  1.499937     -38.66852    
  1.500023    -100.00000    
  1.502811     -37.03280    
  1.502898     -37.56678    
  1.515152     -38.21169    
  1.515239     -38.18612    
  1.538911     -40.61383    
  1.538998     -39.27186    
  1.541754     -39.45164    
  1.541841     -39.36449    
  1.544410    -100.00000    
  1.544497    -100.00000    
  1.546755     -39.48592    
  1.546842     -39.81367    
  1.568094    -100.00000    
  1.568181     -41.18892    
  1.576102     -41.86983    
  1.576189     -41.75238    
  1.577032     -41.81732    
  1.577119     -41.87450    
  1.586189     -42.77786    
  1.586276     -42.55102    
  1.587530     -42.65428    
  1.587617     -42.77344    
  1.602078    -100.00000    
  1.602165     -43.93929    
  1.604747     -44.18683    
  1.604834     -40.62908    
  1.629405     -40.40404    
  1.629492     -45.58610    
  1.633100     -45.90049    
  1.633187     -45.89364    
  1.643761     -46.62803    
  1.643848     -46.48314    
  1.646889     -46.60097    
  1.646976     -46.60690    
  1.653070     -46.81768    
  1.653157     -46.83851    
  1.667964     -47.38257    
  1.668051     -47.32066    
  1.673067     -47.49834    
  1.673154     -47.49593    
  1.673452     -47.50654    
  1.673539     -47.52526    
  1.683736     -47.91808    
  1.683823     -47.89532    
  1.689301     -48.11139    
  1.689388     -48.10647    
  1.690173     -48.13782    
  1.690260     -48.14183    
  1.691919     -48.20841    
  1.692006     -48.26337    
  1.709636     -49.25826    
  1.709723     -48.95939    
  1.714846     -49.19029    
  1.714933     -49.18727    
  1.717233     -49.29619    
  1.717320     -49.29884    
  1.717576     -49.31122    
  1.717663     -49.31701    
  1.719536     -49.40433    
  1.719623     -49.40885    
  1.721805     -49.49670    
  1.721892     -49.50679    
  1.725295     -49.56043    
  1.725382     -49.65138    
  1.731154     -49.23743    
  1.731241     -49.17230    
  1.731758     -49.11648    
  1.731845     -49.10687    
  1.732294     -49.05659    
  1.732381     -49.08124    
  1.735217     -48.72587    
  1.735304    -100.00000    
  1.746841     -47.41072    
  1.746929     -47.24574    
  1.747807     -47.13632    
  1.747894     -47.45821    
  1.753972     -46.43834    
  1.754058     -46.40190    
  1.756978     -46.02944    
  1.757065     -46.26253    
  1.762907     -45.35484    
  1.762994     -45.28929    
  1.763503     -45.22839    
  1.763590     -45.23779    
  1.765957     -44.94801    
  1.766044     -44.94796    
  1.768505     -44.64798    
  1.768592     -45.48455    
  1.776113     -43.82681    
  1.776200     -43.87775    
  1.781285     -43.19653    
  1.781372     -43.14574    
  1.781946     -43.08021    
  1.782033     -43.15580    
  1.786409     -42.60604    
  1.786495     -42.57233    
  1.788161     -42.38281    
  1.788248     -42.37090    
  1.789372     -42.24428    
  1.789459     -42.25791    
  1.792246     -41.93571    
  1.792333    -100.00000    
  1.800765     -41.07122    
  1.800851    -100.00000    
  1.809708     -40.11365    
  1.809795     -40.01598    
  1.810144     -39.97899    
  1.810231     -40.01906    
  1.814042     -39.58942    
  1.814129    -100.00000    
  1.834747     -37.69066    
  1.834834     -37.48798    
  1.838907     -37.05611    
  1.838994     -37.02909    
  1.840414     -36.88804    
  1.840501     -36.88750    
  1.842703     -36.66774    
  1.842790     -36.65555    
  1.844125     -36.52439    
  1.844212    -100.00000    
  1.857265     -35.39263    
  1.857352    -100.00000    
  1.870233     -34.18309    
  1.870320     -34.05454    
  1.871306     -33.96442    
  1.871393     -33.95594    
  1.872072     -33.89426    
  1.872158     -33.88855    
  1.873424     -33.77327    
  1.873511     -33.97161    
  1.880831     -33.15872    
  1.880918     -33.23050    
  1.887368     -32.57341    
  1.887455    -100.00000    
  1.899003     -31.62849    
  1.899090     -31.65523    
  1.905821     -31.00191    
  1.905908     -31.03261    
  1.911657     -30.51047    
  1.911744     -30.47356    
  1.912227     -30.43397    
  1.912313     -30.43055    
  1.913955     -30.29577    
  1.914042     -30.83936    
  1.924238     -29.53900    
  1.924325     -29.46339    
  1.925856     -29.34164    
  1.925943     -29.33307    
  1.926709     -29.27264    
  1.926796     -29.26525    
  1.926846     -29.26135    
  1.926932     -29.25484    
  1.927461     -29.21313    
  1.927548     -29.22224    
  1.930771     -28.96393    
  1.930858     -28.96087    
  1.933873     -28.72208    
  1.933960     -28.72020    
  1.936983     -28.48273    
  1.937070     -28.46864    
  1.938051     -28.39337    
  1.938138     -28.39549    
  1.940777     -28.19149    
  1.940864    -100.00000    
  1.955697     -27.18601    
  1.955784     -27.09261    
  1.959855     -26.78706    
  1.959942     -26.78480    
  1.963545     -26.51940    
  1.963632     -26.85592    
  1.974225     -25.81964    
  1.974312     -25.75083    
  1.974387     -25.74559    
  1.974474     -25.74789    
  1.977192     -25.55736    
  1.977279    -100.00000    
  1.994212     -24.52154    
  1.994299     -24.40443    
  1.996552     -24.25525    
  1.996639     -24.24737    
  1.997939     -24.16222    
  1.998026     -24.15973    
  2.000182     -24.01852    
  2.000268     -24.08258    
  2.007421     -23.57936    
  2.007508     -23.54703    
  2.009100     -23.44560    
  2.009187     -23.43842    
  2.009352     -23.42797    
  2.009439     -23.42248    
  2.009543     -23.50331    
  2.017372     -22.95811    
  2.017459     -23.04438    
  2.026471     -22.40794    
  2.026558     -22.36518    
  2.028108     -22.27123    
  2.028195    -100.00000    
  2.061043     -20.58636    
  2.061130     -20.39146    
  2.067104     -20.04811    
  2.067191     -20.02775    
  2.068339     -19.96519    
  2.068426     -20.01705    
  2.076209     -19.56741    
  2.076296    -100.00000    
  2.097304     -18.59237    
  2.097391     -18.53496    
  2.100294     -18.40418    
  2.100380     -18.39918    
  2.101519     -18.34420    
  2.101605     -18.33802    
  2.102584     -18.29040    
  2.102671     -18.25205    
  2.104539     -17.91588    
  2.104626     -17.68042    
  2.106101     -18.29174    
  2.106187     -18.03380    
  2.111508     -17.57910    
  2.111595     -17.62465    
  2.111941     -17.59414    
  2.112028     -17.27219    
  2.124229     -16.71637    
  2.124316     -16.74174    
  2.124942     -15.97559    
  2.125029     -16.09184    
  2.126973     -18.35838    
  2.127060     -16.81951    
  2.127658     -16.80087    
  2.127745     -17.12485    
  2.131986     -16.33642    
  2.132073     -15.82836    
  2.137486     -17.07191    
  2.137573     -16.50614    
  2.141450     -16.06670    
  2.141537     -16.23615    
  2.141662     -16.33117    
  2.141749     -15.56128    
  2.149371     -15.76351    
  2.149458     -15.64000    
  2.150293     -15.65767    
  2.150380     -15.69692    
  2.150508     -15.28084    
  2.154246     -16.06969    
  2.154333     -15.83809    
  2.156640     -15.22675    
  2.156727     -15.32809    
  2.156827     -15.47558    
  2.158960     -15.31044    
  2.159047     -14.31511    
  2.168055     -14.39887    
  2.168141     -14.58800    
  2.177604     -14.27270    
  2.177690     -14.43986    
  2.181731     -14.23583    
  2.181818     -13.75050    
  2.184198     -13.48795    
  2.184285     -14.44177    
  2.188445     -14.24972    
  2.188532     -13.96900    
  2.191911     -14.02745    
  2.191997     -13.44424    
  2.204170     -13.69327    
  2.204257     -13.83674    
  2.213352     -13.44004    
  2.213439     -13.59360    
  2.217837    -100.00000    
  2.217924     -15.04298    
  2.218030    -100.00000    
  2.218315     -14.00206    
  2.218402     -14.05357    
  2.218688     -14.02551    
  2.218775     -13.68816    
  2.225403     -13.44568    
  2.231931     -13.14869    
  2.232018     -13.88015    
  2.234695     -13.79485    
  2.234781     -13.89432    
  2.239617    -100.00000    
  2.239704     -13.46261    
  2.245345     -13.47422    
  2.245432     -13.28607    
  2.250721     -12.94496    
  2.250808     -12.92472    
  2.252069    -100.00000    
  2.252156     -14.02138    
  2.253696     -14.21117    
  2.253782     -12.86892    
  2.257177     -13.76779    
  2.260545     -12.49364    
  2.260632     -12.81381    
  2.263836     -13.07074    
  2.267016     -13.18498    
  2.267103     -13.76673    
  2.270490     -13.03837    
  2.270577     -13.05495    
  2.271628     -13.35404    
  2.271715     -13.14427    
  2.275818     -13.03543    
  2.275905     -13.53047    
  2.278364     -14.88748    
  2.280809     -13.33941    
  2.280896     -13.31970    
  2.283804     -13.32906    
  2.283891     -13.38680    
  2.284781     -14.58258    
  2.284868     -14.54188    
  2.286288     -13.50686    
  2.286375     -13.74170    
  2.286786     -13.85914    
  2.286873     -12.32473    
  2.289459     -13.28606    
  2.292031     -13.06576    
  2.294586     -12.93788    
  2.297128     -13.31247    
  2.297214     -13.32987    
  2.297982     -13.57701    
  2.298069     -14.59069    
  2.300085     -12.72413    
  2.302092     -12.86991    
  2.304090     -13.20092    
  2.306078     -13.19148    
  2.306165     -13.29955    
  2.308268     -13.44045    
  2.309316     -12.98365    
  2.310361     -13.48641    
  2.311404     -12.81559    
  2.312444     -12.91911    
  2.313482     -13.38497    
  2.314517     -13.25407    
  2.314604     -13.32276    
  2.315597     -13.31023    
  2.315684     -13.33250    
  2.316612     -13.25725    
  2.317538     -12.95177    
  2.318463     -12.88030    
  2.319385     -12.69193    
  2.320305     -12.87926    
  2.321224     -13.40641    
  2.322140     -12.37990    
  2.323055     -13.27088    
  2.323141     -13.03269    
  2.324295     -13.15477    
  2.325445     -13.15792    
  2.326592     -13.35480    
  2.327736     -13.12576    
  2.327823     -13.29180    
  2.328799     -13.20994    
  2.329773     -13.11831    
  2.330745     -13.26589    
  2.331714     -12.79013    
  2.331801     -13.12303    
  2.333101     -13.40950    
  2.333188     -13.62299    
  2.334187     -13.21527    
  2.335184     -13.28805    
  2.336179     -13.23565    
  2.337171     -13.31190    
  2.338161     -13.19193    
  2.339149     -13.26012    
  2.340135     -13.18734    
  2.341118     -13.04227    
  2.341205     -13.19213    
  2.341283     -13.20470    
  2.341370     -13.21685    
  2.341472     -13.22790    
  2.342320     -13.13436    
  2.343166     -13.13107    
  2.344011     -13.14188    
  2.344853     -13.02947    
  2.344940     -13.09196    
  2.345621     -12.92784    
  2.346301    -100.00000    
  2.346979     -13.30178    
  2.347657     -13.08767    
  2.348333     -13.05990    
  2.349009     -13.65558    
  2.349683     -12.98081    
  2.350356     -12.57333    
  2.350443     -12.96711    
  2.351331     -12.65809    
  2.352217     -14.19898    
  2.352659     -12.57353    
  2.353101     -12.85242    
  2.353542    -100.00000    
  2.353983     -12.34660    
  2.354070     -12.55297    
  2.354494     -12.82478    
  2.354917     -13.08005    
  2.355340     -14.35020    
  2.355762     -12.30679    
  2.355849     -12.55738    
  2.356283     -12.51934    
  2.356717     -12.61608    
  2.357149     -12.44338    
  2.357582    -100.00000    
  2.357669     -11.16317    
  2.362936     -10.07555    
  2.363023    -100.00000    
  2.376702     -6.118738    
  2.376789     -6.243706    
  2.381401     -6.186794    
  2.381488     -6.030510    
  2.381574     -5.980546    
  2.381660     -5.834185    
  2.384670     -5.428300    
  2.384757     -5.623268    
  2.387126    -100.00000    
  2.387213     -5.708991    
  2.396615     -4.875197    
  2.405819     -4.787397    
  2.405905     -4.549406    
  2.409345     -5.449207    
  2.409431    -100.00000    
  2.409967     -6.764914    
  2.410054    -100.00000    
  2.411501     -4.876439    
  2.411588     -4.710659    
  2.412778     -4.734102    
  2.412865     -4.767543    
  2.413098     -4.737267    
  2.413185     -4.253424    
  2.417228    -100.00000    
  2.417315     -5.343262    
  2.417448     -5.294779    
  2.417535     -5.278673    
  2.419545     -4.652049    
  2.419632     -4.675977    
  2.424108     -4.885003    
  2.424195     -4.929520    
  2.429911     -4.787508    
  2.429998     -4.759505    
  2.432147     -4.842275    
  2.432234     -4.702660    
  2.433514     -5.154303    
  2.433601     -5.491804    
  2.434762     -5.002374    
  2.434849     -4.945018    
  2.435182     -4.805370    
  2.435269     -4.727630    
  2.435570     -4.424324    
  2.435657     -4.269049    
  2.438099     -4.372156    
  2.438186     -4.577844    
  2.443115     -4.314562    
  2.443202     -5.807033    
  2.448046     -4.914269    
  2.448133     -4.837452    
  2.449372     -4.696480    
  2.449459     -4.849603    
  2.450924     -4.313247    
  2.451011     -4.520289    
  2.456026     -5.219750    
  2.456113     -5.060931    
  2.457105     -5.067901    
  2.457192     -4.824499    
  2.461170     -4.761747    
  2.461257     -5.347746    
  2.466286     -5.345926    
  2.466372     -5.482134    
  2.466976     -5.513934    
  2.467064     -5.822610    
  2.471828     -5.078347    
  2.471915     -5.282637    
  2.476442     -4.588632    
  2.476529     -4.729989    
  2.476628     -5.105474    
  2.476715     -5.897992    
  2.476977     -6.077756    
  2.477064     -4.776052    
  2.483465     -5.228363    
  2.483551     -4.415378    
  2.483824     -4.787129    
  2.483911     -4.900779    
  2.484130     -4.800539    
  2.484217     -4.578703    
  2.487600     -4.617565    
  2.490956     -4.695120    
  2.491043     -4.457149    
  2.493583     -4.846428    
  2.496107     -4.917176    
  2.496194     -4.506943    
  2.500074     -4.523241    
  2.503920     -4.342466    
  2.504007     -4.309688    
  2.504069     -4.312124    
  2.504156     -4.350613    
  2.506191     -4.261835    
  2.506278     -4.288511    
  2.506857     -4.046538    
  2.506943     -4.040591    
  2.507203     -4.018189    
  2.507290     -4.298075    
  2.511408     -4.072663    
  2.515486     -4.102015    
  2.515573     -4.108466    
  2.515719     -4.140753    
  2.515805     -4.158921    
  2.515872     -4.165001    
  2.515959     -4.220277    
  2.516943     -3.750008    
  2.517030     -3.738829    
  2.517941     -3.755327    
  2.518028     -3.788414    
  2.518445     -3.901190    
  2.518532     -3.794136    
  2.522095     -4.105041    
  2.525630     -4.332393    
  2.529136     -4.149190    
  2.532615     -3.824405    
  2.532701     -3.768615    
  2.536032     -3.823053    
  2.539337     -4.353642    
  2.539424     -4.061319    
  2.543132     -4.076237    
  2.546808     -3.890631    
  2.546895     -3.917701    
  2.547329     -3.970709    
  2.547416     -4.105292    
  2.551118     -4.083222    
  2.551204     -4.107924    
  2.554808     -3.905777    
  2.558382     -3.897912    
  2.558469     -3.936824    
  2.558869     -3.969512    
  2.558956     -4.022902    
  2.561557     -4.235434    
  2.561644     -4.169391    
  2.564082     -4.615104    
  2.566507     -4.077041    
  2.568917     -3.911250    
  2.571315     -3.918052    
  2.571402     -3.955022    
  2.571490     -3.952058    
  2.571576     -3.971522    
  2.574740     -4.300450    
  2.577880     -4.009197    
  2.580998     -4.193340    
  2.584094     -4.283241    
  2.587168     -4.821094    
  2.590220     -4.255767    
  2.593250     -4.116754    
  2.596260     -4.542372    
  2.596347     -4.338900    
  2.597646     -4.289899    
  2.597733     -4.449909    
  2.600542     -4.006887    
  2.603333     -4.058955    
  2.603420     -4.214822    
  2.606239     -4.229007    
  2.606324     -4.126387    
  2.606411     -4.028880    
  2.607237     -4.066503    
  2.607324     -3.945793    
  2.611491     -4.120074    
  2.615617     -4.029781    
  2.615704     -3.979083    
  2.619659     -3.854166    
  2.619746     -3.985414    
  2.620859     -4.156695    
  2.620946     -4.191581    
  2.621962     -4.241525    
  2.622049     -4.144520    
  2.625471     -4.124273    
  2.625557     -4.079628    
  2.626297     -4.170977    
  2.626384     -4.119239    
  2.627024     -4.059727    
  2.627111     -4.034970    
  2.630159     -4.064821    
  2.633186     -4.047446    
  2.633273     -4.012463    
  2.633585     -4.041579    
  2.633672     -4.038245    
  2.636750     -3.933134    
  2.639805     -4.024709    
  2.642840     -3.957949    
  2.645853     -3.916537    
  2.645940     -3.933164    
  2.646436     -3.911094    
  2.646523     -3.904238    
  2.648513     -3.883296    
  2.648600     -3.862176    
  2.650581     -3.990840    
  2.650668     -4.042692    
  2.652023     -3.985143    
  2.652110     -3.961082    
  2.653758     -3.897745    
  2.653845     -3.892414    
  2.654514     -3.885264    
  2.654601     -3.885448    
  2.655848     -4.103636    
  2.655935     -3.993078    
  2.656856     -3.906763    
  2.656943     -3.984444    
  2.659789     -3.852532    
  2.659876     -3.895116    
  2.661632     -3.905228    
  2.661711     -3.929652    
  2.661798     -3.956301    
  2.662838     -3.940295    
  2.662925     -3.940700    
  2.664288     -3.909857    
  2.665620     -3.881823    
  2.666947     -3.888160    
  2.668270     -4.043015    
  2.668357     -4.019052    
  2.669554     -3.873560    
  2.670748     -3.900532    
  2.670835     -3.892064    
  2.671974     -3.912367    
  2.673109     -3.929557    
  2.674242     -3.912280    
  2.675371     -3.910787    
  2.675458     -3.901622    
  2.676824     -3.960016    
  2.676911     -3.932155    
  2.677751     -3.902388    
  2.677838     -3.908436    
  2.679282     -3.909472    
  2.680721     -3.908446    
  2.682155     -3.911978    
  2.683585     -3.913610    
  2.683672     -3.913409    
  2.684694     -3.918805    
  2.685714     -3.928417    
  2.685801     -3.923308    
  2.685988     -3.921690    
  2.686075     -3.920933    
  2.686520     -3.919313    
  2.686607     -3.920701    
  2.687604     -3.923386    
  2.688599     -3.940954    
  2.688686     -3.967985    
  2.689315     -3.958773    
  2.689943     -3.930656    
  2.690571     -3.963371    
  2.691198     -3.936728    
  2.691823     -3.946741    
  2.692448     -3.931594    
  2.693072     -3.922175    
  2.693695     -3.926300    
  2.694317     -3.930039    
  2.694939     -3.936304    
  2.695559     -3.933308    
  2.696179     -3.932124    
  2.696797     -4.052741    
  2.697415     -4.043015    
  2.698032     -3.951206    
  2.698648     -3.938174    
  2.698717     -3.940094    
  2.698803     -3.939803    
  2.699142     -3.939458    
  2.699229     -3.939399    
  2.700077     -3.941691    
  2.700500     -3.944438    
  2.700923     -3.946332    
  2.701345     -3.945700    
  2.701767     -3.944888    
  2.702189     -3.945162    
  2.702610     -3.946253    
  2.702697     -3.944128    
  2.706323     -3.985339    
  2.706410     -3.956128    
  2.708352     -3.964033    
  2.708438     -3.961352    
  2.709271     -3.985476    
  2.709358     -4.010430    
  2.712230     -4.063510    
  2.712317     -3.968926    
  2.716395     -3.971387    
  2.716481     -3.970425    
  2.716568     -3.970247    
  2.718970     -3.976833    
  2.721359     -3.985037    
  2.721446     -3.979666    
  2.721792     -3.979942    
  2.721879     -3.978789    
  2.724957     -3.999684    
  2.725044     -3.997039    
  2.728368     -3.997107    
  2.728455     -3.993791    
  2.728556     -3.993940    
  2.728643     -3.993133    
  2.730036     -3.998708    
  2.730123     -4.001399    
  2.733020     -4.014280    
  2.735898     -4.007160    
  2.735985     -4.008249    
  2.736079     -4.008604    
  2.737059     -4.010762    
  2.737146     -4.010281    
  2.740300     -4.017153    
  2.740387     -4.018073    
  2.744215     -4.025899    
  2.748009     -4.031579    
  2.751770     -4.039581    
  2.755499     -4.047213    
  2.755586     -4.061288    
  2.758474     -4.074807    
  2.758561     -4.054555    
  2.759027     -4.054557    
  2.759113     -4.054624    
  2.759268     -4.054782    
  2.759355     -4.054839    
  2.759911     -4.056195    
  2.759997     -4.056709    
  2.760747     -4.057964    
  2.760833     -4.058814    
  2.762307     -4.061347    
  2.762394     -4.061428    
  2.764577     -4.064784    
  2.764664     -4.065840    
  2.765400     -4.068366    
  2.765487     -4.068139    
  2.765755     -4.068231    
  2.765842     -4.073114    
  2.767568     -4.077715    
  2.767655     -4.095152    
  2.771767     -4.090748    
  2.775841     -4.091108    
  2.775928     -4.088996    
  2.777541     -4.092394    
  2.777628     -4.091181    
  2.781421     -4.100981    
  2.781508     -4.101784    
  2.784445     -4.111018    
  2.787363     -4.111923    
  2.787450     -4.112542    
  2.789348     -4.115680    
  2.789435     -4.116136    
  2.792054     -4.121032    
  2.792141     -4.121515    
  2.795962     -4.129208    
  2.796049     -4.130055    
  2.798395     -4.122635    
  2.800729     -4.210561    
  2.803050     -4.134098    
  2.805359     -4.149429    
  2.807656     -4.153202    
  2.809941     -4.178035    
  2.812213     -4.169608    
  2.814474     -4.168951    
  2.814561     -4.169039    
  2.815775     -4.173768    
  2.815862     -4.175246    
  2.816430     -4.177933    
  2.816517     -4.176147    
  2.818570     -4.177531    
  2.818657     -4.176923    
  2.821422     -4.186899    
  2.824169     -4.192408    
  2.826900     -4.207908    
  2.829613     -4.219921    
  2.829700     -4.206326    
  2.832139     -4.207313    
  2.834565     -4.181913    
  2.836978     -4.768998    
  2.839377     -4.062638    
  2.839464     -4.122281    
  2.842740     -4.229798    
  2.845992     -4.239570    
  2.846054     -4.238435    
  2.846141     -4.238358    
  2.846320     -4.238140    
  2.846407     -4.238039    
  2.846929     -4.238225    
  2.847016     -4.238051    
  2.850284     -4.246372    
  2.850371     -4.247307    
  2.851107     -4.248475    
  2.851194     -4.248452    
  2.851272     -4.248534    
  2.851359     -4.248632    
  2.851605     -4.249005    
  2.851692     -4.248997    
  2.852969     -4.251915    
  2.853056     -4.240983    
  2.856721     -4.346627    
  2.856808     -4.267198    
  2.860014     -4.275456    
  2.863196     -4.278304    
  2.863283     -4.278417    
  2.866961     -4.285931    
  2.867048     -4.283210    
  2.867158     -4.284017    
  2.871477     -4.300507    
  2.871560     -4.300622    
  2.871647     -4.277729    
  2.874394     -4.358694    
  2.877123     -4.411167    
  2.877210     -4.369373    
  2.879769     -4.312303    
  2.882313     -4.319835    
  2.882400     -4.318830    
  2.882670     -4.319867    
  2.882757     -4.641134    
  2.885337     -5.614171    
  2.885423     -4.586811    
  2.886380     -4.163785    
  2.886467     -4.147917    
  2.886654     -4.135670    
  2.886741     -4.135339    
  2.889314     -4.329257    
  2.889401     -4.382595    
  2.891964     -4.314146    
  2.892051     -4.329383    
  2.893704     -4.407768    
  2.893791     -4.364028    
  2.894071     -4.350294    
  2.894158     -4.345715    
  2.895095     -4.343994    
  2.895182     -4.345104    
  2.896767     -4.349239    
  2.896854     -4.349442    
  2.897787     -4.352522    
  2.897874     -4.339331    
  2.900589     -4.407115    
  2.900676     -4.374849    
  2.902856     -4.359582    
  2.905026     -4.369360    
  2.905113     -4.374680    
  2.908098     -4.388763    
  2.908185     -4.375244    
  2.908477     -4.375606    
  2.908564     -4.375676    
  2.910090     -4.378755    
  2.910176     -4.378863    
  2.913363     -4.381682    
  2.916527     -4.428054    
  2.916614     -4.423483    
  2.916785     -4.420343    
  2.916872     -4.419130    
  2.917171     -4.420289    
  2.917258     -4.412309    
  2.919518     -4.394455    
  2.921765     -4.404522    
  2.921852     -4.404435    
  2.925029     -4.413041    
  2.925116     -4.412983    
  2.925941     -4.415563    
  2.926028     -4.416059    
  2.927554     -4.418754    
  2.927641     -4.418759    
  2.927950     -4.419464    
  2.928037     -4.419644    
  2.928671     -4.421567    
  2.928758     -4.422154    
  2.929127     -4.424246    
  2.929213     -4.424810    
  2.929524     -4.425961    
  2.929611     -4.425869    
  2.930245     -4.424730    
  2.930332     -4.425239    
  2.930604     -4.425871    
  2.930691     -4.426002    
  2.930963     -4.426321    
  2.931050     -4.426783    
  2.934646     -4.434855    
  2.934733     -4.435030    
  2.936807     -4.439569    
  2.936894     -4.439807    
  2.937412     -4.438808    
  2.937499     -4.438631    
  2.937612     -4.437390    
  2.939332     -4.446631    
  2.939418     -4.446653    
  2.941608     -4.449079    
  2.943787     -4.457468    
  2.943874     -4.457056    
  2.945266     -4.459036    
  2.945353     -4.459625    
  2.946273     -4.461835    
  2.946360     -4.461932    
  2.946687     -4.462861    
  2.946774     -4.463222    
  2.949036     -4.469887    
  2.951287     -4.474993    
  2.951374     -4.474869    
  2.953319     -4.479273    
  2.953406     -4.478480    
  2.953750     -4.479364    
  2.953837     -4.479275    
  2.954344     -4.484945    
  2.954431     -4.493317    
  2.955739     -4.482857    
  2.955826     -4.482651    
  2.956162     -4.483124    
  2.956249     -4.483187    
  2.956822     -4.486928    
  2.956909     -4.488293    
  2.957620     -4.491094    
  2.957703     -4.491498    
  2.957790     -4.492675    
  2.958622     -4.495875    
  2.958708     -4.493803    
  2.959196     -4.490572    
  2.959269     -4.490525    
  2.959356     -4.490347    
  2.959520     -4.490859    
  2.959575     -4.491367    
  2.959642     -4.492114    
  2.959729     -4.499319    
  2.960694     -4.501935    
  2.960781     -4.491111    
  2.961021     -4.486327    
  2.961108     -4.485244    
  2.961209     -4.335551    
  2.965318     -4.536330    
  2.965405    -100.00000    
  2.969227     -4.223023    
  2.969314     -4.369983    
  2.972533     -4.431458    
  2.975728     -4.414795    
  2.975815     -4.413268    
  2.976166     -4.478924    
  2.976253     -4.415816    
  2.979351     -4.530293    
  2.982423     -4.765277    
  2.982509     -4.398243    
  2.982872     -4.317268    
  2.982959     -4.356684    
  2.986873     -4.405062    
  2.990753     -4.455201    
  2.994598     -4.519655    
  2.998409     -4.548700    
  3.002187     -4.474868    
  3.005933     -4.496409    
  3.009646     -4.494534    
  3.013329     -4.530469    
  3.016980     -4.559303    
  3.020600     -4.465826    
  3.024191     -4.516333    
  3.027752     -4.506091    
  3.031285     -4.516348    
  3.034788     -4.680282    
  3.038264     -4.521800    
  3.041713     -4.613183    
  3.041799     -4.554003    
  3.044019     -4.560292    
  3.044106     -4.564937    
  3.046417     -4.598441    
  3.046504     -4.594297    
  3.047266     -4.571273    
  3.047353     -4.565339    
  3.050503     -4.591989    
  3.053630     -4.592848    
  3.056735     -4.700009    
  3.059819     -4.610470    
  3.062880     -4.648882    
  3.065920     -4.638901    
  3.068939     -4.720494    
  3.071937     -4.623051    
  3.072024     -4.639869    
  3.074515     -4.658048    
  3.074602     -4.672119    
  3.077416     -4.675331    
  3.080211     -4.696674    
  3.082988     -4.644303    
  3.085748     -5.446383    
  3.085835     -4.778998    
  3.088164     -4.484629    
  3.088251     -4.628020    
  3.089222     -4.686801    
  3.089309     -4.710594    
  3.091849     -4.844891    
  3.091936     -4.743548    
  3.095352     -5.390701    
  3.095438     -4.654012    
  3.096179     -4.434139    
  3.096266     -4.436799    
  3.099969     -4.917400    
  3.100056     -4.741541    
  3.102791     -4.793553    
  3.105509     -4.807698    
  3.105596     -4.881682    
  3.108813     -4.790364    
  3.112005     -4.796896    
  3.112092     -4.730162    
  3.114687     -4.902251    
  3.114774     -4.860209    
  3.114901     -4.849009    
  3.114988     -4.796950    
  3.116978     -4.780867    
  3.117065     -4.766360    
  3.117740     -4.802843    
  3.117827     -4.814405    
  3.118223     -4.845969    
  3.118310     -4.849241    
  3.120853     -4.785445    
  3.123381     -4.849220    
  3.123468     -4.844585    
  3.125997     -4.854427    
  3.126084     -4.820988    
  3.127687     -4.827596    
  3.127774     -4.876589    
  3.129225     -4.795527    
  3.129312     -4.804151    
  3.132455     -4.832857    
  3.135577     -4.903379    
  3.135664     -4.900452    
  3.136182     -4.887780    
  3.136269     -4.833383    
  3.138696     -4.961184    
  3.141109     -4.868252    
  3.141196     -4.851011    
  3.144101     -4.885247    
  3.144188     -4.925004    
  3.144956     -4.891051    
  3.145043     -4.857869    
  3.146758     -4.907610    
  3.146845     -4.906686    
  3.146975     -4.917723    
  3.147795     -4.909491    
  3.147882     -4.902578    
  3.148729     -4.961400    
  3.148816     -4.998448    
  3.150639     -4.958037    
  3.150726     -4.962364    
  3.151276     -4.938943    
  3.151363     -4.879894    
  3.153068     -4.922290    
  3.153155     -4.934054    
  3.153381     -4.929886    
  3.153434     -4.930716    
  3.153521     -4.938443    
  3.155016     -4.916435    
  3.155103     -4.905183    
  3.156074     -4.966055    
  3.156161     -4.940991    
  3.160418     -4.951231    
  3.164633     -4.970889    
  3.164720     -4.995272    
  3.165979     -4.974314    
  3.166066     -4.985586    
  3.168877     -4.952431    
  3.171670     -4.964158    
  3.171756     -4.986277    
  3.173578     -4.886455    
  3.173665     -4.894890    
  3.177077     -4.956645    
  3.180463     -4.983071    
  3.180550     -4.982786    
  3.181960     -4.991005    
  3.182047     -4.990757    
  3.184770     -4.998869    
  3.187477     -5.013372    
  3.187564     -5.010158    
  3.188338     -5.005839    
  3.188425     -5.011940    
  3.189356     -5.012688    
  3.189443     -5.779720    
  3.191119    -100.00000    
  3.191206     -6.271270    
  3.192224     -5.145976    
  3.192311     -4.913299    
  3.194885     -4.857559    
  3.194972     -4.942999    
  3.196916     -5.036250    
  3.197003     -5.010742    
  3.200094     -5.049691    
  3.203162     -5.052191    
  3.203250     -5.054349    
  3.204674     -5.064997    
  3.204761     -5.063398    
  3.207365     -5.069001    
  3.207452     -5.069784    
  3.209994     -5.091074    
  3.212521     -5.074744    
  3.215033     -5.882978    
  3.217531     -4.549291    
  3.217618     -4.580867    
  3.218164     -4.658703    
  3.218251     -4.679978    
  3.218329     -4.695011    
  3.218415     -4.785157    
  3.222383     -5.147122    
  3.226315     -5.133704    
  3.230212     -5.144213    
  3.234074     -5.273349    
  3.237901     -5.075100    
  3.241696     -5.197479    
  3.245457     -5.216340    
  3.249187     -5.199679    
  3.249274     -5.204808    
  3.251238     -5.215898    
  3.251325     -5.215394    
  3.251523     -5.216160    
  3.251610     -5.216665    
  3.254604     -5.226294    
  3.257576     -5.236911    
  3.260529     -5.245006    
  3.263462     -5.255645    
  3.263549     -5.256487    
  3.265995     -5.264751    
  3.268428     -5.272747    
  3.270847     -5.281414    
  3.273253     -5.285914    
  3.273340     -5.288787    
  3.276535     -5.301922    
  3.279706     -5.310713    
  3.279793     -5.310981    
  3.281662     -5.317628    
  3.281749     -5.317594    
  3.285833     -5.331950    
  3.285920     -5.332896    
  3.289028     -5.342178    
  3.289115     -5.342435    
  3.291415     -5.350792    
  3.291501     -5.350638    
  3.293929     -5.358995    
  3.296343     -5.367330    
  3.298744     -5.375358    
  3.301132     -5.383540    
  3.301219     -5.383641    
  3.305074     -5.396884    
  3.305161     -5.397426    
  3.305985     -5.400214    
  3.306072     -5.400480    
  3.306887     -5.403103    
  3.306974     -5.401688    
  3.309850     -5.409489    
  3.309937     -5.413215    
  3.310624     -5.415848    
  3.310710     -5.416161    
  3.311825     -5.420057    
  3.311912     -5.420323    
  3.312012     -5.420681    
  3.312099     -5.429883    
  3.314648     -5.398621    
  3.317181     -5.398972    
  3.319700     -5.427028    
  3.322204     -5.449863    
  3.324695     -5.457175    
  3.327170     -5.456981    
  3.329632     -5.459711    
  3.332080     -5.471112    
  3.334514     -5.490169    
  3.336935     -5.486144    
  3.339342     -5.467897    
  3.341736     -5.520967    
  3.344117     -5.480582    
  3.346485     -5.524339    
  3.348840     -5.507583    
  3.351182     -5.513519    
  3.351269     -5.501704    
  3.354866     -5.560967    
  3.358433     -5.534063    
  3.361971     -5.547947    
  3.365480     -5.623769    
  3.365567     -5.554913    
  3.367434     -5.560879    
  3.367521     -5.568225    
  3.370087     -5.584020    
  3.372609     -5.589744    
  3.375118     -5.600276    
  3.377612     -5.609564    
  3.377699     -5.627799    
  3.380754     -5.614840    
  3.383787     -5.641262    
  3.386800     -5.642178    
  3.389792     -5.652571    
  3.389879     -5.653396    
  3.392466     -5.661311    
  3.395039     -5.670376    
  3.395126     -5.670450    
  3.397959     -5.680261    
  3.398046     -5.680512    
  3.398416     -5.681915    
  3.398503     -5.681182    
  3.400855     -5.692804    
  3.400942     -5.732377    
  3.402428     -5.715875    
  3.402515     -5.627182    
  3.404126     -5.672676    
  3.404213     -5.688489    
  3.406921     -5.711559    
  3.409611     -5.723484    
  3.412285     -5.729747    
  3.414942     -5.739788    
  3.415029     -5.739847    
  3.419186     -5.754602    
  3.423303     -5.769218    
  3.427382     -5.783252    
  3.431422     -5.797568    
  3.431509     -5.797942    
  3.434904     -5.804926    
  3.438273     -5.789104    
  3.441616     -5.788912    
  3.444934     -5.847084    
  3.445021     -5.844577    
  3.447484     -5.854314    
  3.449934     -5.862929    
  3.450021     -5.863258    
  3.452474     -5.871928    
  3.454914     -5.880534    
  3.455001     -5.880716    
  3.457947     -5.890998    
  3.460873     -5.901904    
  3.463780     -5.911878    
  3.466667     -5.920954    
  3.466754     -5.921745    
  3.467583     -5.925105    
  3.467670     -5.926477    
  3.469453     -5.929519    
  3.469505     -5.929933    
  3.469592     -5.930297    
  3.469843     -5.931563    
  3.469930     -5.932383    
  3.471179     -5.938266    
  3.471266     -5.938105    
  3.474100     -5.948422    
  3.474187     -5.948469    
  3.476423     -5.958162    
  3.478648     -5.949922    
  3.480861     -5.974568    
  3.483063     -5.980125    
  3.483150     -5.980323    
  3.485959     -5.990546    
  3.488749     -5.999620    
  3.491522     -6.010086    
  3.494277     -6.020149    
  3.494364     -6.020450    
  3.496766     -6.028295    
  3.499154     -6.029483    
  3.501530     -6.047188    
  3.503893     -6.054597    
  3.506243     -6.102111    
  3.508580     -5.791127    
  3.510905     -6.062976    
  3.513217     -6.085656    
  3.513304     -6.083356    
  3.515963     -6.097032    
  3.518606     -6.106771    
  3.521233     -6.116381    
  3.523845     -6.125386    
  3.526440     -6.134665    
  3.529020     -6.143590    
  3.531585     -6.152984    
  3.534135     -6.162395    
  3.534222     -6.162393    
  3.536649     -6.171372    
  3.539062     -6.181111    
  3.541462     -6.175127    
  3.543849     -6.305703    
  3.543936     -6.155540    
  3.544500     -6.084205    
  3.544586     -6.111740    
  3.547376     -6.215479    
  3.550148     -6.219998    
  3.550235     -6.219611    
  3.552940     -6.229806    
  3.555627     -6.239964    
  3.555714     -6.239629    
  3.556728     -6.243459    
  3.556815     -6.243721    
  3.557696     -6.246840    
  3.557783     -6.247343    
  3.558846     -6.251574    
  3.558933     -6.251571    
  3.559110     -6.251980    
  3.559197     -6.252189    
  3.559291     -6.252425    
  3.559378     -6.252525    
  3.560851     -6.257560    
  3.560938     -6.257950    
  3.561019     -6.258255    
  3.561106     -6.258596    
  3.561368     -6.259612    
  3.561455     -6.259930    
  3.561549     -6.260266    
  3.561702     -6.260810    
  3.561789     -6.261105    
  3.562293     -6.265192    
  3.565681     -6.260335    
  3.565768     -6.263726    
  3.568672     -6.274495    
  3.571556     -6.284254    
  3.574422     -6.301908    
  3.577268     -6.303307    
  3.580096     -6.323706    
  3.582906     -6.332027    
  3.585698     -6.338260    
  3.588471     -6.354921    
  3.591228     -6.360177    
  3.593966     -6.355715    
  3.596688     -6.378193    
  3.599393     -6.391350    
  3.602081     -6.392379    
  3.604752     -6.397217    
  3.607407     -6.432861    
  3.610046     -6.380904    
  3.610133     -6.285342    
  3.612394     -6.421708    
  3.614642     -6.458724    
  3.616880     -6.424122    
  3.619105     -6.455464    
  3.621319     -6.463960    
  3.623523     -6.464304    
  3.625715     -6.489141    
  3.627896     -6.474238    
  3.627982     -6.479300    
  3.630428     -6.496790    
  3.632293     -6.503471    
  3.632379     -6.503508    
  3.635363     -6.514908    
  3.638325     -6.534909    
  3.641268     -6.510780    
  3.644191     -6.546144    
  3.644278     -6.544155    
  3.646967     -6.555864    
  3.649640     -6.565397    
  3.652297     -6.574469    
  3.654938     -6.574211    
  3.655025     -6.581588    
  3.657211     -6.585630    
  3.659385     -6.625811    
  3.659472     -6.557688    
  3.663615     -6.606368    
  3.663702     -6.624578    
  3.666918     -6.616447    
  3.670110     -6.637419    
  3.670197     -6.904582    
  3.674031     -6.119227    
  3.677831     -6.701293    
  3.681598     -6.683261    
  3.685333     -6.693732    
  3.685420     -6.691984    
  3.688862     -6.700024    
  3.688948     -6.614588    
  3.690731     -6.662180    
  3.690818     -6.681451    
  3.691459     -6.700550    
  3.691546     -6.707771    
  3.694812     -6.721309    
  3.694898     -6.719397    
  3.695365     -6.725998    
  3.695452     -6.726926    
  3.695518     -6.727625    
  3.695605     -6.729092    
  3.698701     -6.741670    
  3.701776     -6.752552    
  3.704828     -6.763477    
  3.707860     -6.774365    
  3.710870     -6.785386    
  3.712650     -6.791712    
  3.713860     -6.795426    
  3.716830     -6.809497    
  3.719779     -6.804531    
  3.719866     -6.812102    
  3.723198     -6.830117    
  3.726504     -6.841272    
  3.729786     -6.853389    
  3.733043     -6.865164    
  3.733130     -6.895116    
  3.736895     -6.756808    
  3.740628     -6.912445    
  3.740715     -6.889846    
  3.743507     -6.902456    
  3.746281     -6.912370    
  3.749037     -6.922201    
  3.751777     -6.932475    
  3.751863     -6.932405    
  3.754658     -6.942487    
  3.754745     -6.942940    
  3.755217     -6.944528    
  3.755304     -6.944821    
  3.755522     -6.945585    
  3.755609     -6.946661    
  3.758467     -6.954846    
  3.761306     -6.960792    
  3.764127     -6.962442    
  3.766929     -6.935323    
  3.769713     -6.989533    
  3.772480     -7.000793    
  3.775229     -7.014818    
  3.777961     -7.020447    
  3.778048     -7.021684    
  3.778151     -7.025027    
  3.781161     -7.035431    
  3.784252     -7.047261    
  3.787320     -7.055293    
  3.790368     -7.064175    
  3.793394     -7.081473    
  3.796399     -7.075566    
  3.799384     -7.078668    
  3.802348     -7.130071    
  3.802435     -7.103434    
  3.806009     -7.119049    
  3.806096     -7.122755    
  3.809815     -7.135333    
  3.809902     -7.125310    
  3.811377     -7.137831    
  3.811464     -7.135944    
  3.811517     -7.135981    
  3.811568     -7.136019    
  3.811655     -7.135219    
  3.814154     -7.151144    
  3.816638     -7.195831    
  3.819108     -6.881989    
  3.821564     -7.076282    
  3.821651     -7.123881    
  3.825835     -7.198072    
  3.829979     -7.195425    
  3.834084     -7.225509    
  3.838150     -7.239054    
  3.838237     -7.237885    
  3.840994     -7.231457    
  3.843735     -7.253714    
  3.846458     -7.269318    
  3.849164     -7.277355    
  3.851853     -7.315924    
  3.854526     -7.111041    
  3.857182     -7.308087    
  3.859823     -7.261588    
  3.859910     -7.300524    
  3.862754     -7.326303    
  3.865581     -7.336152    
  3.868389     -7.346337    
  3.871179     -7.355844    
  3.871266     -7.357745    
  3.873695     -7.364825    
  3.876111     -7.373727    
  3.878513     -7.382842    
  3.880902     -7.387774    
  3.880989     -7.388962    
  3.884377     -7.355090    
  3.887739     -7.414957    
  3.891076     -7.426997    
  3.894387     -7.438340    
  3.894474     -7.438354    
  3.898660     -7.453536    
  3.898747     -7.453358    
  3.901486     -7.463273    
  3.904208     -7.473161    
  3.904295     -7.472934    
  3.905384     -7.476412    
  3.905471     -7.476218    
  3.908472     -7.487707    
  3.908559     -7.488115    
  3.912193     -7.501082    
  3.912280     -7.501349    
  3.913068     -7.503921    
  3.913155     -7.504202    
  3.913273     -7.504575    
  3.913714     -7.506283    
  3.913769     -7.506537    
  3.913842     -7.506829    
  3.913889     -7.507008    
  3.913972     -7.515655    
  3.916915     -7.495897    
  3.917002     -7.505823    
  3.919240     -7.426638    
  3.921466     -7.534794    
  3.923680     -7.533617    
  3.925884     -7.552318    
  3.928076     -7.558833    
  3.930258     -7.567140    
  3.934588     -7.582503    
  3.938875     -7.597872    
  3.943121     -7.607214    
  3.947325     -7.622600    
  3.951490     -7.638654    
  3.955614     -7.651620    
  3.959700     -7.666296    
  3.963748     -7.676340    
  3.967758     -7.695604    
  3.971732     -7.625731    
  3.975669     -7.664697    
  3.979571     -7.743964    
  3.983439     -7.736572    
  3.983526     -7.741079    
  3.987126     -7.766376    
  3.990697     -7.776118    
  3.994239     -7.775081    
  3.997752     -7.805085    
  3.997838     -7.804112    
  4.000147     -7.812147    
  4.002444     -7.818977    
  4.004728     -7.923477    
  4.007001     -7.280626    
  4.009262     -7.384561    
  4.011511     -7.777173    
  4.013748     -7.843904    
  4.015974     -7.863158    
  4.018189     -7.871221    
  4.020392     -7.852371    
  4.022585     -7.874931    
  4.024766     -7.897096    
  4.029096     -7.912464    
  4.033383     -7.927087    
  4.033470     -7.891797    
  4.034774     -8.043888    
  4.034861     -7.953683    
  4.038365     -7.850775    
  4.038452     -7.889328    
  4.040802     -7.900677    
  4.043140     -7.925019    
  4.045465     -7.967727    
  4.047778     -7.968865    
  4.047865     -7.974409    
  4.051277     -7.992387    
  4.054632     -8.005107    
  4.057962     -8.013165    
  4.061267     -8.027681    
  4.061354     -8.028426    
  4.065579     -7.979723    
  4.069764     -7.816832    
  4.073909     -8.091329    
  4.078015     -8.084581    
  4.078102     -8.084285    
  4.080241     -8.094054    
  4.080328     -8.092009    
  4.080857     -8.092427    
  4.080944     -8.092977    
  4.081009     -8.093182    
  4.081054     -8.092861    
  4.082194     -8.098472    
  4.082281     -8.094772    
  4.084738     -8.102923    
  4.087181     -8.110745    
  4.089611     -8.116757    
  4.092028     -8.128161    
  4.094430     -8.136403    
  4.096820     -8.139518    
  4.099197     -8.157463    
  4.101560     -8.155374    
  4.101647     -8.147418    
  4.104844     -8.178550    
  4.108018     -8.168006    
  4.111169     -8.088961    
  4.114297     -8.195809    
  4.117403     -8.220192    
  4.120486     -8.228023    
  4.123548     -8.225983    
  4.126589     -8.248741    
  4.129608     -8.258304    
  4.132606     -8.254409    
  4.135584     -8.277155    
  4.138542     -8.290403    
  4.141479     -8.292365    
  4.144397     -8.291249    
  4.147296     -8.318372    
  4.150175     -8.330979    
  4.150262     -8.331177    
  4.153103     -8.342207    
  4.155926     -8.341075    
  4.156013     -8.341704    
  4.158103     -8.319992    
  4.158190     -8.336858    
  4.161727     -8.366797    
  4.161814     -8.369410    
  4.163762     -8.377885    
  4.163849     -8.377379    
  4.166200     -8.387070    
  4.168538     -8.411232    
  4.170864     -8.260242    
  4.173177     -8.300404    
  4.175478     -8.367691    
  4.177767     -8.426901    
  4.180044     -8.432745    
  4.182309     -8.462618    
  4.184563     -8.447757    
  4.186804     -8.458970    
  4.189034     -8.466721    
  4.191253     -8.474547    
  4.193461     -8.479347    
  4.195657     -8.492294    
  4.197842     -8.474520    
  4.200017     -8.458184    
  4.204333     -8.521225    
  4.208607     -8.529219    
  4.212839     -8.537843    
  4.217030     -8.552283    
  4.221182     -8.569632    
  4.225294     -8.588513    
  4.229367     -8.558543    
  4.233402     -8.561864    
  4.233489     -8.590333    
  4.235773     -8.613766    
  4.238044     -8.631214    
  4.240303     -8.634726    
  4.242551     -8.625806    
  4.244787     -8.644764    
  4.247012     -8.656569    
  4.249225     -8.669025    
  4.251427     -8.655092    
  4.251514     -8.661645    
  4.255198     -8.677635    
  4.258852     -8.703832    
  4.262474     -8.692642    
  4.266067     -8.714264    
  4.266154     -8.716226    
  4.268659     -8.789541    
  4.271149     -8.408978    
  4.273626     -8.145679    
  4.276088     -8.379054    
  4.278536     -8.717744    
  4.280971     -8.763956    
  4.283392     -8.770838    
  4.285800     -8.787257    
  4.288194     -8.799136    
  4.290575     -8.785860    
  4.292943     -8.798328    
  4.295299     -8.814344    
  4.297641     -8.832731    
  4.299971     -8.839714    
  4.302289     -8.846508    
  4.304595     -8.854573    
  4.306888     -8.862214    
  4.309169     -8.867898    
  4.311438     -8.836918    
  4.313695     -8.869192    
  4.315941     -8.885664    
  4.318175     -8.900812    
  4.320398     -8.911191    
  4.322610     -8.912032    
  4.324810     -8.911195    
  4.326999     -8.920573    
  4.329177     -8.916909    
  4.331345     -8.939587    
  4.335647     -8.939355    
  4.339907     -8.915704    
  4.339994     -8.941323    
  4.343342     -8.801433    
  4.346664     -8.991277    
  4.349961     -8.996056    
  4.353233     -9.012820    
  4.353320     -9.013186    
  4.356074     -9.018072    
  4.356161     -9.011181    
  4.357582     -9.011125    
  4.357669     -9.020876    
  4.360507     -9.024114    
  4.363326     -9.051974    
  4.366127     -9.046208    
  4.368910     -9.061779    
  4.371675     -9.028647    
  4.374422     -9.023801    
  4.377153     -9.092644    
  4.379866     -9.080012    
  4.382563     -9.104235    
  4.385243     -9.121267    
  4.387906     -9.128471    
  4.390553     -9.137111    
  4.393185     -9.124811    
  4.395800     -9.142264    
  4.398400     -9.154082    
  4.400984     -9.171890    
  4.403553     -9.179962    
  4.406107     -9.186926    
  4.408646     -9.191693    
  4.411170     -9.171431    
  4.413679     -9.192099    
  4.416174     -9.214056    
  4.418655     -9.233233    
  4.421122     -9.130183    
  4.423575     -9.196656    
  4.426014     -9.249974    
  4.428439     -9.254516    
  4.430851     -9.262004    
  4.433250     -9.240180    
  4.435636     -9.249349    
  4.438008     -9.278271    
  4.440368     -9.297604    
  4.440455     -9.298649    
  4.442834     -9.293317    
  4.445201     -9.315114    
  4.445288     -9.313618    
  4.447569     -9.320024    
  4.449839     -9.353428    
  4.452097     -9.155369    
  4.454343     -9.062442    
  4.456578     -9.314564    
  4.458801     -9.353430    
  4.461013     -9.328456    
  4.463213     -9.322422    
  4.465403     -9.358354    
  4.467581     -9.390116    
  4.471906     -9.388584    
  4.476188     -9.403851    
  4.480428     -9.262921    
  4.512937     -9.463492    
  4.513024     -9.528038    
  4.514610     -9.531839    
  4.514697     -9.535112    
  4.515945     -9.540695    
  4.516032     -9.532946    
  4.585469     -9.738119    
  4.585556     -9.728075    
  4.648489     -9.906357    
  4.648576     -9.927888    
  4.649548     -9.931823    
  4.649635     -9.930461    
  4.649838     -9.932143    
  4.649925     -9.898025    
  4.709765     -10.06327    
  4.709852     -10.13255    
  4.765753     -10.25607    
  4.765822     -10.31649    
  4.765909     -10.29246    
  4.818480     -10.47572    
  4.818567     -10.43207    
  4.868094     -10.52596    
  4.868152     -10.61888    
  4.868214     -10.55455    
  4.915089     -10.78021    
  4.915176     -10.76672    
  4.959449     -10.88870    
  4.959536     -10.88883    
  4.959642     -10.88819    
  4.959729     -10.87899    
  5.002021     -10.86348    
  5.002108     -11.02168    
  5.041986     -11.14578    
  5.042072     -11.16379    
  5.042428     -11.16691    
  5.042515     -11.12011    
  5.081038     -11.24040    
  5.081125     -11.21327    
  5.117569     -11.35898    
  5.117655     -11.38677    
  5.118005     -11.38136    
  5.118092     -11.19707    
  5.153462     -11.53349    
  5.153549     -11.45568    
  5.187204     -11.58422    
  5.187290     -11.56448    
  5.187529     -11.56308    
  5.187616     -11.54567    
  5.251180     -11.68698    
  5.251266     -11.75080    
  5.251931     -11.75719    
  5.252018     -11.74138    
  5.311750     -11.88226    
  5.311837     -11.93385    
  5.311944     -11.89985    
  5.614629     -12.78414    
  5.791270     -13.31705    
  6.013559     -13.97881    
  6.269124     -14.74617    
  6.545503     -15.57829    
  6.833661     -16.42047    
  7.128110     -17.25505    
  7.425812     -18.08329    
  7.725168     -18.90590    
  8.025358     -19.73680    
  8.325968     -20.58848    
  8.626788     -21.46981    
  8.927713    -100.00000    
