 0.6989700    -100.00000    
 0.7331214    -100.00000    
 0.7647820    -100.00000    
 0.7942904    -100.00000    
 0.8219208     -45.48315    
 0.8220077     -45.21486    
 0.8256567     -44.86566    
 0.8257436    -100.00000    
 0.8647793    -100.00000    
 0.9005939    -100.00000    
 0.9336786    -100.00000    
 0.9644204    -100.00000    
 0.9931293    -100.00000    
  1.020057     -32.28313    
  1.045413     -31.05310    
  1.069370     -30.18979    
  1.092073     -29.51702    
  1.113649     -29.24086    
  1.153828    -100.00000    
  1.190604     -17.06012    
  1.224506     -17.02661    
  1.224593    -100.00000    
  1.258242     -16.87699    
  1.258328    -100.00000    
  1.281053     -15.69808    
  1.281140     -15.95770    
  1.305129    -100.00000    
  1.305216    -100.00000    
  1.326885     -20.63412    
  1.326972     -15.97457    
  1.346664     -15.85766    
  1.346750    -100.00000    
  1.351328    -100.00000    
  1.351414     -14.73598    
  1.362515     -14.10477    
  1.362602     -14.70534    
  1.390867     -13.91545    
  1.390954     -13.11104    
  1.403133     -11.80131    
  1.403220     -11.80640    
  1.416604     -11.64502    
  1.416691     -11.65916    
  1.442990     -11.37697    
  1.443077     -11.37855    
  1.465932     -11.21935    
  1.466019     -11.18139    
  1.485843     -11.02511    
  1.485929     -11.03931    
  1.499940     -10.84766    
  1.500027     -10.03984    
  1.524019     -9.757389    
  1.546755     -9.767005    
  1.546842     -9.758807    
  1.576102     -9.824901    
  1.576189     -9.827727    
  1.604747     -9.989573    
  1.604834     -10.08485    
  1.629405     -10.15002    
  1.629492     -10.21173    
  1.655461     -10.50976    
  1.679965     -10.84825    
  1.703160     -11.19643    
  1.725179     -11.52007    
  1.725266     -11.50232    
  1.731654     -11.50680    
  1.731741     -11.52990    
  1.762029     -11.95646    
  1.790341     -12.18174    
  1.790428     -12.18511    
  1.817058     -12.29967    
  1.842149     -12.19725    
  1.842236     -12.17253    
  1.843313     -12.16145    
  1.843400     -12.18677    
  1.861079     -11.96045    
  1.861166     -11.94174    
  1.861837     -11.93170    
  1.861924     -11.94854    
  1.874931     -11.72969    
  1.875018     -12.54062    
  1.914140     -11.02273    
  1.914227     -10.89871    
  1.921566     -10.67460    
  1.921653     -10.73461    
  1.926897     -10.61861    
  1.926984     -10.66294    
  1.953068     -10.26767    
  1.953155     -10.45300    
  1.971846     -9.865513    
  1.971933     -9.932795    
  1.992517     -9.363300    
  1.992604     -9.398194    
  1.993799     -9.348563    
  1.993886     -9.363243    
  1.994140     -9.372127    
  1.994226     -9.399909    
  1.996545     -9.233109    
  1.996632     -9.458134    
  1.998156     -8.572614    
  1.998243     -8.431076    
  2.000011     -8.355040    
  2.000098     -8.293851    
  2.005591     -8.155143    
  2.005678     -8.190197    
  2.007909     -8.133961    
  2.007996     -8.129924    
  2.009188     -7.899901    
  2.009275     -7.655198    
  2.036803     -7.651620    
  2.036890     -7.387231    
  2.061295     -7.307258    
  2.061382     -7.382145    
  2.077530     -6.970693    
  2.077617     -6.846274    
  2.095978     -6.678971    
  2.096065     -6.722592    
  2.097299     -6.723342    
  2.097386     -6.726155    
  2.102584     -6.654420    
  2.102671     -6.648550    
  2.103399     -6.590498    
  2.103486     -6.705784    
  2.105825    -100.00000    
  2.105912     -7.538433    
  2.106091     -7.531697    
  2.106178     -7.918942    
  2.111629     -6.417432    
  2.111716     -6.579301    
  2.119223     -7.386192    
  2.119310     -6.715122    
  2.124245     -6.501900    
  2.124332     -6.458607    
  2.137459     -6.553888    
  2.137546     -6.766985    
  2.138137     -6.743484    
  2.138224     -6.737190    
  2.138688     -6.635544    
  2.138775     -6.399550    
  2.149371     -6.365036    
  2.149458     -6.185333    
  2.150309     -6.119079    
  2.150396     -6.130653    
  2.150438     -6.131198    
  2.150525     -6.125433    
  2.156847     -6.119498    
  2.156934     -6.088095    
  2.168071     -6.141484    
  2.168158     -6.177264    
  2.177603     -6.108060    
  2.177690     -6.563885    
  2.191113     -6.050677    
  2.191200     -6.305117    
  2.197200     -5.728494    
  2.197287     -5.821917    
  2.203933     -5.786310    
  2.204020     -5.768712    
  2.204170     -5.772966    
  2.204257     -5.775516    
  2.204684     -5.785370    
  2.204771     -5.728718    
  2.211353     -6.005188    
  2.217836     -5.602466    
  2.217923     -5.771563    
  2.217949     -5.772478    
  2.218036     -5.786751    
  2.218819     -5.778312    
  2.218906     -5.633677    
  2.223758     -5.707955    
  2.223844     -6.367741    
  2.230357     -5.707826    
  2.236772     -5.825799    
  2.236859     -5.813802    
  2.239623     -5.585889    
  2.239710     -5.618123    
  2.244929     -5.529960    
  2.250086     -5.682533    
  2.250173     -5.530442    
  2.253696     -5.466378    
  2.253782     -5.443109    
  2.256807     -5.447007    
  2.259811     -5.453448    
  2.262794     -5.506280    
  2.265757     -5.427629    
  2.265844     -5.457538    
  2.267022     -5.492132    
  2.267109     -5.603898    
  2.270424     -5.479650    
  2.270511     -5.586463    
  2.273172     -5.527129    
  2.275818     -5.296049    
  2.275905     -5.313051    
  2.278993     -5.284382    
  2.279080     -5.284351    
  2.281448     -5.257436    
  2.283804     -5.252215    
  2.283891     -5.240300    
  2.286548     -5.742379    
  2.286635     -5.451418    
  2.286786     -5.410342    
  2.286873     -5.249637    
  2.289321     -5.216670    
  2.291755     -5.301297    
  2.294175     -5.308794    
  2.296582     -5.153107    
  2.298976     -5.120547    
  2.301356     -5.121474    
  2.303724     -5.110970    
  2.304903     -5.105253    
  2.306078     -5.098141    
  2.306165     -5.080173    
  2.308271     -5.179826    
  2.309320     -5.013548    
  2.310367     -5.077032    
  2.311411     -5.081839    
  2.312452     -5.013933    
  2.313491     -5.072958    
  2.314528     -5.061891    
  2.314614     -5.042614    
  2.315825     -4.982880    
  2.317033     -5.013113    
  2.318237     -5.018664    
  2.319437     -4.956588    
  2.320635     -5.504142    
  2.321829     -5.581026    
  2.323020     -4.915851    
  2.324207     -4.872891    
  2.324294     -4.874223    
  2.325800     -4.904728    
  2.325887     -4.918807    
  2.326813     -4.943203    
  2.327736     -4.947736    
  2.327823     -4.943032    
  2.328856     -4.968385    
  2.329886     -4.941855    
  2.330914     -4.919891    
  2.331939     -4.858685    
  2.332026     -4.828396    
  2.333111     -4.853924    
  2.334194     -4.880622    
  2.335274     -4.847277    
  2.336352     -4.806552    
  2.336439     -4.800419    
  2.337047     -4.799708    
  2.337655     -4.803617    
  2.338262     -4.827729    
  2.338868     -4.847398    
  2.339473     -4.861790    
  2.340077     -4.807889    
  2.340680     -4.817526    
  2.341283     -4.824434    
  2.341370     -4.818839    
  2.341472     -4.808694    
  2.342517     -4.800395    
  2.342604     -4.804659    
  2.343196     -4.803445    
  2.343786     -4.808354    
  2.343873     -4.814019    
  2.344850     -4.840103    
  2.345825     -4.793634    
  2.345912     -4.791190    
  2.346656     -4.785211    
  2.347399     -4.789673    
  2.348141     -4.785857    
  2.348882     -4.768593    
  2.348969     -4.765337    
  2.349884     -4.762119    
  2.349971     -4.766740    
  2.350040     -4.768144    
  2.350127     -4.770143    
  2.350953     -4.766273    
  2.351777     -4.776605    
  2.352600     -4.769761    
  2.353421     -4.692549    
  2.353508     -4.693317    
  2.353983     -4.698255    
  2.354070     -4.702511    
  2.354840     -4.727982    
  2.355610     -4.726028    
  2.356378     -4.710721    
  2.357144     -4.695668    
  2.357197     -4.699869    
  2.357231     -4.700474    
  2.357284     -4.701742    
  2.357504     -4.701621    
  2.357582     -4.700327    
  2.357669     -4.696295    
  2.357776     -4.686077    
  2.357863     -4.723902    
  2.360104     -4.483984    
  2.360190     -4.743765    
  2.373546     -4.437887    
  2.373632     -4.111689    
  2.378097     -4.260158    
  2.378184     -3.793081    
  2.381409     -4.017096    
  2.381496     -4.508046    
  2.384668     -3.587345    
  2.384755     -3.581307    
  2.387126    -100.00000    
  2.387213     -3.891139    
  2.397727     -3.743582    
  2.397814     -3.560622    
  2.403706     -3.541949    
  2.403793     -3.648190    
  2.405816     -3.508201    
  2.405903     -3.458705    
  2.409533     -4.215434    
  2.409619     -4.572405    
  2.409967     -4.307929    
  2.410054     -4.397156    
  2.411499     -3.656626    
  2.411586     -3.479532    
  2.413098     -3.432881    
  2.413185     -3.459859    
  2.417226     -3.524507    
  2.417313     -3.518260    
  2.417446     -3.525853    
  2.417533     -3.492817    
  2.429013     -3.657978    
  2.429100     -3.514625    
  2.429782     -3.526648    
  2.429869     -3.528902    
  2.429909     -3.530110    
  2.429996     -3.536226    
  2.433515     -3.524711    
  2.433602     -3.521260    
  2.434760     -3.583018    
  2.434847     -3.591096    
  2.438744     -3.529894    
  2.438831     -3.552241    
  2.441087     -3.553664    
  2.441174     -3.543439    
  2.442885     -3.527168    
  2.442972     -3.534683    
  2.446825     -3.627320    
  2.446912     -3.579248    
  2.449374     -3.564765    
  2.449460     -3.592010    
  2.454772     -3.615793    
  2.454858     -3.719900    
  2.457103     -3.526270    
  2.457190     -3.586253    
  2.462242     -3.604909    
  2.462329     -3.608187    
  2.465051     -3.704581    
  2.465138     -3.721782    
  2.466974     -3.780081    
  2.467061     -3.671600    
  2.469909     -3.725501    
  2.469996     -3.818385    
  2.471129     -3.815902    
  2.471216     -3.785042    
  2.471255     -3.777174    
  2.471342     -3.756465    
  2.471828     -3.709805    
  2.471915     -3.722358    
  2.473553     -3.682383    
  2.473639     -3.696124    
  2.473908     -3.674113    
  2.473994     -3.620336    
  2.475654     -3.793042    
  2.475741     -3.837939    
  2.476442     -3.675193    
  2.476529     -3.654025    
  2.476977     -3.605005    
  2.477064     -3.593757    
  2.479546     -3.667210    
  2.479633     -3.601792    
  2.483967     -4.163046    
  2.484054     -3.619000    
  2.484128     -3.583176    
  2.484215     -3.542528    
  2.484517     -3.449799    
  2.484604     -3.366838    
  2.487037     -3.448272    
  2.487124     -3.525917    
  2.491399     -3.726118    
  2.491486     -3.717330    
  2.493770     -3.614004    
  2.493799     -3.656946    
  2.493857     -3.660982    
  2.493886     -3.660102    
  2.496105     -3.681132    
  2.496192     -3.710343    
  2.497233     -3.722574    
  2.497320     -3.694935    
  2.497678     -3.662979    
  2.497765     -3.658284    
  2.498024     -3.651936    
  2.498111     -3.639645    
  2.501025     -3.690126    
  2.503920     -3.655072    
  2.504007     -3.659612    
  2.504069     -3.658957    
  2.504156     -3.657140    
  2.506191     -3.659548    
  2.506278     -3.655091    
  2.507046     -3.652585    
  2.507133     -3.652976    
  2.509451     -3.654202    
  2.511756     -3.760207    
  2.511843     -3.702389    
  2.512347     -3.673336    
  2.512434     -3.665846    
  2.514176     -3.670549    
  2.514263     -3.674587    
  2.515486     -3.684621    
  2.515573     -3.679401    
  2.515719     -3.679877    
  2.515805     -3.681201    
  2.515872     -3.682446    
  2.515959     -3.687007    
  2.516706     -3.681081    
  2.516793     -3.677938    
  2.516940     -3.675961    
  2.517027     -3.674243    
  2.517941     -3.673087    
  2.518028     -3.673566    
  2.519341     -3.675386    
  2.519428     -3.673481    
  2.521714     -3.699554    
  2.523988     -3.684975    
  2.526250     -3.713553    
  2.528500     -3.742373    
  2.528587     -3.698182    
  2.532731     -3.711812    
  2.532818     -3.706242    
  2.533833     -3.710663    
  2.533920     -3.712315    
  2.537178     -3.713621    
  2.540412     -3.748744    
  2.543622     -3.735287    
  2.546808     -3.738904    
  2.546895     -3.740024    
  2.547436     -3.740565    
  2.547523     -3.745799    
  2.551127     -3.755661    
  2.554701     -3.760985    
  2.554788     -3.756645    
  2.557290     -3.772352    
  2.559779     -3.781177    
  2.562253     -3.782638    
  2.564713     -3.776987    
  2.564799     -3.782548    
  2.568369     -3.789063    
  2.568456     -3.792965    
  2.571315     -3.798547    
  2.571402     -3.796767    
  2.571490     -3.796906    
  2.571576     -3.792435    
  2.572582     -3.816681    
  2.572668     -3.832064    
  2.573820     -3.803188    
  2.573907     -3.802078    
  2.576147     -3.809770    
  2.578375     -3.816582    
  2.580592     -3.818165    
  2.582797     -3.825029    
  2.582884     -3.832067    
  2.586758     -3.864162    
  2.590598     -3.834321    
  2.590685     -3.846180    
  2.593225     -3.862711    
  2.595750     -3.877239    
  2.595837     -3.857166    
  2.598386     -3.862700    
  2.600921     -3.869202    
  2.601008     -3.868609    
  2.603333     -3.874391    
  2.603420     -3.875140    
  2.604635     -3.878065    
  2.604722     -3.869825    
  2.606239     -3.929500    
  2.606324     -3.912476    
  2.606411     -3.905428    
  2.607057     -3.883173    
  2.607144     -3.885448    
  2.607239     -3.885378    
  2.607326     -3.885463    
  2.607391     -3.885558    
  2.607478     -3.885684    
  2.607654     -3.885843    
  2.607741     -3.885874    
  2.611049     -3.894918    
  2.614332     -3.902710    
  2.614419     -3.901954    
  2.617004     -3.908716    
  2.619574     -3.915664    
  2.619659     -3.917632    
  2.619746     -3.918624    
  2.620996     -3.918305    
  2.621082     -3.918827    
  2.621962     -3.920956    
  2.622049     -3.920781    
  2.623324     -3.926314    
  2.623411     -3.932647    
  2.624766     -3.930414    
  2.624853     -3.932276    
  2.627024     -3.934881    
  2.627110     -3.926867    
  2.630435     -3.962569    
  2.630522     -3.992485    
  2.632418     -3.935609    
  2.632505     -3.948542    
  2.633585     -3.950470    
  2.633672     -3.950912    
  2.634210     -3.952477    
  2.634297     -3.952960    
  2.636422     -3.958165    
  2.638537     -3.965498    
  2.640642     -3.964220    
  2.642737     -4.006750    
  2.642824     -4.016169    
  2.645913     -3.972329    
  2.646000     -3.996778    
  2.648513     -3.988104    
  2.648600     -3.990390    
  2.650102     -3.993099    
  2.650189     -3.993457    
  2.650581     -3.994665    
  2.650668     -3.997930    
  2.653884     -4.004275    
  2.653971     -4.004742    
  2.654508     -4.013587    
  2.654595     -4.015121    
  2.655848     -4.047933    
  2.655935     -4.027324    
  2.656856     -4.017002    
  2.656943     -4.020283    
  2.658483     -4.014608    
  2.658570     -4.024130    
  2.659789     -4.021837    
  2.659876     -4.029680    
  2.661632     -4.024786    
  2.661711     -4.024215    
  2.661798     -4.024362    
  2.662214     -4.024807    
  2.662301     -4.024763    
  2.662838     -4.026879    
  2.662925     -4.027358    
  2.663187     -4.028146    
  2.663274     -4.027784    
  2.665319     -4.033400    
  2.665405     -4.033472    
  2.666840     -4.037742    
  2.668270     -4.041869    
  2.668357     -4.032729    
  2.670100     -4.054832    
  2.670187     -4.055884    
  2.670742     -4.050963    
  2.670829     -4.048783    
  2.672470     -4.050303    
  2.674106     -4.055130    
  2.674193     -4.055281    
  2.675152     -4.058693    
  2.675239     -4.059197    
  2.675371     -4.059572    
  2.675458     -4.059507    
  2.676824     -4.062543    
  2.676911     -4.064031    
  2.677751     -4.068232    
  2.677838     -4.066242    
  2.679282     -4.069045    
  2.680721     -4.072507    
  2.682155     -4.076437    
  2.683585     -4.080236    
  2.683672     -4.080352    
  2.684480     -4.082282    
  2.684566     -4.082542    
  2.685714     -4.085702    
  2.685801     -4.085911    
  2.685988     -4.086434    
  2.686075     -4.086674    
  2.686520     -4.087913    
  2.686607     -4.088187    
  2.687327     -4.090364    
  2.688046     -4.093335    
  2.688133     -4.093477    
  2.688542     -4.094068    
  2.688599     -4.094121    
  2.688629     -4.094160    
  2.688686     -4.093807    
  2.689808     -4.097896    
  2.690927     -4.099475    
  2.691014     -4.099794    
  2.691670     -4.101416    
  2.692326     -4.103212    
  2.692981     -4.104897    
  2.693635     -4.106961    
  2.693722     -4.107352    
  2.694340     -4.110111    
  2.694958     -4.112137    
  2.695575     -4.112533    
  2.696192     -4.111503    
  2.696807     -4.164428    
  2.697422     -4.174214    
  2.698035     -4.123124    
  2.698648     -4.119955    
  2.698717     -4.121125    
  2.698803     -4.121304    
  2.699142     -4.122608    
  2.699229     -4.123954    
  2.700077     -4.127794    
  2.700500     -4.127460    
  2.700923     -4.129993    
  2.701345     -4.129472    
  2.701767     -4.128768    
  2.702189     -4.129369    
  2.702610     -4.130366    
  2.702697     -4.130386    
  2.706323     -4.142371    
  2.706410     -4.142225    
  2.707308     -4.143789    
  2.707395     -4.144624    
  2.708280     -4.147199    
  2.708352     -4.147540    
  2.708438     -4.146509    
  2.709271     -4.158192    
  2.709358     -4.156323    
  2.712230     -4.220039    
  2.712317     -4.160031    
  2.715874     -4.166769    
  2.715961     -4.166976    
  2.716395     -4.168034    
  2.716481     -4.168258    
  2.716568     -4.171669    
  2.721359     -4.182258    
  2.721446     -4.181777    
  2.724957     -4.191380    
  2.725044     -4.191654    
  2.725129     -4.191905    
  2.725216     -4.192451    
  2.727523     -4.198227    
  2.727610     -4.198561    
  2.728146     -4.200000    
  2.728233     -4.200219    
  2.728368     -4.200576    
  2.728455     -4.200811    
  2.728556     -4.201093    
  2.728643     -4.201477    
  2.735898     -4.221363    
  2.735985     -4.221564    
  2.736079     -4.221730    
  2.737059     -4.224297    
  2.737146     -4.224602    
  2.738167     -4.227850    
  2.738254     -4.229313    
  2.740490     -4.233915    
  2.740577     -4.234280    
  2.742815     -4.240306    
  2.742902     -4.240577    
  2.743703     -4.243255    
  2.743790     -4.255943    
  2.753428     -4.269411    
  2.753515     -4.271570    
  2.753850     -4.271927    
  2.753937     -4.271967    
  2.754509     -4.273265    
  2.754596     -4.273647    
  2.754850     -4.274649    
  2.754937     -4.275708    
  2.756676     -4.280688    
  2.756763     -4.280147    
  2.758474     -4.284162    
  2.758561     -4.284066    
  2.759027     -4.285575    
  2.759113     -4.286628    
  2.759911     -4.290341    
  2.759997     -4.288199    
  2.763464     -4.298179    
  2.763551     -4.298619    
  2.765400     -4.303115    
  2.765487     -4.302996    
  2.765755     -4.303664    
  2.765842     -4.303839    
  2.766689     -4.306358    
  2.766776     -4.306649    
  2.768842     -4.313696    
  2.768929     -4.314738    
  2.769216     -4.315030    
  2.769303     -4.314899    
  2.772541     -4.322279    
  2.772628     -4.323120    
  2.781421     -4.347346    
  2.781508     -4.347496    
  2.783749     -4.354665    
  2.783836     -4.354504    
  2.786316     -4.361965    
  2.786403     -4.368584    
  2.789343     -4.368628    
  2.789430     -4.370251    
  2.792049     -4.377243    
  2.792136     -4.377628    
  2.795957     -4.388496    
  2.796043     -4.381119    
  2.799021     -4.419738    
  2.799107     -5.795605    
  2.799738     -5.490426    
  2.799825     -5.403593    
  2.801475     -4.414938    
  2.801562     -4.330892    
  2.816430     -4.481799    
  2.816517     -4.447554    
  2.817018     -4.449069    
  2.817105     -4.449093    
  2.818570     -4.453748    
  2.818657     -4.451709    
  2.823371     -4.472775    
  2.823458     -4.469606    
  2.826003     -4.476100    
  2.826090     -4.477102    
  2.829613     -4.484770    
  2.829700     -4.484465    
  2.832995     -4.496421    
  2.833082     -4.496182    
  2.835804     -4.507285    
  2.835890     -4.505894    
  2.836249     -4.505327    
  2.836336     -4.505560    
  2.836442     -4.505834    
  2.836529     -4.507130    
  2.841429     -4.520681    
  2.841516     -4.525588    
  2.844722     -4.529670    
  2.844809     -4.529178    
  2.845614     -4.533344    
  2.845701     -4.533656    
  2.845992     -4.534667    
  2.846079     -4.534898    
  2.846320     -4.535205    
  2.846407     -4.537113    
  2.851273     -4.553371    
  2.851359     -4.550732    
  2.851605     -4.550724    
  2.851692     -4.545854    
  2.852906     -4.571201    
  2.852993     -4.589627    
  2.853657     -4.580033    
  2.853730     -4.573111    
  2.853816     -4.566569    
  2.856721     -4.617535    
  2.856808     -4.573392    
  2.861695     -4.577087    
  2.861782     -4.578427    
  2.863190     -4.582914    
  2.863277     -4.582171    
  2.864011     -4.588671    
  2.864097     -4.591456    
  2.864172     -4.592772    
  2.864259     -4.592306    
  2.866955     -4.592683    
  2.867042     -4.593347    
  2.872704     -4.609593    
  2.872791     -4.593290    
  2.877117     -4.695187    
  2.877204     -4.631618    
  2.880603     -4.632110    
  2.880690     -4.845001    
  2.882313     -5.168405    
  2.882400     -4.896285    
  2.882670     -4.816516    
  2.882757     -4.634652    
  2.886654     -4.631383    
  2.886684     -4.641949    
  2.886741     -4.641381    
  2.886771     -4.639888    
  2.887555     -4.637091    
  2.887642     -4.642322    
  2.893704     -4.716222    
  2.893791     -4.691625    
  2.894071     -4.681632    
  2.894157     -4.677665    
  2.895095     -4.676599    
  2.895182     -4.678533    
  2.895490     -4.684023    
  2.895577     -4.687912    
  2.896767     -4.690369    
  2.896854     -4.704838    
  2.897787     -4.702227    
  2.897874     -4.692956    
  2.899209     -4.691958    
  2.899296     -4.699298    
  2.901336     -4.692358    
  2.901423     -4.694295    
  2.905548     -4.706139    
  2.905635     -4.707318    
  2.908098     -4.713853    
  2.908185     -4.714210    
  2.908477     -4.714891    
  2.908564     -4.714487    
  2.916527     -4.739569    
  2.916614     -4.739670    
  2.916785     -4.740054    
  2.916872     -4.740234    
  2.917171     -4.740976    
  2.917258     -4.744449    
  2.921759     -4.757359    
  2.921845     -4.757064    
  2.925029     -4.765237    
  2.925116     -4.765640    
  2.925683     -4.765903    
  2.925770     -4.766037    
  2.925849     -4.766161    
  2.925936     -4.766337    
  2.926028     -4.766618    
  2.927554     -4.772424    
  2.927641     -4.771844    
  2.927672     -4.771897    
  2.927759     -4.772056    
  2.927951     -4.772478    
  2.928037     -4.772690    
  2.928671     -4.774414    
  2.928758     -4.774712    
  2.929127     -4.775922    
  2.929213     -4.776088    
  2.929524     -4.777585    
  2.929611     -4.778375    
  2.929967     -4.781488    
  2.930054     -4.782005    
  2.930245     -4.782204    
  2.930332     -4.781736    
  2.930604     -4.781513    
  2.930644     -4.781798    
  2.930691     -4.782003    
  2.930731     -4.782159    
  2.930956     -4.783686    
  2.931043     -4.785969    
  2.932654     -4.787024    
  2.932741     -4.786233    
  2.933595     -4.793404    
  2.933682     -4.795027    
  2.934646     -4.793857    
  2.934733     -4.793685    
  2.934790     -4.793704    
  2.934877     -4.793520    
  2.935353     -4.795526    
  2.935439     -4.797694    
  2.936807     -4.801010    
  2.936894     -4.802335    
  2.937517     -4.809361    
  2.937604     -4.806049    
  2.942728     -4.816530    
  2.942815     -4.819066    
  2.943758     -4.820024    
  2.943845     -4.820277    
  2.943894     -4.820340    
  2.943981     -4.820211    
  2.945266     -4.823614    
  2.945353     -4.824121    
  2.946273     -4.827336    
  2.946360     -4.828057    
  2.946687     -4.829146    
  2.946746     -4.829207    
  2.946774     -4.829258    
  2.946833     -4.829234    
  2.950770     -4.839736    
  2.950857     -4.839898    
  2.951287     -4.841129    
  2.951374     -4.841405    
  2.951710     -4.842548    
  2.951797     -4.842877    
  2.952602     -4.845777    
  2.952688     -4.845958    
  2.953750     -4.849707    
  2.953837     -4.849842    
  2.953990     -4.850343    
  2.954077     -4.850657    
  2.954361     -4.851611    
  2.954448     -4.851837    
  2.955030     -4.853407    
  2.955117     -4.853610    
  2.955739     -4.854957    
  2.955826     -4.855238    
  2.956162     -4.856478    
  2.956248     -4.856821    
  2.956346     -4.857170    
  2.956433     -4.857541    
  2.957599     -4.860685    
  2.957685     -4.860976    
  2.957790     -4.861304    
  2.958490     -4.863070    
  2.958577     -4.863375    
  2.958702     -4.863799    
  2.958789     -4.864120    
  2.959196     -4.865719    
  2.959269     -4.865945    
  2.959356     -4.866212    
  2.959520     -4.866639    
  2.959575     -4.866766    
  2.959607     -4.866839    
  2.959642     -4.866922    
  2.959678     -4.867005    
  2.959729     -4.867133    
  2.959837     -4.867395    
  2.959916     -4.867585    
  2.960003     -4.867817    
  2.960694     -4.869288    
  2.960781     -4.869473    
  2.961122     -4.869975    
  2.961209     -4.810191    
  2.965318     -4.849596    
  2.965405     -4.915773    
  2.973340     -4.820802    
  2.973427     -4.871730    
  2.975729     -4.808813    
  2.975815     -4.808596    
  2.976171     -4.854296    
  2.976258     -4.839816    
  2.981363     -4.846818    
  2.981450     -4.810153    
  2.982423     -4.852878    
  2.982509     -4.852420    
  2.982872     -4.845061    
  2.982959     -4.848979    
  3.005749     -4.897576    
  3.005836     -4.897499    
  3.008346     -4.909292    
  3.008392     -4.908451    
  3.008433     -4.908537    
  3.008479     -5.000418    
  3.022969     -4.937066    
  3.023055     -4.958363    
  3.024662     -4.969934    
  3.024749     -4.966757    
  3.026972     -4.975726    
  3.027058     -4.977521    
  3.028439     -4.983615    
  3.028526     -4.989750    
  3.041713     -5.035259    
  3.041799     -5.052214    
  3.044019     -5.015600    
  3.044106     -5.029057    
  3.046417     -5.036639    
  3.046504     -5.037199    
  3.047266     -5.038492    
  3.047353     -5.050889    
  3.053134     -5.068465    
  3.053221     -5.065021    
  3.056619     -5.069761    
  3.056706     -5.072899    
  3.057754     -5.074122    
  3.057841     -5.097089    
  3.072777     -5.129875    
  3.072864     -5.116797    
  3.074515     -5.207901    
  3.074602     -5.134647    
  3.082910     -5.158092    
  3.082997     -5.149351    
  3.085748     -5.291847    
  3.085835     -5.172793    
  3.088154     -4.936704    
  3.088240     -5.040872    
  3.089212     -5.140756    
  3.089299     -5.154755    
  3.092941     -5.205419    
  3.093028     -5.139754    
  3.093244     -5.914244    
  3.093331    -100.00000    
  3.093732     -7.675065    
  3.093819    -100.00000    
  3.096179     -5.037593    
  3.096266     -5.014828    
  3.099391     -5.223345    
  3.099477     -5.211398    
  3.110593     -5.265502    
  3.110679     -5.258975    
  3.114687     -5.274295    
  3.114774     -5.281545    
  3.115819     -5.276266    
  3.115905     -5.274117    
  3.116258     -5.275312    
  3.116344     -5.276512    
  3.116978     -5.281746    
  3.117065     -5.279746    
  3.118889     -5.284824    
  3.118976     -5.284835    
  3.124616     -5.304610    
  3.124703     -5.303267    
  3.125997     -5.318216    
  3.126084     -5.319241    
  3.126554     -5.349482    
  3.126641     -5.356870    
  3.126962     -5.353125    
  3.127049     -5.340816    
  3.127687     -5.307828    
  3.127774     -5.310794    
  3.129225     -5.321300    
  3.129312     -5.321424    
  3.132800     -5.333053    
  3.132887     -5.332672    
  3.135587     -5.343450    
  3.135674     -5.325203    
  3.138745     -5.408080    
  3.138832     -5.479871    
  3.139047     -5.508404    
  3.139134     -5.463627    
  3.141109     -5.322219    
  3.141196     -5.359207    
  3.143577     -5.369330    
  3.143664     -5.369889    
  3.144101     -5.371659    
  3.144188     -5.371953    
  3.144945     -5.374695    
  3.145031     -5.374967    
  3.146758     -5.383405    
  3.146845     -5.387188    
  3.146888     -5.388422    
  3.146975     -5.395407    
  3.147795     -5.395758    
  3.147882     -5.389603    
  3.148717     -5.387149    
  3.148804     -5.388389    
  3.149747     -5.391607    
  3.149834     -5.391954    
  3.150628     -5.394782    
  3.150714     -5.395091    
  3.151276     -5.397027    
  3.151363     -5.397308    
  3.152544     -5.401291    
  3.152631     -5.401661    
  3.152935     -5.402786    
  3.153022     -5.403099    
  3.153068     -5.403261    
  3.153155     -5.403563    
  3.153381     -5.404335    
  3.153434     -5.404510    
  3.153468     -5.404620    
  3.153521     -5.404609    
  3.155016     -5.409959    
  3.155103     -5.410281    
  3.159418     -5.425580    
  3.159505     -5.425859    
  3.159758     -5.426717    
  3.159845     -5.427158    
  3.164009     -5.441597    
  3.164096     -5.441850    
  3.164633     -5.443804    
  3.164720     -5.444105    
  3.164846     -5.444537    
  3.164933     -5.444803    
  3.165979     -5.448377    
  3.166066     -5.448794    
  3.171670     -5.468628    
  3.171756     -5.469038    
  3.173578     -5.475231    
  3.173665     -5.475658    
  3.174167     -5.477491    
  3.174254     -5.477464    
  3.179466     -5.495559    
  3.179553     -5.496265    
  3.180463     -5.499511    
  3.180550     -5.499909    
  3.181675     -5.503836    
  3.181761     -5.504407    
  3.184969     -5.514861    
  3.185055     -5.513535    
  3.187464     -5.523264    
  3.187494     -5.523710    
  3.187551     -5.523921    
  3.187581     -5.524104    
  3.188338     -5.526211    
  3.188425     -5.526454    
  3.189356     -5.529372    
  3.189443     -5.532356    
  3.190962     -5.553283    
  3.191049     -5.547468    
  3.191119     -5.547125    
  3.191206     -5.546192    
  3.192224     -5.563743    
  3.192311     -5.551388    
  3.194885     -5.539381    
  3.194972     -5.546587    
  3.196916     -5.558198    
  3.197003     -5.557896    
  3.203163     -5.579955    
  3.203249     -5.580141    
  3.204661     -5.584980    
  3.204747     -5.585464    
  3.207365     -5.594728    
  3.207452     -5.595117    
  3.209135     -5.600748    
  3.209222     -5.601123    
  3.209715     -5.602940    
  3.209802     -5.897707    
  3.217531     -5.288912    
  3.217618     -5.114427    
  3.217704     -5.121884    
  3.217791     -5.132758    
  3.218329     -5.241465    
  3.218415     -5.494431    
  3.233361     -5.767266    
  3.233448     -5.688294    
  3.243111     -5.722008    
  3.243198     -5.722240    
  3.251238     -5.750902    
  3.251325     -5.751186    
  3.261641     -5.788312    
  3.261728     -5.788748    
  3.263462     -5.794892    
  3.263549     -5.795251    
  3.271269     -5.822905    
  3.271355     -5.822773    
  3.271415     -5.822870    
  3.271502     -5.821142    
  3.273253     -5.824916    
  3.273340     -5.830047    
  3.276754     -5.842796    
  3.276841     -5.843041    
  3.279706     -5.853307    
  3.279793     -5.853669    
  3.281662     -5.860453    
  3.281749     -5.860623    
  3.283538     -5.867200    
  3.283625     -5.867451    
  3.285833     -5.875350    
  3.285920     -5.875652    
  3.289028     -5.887030    
  3.289115     -5.887258    
  3.291415     -5.895602    
  3.291501     -5.895915    
  3.292656     -5.900145    
  3.292743     -5.900487    
  3.294670     -5.907321    
  3.294757     -5.907612    
  3.295898     -5.911864    
  3.295985     -5.912204    
  3.296762     -5.914958    
  3.296849     -5.915305    
  3.299441     -5.924499    
  3.299528     -5.924934    
  3.301132     -5.930810    
  3.301219     -5.931004    
  3.305074     -5.945064    
  3.305161     -5.945461    
  3.305985     -5.948367    
  3.306072     -5.948606    
  3.306887     -5.951368    
  3.306974     -5.951858    
  3.309364     -5.960736    
  3.309451     -5.960709    
  3.309833     -5.962054    
  3.309920     -5.962397    
  3.310624     -5.964916    
  3.310710     -5.965207    
  3.310978     -5.966159    
  3.311065     -5.966473    
  3.311327     -5.967480    
  3.311414     -5.967842    
  3.311825     -5.969473    
  3.311912     -5.969780    
  3.312012     -5.970103    
  3.312099     -5.958223    
  3.333122     -6.040887    
  3.333209     -6.037023    
  3.343376     -6.073193    
  3.343463     -6.068664    
  3.351164     -6.097149    
  3.351250     -6.089466    
  3.351681     -6.091454    
  3.351768     -6.103363    
  3.363548     -6.134260    
  3.363635     -6.165523    
  3.367434     -6.148654    
  3.367521     -6.149402    
  3.377612     -6.188092    
  3.377699     -6.183113    
  3.379159     -6.202606    
  3.379246     -6.254390    
  3.382086     -6.174541    
  3.382173     -6.200594    
  3.385882     -6.219070    
  3.385969     -6.218266    
  3.389771     -6.232161    
  3.389858     -6.232493    
  3.395039     -6.251351    
  3.395125     -6.252056    
  3.400648     -6.270962    
  3.400735     -6.268549    
  3.400855     -6.269789    
  3.400942     -6.321397    
  3.403535     -6.260602    
  3.403595     -6.263073    
  3.403622     -6.263792    
  3.403681     -6.265514    
  3.404126     -6.273688    
  3.404213     -6.281785    
  3.414942     -6.325619    
  3.415029     -6.324457    
  3.419275     -6.339891    
  3.419361     -6.340308    
  3.421764     -6.349009    
  3.421851     -6.349386    
  3.426245     -6.365529    
  3.426332     -6.365880    
  3.434923     -6.397050    
  3.435010     -6.399493    
  3.442825     -6.400928    
  3.442912     -6.423885    
  3.444934     -6.433544    
  3.445021     -6.433536    
  3.449934     -6.452319    
  3.450021     -6.452737    
  3.466667     -6.513868    
  3.466754     -6.514120    
  3.467592     -6.517345    
  3.467679     -6.517601    
  3.468746     -6.521413    
  3.468833     -6.521840    
  3.469843     -6.525651    
  3.469930     -6.525872    
  3.472928     -6.536943    
  3.473015     -6.539406    
  3.480890     -6.553870    
  3.480977     -6.566149    
  3.485957     -6.585113    
  3.486044     -6.585357    
  3.486320     -6.586332    
  3.486406     -6.586803    
  3.494277     -6.615706    
  3.494364     -6.616180    
  3.503878     -6.651348    
  3.503965     -6.653581    
  3.505952     -6.653651    
  3.506039     -6.633436    
  3.506892     -6.633681    
  3.506979     -6.553954    
  3.515804     -6.728117    
  3.515836     -6.694830    
  3.515891     -6.695056    
  3.515923     -6.695599    
  3.534135     -6.763701    
  3.534222     -6.763757    
  3.535311     -6.767712    
  3.535397     -6.768146    
  3.539346     -6.782934    
  3.539433     -6.783297    
  3.543849     -6.798943    
  3.543936     -6.798481    
  3.544500     -6.800986    
  3.544586     -6.801594    
  3.545154     -6.803525    
  3.545241     -6.803844    
  3.552154     -6.830950    
  3.552241     -6.830795    
  3.553235     -6.834598    
  3.553322     -6.835030    
  3.555627     -6.843461    
  3.555714     -6.843936    
  3.557696     -6.851210    
  3.557783     -6.851539    
  3.558846     -6.855578    
  3.558933     -6.855902    
  3.559110     -6.856574    
  3.559197     -6.856894    
  3.560994     -6.863580    
  3.561019     -6.863718    
  3.561080     -6.863947    
  3.561106     -6.864044    
  3.561368     -6.865020    
  3.561455     -6.865337    
  3.561702     -6.866235    
  3.561789     -6.866564    
  3.561899     -6.866970    
  3.561986     -6.870016    
  3.565681     -6.868284    
  3.565768     -6.869520    
  3.568654     -6.885524    
  3.568741     -6.885708    
  3.572245     -6.898429    
  3.572332     -6.903749    
  3.628600     -7.105444    
  3.628687     -7.100365    
  3.631423     -7.114866    
  3.631510     -7.114449    
  3.632293     -7.117213    
  3.632379     -7.117526    
  3.634321     -7.124615    
  3.634408     -7.130335    
  3.644191     -7.158929    
  3.644278     -7.161905    
  3.656741     -7.207036    
  3.656828     -7.219025    
  3.663615     -7.225812    
  3.663702     -7.230065    
  3.670110     -7.252189    
  3.670197     -7.451013    
  3.673498     -6.727931    
  3.673585     -7.006247    
  3.687730     -7.515573    
  3.687817     -7.312940    
  3.688052     -7.333679    
  3.688139     -7.355324    
  3.688708     -7.383952    
  3.688795     -7.368848    
  3.688862     -7.362759    
  3.688948     -7.276041    
  3.691459     -7.308600    
  3.691546     -7.330527    
  3.695795     -7.342273    
  3.695882     -7.352796    
  3.713236     -7.418408    
  3.713322     -7.418353    
  3.719779     -7.441803    
  3.719866     -7.442435    
  3.725984     -7.465324    
  3.726070     -7.465604    
  3.733043     -7.491552    
  3.733130     -7.479595    
  3.740126     -7.493824    
  3.740213     -7.515681    
  3.740628     -7.517847    
  3.740715     -7.519277    
  3.751777     -7.561492    
  3.751863     -7.561298    
  3.753187     -7.566417    
  3.753274     -7.566806    
  3.753882     -7.569005    
  3.753969     -7.569246    
  3.754658     -7.571660    
  3.754745     -7.572012    
  3.755217     -7.573938    
  3.755304     -7.574304    
  3.755522     -7.575155    
  3.755609     -7.575485    
  3.755717     -7.575879    
  3.755803     -7.574669    
  3.793452     -7.715360    
  3.793539     -7.712894    
  3.804079     -7.754006    
  3.804166     -7.752326    
  3.806615     -7.758522    
  3.806702     -7.836355    
  3.821564     -7.662084    
  3.821651     -7.794875    
  3.838150     -7.888718    
  3.838237     -7.886950    
  3.842793     -7.887039    
  3.842880     -7.895588    
  3.865757     -7.978618    
  3.865844     -7.980892    
  3.866035     -7.981562    
  3.866122     -7.981930    
  3.871179     -8.000533    
  3.871266     -8.000442    
  3.892235     -8.072986    
  3.892321     -8.078056    
  3.894387     -8.085873    
  3.894474     -8.086231    
  3.895132     -8.088473    
  3.895219     -8.088709    
  3.898660     -8.101485    
  3.898747     -8.101575    
  3.900415     -8.108060    
  3.900502     -8.108473    
  3.902270     -8.114483    
  3.902356     -8.114613    
  3.904208     -8.122115    
  3.904295     -8.122129    
  3.905964     -8.128058    
  3.906051     -8.128626    
  3.906858     -8.131542    
  3.906945     -8.132022    
  3.908342     -8.136793    
  3.908429     -8.137242    
  3.913068     -8.154172    
  3.913155     -8.154668    
  3.913186     -8.154806    
  3.913273     -8.155196    
  3.913769     -8.157202    
  3.913856     -8.157505    
  3.913885     -8.157608    
  3.913972     -8.157921    
  3.914081     -8.158281    
  3.914168     -8.161314    
  3.916915     -8.159325    
  3.917002     -8.163159    
  3.968835     -8.359888    
  3.968922     -8.322262    
  3.983439     -8.407393    
  3.983526     -8.406391    
  3.993238     -8.448670    
  3.993325     -8.359338    
  4.025832     -8.493311    
  4.025919     -8.565427    
  4.034774     -8.597065    
  4.034860     -8.597803    
  4.038365     -8.609831    
  4.038452     -8.594663    
  4.047778     -8.634148    
  4.047808     -8.638245    
  4.047865     -8.638979    
  4.047895     -8.670005    
  4.073362     -8.657686    
  4.073449     -8.737142    
  4.128589     -8.919393    
  4.128676     -8.930652    
  4.150175     -9.006388    
  4.150262     -9.009627    
  4.155926     -9.028618    
  4.156013     -9.023200    
  4.161727     -9.040810    
  4.161814     -9.048785    
  4.163762     -9.057507    
  4.163849     -9.057173    
  4.163959     -9.057517    
  4.164046     -9.049257    
  4.251427     -9.362701    
  4.251514     -9.363005    
  4.266067     -9.401348    
  4.266154     -9.241232    
  4.339907     -9.776272    
  4.339994     -9.605523    
  4.353233     -9.721839    
  4.353320     -9.709179    
  4.356074     -9.718414    
  4.356161     -9.712890    
  4.357582     -9.714211    
  4.357669     -9.719486    
  4.357779     -9.720246    
  4.357865     -9.725157    
  4.440368     -9.982514    
  4.440455     -9.983630    
  4.512937     -10.16230    
  4.513024     -10.23544    
  4.514610     -10.23766    
  4.514697     -10.23751    
  4.515945     -10.24466    
  4.516032     -10.24539    
  4.516141     -10.24587    
  4.516228     -10.23913    
  4.585469     -10.45064    
  4.585556     -10.43783    
  4.648489     -10.63070    
  4.648576     -10.64201    
  4.649548     -10.65790    
  4.649635     -10.65796    
  4.649838     -10.65988    
  4.649925     -10.66068    
  4.650035     -10.66169    
  4.650122     -10.62096    
  4.709765     -10.78485    
  4.709852     -10.83503    
  4.765753     -10.98440    
  4.765822     -11.01399    
  4.765844     -11.01413    
  4.765909     -11.01453    
  4.765931     -11.01466    
  4.766019     -11.01516    
  4.766106     -10.99890    
  4.818480     -11.16756    
  4.818567     -11.15597    
  4.868094     -11.26926    
  4.868127     -11.31410    
  4.868152     -11.31422    
  4.868181     -11.31436    
  4.868214     -11.31452    
  4.868239     -11.31464    
  4.868324     -11.31503    
  4.868411     -11.24530    
  4.915089     -11.46897    
  4.915176     -11.45111    
  4.959449     -11.56972    
  4.959536     -11.57738    
  4.959642     -11.57539    
  4.959667     -11.57498    
  4.959729     -11.57433    
  4.959754     -11.57420    
  4.959839     -11.57260    
  4.959925     -11.56600    
  5.002021     -11.62463    
  5.002108     -11.69779    
  5.041986     -11.80899    
  5.042072     -11.81366    
  5.042428     -11.81394    
  5.042455     -11.81413    
  5.042515     -11.81425    
  5.042541     -11.81430    
  5.042624     -11.81437    
  5.042711     -11.79799    
  5.081038     -11.91511    
  5.081125     -11.89013    
  5.117569     -12.01477    
  5.117655     -12.02524    
  5.118005     -12.02251    
  5.118030     -12.01731    
  5.118092     -12.00082    
  5.118117     -11.99236    
  5.118201     -11.95544    
  5.118288     -11.92236    
  5.153462     -12.15850    
  5.153549     -12.12137    
  5.187204     -12.21927    
  5.187290     -12.21617    
  5.187529     -12.21668    
  5.187558     -12.21668    
  5.187616     -12.21677    
  5.187645     -12.21682    
  5.187725     -12.21701    
  5.187812     -12.21282    
  5.251180     -12.35448    
  5.251266     -12.39251    
  5.251931     -12.39595    
  5.252018     -12.39608    
  5.252095     -12.39635    
  5.252182     -12.39122    
  5.311750     -12.54345    
  5.311837     -12.56142    
  5.311944     -12.56119    
  5.312021     -12.56106    
  5.312108     -12.56678    
  5.368079     -12.67581    
  5.368165     -12.71083    
  5.420737     -12.85824    
  5.420823     -12.84927    
  5.470384     -12.96489    
  5.470471     -12.98984    
  5.517346     -13.12009    
  5.517433     -13.11009    
  5.561899     -13.23493    
  5.561985     -13.24323    
  5.604277     -13.35019    
  5.604364     -13.36065    
  5.644684     -13.45828    
  5.644771     -13.46184    
  6.103027     -14.70211    
  6.321002     -15.30776    
  6.573673     -15.99723    
  6.848341     -16.74586    
  7.135565     -17.52190    
  7.429524     -18.30139    
  7.726975     -19.11417    
  8.026204     -20.01130    
  8.326331     -20.97512    
  8.626909     -22.17874    
  8.927713    -100.00000    
