 0.6989700    -100.00000    
 0.7331214    -100.00000    
 0.7647820    -100.00000    
 0.7942904    -100.00000    
 0.8219208     -35.54561    
 0.8220077     -35.33357    
 0.8256567     -35.07757    
 0.8257436    -100.00000    
 0.8647793    -100.00000    
 0.9005939    -100.00000    
 0.9336786    -100.00000    
 0.9644204     -28.62544    
 0.9931293     -26.77453    
  1.020057     -25.76850    
  1.045413     -25.00101    
  1.069370     -24.38520    
  1.092073     -23.88537    
  1.113649     -23.57160    
  1.153828    -100.00000    
  1.190604     -17.19807    
  1.224506     -17.16870    
  1.224593    -100.00000    
  1.258242     -17.01832    
  1.258328    -100.00000    
  1.281053     -15.83007    
  1.281140     -16.11466    
  1.305129    -100.00000    
  1.305216    -100.00000    
  1.326885     -15.95663    
  1.326972    -100.00000    
  1.346664     -13.96148    
  1.346750     -13.79504    
  1.351328     -13.29791    
  1.351414     -10.49571    
  1.362515     -9.835559    
  1.362602     -10.63721    
  1.390867     -9.542452    
  1.390954     -9.586652    
  1.403133     -8.998749    
  1.403220     -8.974136    
  1.416604     -8.828635    
  1.416691     -8.851226    
  1.442990     -8.571423    
  1.443077     -8.577101    
  1.465932     -8.392591    
  1.466019     -8.350868    
  1.485843     -8.139652    
  1.485929     -8.148718    
  1.499940     -7.926160    
  1.500027     -7.145862    
  1.524019     -6.826825    
  1.546755     -6.752092    
  1.546842     -6.747947    
  1.576102     -6.687972    
  1.576189     -6.686389    
  1.604747     -6.685772    
  1.604834     -6.770821    
  1.629405     -6.688284    
  1.629492     -6.725805    
  1.655461     -6.814072    
  1.679965     -6.940364    
  1.703160     -7.099307    
  1.725179     -7.284392    
  1.725266     -7.288151    
  1.731654     -7.036307    
  1.731741     -6.999435    
  1.762029     -7.492893    
  1.790341     -7.797835    
  1.790428     -7.928673    
  1.817058     -8.082171    
  1.842149     -8.641983    
  1.842236     -8.796784    
  1.843313     -8.405806    
  1.843400     -8.512723    
  1.861079     -8.528267    
  1.861166     -8.508878    
  1.861837     -8.413749    
  1.861924     -8.727238    
  1.874931     -8.384168    
  1.875018     -8.578044    
  1.914140     -7.919071    
  1.914227    -100.00000    
  1.921566     -6.143210    
  1.921653     -6.304889    
  1.926897    -100.00000    
  1.926984     -6.368876    
  1.953068     -6.476133    
  1.953155     -7.548000    
  1.971846     -6.649083    
  1.971933     -6.284154    
  1.992517     -5.836414    
  1.992604     -6.590627    
  1.993799     -6.709031    
  1.993886     -6.753313    
  1.994140     -6.705109    
  1.994226     -7.348848    
  1.996545     -6.089860    
  1.996632     -6.015666    
  1.998156     -5.960484    
  1.998243     -5.747546    
  2.000011     -5.588905    
  2.000098     -5.814164    
  2.005591     -5.831079    
  2.005678     -5.769861    
  2.007909     -6.793916    
  2.007996     -7.097793    
  2.009188     -7.036631    
  2.009275     -6.861624    
  2.023257     -5.568509    
  2.036803     -5.630626    
  2.036890     -5.227497    
  2.049264     -5.307559    
  2.061295     -5.819428    
  2.061382     -5.454477    
  2.077530     -5.726612    
  2.077617     -5.539774    
  2.086895     -5.242411    
  2.095978     -4.990866    
  2.096065     -4.954947    
  2.097299     -5.047512    
  2.097386     -5.007086    
  2.102584     -4.966977    
  2.102671     -4.931436    
  2.103399     -4.920668    
  2.103486     -4.919119    
  2.105825     -4.995563    
  2.105912     -4.984580    
  2.106091     -5.022575    
  2.106178     -5.058076    
  2.111629     -4.821568    
  2.111716     -4.739839    
  2.119223    -100.00000    
  2.119310     -5.200617    
  2.124245     -4.743208    
  2.124332     -4.825215    
  2.137459     -4.793719    
  2.137546     -4.803456    
  2.138137     -4.789124    
  2.138224     -4.796031    
  2.138688     -4.825388    
  2.138775     -4.806122    
  2.149371     -4.765317    
  2.149458     -4.800884    
  2.150309     -4.742170    
  2.150396     -4.755295    
  2.150438     -4.756389    
  2.150525     -4.782156    
  2.156847     -4.695208    
  2.156934     -4.696025    
  2.168071     -4.737693    
  2.168158     -4.882859    
  2.177603     -4.798945    
  2.177690     -4.819635    
  2.191113     -4.706318    
  2.191200     -4.868717    
  2.197200     -4.609923    
  2.197287     -4.605801    
  2.203933     -4.647128    
  2.204020     -4.639300    
  2.204170     -4.651991    
  2.204257     -4.658541    
  2.204684     -4.696846    
  2.204771     -4.628402    
  2.211353     -4.616720    
  2.217836     -4.546995    
  2.217923     -4.565665    
  2.217949     -4.565646    
  2.218036     -4.565489    
  2.218819     -4.571933    
  2.218906     -4.563745    
  2.223758     -4.554738    
  2.223844    -100.00000    
  2.230357     -4.706998    
  2.236772     -4.699578    
  2.236859     -4.583704    
  2.239623     -4.613828    
  2.239710     -4.639266    
  2.244929     -4.653623    
  2.250086     -4.653025    
  2.250173     -4.645834    
  2.253696     -4.545011    
  2.253782     -4.490980    
  2.256807     -4.591402    
  2.259811     -4.464818    
  2.262794     -4.511476    
  2.265757     -4.591487    
  2.265844     -4.556904    
  2.267022     -4.513636    
  2.267109     -5.300181    
  2.270424     -4.450825    
  2.270511     -4.864607    
  2.273172     -4.551251    
  2.275818     -4.314641    
  2.275905     -4.330865    
  2.278993     -4.455102    
  2.279080     -4.410904    
  2.281448     -4.393785    
  2.283804     -4.466041    
  2.283891     -4.540792    
  2.286548     -4.363799    
  2.286635     -4.362028    
  2.286786     -4.364588    
  2.286873     -4.354931    
  2.289321     -4.970432    
  2.291755     -4.359259    
  2.294175     -4.408999    
  2.296582     -4.401174    
  2.298976     -4.301680    
  2.301356     -4.347053    
  2.303724     -4.340962    
  2.304903     -4.338546    
  2.306078     -4.334069    
  2.306165     -4.334444    
  2.308271     -4.332643    
  2.309320     -4.324760    
  2.310367     -4.325678    
  2.311411     -4.325250    
  2.312452     -4.319402    
  2.313491     -4.320393    
  2.314528     -4.322985    
  2.314614     -4.322965    
  2.315825     -4.390363    
  2.317033     -4.358977    
  2.318237     -4.288847    
  2.319437     -4.299214    
  2.320635     -4.441531    
  2.321829     -4.578582    
  2.323020     -4.263590    
  2.324207     -4.490017    
  2.324294     -4.535718    
  2.325800     -4.269695    
  2.325887     -4.216155    
  2.326813     -4.377998    
  2.327736     -4.318777    
  2.327823     -4.367715    
  2.328856     -4.161516    
  2.329886     -4.221105    
  2.330914     -4.258551    
  2.331939     -4.263387    
  2.332026     -4.260885    
  2.333111     -4.306105    
  2.334194     -4.331459    
  2.335274     -4.295211    
  2.336352     -4.302850    
  2.336439     -4.242421    
  2.337047     -4.183978    
  2.337655     -4.241894    
  2.338262     -4.434832    
  2.338868     -4.330667    
  2.339473     -4.323322    
  2.340077     -4.234753    
  2.340680     -4.222197    
  2.341283     -4.242014    
  2.341370     -4.221946    
  2.341472     -4.170781    
  2.342517     -4.216295    
  2.342604     -4.337127    
  2.343196     -4.376977    
  2.343786     -4.392066    
  2.343873     -4.401657    
  2.344850     -4.175057    
  2.345825     -4.184866    
  2.345912     -4.203927    
  2.346656     -4.287256    
  2.347399     -4.258529    
  2.348141     -4.205968    
  2.348882     -4.231020    
  2.348969     -4.185563    
  2.349884     -4.233232    
  2.349971     -4.251954    
  2.350040     -4.261830    
  2.350127     -4.249014    
  2.350953     -4.300624    
  2.351777     -4.344795    
  2.352600     -4.210190    
  2.353421     -4.118561    
  2.353508     -4.118917    
  2.353983     -4.143319    
  2.354070     -4.127238    
  2.354840     -4.311548    
  2.355610     -4.254704    
  2.356378     -4.227043    
  2.357144     -4.116379    
  2.357197     -4.135227    
  2.357231     -4.136563    
  2.357284     -4.138903    
  2.357504     -4.147035    
  2.357582     -4.148867    
  2.357669     -4.149590    
  2.357776     -4.147403    
  2.357863     -4.357451    
  2.360104     -3.839221    
  2.360190     -4.261989    
  2.373546     -3.730089    
  2.373632     -3.584957    
  2.378097     -3.836463    
  2.378184     -3.515206    
  2.381409     -3.468345    
  2.381496     -3.566014    
  2.384668     -3.565832    
  2.384755     -3.444943    
  2.387126     -3.861075    
  2.387213     -3.582770    
  2.397727     -3.553206    
  2.397814     -3.502840    
  2.403706     -3.506461    
  2.403793     -3.455865    
  2.405816     -3.460550    
  2.405903     -3.423615    
  2.409533     -3.795230    
  2.409619     -3.988143    
  2.409967     -3.922060    
  2.410054     -3.971467    
  2.411499     -3.505564    
  2.411586     -3.410682    
  2.413098     -3.404157    
  2.413185     -3.438268    
  2.417226     -3.472633    
  2.417313     -3.447722    
  2.417446     -3.448086    
  2.417533     -3.430593    
  2.429013     -3.526079    
  2.429100     -3.463506    
  2.429782     -3.463197    
  2.429869     -3.462291    
  2.429909     -3.462138    
  2.429996     -3.457653    
  2.433515     -3.498766    
  2.433602     -3.492949    
  2.434760     -3.695851    
  2.434847     -3.575494    
  2.438744     -3.526777    
  2.438831     -3.576122    
  2.441087     -3.584178    
  2.441174     -3.531027    
  2.442885     -3.505996    
  2.442972     -3.599775    
  2.446825     -3.569425    
  2.446912     -3.483363    
  2.449374     -3.712648    
  2.449460     -3.739689    
  2.454772     -3.520942    
  2.454858     -3.543995    
  2.457103     -3.536374    
  2.457190     -3.565936    
  2.462242     -3.626165    
  2.462329     -3.618305    
  2.465051     -3.575932    
  2.465138     -3.644982    
  2.466974     -3.640766    
  2.467061     -3.560849    
  2.469909     -3.555650    
  2.469996     -3.564593    
  2.471129     -3.588253    
  2.471216     -3.587916    
  2.471255     -3.587744    
  2.471342     -3.586099    
  2.471828     -3.576531    
  2.471915     -3.574351    
  2.473553     -3.586628    
  2.473639     -3.580522    
  2.473908     -3.576154    
  2.473994     -3.566448    
  2.475654     -3.605551    
  2.475741     -3.597114    
  2.476442     -3.584706    
  2.476529     -3.590300    
  2.476977     -3.600518    
  2.477064     -3.591796    
  2.479546     -3.598421    
  2.479633     -3.522755    
  2.483967     -4.109621    
  2.484054     -3.649267    
  2.484128     -3.616331    
  2.484215     -3.578266    
  2.484517     -3.482789    
  2.484604     -3.371031    
  2.487037     -3.458097    
  2.487124     -3.585345    
  2.491399     -3.613666    
  2.491486     -3.608246    
  2.493770     -3.620058    
  2.493799     -3.620803    
  2.493857     -3.620665    
  2.493886     -3.619083    
  2.496105     -3.637459    
  2.496192     -3.653946    
  2.497233     -3.677452    
  2.497320     -3.648720    
  2.497678     -3.631606    
  2.497765     -3.630751    
  2.498024     -3.630759    
  2.498111     -3.630342    
  2.501025     -3.641214    
  2.503920     -3.668512    
  2.504007     -3.651817    
  2.504069     -3.650988    
  2.504156     -3.649588    
  2.506191     -3.658367    
  2.506278     -3.653322    
  2.507046     -3.651374    
  2.507133     -3.650880    
  2.509451     -3.657924    
  2.511756     -3.665834    
  2.511843     -3.674400    
  2.512347     -3.674135    
  2.512434     -3.669767    
  2.514176     -3.694170    
  2.514263     -3.692403    
  2.515486     -3.695479    
  2.515573     -3.685815    
  2.515719     -3.681983    
  2.515805     -3.680187    
  2.515872     -3.679012    
  2.515959     -3.676370    
  2.516706     -3.677506    
  2.516793     -3.679823    
  2.516940     -3.681376    
  2.517027     -3.682266    
  2.517941     -3.681861    
  2.518028     -3.682368    
  2.519341     -3.679537    
  2.519428     -3.689566    
  2.521714     -3.718183    
  2.523988     -3.708875    
  2.526250     -3.716491    
  2.528500     -3.752671    
  2.528587     -3.724771    
  2.532731     -3.763774    
  2.532818     -3.722505    
  2.533833     -3.738716    
  2.533920     -3.739025    
  2.537178     -3.764952    
  2.540412     -3.761943    
  2.543622     -3.751874    
  2.546808     -3.752244    
  2.546895     -3.753400    
  2.547436     -3.754499    
  2.547523     -3.768652    
  2.551127     -3.767706    
  2.554701     -3.785541    
  2.554788     -3.767124    
  2.557290     -3.848527    
  2.559779     -3.785683    
  2.562253     -3.875690    
  2.564713     -3.774796    
  2.564799     -3.815084    
  2.568369     -3.813866    
  2.568456     -3.823236    
  2.571315     -3.833792    
  2.571402     -3.825330    
  2.571490     -3.824695    
  2.571576     -3.821545    
  2.572582     -3.831617    
  2.572668     -3.839149    
  2.573820     -3.833492    
  2.573907     -3.825376    
  2.576147     -3.849659    
  2.578375     -3.844143    
  2.580592     -3.847278    
  2.582797     -3.860294    
  2.582884     -3.860890    
  2.586758     -3.877571    
  2.590598     -3.874550    
  2.590685     -3.874146    
  2.593225     -3.890416    
  2.595750     -3.901722    
  2.595837     -3.892875    
  2.598386     -3.900753    
  2.600921     -3.907166    
  2.601008     -3.904056    
  2.603333     -3.911930    
  2.603420     -3.918179    
  2.604635     -3.918490    
  2.604722     -3.912915    
  2.606239     -3.937324    
  2.606324     -3.931040    
  2.606411     -3.928832    
  2.607057     -3.922525    
  2.607144     -3.923183    
  2.607239     -3.923243    
  2.607326     -3.923382    
  2.607391     -3.923505    
  2.607478     -3.923667    
  2.607654     -3.923905    
  2.607741     -3.925565    
  2.611049     -3.954718    
  2.614332     -3.939827    
  2.614419     -3.943049    
  2.617004     -3.947297    
  2.619574     -3.983457    
  2.619659     -3.999025    
  2.619746     -3.995551    
  2.620996     -3.946631    
  2.621082     -3.953571    
  2.621962     -3.988593    
  2.622049     -3.978436    
  2.623324     -4.048490    
  2.623411     -4.065924    
  2.624766     -3.935658    
  2.624853     -3.961704    
  2.627024     -4.003815    
  2.627110     -3.973198    
  2.630435     -4.019588    
  2.630522     -4.001699    
  2.632418     -3.988285    
  2.632505     -3.992840    
  2.633585     -3.995627    
  2.633672     -3.995989    
  2.634210     -3.998410    
  2.634297     -3.997178    
  2.636422     -4.012138    
  2.638537     -4.031436    
  2.640642     -4.010981    
  2.642737     -4.037985    
  2.642824     -4.042694    
  2.645913     -4.030959    
  2.646000     -4.053045    
  2.648513     -4.038177    
  2.648600     -4.039538    
  2.650102     -4.046380    
  2.650189     -4.046452    
  2.650581     -4.048481    
  2.650668     -4.047865    
  2.653884     -4.058940    
  2.653971     -4.058096    
  2.654508     -4.062336    
  2.654595     -4.065380    
  2.655848     -4.089661    
  2.655935     -4.082171    
  2.656856     -4.113444    
  2.656943     -4.096141    
  2.658483     -4.048312    
  2.658570     -4.066616    
  2.659789     -4.071402    
  2.659876     -4.074238    
  2.661632     -4.081495    
  2.661711     -4.080793    
  2.661798     -4.081031    
  2.662214     -4.082176    
  2.662301     -4.082311    
  2.662838     -4.084700    
  2.662925     -4.085046    
  2.663187     -4.085980    
  2.663274     -4.086061    
  2.665319     -4.093582    
  2.665405     -4.092152    
  2.666840     -4.096436    
  2.668270     -4.100757    
  2.668357     -4.099621    
  2.670100     -4.109165    
  2.670187     -4.109606    
  2.670742     -4.108904    
  2.670829     -4.108335    
  2.672470     -4.112104    
  2.674106     -4.117097    
  2.674193     -4.117490    
  2.675152     -4.120860    
  2.675239     -4.121129    
  2.675371     -4.121513    
  2.675458     -4.121523    
  2.676824     -4.125723    
  2.676911     -4.126676    
  2.677751     -4.129459    
  2.677838     -4.128953    
  2.679282     -4.132904    
  2.680721     -4.137003    
  2.682155     -4.143191    
  2.683585     -4.144198    
  2.683672     -4.145617    
  2.684480     -4.148328    
  2.684566     -4.148631    
  2.685714     -4.151998    
  2.685801     -4.152237    
  2.685988     -4.152814    
  2.686075     -4.153081    
  2.686520     -4.154673    
  2.686607     -4.155034    
  2.687327     -4.157223    
  2.688046     -4.159226    
  2.688133     -4.159478    
  2.688542     -4.160711    
  2.688599     -4.160898    
  2.688629     -4.160995    
  2.688686     -4.161181    
  2.689808     -4.164901    
  2.690927     -4.167630    
  2.691014     -4.168010    
  2.691670     -4.170141    
  2.692326     -4.172226    
  2.692981     -4.174253    
  2.693635     -4.176388    
  2.693722     -4.176622    
  2.694340     -4.178483    
  2.694958     -4.180361    
  2.695575     -4.181897    
  2.696192     -4.182772    
  2.696807     -4.206620    
  2.697422     -4.210746    
  2.698035     -4.191195    
  2.698648     -4.192114    
  2.698717     -4.193172    
  2.698803     -4.193222    
  2.699142     -4.195481    
  2.699229     -4.198398    
  2.700077     -4.205415    
  2.700500     -4.201844    
  2.700923     -4.195744    
  2.701345     -4.192984    
  2.701767     -4.196225    
  2.702189     -4.199722    
  2.702610     -4.202279    
  2.702697     -4.203178    
  2.706323     -4.214768    
  2.706410     -4.214951    
  2.707308     -4.217626    
  2.707395     -4.219201    
  2.708280     -4.224602    
  2.708352     -4.224453    
  2.708438     -4.224498    
  2.709271     -4.230645    
  2.709358     -4.217177    
  2.712230     -4.259582    
  2.712317     -4.230549    
  2.715874     -4.245188    
  2.715961     -4.244582    
  2.716395     -4.245798    
  2.716481     -4.246062    
  2.716568     -4.259639    
  2.721359     -4.249913    
  2.721446     -4.252898    
  2.724957     -4.272293    
  2.725044     -4.272146    
  2.725129     -4.272471    
  2.725216     -4.273039    
  2.727523     -4.280029    
  2.727610     -4.280232    
  2.728146     -4.281982    
  2.728233     -4.282288    
  2.728368     -4.282761    
  2.728455     -4.283071    
  2.728556     -4.283431    
  2.728643     -4.283544    
  2.735898     -4.305124    
  2.735985     -4.305903    
  2.736079     -4.306171    
  2.737059     -4.309034    
  2.737146     -4.309566    
  2.738167     -4.313799    
  2.738254     -4.313414    
  2.740490     -4.319744    
  2.740577     -4.320205    
  2.742815     -4.327139    
  2.742902     -4.327418    
  2.743703     -4.329998    
  2.743790     -4.330247    
  2.753428     -4.360755    
  2.753515     -4.360824    
  2.753850     -4.361817    
  2.753937     -4.361803    
  2.754509     -4.365034    
  2.754596     -4.366246    
  2.754850     -4.368513    
  2.754937     -4.368400    
  2.756676     -4.370007    
  2.756763     -4.370845    
  2.758474     -4.376373    
  2.758561     -4.376533    
  2.759027     -4.377910    
  2.759113     -4.378113    
  2.759911     -4.380559    
  2.759997     -4.380513    
  2.763464     -4.392970    
  2.763551     -4.392491    
  2.765400     -4.397661    
  2.765487     -4.398190    
  2.765755     -4.399095    
  2.765842     -4.399387    
  2.766689     -4.401927    
  2.766776     -4.401750    
  2.768842     -4.408780    
  2.768929     -4.409084    
  2.769216     -4.409933    
  2.769303     -4.410179    
  2.772541     -4.420244    
  2.772628     -4.420453    
  2.781421     -4.448097    
  2.781508     -4.448725    
  2.783749     -4.454901    
  2.783836     -4.454237    
  2.786316     -4.464104    
  2.786403     -4.463925    
  2.789343     -4.473317    
  2.789430     -4.473554    
  2.792049     -4.481765    
  2.792136     -4.482184    
  2.795957     -4.494117    
  2.796043     -4.494557    
  2.799021     -4.503984    
  2.799107     -4.505514    
  2.799738     -4.508036    
  2.799825     -4.497446    
  2.801475     -4.578285    
  2.801562     -4.518033    
  2.816430     -4.556663    
  2.816517     -4.559672    
  2.817018     -4.561509    
  2.817105     -4.561722    
  2.818570     -4.566137    
  2.818657     -4.565693    
  2.823371     -4.583365    
  2.823458     -4.582462    
  2.826003     -4.590744    
  2.826090     -4.591251    
  2.829613     -4.601680    
  2.829700     -4.601547    
  2.832995     -4.615357    
  2.833082     -4.613732    
  2.835804     -4.622569    
  2.835890     -4.622541    
  2.836249     -4.623362    
  2.836336     -4.623654    
  2.836442     -4.624024    
  2.836529     -4.626967    
  2.841429     -4.641290    
  2.841516     -4.642116    
  2.844722     -4.651391    
  2.844809     -4.651107    
  2.845614     -4.653562    
  2.845701     -4.653844    
  2.845992     -4.655008    
  2.846079     -4.655414    
  2.846320     -4.656399    
  2.846407     -4.657333    
  2.851273     -4.673718    
  2.851359     -4.673192    
  2.851605     -4.673657    
  2.851692     -4.670452    
  2.852906     -4.687489    
  2.852993     -4.703777    
  2.853657     -4.692387    
  2.853730     -4.687078    
  2.853816     -4.681829    
  2.856721     -4.718656    
  2.856808     -4.692184    
  2.861695     -4.705808    
  2.861782     -4.705825    
  2.863190     -4.710822    
  2.863277     -4.710712    
  2.864011     -4.714143    
  2.864097     -4.715521    
  2.864172     -4.716234    
  2.864259     -4.716254    
  2.866955     -4.721865    
  2.867042     -4.722953    
  2.872704     -4.741526    
  2.872791     -4.729557    
  2.877117     -4.800575    
  2.877204     -4.759728    
  2.880603     -4.766736    
  2.880690     -4.768398    
  2.882313     -4.774775    
  2.882400     -4.775526    
  2.882670     -4.784479    
  2.882757     -4.808585    
  2.886654     -4.778847    
  2.886684     -4.789615    
  2.886741     -4.790071    
  2.886771     -4.791262    
  2.887555     -4.795889    
  2.887642     -4.789031    
  2.893704     -4.818648    
  2.893791     -4.818292    
  2.894071     -4.814711    
  2.894157     -4.813193    
  2.895095     -4.813993    
  2.895182     -4.815093    
  2.895490     -4.817850    
  2.895577     -4.819920    
  2.896767     -4.822791    
  2.896854     -4.828522    
  2.897787     -4.830333    
  2.897874     -4.827637    
  2.899209     -4.828067    
  2.899296     -4.828415    
  2.901336     -4.835866    
  2.901423     -4.835574    
  2.905548     -4.848649    
  2.905635     -4.849595    
  2.908098     -4.857630    
  2.908185     -4.857964    
  2.908477     -4.858871    
  2.908564     -4.858518    
  2.916527     -4.885245    
  2.916614     -4.885794    
  2.916785     -4.886405    
  2.916872     -4.886712    
  2.917171     -4.887107    
  2.917258     -4.885134    
  2.921759     -4.904228    
  2.921845     -4.903888    
  2.925029     -4.913342    
  2.925116     -4.914039    
  2.925683     -4.915901    
  2.925770     -4.916198    
  2.925849     -4.916458    
  2.925936     -4.916746    
  2.926028     -4.917078    
  2.927554     -4.922244    
  2.927641     -4.922448    
  2.927672     -4.922545    
  2.927759     -4.922826    
  2.927951     -4.923469    
  2.928037     -4.923752    
  2.928671     -4.925945    
  2.928758     -4.926274    
  2.929127     -4.927515    
  2.929213     -4.927772    
  2.929524     -4.928662    
  2.929611     -4.928913    
  2.929967     -4.929905    
  2.930054     -4.930117    
  2.930245     -4.930614    
  2.930332     -4.930889    
  2.930604     -4.931798    
  2.930644     -4.931943    
  2.930691     -4.932116    
  2.930731     -4.932259    
  2.930956     -4.933118    
  2.931043     -4.935777    
  2.932654     -4.929949    
  2.932741     -4.930653    
  2.933595     -4.939257    
  2.933682     -4.939027    
  2.934646     -4.945054    
  2.934733     -4.945544    
  2.934790     -4.945827    
  2.934877     -4.946205    
  2.935353     -4.948233    
  2.935439     -4.949347    
  2.936807     -4.953307    
  2.936894     -4.953820    
  2.937517     -4.955428    
  2.937604     -4.952988    
  2.942728     -4.971417    
  2.942815     -4.970798    
  2.943758     -4.975742    
  2.943845     -4.975854    
  2.943894     -4.976048    
  2.943981     -4.976545    
  2.945266     -4.981045    
  2.945353     -4.981188    
  2.946273     -4.984570    
  2.946360     -4.984670    
  2.946687     -4.985517    
  2.946746     -4.985657    
  2.946774     -4.985726    
  2.946833     -4.985920    
  2.950770     -4.999601    
  2.950857     -4.999819    
  2.951287     -5.001214    
  2.951374     -5.001481    
  2.951710     -5.002735    
  2.951797     -5.003138    
  2.952602     -5.005650    
  2.952688     -5.006010    
  2.953750     -5.008570    
  2.953837     -5.008497    
  2.953990     -5.008880    
  2.954077     -5.009119    
  2.954361     -5.010185    
  2.954448     -5.010631    
  2.955030     -5.013133    
  2.955117     -5.013804    
  2.955739     -5.010502    
  2.955826     -5.009582    
  2.956162     -5.009236    
  2.956248     -5.009784    
  2.956346     -5.010468    
  2.956433     -5.011619    
  2.957599     -5.023229    
  2.957685     -5.022740    
  2.957790     -5.022933    
  2.958490     -5.024570    
  2.958577     -5.025027    
  2.958702     -5.025518    
  2.958789     -5.025891    
  2.959196     -5.027337    
  2.959269     -5.027508    
  2.959356     -5.027720    
  2.959520     -5.028010    
  2.959575     -5.028083    
  2.959607     -5.028128    
  2.959642     -5.028178    
  2.959678     -5.028230    
  2.959729     -5.028316    
  2.959837     -5.028517    
  2.959916     -5.028697    
  2.960003     -5.028809    
  2.960694     -5.031831    
  2.960781     -5.032482    
  2.961122     -5.033993    
  2.961209     -4.990184    
  2.965318     -5.019344    
  2.965405     -5.048869    
  2.973340     -5.019300    
  2.973427     -5.056048    
  2.975729     -5.009581    
  2.975815     -5.006134    
  2.976171     -5.042726    
  2.976258     -5.032732    
  2.981363     -5.044537    
  2.981450     -5.018383    
  2.982423     -5.021785    
  2.982509     -5.022236    
  2.982872     -5.025245    
  2.982959     -5.045172    
  3.005749     -5.103297    
  3.005836     -5.101443    
  3.008346     -5.112124    
  3.008392     -5.112337    
  3.008433     -5.112538    
  3.008479     -5.183307    
  3.022969     -5.144992    
  3.023055     -5.164047    
  3.024662     -5.170613    
  3.024749     -5.169930    
  3.026972     -5.178309    
  3.027058     -5.178741    
  3.028439     -5.184098    
  3.028526     -5.188306    
  3.041713     -5.226718    
  3.041799     -5.237034    
  3.044019     -5.235118    
  3.044106     -5.238556    
  3.046417     -5.246363    
  3.046504     -5.247009    
  3.047266     -5.249734    
  3.047353     -5.251720    
  3.053134     -5.273887    
  3.053221     -5.274488    
  3.056619     -5.280454    
  3.056706     -5.283094    
  3.057754     -5.287328    
  3.057841     -5.292010    
  3.072777     -5.341515    
  3.072864     -5.337172    
  3.074515     -5.361084    
  3.074602     -5.349225    
  3.082910     -5.375618    
  3.082997     -5.369916    
  3.085748     -5.424503    
  3.085835     -5.376602    
  3.088154     -5.198802    
  3.088240     -5.277511    
  3.089212     -5.360054    
  3.089299     -5.369403    
  3.092941     -5.416253    
  3.093028     -5.406716    
  3.093244     -5.426723    
  3.093331     -5.671422    
  3.093732    -100.00000    
  3.093819    -100.00000    
  3.096179     -5.289024    
  3.096266     -5.278889    
  3.099391     -5.442810    
  3.099477     -5.428644    
  3.110593     -5.479205    
  3.110679     -5.475975    
  3.114687     -5.490973    
  3.114774     -5.491419    
  3.115819     -5.495396    
  3.115905     -5.495371    
  3.116258     -5.496400    
  3.116344     -5.496704    
  3.116978     -5.499033    
  3.117065     -5.499060    
  3.118889     -5.505687    
  3.118976     -5.505845    
  3.124616     -5.526301    
  3.124703     -5.526637    
  3.125997     -5.531294    
  3.126084     -5.531527    
  3.126554     -5.538437    
  3.126641     -5.540765    
  3.126962     -5.543427    
  3.127049     -5.541814    
  3.127687     -5.537569    
  3.127774     -5.537828    
  3.129225     -5.542806    
  3.129312     -5.543679    
  3.132800     -5.555913    
  3.132887     -5.556218    
  3.135587     -5.566000    
  3.135674     -5.566111    
  3.138745     -5.577607    
  3.138832     -5.580133    
  3.139047     -5.584509    
  3.139134     -5.588005    
  3.141109     -5.583857    
  3.141196     -5.586025    
  3.143577     -5.594951    
  3.143664     -5.595201    
  3.144101     -5.596586    
  3.144188     -5.596804    
  3.144945     -5.599348    
  3.145031     -5.599680    
  3.146758     -5.606785    
  3.146845     -5.608117    
  3.146888     -5.608559    
  3.146975     -5.610854    
  3.147795     -5.612420    
  3.147882     -5.611230    
  3.148717     -5.613285    
  3.148804     -5.613659    
  3.149747     -5.617136    
  3.149834     -5.617493    
  3.150628     -5.620393    
  3.150714     -5.620664    
  3.151276     -5.622573    
  3.151363     -5.622871    
  3.152544     -5.627353    
  3.152631     -5.627649    
  3.152935     -5.628716    
  3.153022     -5.629019    
  3.153068     -5.629180    
  3.153155     -5.629482    
  3.153381     -5.630260    
  3.153434     -5.630445    
  3.153468     -5.630563    
  3.153521     -5.630664    
  3.155016     -5.636221    
  3.155103     -5.636483    
  3.159418     -5.652172    
  3.159505     -5.652546    
  3.159758     -5.653463    
  3.159845     -5.653735    
  3.164009     -5.668783    
  3.164096     -5.669149    
  3.164633     -5.671094    
  3.164720     -5.671410    
  3.164846     -5.671875    
  3.164933     -5.672215    
  3.165979     -5.675923    
  3.166066     -5.676213    
  3.171670     -5.696639    
  3.171756     -5.696944    
  3.173578     -5.703512    
  3.173665     -5.703826    
  3.174167     -5.705751    
  3.174254     -5.705777    
  3.179466     -5.724363    
  3.179553     -5.725202    
  3.180463     -5.728510    
  3.180550     -5.728805    
  3.181675     -5.733019    
  3.181761     -5.733482    
  3.184969     -5.744493    
  3.185055     -5.743455    
  3.187464     -5.753240    
  3.187494     -5.753554    
  3.187551     -5.753764    
  3.187581     -5.753912    
  3.188338     -5.756305    
  3.188425     -5.756701    
  3.189356     -5.759746    
  3.189443     -5.759703    
  3.190962     -5.768217    
  3.191049     -5.768100    
  3.191119     -5.768327    
  3.191206     -5.768519    
  3.192224     -5.775022    
  3.192311     -5.773025    
  3.194885     -5.780305    
  3.194972     -5.781310    
  3.196916     -5.788538    
  3.197003     -5.788778    
  3.203163     -5.811331    
  3.203249     -5.811622    
  3.204661     -5.816665    
  3.204747     -5.817041    
  3.207365     -5.826608    
  3.207452     -5.827246    
  3.209135     -5.831431    
  3.209222     -5.832308    
  3.209715     -5.834920    
  3.209802     -6.105773    
  3.217531     -5.523756    
  3.217618     -5.385622    
  3.217704     -5.395046    
  3.217791     -5.408758    
  3.218329     -5.513833    
  3.218415     -5.742532    
  3.233361     -5.990817    
  3.233448     -5.922140    
  3.243111     -5.957497    
  3.243198     -5.957733    
  3.251238     -5.987287    
  3.251325     -5.987607    
  3.261641     -6.025688    
  3.261728     -6.025950    
  3.263462     -6.032506    
  3.263549     -6.032775    
  3.271269     -6.061185    
  3.271355     -6.061089    
  3.271415     -6.061206    
  3.271502     -6.059680    
  3.273253     -6.064177    
  3.273340     -6.068433    
  3.276754     -6.081549    
  3.276841     -6.081869    
  3.279706     -6.092251    
  3.279793     -6.092733    
  3.281662     -6.099518    
  3.281749     -6.099982    
  3.283538     -6.106461    
  3.283625     -6.106820    
  3.285833     -6.115011    
  3.285920     -6.115371    
  3.289028     -6.126851    
  3.289115     -6.127115    
  3.291415     -6.135591    
  3.291501     -6.136021    
  3.292656     -6.140339    
  3.292743     -6.140560    
  3.294670     -6.147752    
  3.294757     -6.148024    
  3.295898     -6.152258    
  3.295985     -6.152637    
  3.296762     -6.155492    
  3.296849     -6.155824    
  3.299441     -6.165304    
  3.299528     -6.165771    
  3.301132     -6.171622    
  3.301219     -6.171981    
  3.305074     -6.186300    
  3.305161     -6.186654    
  3.305985     -6.189649    
  3.306072     -6.189987    
  3.306887     -6.193105    
  3.306974     -6.193218    
  3.309364     -6.202207    
  3.309451     -6.202541    
  3.309833     -6.203920    
  3.309920     -6.204218    
  3.310624     -6.206873    
  3.310710     -6.207206    
  3.310978     -6.208232    
  3.311065     -6.208571    
  3.311327     -6.209561    
  3.311414     -6.209887    
  3.311825     -6.211390    
  3.311912     -6.211675    
  3.312012     -6.211965    
  3.312099     -6.202614    
  3.333122     -6.287136    
  3.333209     -6.283299    
  3.343376     -6.322156    
  3.343463     -6.316722    
  3.351164     -6.346665    
  3.351250     -6.339797    
  3.351681     -6.340847    
  3.351768     -6.351666    
  3.363548     -6.384861    
  3.363635     -6.412493    
  3.367434     -6.402128    
  3.367521     -6.399192    
  3.377612     -6.438769    
  3.377699     -6.435584    
  3.379159     -6.451010    
  3.379246     -6.505185    
  3.382086     -6.431046    
  3.382173     -6.451069    
  3.385882     -6.470073    
  3.385969     -6.469493    
  3.389771     -6.483365    
  3.389858     -6.483733    
  3.395039     -6.502933    
  3.395125     -6.503506    
  3.400648     -6.523179    
  3.400735     -6.521613    
  3.400855     -6.522162    
  3.400942     -6.566730    
  3.403535     -6.526562    
  3.403595     -6.520985    
  3.403622     -6.521560    
  3.403681     -6.523115    
  3.404126     -6.528720    
  3.404213     -6.533982    
  3.414942     -6.578153    
  3.415029     -6.577221    
  3.419275     -6.592871    
  3.419361     -6.593269    
  3.421764     -6.602188    
  3.421851     -6.602504    
  3.426245     -6.618905    
  3.426332     -6.619227    
  3.434923     -6.651075    
  3.435010     -6.653406    
  3.442825     -6.661293    
  3.442912     -6.678299    
  3.444934     -6.687997    
  3.445021     -6.688293    
  3.449934     -6.707262    
  3.450021     -6.707567    
  3.466667     -6.769721    
  3.466754     -6.769958    
  3.467592     -6.773214    
  3.467679     -6.773455    
  3.468746     -6.777398    
  3.468833     -6.777848    
  3.469843     -6.781647    
  3.469930     -6.781808    
  3.472928     -6.793141    
  3.473015     -6.795263    
  3.480890     -6.812703    
  3.480977     -6.822864    
  3.485957     -6.842016    
  3.486044     -6.842288    
  3.486320     -6.843255    
  3.486406     -6.843617    
  3.494277     -6.873121    
  3.494364     -6.873490    
  3.503878     -6.909132    
  3.503965     -6.911477    
  3.505952     -6.911478    
  3.506039     -6.899196    
  3.506892     -6.851760    
  3.506979     -6.807719    
  3.515804     -6.990318    
  3.515836     -6.953187    
  3.515891     -6.953419    
  3.515923     -6.954238    
  3.534135     -7.023110    
  3.534222     -7.023210    
  3.535311     -7.027422    
  3.535397     -7.027337    
  3.539346     -7.042535    
  3.539433     -7.042910    
  3.543849     -7.059482    
  3.543936     -7.059900    
  3.544500     -7.061954    
  3.544586     -7.062334    
  3.545154     -7.064045    
  3.545241     -7.064175    
  3.552154     -7.091078    
  3.552241     -7.091005    
  3.553235     -7.095040    
  3.553322     -7.095256    
  3.555627     -7.103896    
  3.555714     -7.104275    
  3.557696     -7.111661    
  3.557783     -7.112108    
  3.558846     -7.116109    
  3.558933     -7.116380    
  3.559110     -7.117001    
  3.559197     -7.117227    
  3.560994     -7.124309    
  3.561019     -7.124345    
  3.561080     -7.124560    
  3.561106     -7.124652    
  3.561368     -7.125557    
  3.561455     -7.125851    
  3.561702     -7.126720    
  3.561789     -7.127052    
  3.561899     -7.127468    
  3.561986     -7.130261    
  3.565681     -7.130845    
  3.565768     -7.131876    
  3.568654     -7.147403    
  3.568741     -7.147439    
  3.572245     -7.160607    
  3.572332     -7.165424    
  3.628600     -7.370661    
  3.628687     -7.364269    
  3.631423     -7.378726    
  3.631510     -7.378813    
  3.632293     -7.381679    
  3.632379     -7.381879    
  3.634321     -7.389017    
  3.634408     -7.395779    
  3.644191     -7.426308    
  3.644278     -7.426537    
  3.656741     -7.471994    
  3.656828     -7.486210    
  3.663615     -7.491682    
  3.663702     -7.490745    
  3.670110     -7.521385    
  3.670197     -7.676648    
  3.673498     -6.968503    
  3.673585     -7.261293    
  3.687730     -7.793518    
  3.687817     -7.588880    
  3.688052     -7.607421    
  3.688139     -7.627512    
  3.688708     -7.677917    
  3.688795     -7.663749    
  3.688862     -7.658795    
  3.688948     -7.572942    
  3.691459     -7.574332    
  3.691546     -7.597805    
  3.695795     -7.608747    
  3.695882     -7.618104    
  3.713236     -7.683342    
  3.713322     -7.683365    
  3.719779     -7.707346    
  3.719866     -7.707681    
  3.725984     -7.730262    
  3.726070     -7.730717    
  3.733043     -7.756556    
  3.733130     -7.756325    
  3.740126     -7.763075    
  3.740213     -7.781255    
  3.740628     -7.783301    
  3.740715     -7.784458    
  3.751777     -7.826243    
  3.751863     -7.826284    
  3.753187     -7.831346    
  3.753274     -7.831565    
  3.753882     -7.833628    
  3.753969     -7.833972    
  3.754658     -7.836540    
  3.754745     -7.836913    
  3.755217     -7.838764    
  3.755304     -7.839073    
  3.755522     -7.839876    
  3.755609     -7.840209    
  3.755717     -7.840612    
  3.755803     -7.839688    
  3.793452     -7.979869    
  3.793539     -7.978517    
  3.804079     -8.017860    
  3.804166     -8.016476    
  3.806615     -8.026416    
  3.806702     -8.083680    
  3.821564     -7.957973    
  3.821651     -8.061541    
  3.838150     -8.150397    
  3.838237     -8.152342    
  3.842793     -8.152373    
  3.842880     -8.158281    
  3.865757     -8.242217    
  3.865844     -8.242633    
  3.866035     -8.243327    
  3.866122     -8.243521    
  3.871179     -8.262002    
  3.871266     -8.263200    
  3.892235     -8.336081    
  3.892321     -8.338501    
  3.894387     -8.346060    
  3.894474     -8.346512    
  3.895132     -8.348923    
  3.895219     -8.348981    
  3.898660     -8.361665    
  3.898747     -8.361506    
  3.900415     -8.368022    
  3.900502     -8.368379    
  3.902270     -8.374517    
  3.902356     -8.374742    
  3.904208     -8.381737    
  3.904295     -8.382098    
  3.905964     -8.387639    
  3.906051     -8.387879    
  3.906858     -8.391270    
  3.906945     -8.391932    
  3.908342     -8.396511    
  3.908429     -8.396769    
  3.913068     -8.413571    
  3.913155     -8.413920    
  3.913186     -8.414038    
  3.913273     -8.414365    
  3.913769     -8.416323    
  3.913856     -8.416666    
  3.913885     -8.416774    
  3.913972     -8.417108    
  3.914081     -8.417496    
  3.914168     -8.416754    
  3.916915     -8.428650    
  3.917002     -8.427733    
  3.968835     -8.613567    
  3.968922     -8.607116    
  3.983439     -8.660298    
  3.983526     -8.661605    
  3.993238     -8.702556    
  3.993325     -8.617925    
  4.025832     -8.747411    
  4.025919     -8.816948    
  4.034774     -8.847978    
  4.034860     -8.848230    
  4.038365     -8.860790    
  4.038452     -8.858005    
  4.047778     -8.883696    
  4.047808     -8.890028    
  4.047865     -8.890503    
  4.047895     -8.906834    
  4.073362     -8.947760    
  4.073449     -8.984764    
  4.128589     -9.169711    
  4.128676     -9.174446    
  4.150175     -9.247398    
  4.150262     -9.249581    
  4.155926     -9.270539    
  4.156013     -9.267694    
  4.161727     -9.282999    
  4.161814     -9.285764    
  4.163762     -9.297213    
  4.163849     -9.296790    
  4.163959     -9.297156    
  4.164046     -9.296197    
  4.251427     -9.592405    
  4.251514     -9.594987    
  4.266067     -9.635408    
  4.266154     -9.537256    
  4.339907     -9.945353    
  4.339994     -9.864732    
  4.353233     -9.931633    
  4.353320     -9.929181    
  4.356074     -9.939845    
  4.356161     -9.934991    
  4.357582     -9.939945    
  4.357669     -9.942813    
  4.357779     -9.943359    
  4.357865     -9.945686    
  4.440368     -10.20281    
  4.440455     -10.20690    
  4.512937     -10.40424    
  4.513024     -10.43868    
  4.514610     -10.44504    
  4.514697     -10.44375    
  4.515945     -10.44822    
  4.516032     -10.44873    
  4.516141     -10.44896    
  4.516228     -10.44679    
  4.585469     -10.65529    
  4.585556     -10.65101    
  4.648489     -10.83906    
  4.648576     -10.85069    
  4.649548     -10.85478    
  4.649635     -10.85592    
  4.649838     -10.85701    
  4.649925     -10.85739    
  4.650035     -10.85786    
  4.650122     -10.84100    
  4.709765     -11.01439    
  4.709852     -11.03002    
  4.765753     -11.18311    
  4.765822     -11.19866    
  4.765844     -11.19871    
  4.765909     -11.19884    
  4.765931     -11.19887    
  4.766019     -11.19901    
  4.766106     -11.19201    
  4.818480     -11.35068    
  4.818567     -11.34588    
  4.868094     -11.46621    
  4.868127     -11.49324    
  4.868152     -11.49339    
  4.868181     -11.49356    
  4.868214     -11.49376    
  4.868239     -11.49391    
  4.868324     -11.49437    
  4.868411     -11.45115    
  4.915089     -11.63685    
  4.915176     -11.62716    
  4.959449     -11.74729    
  4.959536     -11.74925    
  4.959642     -11.74814    
  4.959667     -11.74813    
  4.959729     -11.74857    
  4.959754     -11.74895    
  4.959839     -11.74941    
  4.959925     -11.74804    
  5.002021     -11.82903    
  5.002108     -11.86975    
  5.041986     -11.97959    
  5.042072     -11.98414    
  5.042428     -11.98353    
  5.042455     -11.98347    
  5.042515     -11.98336    
  5.042541     -11.98332    
  5.042624     -11.98318    
  5.042711     -11.97595    
  5.081038     -12.08623    
  5.081125     -12.07212    
  5.117569     -12.18304    
  5.117655     -12.19088    
  5.118005     -12.19003    
  5.118030     -12.18499    
  5.118092     -12.17707    
  5.118117     -12.17720    
  5.118201     -12.18565    
  5.118288     -12.13519    
  5.153462     -12.30791    
  5.153549     -12.28678    
  5.187204     -12.38151    
  5.187290     -12.37839    
  5.187529     -12.37824    
  5.187558     -12.37829    
  5.187616     -12.37837    
  5.187645     -12.37842    
  5.187725     -12.37857    
  5.187812     -12.38051    
  5.251180     -12.53275    
  5.251266     -12.56150    
  5.251931     -12.56185    
  5.252018     -12.56114    
  5.252095     -12.56082    
  5.252182     -12.55501    
  5.311750     -12.71249    
  5.311837     -12.71934    
  5.311944     -12.72027    
  5.312021     -12.72113    
  5.312108     -12.72113    
  5.368079     -12.85792    
  5.368165     -12.87197    
  5.420737     -13.01403    
  5.420823     -13.01104    
  5.470384     -13.13340    
  5.470471     -13.14674    
  5.517346     -13.27622    
  5.517433     -13.27475    
  5.561899     -13.39659    
  5.561985     -13.39904    
  5.604277     -13.50980    
  5.604364     -13.51602    
  5.644684     -13.62464    
  5.644771     -13.61937    
  6.103027     -14.86084    
  6.321002     -15.46688    
  6.573673     -16.15614    
  6.848341     -16.90426    
  7.135565     -17.68729    
  7.429524     -18.49501    
  7.726975     -19.32242    
  8.026204     -20.17494    
  8.326331     -21.07087    
  8.626909     -22.05824    
  8.927713    -100.00000    
