 0.6989700    -100.00000    
 0.7331214    -100.00000    
 0.7647820    -100.00000    
 0.7942904    -100.00000    
 0.8219208     -79.63376    
 0.8220077     -79.34941    
 0.8256567     -78.58803    
 0.8257436    -100.00000    
 0.8647793    -100.00000    
 0.9005939    -100.00000    
 0.9336786    -100.00000    
 0.9644204    -100.00000    
 0.9931293    -100.00000    
  1.020057    -100.00000    
  1.045413    -100.00000    
  1.069370    -100.00000    
  1.092073    -100.00000    
  1.113649    -100.00000    
  1.153828     -23.36894    
  1.190604     -22.66603    
  1.224506     -23.05488    
  1.224593    -100.00000    
  1.258242     -16.41224    
  1.258328     -16.81599    
  1.281053     -16.18130    
  1.281140    -100.00000    
  1.305129     -20.67607    
  1.305216    -100.00000    
  1.326885     -27.17148    
  1.326972     -15.47028    
  1.346664     -15.72728    
  1.346750     -20.96581    
  1.351328    -100.00000    
  1.351414    -100.00000    
  1.362515     -18.70232    
  1.362602     -17.64565    
  1.390867     -18.71146    
  1.390954     -16.56564    
  1.403133     -16.42701    
  1.403220    -100.00000    
  1.416604     -18.40010    
  1.416691     -18.23314    
  1.442990     -18.39060    
  1.443077    -100.00000    
  1.465932     -16.10257    
  1.466019    -100.00000    
  1.485843     -21.74178    
  1.485929    -100.00000    
  1.499940     -24.39666    
  1.500027     -24.63419    
  1.524019     -17.26541    
  1.546755    -100.00000    
  1.546842    -100.00000    
  1.576102     -28.20861    
  1.576189    -100.00000    
  1.604747     -20.30248    
  1.604834     -17.21494    
  1.629405    -100.00000    
  1.629492     -35.13417    
  1.655461    -100.00000    
  1.679965    -100.00000    
  1.703160    -100.00000    
  1.725179    -100.00000    
  1.725266     -32.03889    
  1.731654     -31.40124    
  1.731741    -100.00000    
  1.762029    -100.00000    
  1.790341     -22.05223    
  1.790428     -20.75273    
  1.817058    -100.00000    
  1.842149     -23.83547    
  1.842236     -22.47700    
  1.843313     -23.59427    
  1.843400    -100.00000    
  1.861079     -22.20051    
  1.861166    -100.00000    
  1.861837     -21.96543    
  1.861924     -21.32610    
  1.874931     -21.79385    
  1.875018     -20.97105    
  1.914140     -22.16569    
  1.914227     -21.12269    
  1.921566     -21.19749    
  1.921653    -100.00000    
  1.926897     -21.24086    
  1.926984     -21.06391    
  1.953068    -100.00000    
  1.953155     -23.18425    
  1.971846     -22.76908    
  1.971933     -22.86661    
  1.992517     -22.44821    
  1.992604     -21.80951    
  1.993799     -21.24573    
  1.993886    -100.00000    
  1.994140     -21.94056    
  1.994226     -23.08318    
  1.996545     -23.38365    
  1.996632    -100.00000    
  1.998156     -22.71828    
  1.998243    -100.00000    
  2.000011     -22.56696    
  2.000098     -21.93570    
  2.005591    -100.00000    
  2.005678     -22.50368    
  2.007909    -100.00000    
  2.007996     -23.11917    
  2.009188    -100.00000    
  2.009275     -22.70449    
  2.036803     -23.01030    
  2.036890    -100.00000    
  2.061295     -22.27918    
  2.061382     -22.73029    
  2.077530     -21.38516    
  2.077617     -23.24609    
  2.095978     -20.49571    
  2.096065     -20.40754    
  2.097299     -20.34555    
  2.097386     -20.40623    
  2.102584     -20.16481    
  2.102671     -20.23066    
  2.103399     -20.13499    
  2.103486     -20.13790    
  2.105825     -20.02991    
  2.105912     -20.02380    
  2.106091     -20.01769    
  2.106178     -20.02822    
  2.111629     -19.77015    
  2.111716     -19.76616    
  2.119223     -19.42676    
  2.119310     -19.42083    
  2.124245     -19.23396    
  2.124332     -19.32393    
  2.137459     -18.66534    
  2.137546     -18.56419    
  2.138137     -18.60621    
  2.138224     -18.69365    
  2.138688     -18.56199    
  2.138775     -18.63848    
  2.149371     -18.14974    
  2.149458     -18.11136    
  2.150309     -18.12209    
  2.150396     -18.07843    
  2.150438     -18.09262    
  2.150525     -18.08417    
  2.156847     -17.82193    
  2.156934     -17.55055    
  2.168071     -17.29812    
  2.168158     -17.39790    
  2.177603     -16.96310    
  2.177690     -16.85560    
  2.191113     -16.48501    
  2.191200     -16.27791    
  2.197200     -16.07719    
  2.197287     -16.15096    
  2.203933     -16.04271    
  2.204020     -16.01383    
  2.204170     -15.95955    
  2.204257     -15.98316    
  2.204684     -15.95026    
  2.204771     -15.93842    
  2.211353     -15.73444    
  2.217836     -15.55362    
  2.217923     -15.53135    
  2.217949     -15.59689    
  2.218036     -15.72888    
  2.218819     -16.02274    
  2.218906     -15.92428    
  2.223758     -15.79926    
  2.223844     -15.78885    
  2.230357     -15.56518    
  2.236772     -15.34019    
  2.236859     -15.35094    
  2.239623     -15.23762    
  2.239710     -15.99481    
  2.244929     -15.76259    
  2.250086     -15.62802    
  2.250173     -16.19819    
  2.253696     -15.84029    
  2.253782     -15.85182    
  2.256807     -15.65717    
  2.259811     -14.91530    
  2.262794     -15.33873    
  2.265757     -15.34568    
  2.265844     -15.40398    
  2.267022     -15.38798    
  2.267109     -15.28876    
  2.270424     -16.02505    
  2.270511     -15.68520    
  2.273172     -15.69522    
  2.275818     -14.19874    
  2.275905     -14.57341    
  2.278993    -100.00000    
  2.279080     -15.14544    
  2.281448     -14.95562    
  2.283804     -15.35576    
  2.283891     -15.39057    
  2.286548     -15.33114    
  2.286635     -14.97889    
  2.286786     -15.05557    
  2.286873    -100.00000    
  2.289321     -14.02023    
  2.291755     -16.48440    
  2.294175     -14.91408    
  2.296582     -14.43599    
  2.298976     -14.71205    
  2.301356     -14.33098    
  2.303724     -14.02357    
  2.304903     -13.88019    
  2.306078     -14.13148    
  2.306165     -14.11998    
  2.308271     -15.22956    
  2.309320     -13.92177    
  2.310367    -100.00000    
  2.311411     -13.81899    
  2.312452     -14.26469    
  2.313491     -14.29346    
  2.314528     -14.60182    
  2.314614     -14.53676    
  2.315825     -14.54826    
  2.317033     -14.82445    
  2.318237     -13.91568    
  2.319437     -14.26367    
  2.320635     -14.36191    
  2.321829     -14.36736    
  2.323020     -14.18299    
  2.324207     -14.51729    
  2.324294     -14.34318    
  2.325800     -13.83071    
  2.325887     -14.04894    
  2.326813     -14.03896    
  2.327736     -14.17532    
  2.327823     -14.33296    
  2.328856     -14.52419    
  2.329886     -14.02207    
  2.330914     -14.14214    
  2.331939     -14.40315    
  2.332026     -14.15133    
  2.333111     -14.33019    
  2.334194     -14.34192    
  2.335274     -14.27725    
  2.336352     -14.26700    
  2.336439     -14.28047    
  2.337047     -14.20701    
  2.337655     -14.18747    
  2.338262     -14.07269    
  2.338868     -14.34017    
  2.339473     -14.17039    
  2.340077     -14.23768    
  2.340680     -14.18959    
  2.341283     -14.14002    
  2.341370     -14.12391    
  2.341472     -14.20185    
  2.342517     -14.07955    
  2.342604     -14.04356    
  2.343196     -13.99179    
  2.343786     -14.03284    
  2.343873     -13.91467    
  2.344850     -13.86241    
  2.345825     -13.78947    
  2.345912     -13.83661    
  2.346656     -13.62324    
  2.347399     -13.40794    
  2.348141     -13.33878    
  2.348882     -13.52671    
  2.348969     -13.90881    
  2.349884     -13.58223    
  2.349971     -13.69421    
  2.350040     -13.64377    
  2.350127     -13.58530    
  2.350953     -14.18679    
  2.351777     -13.99830    
  2.352600     -13.96340    
  2.353421     -13.93058    
  2.353508     -13.87588    
  2.353983     -13.81805    
  2.354070     -13.90731    
  2.354840     -13.79846    
  2.355610     -13.90535    
  2.356378     -13.42893    
  2.357144     -13.69245    
  2.357197     -13.71339    
  2.357231     -13.76379    
  2.357284     -13.82621    
  2.357504     -13.83959    
  2.357582    -100.00000    
  2.357669    -100.00000    
  2.357776     -10.64470    
  2.357863     -11.02884    
  2.360104    -100.00000    
  2.360190    -100.00000    
  2.373546     -6.090883    
  2.373632     -5.862565    
  2.378097    -100.00000    
  2.378184    -100.00000    
  2.381409     -5.965110    
  2.381496     -5.829376    
  2.384668     -4.961477    
  2.384755     -5.039195    
  2.387126    -100.00000    
  2.387213    -100.00000    
  2.397727     -5.102318    
  2.397814     -4.546604    
  2.403706     -4.483215    
  2.403793     -4.514886    
  2.405816     -4.412569    
  2.405903     -4.162697    
  2.409533     -5.696409    
  2.409619     -7.957458    
  2.409967     -6.571495    
  2.410054    -100.00000    
  2.411499     -4.847944    
  2.411586     -4.581487    
  2.413098     -3.952426    
  2.413185     -4.060338    
  2.417226     -4.949229    
  2.417313     -5.004196    
  2.417446     -4.992604    
  2.417533     -4.404604    
  2.429013     -4.534104    
  2.429100     -4.470261    
  2.429782     -4.591973    
  2.429869     -4.609986    
  2.429909     -4.615707    
  2.429996     -4.481536    
  2.433515     -4.478217    
  2.433602     -4.918927    
  2.434760     -4.659010    
  2.434847     -4.564796    
  2.438744     -4.095454    
  2.438831     -4.162137    
  2.441087     -4.286677    
  2.441174     -4.061375    
  2.442885     -4.149408    
  2.442972     -4.391973    
  2.446825    -100.00000    
  2.446912    -100.00000    
  2.449374     -4.556591    
  2.449460     -4.156194    
  2.454772     -4.840711    
  2.454858     -4.286593    
  2.457103     -4.666249    
  2.457190     -4.464354    
  2.462242     -4.402934    
  2.462329     -4.782469    
  2.465051     -5.523611    
  2.465138     -5.105431    
  2.466974     -4.852697    
  2.467061     -5.019167    
  2.469909     -5.238667    
  2.469996     -4.994788    
  2.471129     -4.858785    
  2.471216     -4.828049    
  2.471255     -4.819137    
  2.471342     -4.802425    
  2.471828     -4.794717    
  2.471915     -4.715353    
  2.473553     -4.714758    
  2.473639     -4.864865    
  2.473908     -4.932012    
  2.473994     -5.000401    
  2.475654     -4.516600    
  2.475741     -4.490366    
  2.476442     -4.247275    
  2.476529     -4.227533    
  2.476977     -4.149092    
  2.477064     -4.233281    
  2.479546     -4.792643    
  2.479633     -4.513896    
  2.483967     -5.432082    
  2.484054     -4.628246    
  2.484128     -4.594206    
  2.484215     -4.556419    
  2.484517     -4.456151    
  2.484604     -4.518455    
  2.487037     -4.200977    
  2.487124     -4.270696    
  2.491399     -4.609877    
  2.491486     -4.274786    
  2.493770     -4.371493    
  2.493799     -4.429106    
  2.493857     -4.451700    
  2.493886     -4.650586    
  2.496105     -5.118689    
  2.496192     -4.505595    
  2.497233     -4.249726    
  2.497320     -4.264958    
  2.497678     -4.237331    
  2.497765     -4.243549    
  2.498024     -4.299908    
  2.498111     -4.367531    
  2.501025     -4.334791    
  2.503920     -4.230144    
  2.504007     -4.197843    
  2.504069     -4.197716    
  2.504156     -4.237246    
  2.506191     -4.135987    
  2.506278     -4.128774    
  2.507046     -4.021885    
  2.507133     -3.913684    
  2.509451     -5.535854    
  2.511756     -3.941939    
  2.511843     -3.944677    
  2.512347     -3.827363    
  2.512434     -3.823972    
  2.514176     -3.970166    
  2.514263     -4.066021    
  2.515486     -4.043646    
  2.515573     -4.014740    
  2.515719     -4.037646    
  2.515805     -4.058719    
  2.515872     -4.071116    
  2.515959     -4.097550    
  2.516706     -3.948989    
  2.516793     -3.946466    
  2.516940     -3.932527    
  2.517027     -3.915840    
  2.517941     -3.899716    
  2.518028     -3.933300    
  2.519341     -3.931061    
  2.519428     -3.888413    
  2.521714     -4.121868    
  2.523988     -4.000332    
  2.526250     -4.600524    
  2.528500     -3.988037    
  2.528587     -4.029180    
  2.532731     -3.966847    
  2.532818     -3.932988    
  2.533833     -3.942390    
  2.533920     -3.917579    
  2.537178     -4.028201    
  2.540412     -4.152689    
  2.543622     -4.173373    
  2.546808     -3.983650    
  2.546895     -4.037580    
  2.547436     -4.043287    
  2.547523     -4.131393    
  2.551127     -4.188562    
  2.554701     -4.003232    
  2.554788     -4.011678    
  2.557290     -4.025216    
  2.559779     -4.145532    
  2.562253     -4.455992    
  2.564713     -4.556075    
  2.564799     -4.373437    
  2.568369     -3.991192    
  2.568456     -3.966517    
  2.571315     -4.034794    
  2.571402     -4.040403    
  2.571490     -4.037396    
  2.571576     -4.033096    
  2.572582     -4.137013    
  2.572668     -4.095414    
  2.573820     -4.460975    
  2.573907     -4.365587    
  2.576147     -4.140703    
  2.578375     -4.159121    
  2.580592     -4.271416    
  2.582797     -4.407917    
  2.582884     -4.242053    
  2.586758     -5.048548    
  2.590598     -4.376364    
  2.590685     -4.214183    
  2.593225     -4.186438    
  2.595750     -4.602293    
  2.595837     -4.398305    
  2.598386     -4.323913    
  2.600921     -4.040458    
  2.601008     -4.003477    
  2.603333     -4.223024    
  2.603420     -4.242347    
  2.604635     -4.250679    
  2.604722     -4.238967    
  2.606239     -4.181377    
  2.606324     -4.121238    
  2.606411     -4.060462    
  2.607057     -4.081993    
  2.607144     -4.142138    
  2.607239     -4.152242    
  2.607326     -4.149359    
  2.607391     -4.145351    
  2.607478     -4.137392    
  2.607654     -4.079383    
  2.607741     -4.019576    
  2.611049     -4.172862    
  2.614332     -4.022540    
  2.614419     -4.118283    
  2.617004     -3.961782    
  2.619574     -4.051695    
  2.619659     -4.070001    
  2.619746     -4.107582    
  2.620996     -4.304272    
  2.621082     -4.264512    
  2.621962     -4.283259    
  2.622049     -4.196478    
  2.623324     -4.069837    
  2.623411     -4.053947    
  2.624766     -4.139715    
  2.624853     -4.172488    
  2.627024     -4.096515    
  2.627110     -4.032736    
  2.630435     -4.115850    
  2.630522     -4.150424    
  2.632418     -4.064285    
  2.632505     -4.076287    
  2.633585     -4.005324    
  2.633672     -4.021524    
  2.634210     -3.999932    
  2.634297     -4.011119    
  2.636422     -4.012985    
  2.638537     -4.056859    
  2.640642     -4.013989    
  2.642737     -3.987748    
  2.642824     -3.970131    
  2.645913     -3.968008    
  2.646000     -3.980044    
  2.648513     -3.991051    
  2.648600     -4.006342    
  2.650102     -4.033609    
  2.650189     -4.030703    
  2.650581     -4.053351    
  2.650668     -4.077109    
  2.653884     -3.979237    
  2.653971     -3.989793    
  2.654508     -3.995986    
  2.654595     -3.992990    
  2.655848     -4.050655    
  2.655935     -4.028229    
  2.656856     -4.022284    
  2.656943     -4.068212    
  2.658483     -3.998818    
  2.658570     -3.994767    
  2.659789     -4.009949    
  2.659876     -4.012046    
  2.661632     -4.008263    
  2.661711     -4.018203    
  2.661798     -4.023802    
  2.662214     -4.030139    
  2.662301     -4.022130    
  2.662838     -4.038380    
  2.662925     -4.043748    
  2.663187     -4.040376    
  2.663274     -4.017766    
  2.665319     -4.001784    
  2.665405     -4.006480    
  2.666840     -4.004060    
  2.668270     -4.054012    
  2.668357     -4.014802    
  2.670100     -3.992315    
  2.670187     -4.002827    
  2.670742     -4.008727    
  2.670829     -4.009773    
  2.672470     -4.017074    
  2.674106     -4.008463    
  2.674193     -4.011119    
  2.675152     -4.019385    
  2.675239     -4.018576    
  2.675371     -4.019149    
  2.675458     -4.019515    
  2.676824     -4.027510    
  2.676911     -4.025417    
  2.677751     -4.027049    
  2.677838     -4.027928    
  2.679282     -4.030969    
  2.680721     -4.033157    
  2.682155     -4.035577    
  2.683585     -4.037032    
  2.683672     -4.037190    
  2.684480     -4.038324    
  2.684566     -4.038320    
  2.685714     -4.040112    
  2.685801     -4.039528    
  2.685988     -4.039520    
  2.686075     -4.039445    
  2.686520     -4.039729    
  2.686607     -4.042329    
  2.687327     -4.047370    
  2.688046     -4.042835    
  2.688133     -4.041997    
  2.688542     -4.049521    
  2.688599     -4.053314    
  2.688629     -4.054323    
  2.688686     -4.057327    
  2.689808     -4.040495    
  2.690927     -4.045071    
  2.691014     -4.036323    
  2.691670     -4.044091    
  2.692326     -4.039932    
  2.692981     -4.040898    
  2.693635     -4.043851    
  2.693722     -4.044841    
  2.694340     -4.048250    
  2.694958     -4.050691    
  2.695575     -4.051703    
  2.696192     -4.051455    
  2.696807     -4.079697    
  2.697422     -4.077189    
  2.698035     -4.061168    
  2.698648     -4.057206    
  2.698717     -4.057777    
  2.698803     -4.057806    
  2.699142     -4.058245    
  2.699229     -4.058269    
  2.700077     -4.059543    
  2.700500     -4.060805    
  2.700923     -4.061529    
  2.701345     -4.061962    
  2.701767     -4.062160    
  2.702189     -4.062638    
  2.702610     -4.063208    
  2.702697     -4.030390    
  2.706323     -4.170032    
  2.706410     -4.130315    
  2.707308     -4.057088    
  2.707395     -4.084719    
  2.708280     -4.085854    
  2.708352     -4.057238    
  2.708438     -4.052151    
  2.709271     -4.040843    
  2.709358     -4.046298    
  2.712230     -4.099888    
  2.712317     -4.078912    
  2.715874     -4.086079    
  2.715961     -4.081745    
  2.716395     -4.081651    
  2.716481     -4.081874    
  2.716568     -4.076807    
  2.721359     -4.109388    
  2.721446     -4.103713    
  2.724957     -4.092554    
  2.725044     -4.090812    
  2.725129     -4.091082    
  2.725216     -4.092499    
  2.727523     -4.091329    
  2.727610     -4.094674    
  2.728146     -4.098015    
  2.728233     -4.098269    
  2.728368     -4.098825    
  2.728455     -4.099152    
  2.728556     -4.099529    
  2.728643     -4.109431    
  2.735898     -4.111621    
  2.735985     -4.111535    
  2.736079     -4.111900    
  2.737059     -4.113361    
  2.737146     -4.113136    
  2.738167     -4.115922    
  2.738254     -4.117867    
  2.740490     -4.119881    
  2.740577     -4.120798    
  2.742815     -4.123934    
  2.742902     -4.034206    
  2.743703     -4.603613    
  2.743790     -4.365690    
  2.753428     -4.041913    
  2.753515     -4.140594    
  2.753850     -4.140941    
  2.753937     -4.141039    
  2.754509     -4.142343    
  2.754596     -4.142418    
  2.754850     -4.142650    
  2.754937     -4.141383    
  2.756676     -4.153624    
  2.756763     -4.168506    
  2.758474     -4.147331    
  2.758561     -4.149341    
  2.759027     -4.150187    
  2.759113     -4.151510    
  2.759911     -4.152639    
  2.759997     -4.150871    
  2.763464     -4.156540    
  2.763551     -4.157248    
  2.765400     -4.159371    
  2.765487     -4.158925    
  2.765755     -4.159188    
  2.765842     -4.142013    
  2.766689     -4.216320    
  2.766776     -4.211293    
  2.768842     -4.153983    
  2.768929     -4.203261    
  2.769216     -4.173813    
  2.769303     -4.159285    
  2.772541     -4.162591    
  2.772628     -4.170076    
  2.781421     -4.193428    
  2.781508     -4.175890    
  2.783749     -4.181690    
  2.783836     -4.225646    
  2.786316     -5.965136    
  2.786403     -4.260377    
  2.789343     -4.051938    
  2.789430     -4.152878    
  2.792049     -4.199337    
  2.792136     -4.195827    
  2.795957     -4.208600    
  2.796043     -4.207711    
  2.799021     -4.212879    
  2.799107     -4.182449    
  2.799738     -4.510336    
  2.799825     -4.903221    
  2.801475     -4.383667    
  2.801562     -4.198351    
  2.816430     -4.252169    
  2.816517     -4.241007    
  2.817018     -4.241933    
  2.817105     -4.242105    
  2.818570     -4.244952    
  2.818657     -4.244368    
  2.823371     -4.253047    
  2.823458     -4.253767    
  2.826003     -4.256703    
  2.826090     -4.256872    
  2.829613     -4.265413    
  2.829700     -4.262930    
  2.832995     -4.268829    
  2.833082     -4.272730    
  2.835804     -4.280387    
  2.835890     -4.249500    
  2.836249     -4.624427    
  2.836336     -4.690283    
  2.836442     -4.683694    
  2.836529     -4.485094    
  2.841429     -4.176746    
  2.841516     -4.268725    
  2.844722     -4.288553    
  2.844809     -4.286294    
  2.845614     -4.289080    
  2.845701     -4.289248    
  2.845992     -4.289562    
  2.846079     -4.289645    
  2.846320     -4.289981    
  2.846407     -4.367975    
  2.851273     -4.255835    
  2.851359     -4.272373    
  2.851605     -4.277364    
  2.851692     -4.280477    
  2.852906     -4.294700    
  2.852993     -4.294280    
  2.853657     -4.298767    
  2.853730     -4.299016    
  2.853816     -4.299212    
  2.856721     -4.327929    
  2.856808     -4.308890    
  2.861695     -4.316124    
  2.861782     -4.316421    
  2.863190     -4.319355    
  2.863277     -4.318742    
  2.864011     -4.319311    
  2.864097     -4.319570    
  2.864172     -4.319784    
  2.864259     -4.319817    
  2.866955     -4.326464    
  2.867042     -4.323472    
  2.872704     -4.334476    
  2.872791     -4.340516    
  2.877117     -4.362722    
  2.877204     -4.374112    
  2.880603     -4.342669    
  2.880690     -4.304644    
  2.882313     -4.534519    
  2.882400     -4.657591    
  2.882670     -4.669347    
  2.882757    -100.00000    
  2.886654     -4.288464    
  2.886684     -4.172705    
  2.886741     -4.174244    
  2.886771     -4.175877    
  2.887555     -4.213084    
  2.887642     -4.281562    
  2.893704     -4.421294    
  2.893791     -4.369459    
  2.894071     -4.369783    
  2.894157     -4.369848    
  2.895095     -4.370054    
  2.895182     -4.370398    
  2.895490     -4.370989    
  2.895577     -4.370707    
  2.896767     -4.374483    
  2.896854     -4.503957    
  2.897787    -100.00000    
  2.897874     -5.679746    
  2.899209     -4.495712    
  2.899296     -4.341968    
  2.901336     -4.259015    
  2.901423     -4.326692    
  2.905548     -4.395694    
  2.905635     -4.387544    
  2.908098     -4.395542    
  2.908185     -4.392485    
  2.908477     -4.392705    
  2.908564     -4.389590    
  2.916527     -4.414338    
  2.916614     -4.420453    
  2.916785     -4.422016    
  2.916872     -4.423582    
  2.917171     -4.430266    
  2.917258     -4.393752    
  2.921759     -4.466288    
  2.921845     -4.462687    
  2.925029     -4.378498    
  2.925116     -4.390714    
  2.925683     -4.392589    
  2.925770     -4.394688    
  2.925849     -4.395979    
  2.925936     -4.397541    
  2.926028     -4.401146    
  2.927554     -4.419020    
  2.927641     -4.418046    
  2.927672     -4.418265    
  2.927759     -4.418874    
  2.927951     -4.419985    
  2.928037     -4.420446    
  2.928671     -4.423085    
  2.928758     -4.423521    
  2.929127     -4.424863    
  2.929213     -4.424943    
  2.929524     -4.426520    
  2.929611     -4.427487    
  2.929967     -4.427695    
  2.930054     -4.426942    
  2.930245     -4.426261    
  2.930332     -4.426168    
  2.930604     -4.427600    
  2.930644     -4.428083    
  2.930691     -4.428521    
  2.930731     -4.428952    
  2.930956     -4.430600    
  2.931043     -4.431686    
  2.932654     -4.430130    
  2.932741     -4.430434    
  2.933595     -4.434687    
  2.933682     -4.435706    
  2.934646     -4.434131    
  2.934733     -4.434660    
  2.934790     -4.434715    
  2.934877     -4.434770    
  2.935353     -4.434856    
  2.935439     -4.433961    
  2.936807     -4.440596    
  2.936894     -4.443918    
  2.937517     -4.444806    
  2.937604     -4.440295    
  2.942728     -4.446258    
  2.942815     -4.446186    
  2.943758     -4.449679    
  2.943845     -4.449823    
  2.943894     -4.449978    
  2.943981     -4.450864    
  2.945266     -4.450774    
  2.945353     -4.450686    
  2.946273     -4.453768    
  2.946360     -4.454153    
  2.946687     -4.454625    
  2.946746     -4.454675    
  2.946774     -4.454710    
  2.946833     -4.454944    
  2.950770     -4.459421    
  2.950857     -4.460653    
  2.951287     -4.461628    
  2.951374     -4.461749    
  2.951710     -4.462547    
  2.951797     -4.462772    
  2.952602     -4.463303    
  2.952688     -4.463714    
  2.953750     -4.466039    
  2.953837     -4.466254    
  2.953990     -4.466852    
  2.954077     -4.467269    
  2.954361     -4.467769    
  2.954448     -4.467477    
  2.955030     -4.467308    
  2.955117     -4.467525    
  2.955739     -4.467828    
  2.955826     -4.467915    
  2.956162     -4.468570    
  2.956248     -4.468760    
  2.956346     -4.468928    
  2.956433     -4.469033    
  2.957599     -4.472322    
  2.957685     -4.472611    
  2.957790     -4.472830    
  2.958490     -4.473136    
  2.958577     -4.473130    
  2.958702     -4.473155    
  2.958789     -4.473236    
  2.959196     -4.473229    
  2.959269     -4.472973    
  2.959356     -4.472719    
  2.959520     -4.471983    
  2.959575     -4.471660    
  2.959607     -4.471481    
  2.959642     -4.471283    
  2.959678     -4.471095    
  2.959729     -4.470846    
  2.959837     -4.470154    
  2.959916     -4.469303    
  2.960003     -4.468482    
  2.960694     -4.454986    
  2.960781     -4.453372    
  2.961122     -4.447398    
  2.961209     -4.315389    
  2.965318     -4.587270    
  2.965405     -4.736730    
  2.973340     -4.286919    
  2.973427     -4.442840    
  2.975729     -4.341617    
  2.975815     -4.373925    
  2.976171     -4.427979    
  2.976258     -4.309788    
  2.981363     -4.681176    
  2.981450     -4.742734    
  2.982423     -4.465969    
  2.982509     -4.417397    
  2.982872     -4.340265    
  2.982959     -4.343687    
  2.994503     -4.429262    
  3.005749     -4.364028    
  3.005836     -4.394889    
  3.008346     -4.395218    
  3.008392     -4.392375    
  3.008433     -4.392933    
  3.008479     -4.470727    
  3.022969     -4.412484    
  3.023055     -4.426111    
  3.024662     -4.430413    
  3.024749     -4.431478    
  3.026972     -4.438380    
  3.027058     -4.437128    
  3.028439     -4.438033    
  3.028526     -4.479297    
  3.041713     -4.474036    
  3.041799     -4.473068    
  3.044019     -4.483012    
  3.044106     -4.482867    
  3.046417     -4.498405    
  3.046504     -4.500904    
  3.047266     -4.492432    
  3.047353     -4.495724    
  3.053134     -4.515798    
  3.053221     -4.553240    
  3.056619     -4.561872    
  3.056706     -4.617522    
  3.057754     -4.523107    
  3.057841     -4.521577    
  3.072777     -4.585501    
  3.072864     -4.568277    
  3.074515     -4.571763    
  3.074602     -4.583855    
  3.082910     -4.603984    
  3.082997     -4.525719    
  3.085748     -5.610344    
  3.085835     -4.607004    
  3.088154     -4.223548    
  3.088240     -4.378282    
  3.089212     -4.515738    
  3.089299     -4.575195    
  3.092941     -4.679485    
  3.093028     -4.632371    
  3.093244     -4.631257    
  3.093331     -4.803605    
  3.093732    -100.00000    
  3.093819    -100.00000    
  3.096179     -4.463523    
  3.096266     -4.417628    
  3.099391     -4.688398    
  3.099477     -4.678356    
  3.110593     -4.717760    
  3.110679     -4.704277    
  3.114687     -4.723185    
  3.114774     -4.755869    
  3.115819     -4.691813    
  3.115905     -4.703887    
  3.116258     -4.716186    
  3.116344     -4.723565    
  3.116978     -4.709248    
  3.117065     -4.699071    
  3.118889     -4.746282    
  3.118976     -4.708321    
  3.124616     -4.743912    
  3.124703     -4.731154    
  3.125997     -4.762203    
  3.126084     -4.758165    
  3.126554     -4.737752    
  3.126641     -4.734816    
  3.126962     -4.730728    
  3.127049     -4.729679    
  3.127687     -4.737746    
  3.127774     -4.756663    
  3.129225     -4.734649    
  3.129312     -4.731176    
  3.132800     -4.752759    
  3.132887     -4.742190    
  3.135587     -4.792924    
  3.135674     -4.756257    
  3.138745     -4.833059    
  3.138832     -5.013508    
  3.139047     -5.006048    
  3.139134     -4.915741    
  3.141109     -4.769859    
  3.141196     -4.771971    
  3.143577     -4.777127    
  3.143664     -4.776389    
  3.144101     -4.797514    
  3.144188     -4.814113    
  3.144945     -4.788169    
  3.145031     -4.866197    
  3.146758     -4.954281    
  3.146845     -4.948356    
  3.146888     -4.951724    
  3.146975     -4.976964    
  3.147795     -4.750494    
  3.147882     -4.775068    
  3.148717     -4.829024    
  3.148804     -4.884304    
  3.149747     -4.853214    
  3.149834     -4.838890    
  3.150628     -4.841853    
  3.150714     -4.837875    
  3.151276     -4.810018    
  3.151363     -4.774483    
  3.152544     -4.790134    
  3.152631     -4.814186    
  3.152935     -4.823746    
  3.153022     -4.823368    
  3.153068     -4.823019    
  3.153155     -4.820227    
  3.153381     -4.816398    
  3.153434     -4.818241    
  3.153468     -4.819062    
  3.153521     -4.827536    
  3.155016     -4.815399    
  3.155103     -4.852691    
  3.159418     -4.834157    
  3.159505     -4.829945    
  3.159758     -4.830865    
  3.159845     -4.842024    
  3.164009     -4.874362    
  3.164096     -4.850944    
  3.164633     -4.919202    
  3.164720     -4.901689    
  3.164846     -4.891755    
  3.164933     -4.877467    
  3.165979     -4.886589    
  3.166066     -4.859293    
  3.171670     -4.851392    
  3.171756     -4.862200    
  3.173578     -4.827014    
  3.173665     -4.838730    
  3.174167     -4.832299    
  3.174254     -4.836395    
  3.179466     -4.890244    
  3.179553     -4.883402    
  3.180463     -4.887100    
  3.180550     -4.888617    
  3.181675     -4.894136    
  3.181761     -4.894549    
  3.184969     -4.902088    
  3.185055     -4.906303    
  3.187464     -4.915521    
  3.187494     -4.914598    
  3.187551     -4.914445    
  3.187581     -4.913548    
  3.188338     -4.911722    
  3.188425     -4.921647    
  3.189356     -4.918320    
  3.189443     -5.439015    
  3.190962    -100.00000    
  3.191049     -6.146063    
  3.191119     -5.995854    
  3.191206     -5.995909    
  3.192224     -5.036935    
  3.192311     -4.821650    
  3.194885     -4.772634    
  3.194972     -4.854126    
  3.196916     -4.933577    
  3.197003     -4.929081    
  3.203163     -4.964341    
  3.203249     -4.960268    
  3.204661     -4.966703    
  3.204747     -4.966158    
  3.207365     -4.973689    
  3.207452     -4.975569    
  3.209135     -4.979557    
  3.209222     -4.978648    
  3.209715     -4.981484    
  3.209802     -5.455635    
  3.217531     -4.624216    
  3.217618     -4.369057    
  3.217704     -4.375084    
  3.217791     -4.380992    
  3.218329     -4.474768    
  3.218415     -4.782262    
  3.233361     -5.214287    
  3.233448     -5.158815    
  3.243111     -5.031119    
  3.243198     -5.094786    
  3.251238     -5.111588    
  3.251325     -5.113037    
  3.261641     -5.145108    
  3.261728     -5.145430    
  3.263462     -5.151256    
  3.263549     -5.150707    
  3.271269     -5.175540    
  3.271355     -5.176108    
  3.271415     -5.176206    
  3.271502     -5.176265    
  3.273253     -5.182022    
  3.273340     -5.182437    
  3.276754     -5.193458    
  3.276841     -5.193094    
  3.279706     -5.202546    
  3.279793     -5.203286    
  3.281662     -5.208749    
  3.281749     -5.209371    
  3.283538     -5.214928    
  3.283625     -5.215284    
  3.285833     -5.222469    
  3.285920     -5.222898    
  3.289028     -5.231681    
  3.289115     -5.231924    
  3.291415     -5.240366    
  3.291501     -5.240123    
  3.292656     -5.243381    
  3.292743     -5.244286    
  3.294670     -5.250170    
  3.294757     -5.250875    
  3.295898     -5.254524    
  3.295985     -5.254475    
  3.296762     -5.256824    
  3.296849     -5.257521    
  3.299441     -5.265457    
  3.299528     -5.266015    
  3.301132     -5.271158    
  3.301219     -5.271329    
  3.305074     -5.283663    
  3.305161     -5.283845    
  3.305985     -5.286783    
  3.306072     -5.287193    
  3.306887     -5.289218    
  3.306974     -5.289996    
  3.309364     -5.297960    
  3.309451     -5.297293    
  3.309833     -5.298639    
  3.309920     -5.299142    
  3.310624     -5.301349    
  3.310710     -5.301527    
  3.310978     -5.302174    
  3.311065     -5.302381    
  3.311327     -5.303139    
  3.311414     -5.303393    
  3.311825     -5.304746    
  3.311912     -5.305087    
  3.312012     -5.305478    
  3.312099     -5.290961    
  3.333122     -5.362067    
  3.333209     -5.361054    
  3.343376     -5.382678    
  3.343463     -5.386930    
  3.351164     -5.402482    
  3.351250     -5.404548    
  3.351681     -5.407473    
  3.351768     -5.413326    
  3.363548     -5.444993    
  3.363635     -5.490955    
  3.367434     -5.415132    
  3.367521     -5.455860    
  3.377612     -5.497281    
  3.377699     -5.483956    
  3.379159     -5.565633    
  3.379246     -5.492343    
  3.382086     -5.448663    
  3.382173     -5.502973    
  3.385882     -5.522690    
  3.385969     -5.523289    
  3.389771     -5.535693    
  3.389858     -5.536023    
  3.395039     -5.553147    
  3.395125     -5.551996    
  3.400648     -5.575235    
  3.400735     -5.608131    
  3.400855     -5.620182    
  3.400942     -5.644503    
  3.403535     -5.431953    
  3.403595     -5.501545    
  3.403622     -5.503284    
  3.403681     -5.507137    
  3.404126     -5.536677    
  3.404213     -5.570704    
  3.414942     -5.625788    
  3.415029     -5.620076    
  3.419275     -5.634343    
  3.419361     -5.634285    
  3.421764     -5.643430    
  3.421851     -5.643199    
  3.426245     -5.658215    
  3.426332     -5.658120    
  3.434923     -5.686343    
  3.435010     -5.677426    
  3.442825     -5.601157    
  3.442912     -5.703136    
  3.444934     -5.719445    
  3.445021     -5.719447    
  3.449934     -5.737381    
  3.450021     -5.737965    
  3.466667     -5.792267    
  3.466754     -5.793467    
  3.467592     -5.795632    
  3.467679     -5.797711    
  3.468746     -5.808041    
  3.468833     -5.800939    
  3.469843     -5.803730    
  3.469930     -5.804141    
  3.472928     -5.813885    
  3.473015     -5.814515    
  3.480890     -5.840682    
  3.480977     -5.841497    
  3.485957     -5.857766    
  3.486044     -5.858037    
  3.486320     -5.859131    
  3.486406     -5.860969    
  3.494277     -5.886019    
  3.494364     -5.885026    
  3.503878     -5.920660    
  3.503965     -5.920219    
  3.505952     -5.922272    
  3.506039     -6.028796    
  3.506892     -5.866059    
  3.506979     -5.625872    
  3.515804     -6.111930    
  3.515836     -5.957373    
  3.515891     -5.957530    
  3.515923     -5.958895    
  3.534135     -6.021601    
  3.534222     -6.019928    
  3.535311     -6.021606    
  3.535397     -6.024141    
  3.539346     -6.039216    
  3.539433     -6.027671    
  3.543849     -6.072743    
  3.543936     -6.021112    
  3.544500     -5.984795    
  3.544586     -5.998099    
  3.545154     -6.019096    
  3.545241     -6.042809    
  3.552154     -6.087575    
  3.552241     -6.082465    
  3.553235     -6.086363    
  3.553322     -6.086478    
  3.555627     -6.094034    
  3.555714     -6.094296    
  3.557696     -6.100937    
  3.557783     -6.101174    
  3.558846     -6.105904    
  3.558933     -6.105713    
  3.559110     -6.106007    
  3.559197     -6.105987    
  3.560994     -6.112514    
  3.561019     -6.112038    
  3.561080     -6.112158    
  3.561106     -6.112191    
  3.561368     -6.113011    
  3.561455     -6.113353    
  3.561702     -6.114292    
  3.561789     -6.114615    
  3.561899     -6.115029    
  3.561986     -6.117018    
  3.565681     -6.116854    
  3.565768     -6.119887    
  3.568654     -6.136300    
  3.568741     -6.135794    
  3.572245     -6.145855    
  3.572332     -6.146007    
  3.628600     -6.319393    
  3.628687     -6.327710    
  3.631423     -6.347322    
  3.631510     -6.346147    
  3.632293     -6.349084    
  3.632379     -6.349345    
  3.634321     -6.355689    
  3.634408     -6.356029    
  3.644191     -6.345536    
  3.644278     -6.388767    
  3.656741     -6.427689    
  3.656828     -6.417120    
  3.663615     -6.417963    
  3.663702     -6.457170    
  3.670110     -6.476753    
  3.670197     -7.242409    
  3.673498     -5.801613    
  3.673585     -6.110781    
  3.687730     -6.927368    
  3.687817     -6.515321    
  3.688052     -6.498942    
  3.688139     -6.485795    
  3.688708     -6.407604    
  3.688795     -6.394747    
  3.688862     -6.385023    
  3.688948     -6.315701    
  3.691459     -6.491790    
  3.691546     -6.518666    
  3.695795     -6.569232    
  3.695882     -6.564973    
  3.713236     -6.624906    
  3.713322     -6.627153    
  3.719779     -6.641009    
  3.719866     -6.645345    
  3.725984     -6.668659    
  3.726070     -6.668271    
  3.733043     -6.692014    
  3.733130     -6.599382    
  3.740126     -6.645262    
  3.740213     -6.708991    
  3.740628     -6.712733    
  3.740715     -6.716561    
  3.751777     -6.756676    
  3.751863     -6.755849    
  3.753187     -6.760579    
  3.753274     -6.761113    
  3.753882     -6.763430    
  3.753969     -6.763734    
  3.754658     -6.765631    
  3.754745     -6.765905    
  3.755217     -6.767376    
  3.755304     -6.767621    
  3.755522     -6.768365    
  3.755609     -6.768744    
  3.755717     -6.769213    
  3.755803     -6.765795    
  3.793452     -6.893192    
  3.793539     -6.894388    
  3.804079     -6.924808    
  3.804166     -6.927006    
  3.806615     -6.944854    
  3.806702     -7.158441    
  3.821564     -6.664746    
  3.821651     -6.925458    
  3.838150     -7.079210    
  3.838237     -7.055735    
  3.842793     -7.024522    
  3.842880     -7.053777    
  3.865757     -7.111987    
  3.865844     -7.143979    
  3.866035     -7.144558    
  3.866122     -7.144907    
  3.871179     -7.162336    
  3.871266     -7.157592    
  3.892235     -7.213089    
  3.892321     -7.232899    
  3.894387     -7.240192    
  3.894474     -7.239640    
  3.895132     -7.241277    
  3.895219     -7.241863    
  3.898660     -7.254407    
  3.898747     -7.254333    
  3.900415     -7.260800    
  3.900502     -7.259985    
  3.902270     -7.266441    
  3.902356     -7.267122    
  3.904208     -7.272502    
  3.904295     -7.273090    
  3.905964     -7.278760    
  3.906051     -7.279198    
  3.906858     -7.281834    
  3.906945     -7.281825    
  3.908342     -7.286398    
  3.908429     -7.287174    
  3.913068     -7.302227    
  3.913155     -7.302447    
  3.913186     -7.302558    
  3.913273     -7.302815    
  3.913769     -7.304970    
  3.913856     -7.305294    
  3.913885     -7.305394    
  3.913972     -7.305718    
  3.914081     -7.306121    
  3.914168     -7.313913    
  3.916915     -7.294208    
  3.917002     -7.293369    
  3.968835     -7.497762    
  3.968922     -7.394044    
  3.983439     -7.529706    
  3.983526     -7.534239    
  3.993238     -7.567140    
  3.993325     -7.437398    
  4.025832     -7.568866    
  4.025919     -7.672602    
  4.034774     -7.744327    
  4.034860     -7.735541    
  4.038365     -7.522548    
  4.038452     -7.583484    
  4.047778     -7.775274    
  4.047808     -7.754850    
  4.047865     -7.755107    
  4.047895     -7.824032    
  4.073362     -7.676263    
  4.073449     -7.842338    
  4.128589     -7.979555    
  4.128676     -8.011563    
  4.150175     -8.085048    
  4.150262     -8.094778    
  4.155926     -8.105862    
  4.156013     -8.079066    
  4.161727     -8.119099    
  4.161814     -8.126310    
  4.163762     -8.136797    
  4.163849     -8.136208    
  4.163959     -8.136634    
  4.164046     -8.107834    
  4.251427     -8.415953    
  4.251514     -8.419728    
  4.266067     -8.441638    
  4.266154     -8.207644    
  4.339907     -8.881310    
  4.339994     -8.555464    
  4.353233     -8.783141    
  4.353320     -8.743632    
  4.356074     -8.744514    
  4.356161     -8.732099    
  4.357582     -8.738139    
  4.357669     -8.744171    
  4.357779     -8.746071    
  4.357865     -8.753222    
  4.440368     -8.976514    
  4.440455     -8.973302    
  4.512937     -9.115018    
  4.513024     -9.230368    
  4.514610     -9.237259    
  4.514697     -9.236032    
  4.515945     -9.239628    
  4.516032     -9.240602    
  4.516141     -9.241165    
  4.516228     -9.232551    
  4.585469     -9.425639    
  4.585556     -9.396260    
  4.648489     -9.579453    
  4.648576     -9.623064    
  4.649548     -9.625500    
  4.649635     -9.627833    
  4.649838     -9.629432    
  4.649925     -9.629749    
  4.650035     -9.630138    
  4.650122     -9.575593    
  4.709765     -9.735553    
  4.709852     -9.797545    
  4.765753     -9.930083    
  4.765822     -9.974652    
  4.765844     -9.974539    
  4.765909     -9.974887    
  4.765931     -9.975270    
  4.766019     -9.976664    
  4.766106     -9.952140    
  4.818480     -10.12575    
  4.818567     -10.09244    
  4.868094     -10.19406    
  4.868127     -10.26184    
  4.868152     -10.26129    
  4.868181     -10.26077    
  4.868214     -10.26046    
  4.868239     -10.26055    
  4.868324     -10.26290    
  4.868411     -10.16476    
  4.915089     -10.43279    
  4.915176     -10.40314    
  4.959449     -10.51388    
  4.959536     -10.52725    
  4.959642     -10.52651    
  4.959667     -10.52614    
  4.959729     -10.52494    
  4.959754     -10.52434    
  4.959839     -10.52118    
  4.959925     -10.51702    
  5.002021     -10.52698    
  5.002108     -10.64578    
  5.041986     -10.75393    
  5.042072     -10.76315    
  5.042428     -10.76359    
  5.042455     -10.76363    
  5.042515     -10.76372    
  5.042541     -10.76376    
  5.042624     -10.76391    
  5.042711     -10.74049    
  5.081038     -10.85964    
  5.081125     -10.81739    
  5.117569     -10.96657    
  5.117655     -10.97348    
  5.118005     -10.97435    
  5.118030     -10.97435    
  5.118092     -10.97433    
  5.118117     -10.97435    
  5.118201     -10.97472    
  5.118288     -10.87438    
  5.153462     -11.10590    
  5.153549     -11.06848    
  5.187204     -11.17133    
  5.187290     -11.16427    
  5.187529     -11.16380    
  5.187558     -11.16382    
  5.187616     -11.16384    
  5.187645     -11.16386    
  5.187725     -11.16396    
  5.187812     -11.15736    
  5.251180     -11.31832    
  5.251266     -11.35448    
  5.251931     -11.35815    
  5.252018     -11.35819    
  5.252095     -11.35837    
  5.252182     -11.34441    
  5.311750     -11.49818    
  5.311837     -11.52621    
  5.311944     -11.52617    
  5.312021     -11.52594    
  5.312108     -11.53132    
  5.368079     -11.64535    
  5.368165     -11.67686    
  5.420737     -11.83622    
  5.420823     -11.82497    
  5.470384     -11.94467    
  5.470471     -11.97018    
  5.517346     -12.11412    
  5.517433     -12.09897    
  5.561899     -12.23887    
  5.561985     -12.24335    
  5.604277     -12.33796    
  5.604364     -12.36884    
  5.644684     -12.47264    
  5.644771     -12.47526    
  6.103027     -13.80155    
  6.321002     -14.44164    
  6.573673     -15.16774    
  6.848341     -15.95443    
  7.135565     -16.79029    
  7.429524     -17.69102    
  7.726975     -18.70505    
  8.026204     -19.96755    
  8.326331     -22.03020    
  8.626909    -100.00000    
  8.927713    -100.00000    
