 0.6989700    -100.00000    
 0.7247828    -100.00000    
 0.7491470    -100.00000    
 0.7722168    -100.00000    
 0.7941226    -100.00000    
 0.8348744    -100.00000    
 0.8721282    -100.00000    
 0.9064373    -100.00000    
 0.9382333    -100.00000    
 0.9678594    -100.00000    
 0.9955930    -100.00000    
  1.021661     -23.25874    
  1.046253     -21.92145    
  1.069527     -20.95512    
  1.091616    -100.00000    
  1.132686     -19.21629    
  1.170205     -18.25294    
  1.204739     -17.65960    
  1.236728     -17.29748    
  1.266522     -17.10675    
  1.294403     -17.05159    
  1.320601     -17.10792    
  1.345308     -17.25728    
  1.368685     -17.48331    
  1.390867     -17.76818    
  1.390954     -17.19325    
  1.407231     -17.16459    
  1.407318     -17.24080    
  1.416604     -17.34782    
  1.416691     -17.35908    
  1.434239     -17.59183    
  1.434325     -17.59201    
  1.438732     -17.64696    
  1.438819     -17.64810    
  1.442990     -17.70092    
  1.443077     -17.71213    
  1.465932     -18.00040    
  1.466019     -17.98396    
  1.466567     -17.99022    
  1.466654     -17.99827    
  1.485460     -18.17900    
  1.485547     -18.17060    
  1.485843     -18.17294    
  1.485930     -18.17845    
  1.502811     -18.28418    
  1.502898     -18.28134    
  1.515152     -18.32654    
  1.515239     -18.33149    
  1.538911     -18.35419    
  1.538998     -18.34760    
  1.541754     -18.34576    
  1.541841     -18.34558    
  1.544410     -18.34299    
  1.544497     -18.34264    
  1.546755     -18.33960    
  1.546842     -18.34501    
  1.568094     -18.29097    
  1.568181     -18.28643    
  1.576102     -18.25792    
  1.576189     -18.25689    
  1.577032     -18.25365    
  1.577119     -18.25430    
  1.586189     -18.21745    
  1.586276     -18.21627    
  1.587530     -18.21096    
  1.587617     -18.21293    
  1.602078     -18.14891    
  1.602165     -18.14668    
  1.604747     -18.13487    
  1.604834     -18.14100    
  1.629405     -18.02848    
  1.629492     -18.02338    
  1.633100     -18.00711    
  1.633187     -18.00779    
  1.643761     -17.95999    
  1.643848     -17.95869    
  1.646889     -17.94470    
  1.646976     -17.94470    
  1.653070     -17.91636    
  1.653157     -17.91867    
  1.667964     -17.84516    
  1.668051     -17.84228    
  1.673067     -17.81519    
  1.673154     -17.81429    
  1.673452     -17.81259    
  1.673539     -17.81420    
  1.683736     -17.75361    
  1.683823     -17.75186    
  1.689301     -17.71592    
  1.689388     -17.71473    
  1.690173     -17.70932    
  1.690260     -17.70876    
  1.691919     -17.69724    
  1.692006     -17.70769    
  1.709636     -17.56259    
  1.709723     -17.55411    
  1.714846     -17.50490    
  1.714933     -17.50324    
  1.717233     -17.48008    
  1.717320     -17.47900    
  1.717576     -17.47635    
  1.717663     -17.47556    
  1.719536     -17.45600    
  1.719623     -17.45510    
  1.721805     -17.43171    
  1.721892     -17.43122    
  1.725295     -17.39318    
  1.725382     -17.38251    
  1.731154     -17.27636    
  1.731241     -17.30699    
  1.731758     -17.30251    
  1.731845     -17.29892    
  1.732294     -17.29186    
  1.732381     -17.30661    
  1.735217     -17.24892    
  1.735304     -17.27291    
  1.746841     -17.14075    
  1.746929     -17.12488    
  1.747807     -17.11445    
  1.747894     -17.11883    
  1.753972     -17.04386    
  1.754058     -17.05034    
  1.756978     -17.00222    
  1.757065     -16.99793    
  1.762907     -16.91640    
  1.762994     -16.91785    
  1.763503     -16.90401    
  1.763590     -16.90155    
  1.765957     -16.86848    
  1.766044     -16.86642    
  1.768505     -16.83263    
  1.768592     -16.83412    
  1.776113     -16.72693    
  1.776200     -16.72275    
  1.781285     -16.65131    
  1.781372     -16.64714    
  1.781946     -16.63822    
  1.782033     -16.63736    
  1.786409     -16.57629    
  1.786495     -16.57462    
  1.788161     -16.54946    
  1.788248     -16.54738    
  1.789372     -16.52974    
  1.789459     -16.52904    
  1.792246     -16.49012    
  1.792333     -16.49177    
  1.800765     -16.36481    
  1.800851     -16.36445    
  1.809708     -16.22931    
  1.809795     -16.22348    
  1.810144     -16.21815    
  1.810231     -16.21798    
  1.814042     -16.15930    
  1.814129     -16.20262    
  1.834747     -15.84528    
  1.834834     -15.82266    
  1.838907     -15.74944    
  1.838994     -15.74722    
  1.840414     -15.72209    
  1.840501     -15.72113    
  1.842703     -15.68074    
  1.842790     -15.67893    
  1.844125     -15.65469    
  1.844212     -15.67703    
  1.857265     -15.41254    
  1.857352     -15.42931    
  1.870233     -15.12005    
  1.870320     -15.09801    
  1.871306     -15.07281    
  1.871393     -15.07046    
  1.872072     -15.05289    
  1.872158     -15.05090    
  1.873424     -15.01768    
  1.873511     -15.03012    
  1.880831     -14.81687    
  1.880918     -14.81791    
  1.887368     -14.60635    
  1.887455     -14.66941    
  1.899003     -14.19624    
  1.899090     -14.18272    
  1.905821     -13.89284    
  1.905908     -13.89390    
  1.911657     -13.63147    
  1.911744     -13.61643    
  1.912227     -13.59445    
  1.912313     -13.59155    
  1.913955     -13.51621    
  1.914042     -13.64478    
  1.924238     -13.14996    
  1.924325     -13.10681    
  1.925856     -13.03145    
  1.925943     -13.02657    
  1.926709     -12.98979    
  1.926796     -12.98518    
  1.926846     -12.98260    
  1.926932     -12.97844    
  1.927461     -12.95206    
  1.927548     -12.95310    
  1.930771     -12.79523    
  1.930858     -12.79141    
  1.933873     -12.64396    
  1.933960     -12.64093    
  1.936983     -12.49175    
  1.937070     -12.48400    
  1.938051     -12.43609    
  1.938138     -12.43558    
  1.940777     -12.30588    
  1.940864     -12.60868    
  1.955697     -11.64776    
  1.955784     -11.59158    
  1.959855     -11.39680    
  1.959942     -11.39347    
  1.963545     -11.22328    
  1.963632     -11.30292    
  1.974225     -10.75882    
  1.974312     -10.72136    
  1.974387     -10.71791    
  1.974474     -10.71743    
  1.977192     -10.59381    
  1.977279     -10.96829    
  1.994212     -9.905784    
  1.994299     -9.838228    
  1.996552     -9.742209    
  1.996639     -9.531775    
  1.997939     -9.323435    
  1.998026     -9.376618    
  2.000182     -9.411290    
  2.000268     -9.443875    
  2.007421     -9.169651    
  2.007508    -100.00000    
  2.009100     -8.122846    
  2.009187     -8.176622    
  2.009352     -8.179584    
  2.009439     -8.168870    
  2.009543     -8.431594    
  2.017372     -8.111899    
  2.017459    -100.00000    
  2.026471     -7.313910    
  2.026558     -8.335906    
  2.028108     -8.069981    
  2.028195     -7.582492    
  2.044930     -6.883946    
  2.061043     -7.549637    
  2.061130     -7.053083    
  2.067104     -7.190727    
  2.067191     -7.745083    
  2.068339     -8.477444    
  2.068426     -7.823363    
  2.076209     -6.917953    
  2.076296     -7.562125    
  2.097304     -6.522297    
  2.097391     -6.914543    
  2.100294     -6.664863    
  2.100380     -6.271697    
  2.101519     -6.492122    
  2.101605     -6.342362    
  2.102584     -6.849879    
  2.102671     -6.695626    
  2.104539     -7.230282    
  2.104626     -8.154241    
  2.106101     -7.287727    
  2.106187    -100.00000    
  2.111508     -6.440440    
  2.111595     -6.107911    
  2.111941     -5.945766    
  2.112028     -6.611251    
  2.124942     -6.105247    
  2.125029     -6.659823    
  2.126973     -6.456446    
  2.127060     -7.688271    
  2.127658     -7.043352    
  2.127745     -5.994613    
  2.131986     -5.095506    
  2.132073     -5.593197    
  2.137486    -100.00000    
  2.137573     -6.205813    
  2.141450     -5.915349    
  2.141537     -6.113132    
  2.141662     -6.167694    
  2.141749     -5.793031    
  2.149371     -6.090990    
  2.149458     -5.821951    
  2.154246     -5.752934    
  2.154333     -5.694973    
  2.156640     -5.796776    
  2.156727     -5.845872    
  2.156827     -5.798297    
  2.158960     -5.594489    
  2.159047     -5.559917    
  2.168424     -5.920735    
  2.177604     -5.729592    
  2.177690     -6.589930    
  2.181731     -6.939008    
  2.181818     -6.867016    
  2.184198     -5.838745    
  2.184285     -5.907183    
  2.188445     -6.025423    
  2.188532    -100.00000    
  2.191911     -6.033642    
  2.191997     -5.967289    
  2.204170     -5.485473    
  2.204257     -5.299223    
  2.213352     -6.174578    
  2.213439     -5.941618    
  2.217837     -5.796820    
  2.217924     -6.095690    
  2.218030     -5.991186    
  2.218315     -5.767328    
  2.218402     -5.649029    
  2.218688     -7.150994    
  2.218775    -100.00000    
  2.225403     -6.190792    
  2.231931     -5.827743    
  2.232018     -5.990734    
  2.234695    -100.00000    
  2.234781     -6.683129    
  2.239617     -5.548396    
  2.239704     -5.614710    
  2.245345     -5.783033    
  2.245432     -6.387386    
  2.250721     -5.984114    
  2.250808     -5.622138    
  2.252069     -5.350087    
  2.252156     -5.384356    
  2.253696     -5.276551    
  2.253782     -5.236370    
  2.257177     -5.831459    
  2.260545     -5.554823    
  2.260632     -6.247960    
  2.263836     -5.680573    
  2.267016     -5.822233    
  2.267103     -6.632051    
  2.270490     -5.446964    
  2.270577     -5.634939    
  2.271628     -6.443146    
  2.271715     -5.679059    
  2.275818     -5.795804    
  2.275905     -5.368895    
  2.278364     -5.730606    
  2.280809     -4.970252    
  2.280896     -4.957829    
  2.283804     -5.212058    
  2.283891     -5.583351    
  2.284781     -5.260222    
  2.284868     -5.170170    
  2.286288     -4.977165    
  2.286375     -4.987502    
  2.286786     -4.990850    
  2.286873     -4.927034    
  2.289459     -5.380594    
  2.292031     -6.322107    
  2.294586     -5.802278    
  2.297128     -5.028932    
  2.297214     -4.887121    
  2.297982     -4.810952    
  2.298069     -4.808400    
  2.300085     -4.787568    
  2.302092     -4.839280    
  2.304090     -4.932262    
  2.306078     -5.256685    
  2.306165     -4.969133    
  2.308268     -5.064317    
  2.309316     -4.850508    
  2.310361     -4.982920    
  2.311404     -4.814459    
  2.312444     -4.810917    
  2.313482     -5.170249    
  2.314517     -5.051235    
  2.314604     -4.987472    
  2.315597     -4.986995    
  2.315684     -4.871653    
  2.316612     -4.900223    
  2.317538     -5.573584    
  2.318463     -5.427150    
  2.319385     -5.110663    
  2.320305     -4.960142    
  2.321224    -100.00000    
  2.322140     -5.081335    
  2.323055     -4.876175    
  2.323141     -4.841890    
  2.324295     -5.060150    
  2.325445     -4.763523    
  2.326592     -5.666864    
  2.327736     -5.382794    
  2.327823     -5.759846    
  2.328799     -5.199307    
  2.329773     -5.129495    
  2.330745     -5.221297    
  2.331714     -4.966427    
  2.331801     -4.871952    
  2.333101     -4.729109    
  2.333188     -4.767389    
  2.334187     -4.873977    
  2.335184     -4.865689    
  2.336179     -5.010291    
  2.337171     -4.787017    
  2.338161     -4.833582    
  2.339149     -4.926868    
  2.340135     -4.868613    
  2.341118     -4.845274    
  2.341205     -4.792693    
  2.341283     -4.774416    
  2.341370     -4.756175    
  2.341472     -4.719264    
  2.342320     -4.740010    
  2.343166     -4.672002    
  2.344011     -4.768267    
  2.344853     -4.754289    
  2.344940     -4.747434    
  2.345621     -4.743772    
  2.346301     -4.653857    
  2.346979     -4.713043    
  2.347657     -4.656204    
  2.348333     -4.752840    
  2.349009     -4.673025    
  2.349683     -4.669048    
  2.350356     -4.807838    
  2.350443     -4.750817    
  2.351331     -4.795927    
  2.352217     -4.865591    
  2.352659     -4.862753    
  2.353101     -4.800231    
  2.353542     -4.716022    
  2.353983     -4.728945    
  2.354070     -4.709290    
  2.354494     -4.706350    
  2.354917     -4.693313    
  2.355340     -4.695982    
  2.355762     -4.709975    
  2.355849     -4.710915    
  2.356283     -4.719391    
  2.356717     -4.752594    
  2.357149     -4.672141    
  2.357582     -4.635502    
  2.357669     -4.477793    
  2.362936     -4.624135    
  2.363023     -4.873369    
  2.376702     -4.456750    
  2.376789     -3.900982    
  2.381401     -4.302856    
  2.381488     -4.297457    
  2.381574     -4.254857    
  2.381660     -3.941822    
  2.384670     -3.685662    
  2.384757     -4.002577    
  2.387126    -100.00000    
  2.387213     -4.146540    
  2.396615     -3.690998    
  2.405819     -3.743325    
  2.405905     -3.605174    
  2.409345     -4.208100    
  2.409431     -5.347290    
  2.409967     -4.303311    
  2.410054     -4.110389    
  2.411501     -3.305227    
  2.411588     -3.364301    
  2.412778     -3.498486    
  2.412865     -3.506240    
  2.413098     -3.530822    
  2.413185     -3.570326    
  2.417228     -3.676880    
  2.417315     -3.636728    
  2.417448     -3.635016    
  2.417535     -3.644826    
  2.419545     -3.595394    
  2.419632     -3.546780    
  2.424108     -3.606541    
  2.424195     -3.773291    
  2.429911     -3.452750    
  2.429998     -3.481819    
  2.432147     -3.599452    
  2.432234     -3.611153    
  2.433514     -3.620418    
  2.433601     -3.611239    
  2.434762     -3.781927    
  2.434849     -3.689577    
  2.435182     -3.681538    
  2.435269     -3.691135    
  2.435570     -3.698927    
  2.435657     -3.709534    
  2.438099     -3.765731    
  2.438186     -3.816123    
  2.443115     -3.633986    
  2.443202     -3.751609    
  2.448046     -3.638326    
  2.448133     -3.598909    
  2.449372     -3.792001    
  2.449459     -3.818384    
  2.450924     -3.687800    
  2.451011     -3.805231    
  2.456026     -3.618222    
  2.456113     -3.623373    
  2.457105     -3.589538    
  2.457192     -3.634022    
  2.461170     -3.751610    
  2.461257     -3.774146    
  2.466286     -3.736276    
  2.466372     -3.755506    
  2.466976     -3.666100    
  2.467064     -3.711536    
  2.471828     -3.646543    
  2.471915     -3.644288    
  2.476442     -3.652907    
  2.476529     -3.672102    
  2.476628     -3.674925    
  2.476715     -3.676879    
  2.476977     -3.676962    
  2.477064     -3.589671    
  2.483465     -4.012334    
  2.483551     -3.589225    
  2.483824     -3.350609    
  2.483911     -3.282055    
  2.484130     -3.141468    
  2.484217     -2.905491    
  2.487220     -3.265500    
  2.490203     -3.671934    
  2.493165     -3.676178    
  2.496107     -3.709899    
  2.496194     -3.688766    
  2.500074     -3.655880    
  2.503920     -3.754308    
  2.504007     -3.726209    
  2.504069     -3.723284    
  2.504156     -3.725821    
  2.506191     -3.711827    
  2.506278     -3.707248    
  2.508598     -3.696318    
  2.510906     -3.670213    
  2.513202     -3.730561    
  2.515486     -3.775925    
  2.515573     -3.728511    
  2.515719     -3.722681    
  2.515805     -3.720736    
  2.515872     -3.719553    
  2.515959     -3.711954    
  2.516943     -3.724156    
  2.517030     -3.723081    
  2.517941     -3.714062    
  2.518028     -3.694985    
  2.521727     -3.753064    
  2.525387     -3.773549    
  2.529016     -3.788965    
  2.532615     -3.823480    
  2.532701     -3.766511    
  2.536032     -3.768095    
  2.539337     -3.915984    
  2.539424     -3.811740    
  2.543132     -3.745697    
  2.546808     -3.750316    
  2.546895     -3.742591    
  2.547329     -3.739985    
  2.547416     -3.748604    
  2.551118     -3.795400    
  2.551204     -3.769016    
  2.554808     -3.780278    
  2.558382     -3.881093    
  2.558469     -3.821549    
  2.558869     -3.811347    
  2.558956     -3.812371    
  2.561557     -3.813140    
  2.561644     -3.937718    
  2.564082     -3.824250    
  2.566507     -3.807597    
  2.568917     -3.829324    
  2.571315     -3.865458    
  2.571402     -3.833553    
  2.571490     -3.829725    
  2.571576     -3.821898    
  2.574740     -3.816675    
  2.577880     -3.849933    
  2.580998     -3.831252    
  2.584094     -3.843494    
  2.587168     -3.860928    
  2.590220     -3.853213    
  2.593250     -3.853813    
  2.596260     -3.860620    
  2.596347     -3.854020    
  2.597646     -3.860828    
  2.597733     -3.869783    
  2.600542     -3.864482    
  2.603333     -3.867011    
  2.603420     -3.876536    
  2.606239     -3.886897    
  2.606324     -3.883693    
  2.606411     -3.885252    
  2.607237     -3.884682    
  2.607324     -3.883410    
  2.611491     -3.923947    
  2.615617     -3.894304    
  2.615704     -3.894548    
  2.619659     -3.952223    
  2.619746     -3.954708    
  2.620859     -3.911867    
  2.620946     -3.913105    
  2.621962     -3.917326    
  2.622049     -3.978320    
  2.625471     -3.940173    
  2.625557     -3.932162    
  2.626297     -4.010509    
  2.626384     -3.982743    
  2.627024     -3.926604    
  2.627111     -3.919442    
  2.630159     -3.967729    
  2.633186     -3.936049    
  2.633273     -3.939733    
  2.633585     -3.941170    
  2.633672     -3.942258    
  2.636750     -3.968331    
  2.639805     -3.963557    
  2.642840     -3.969049    
  2.645853     -3.972613    
  2.645940     -3.966599    
  2.646436     -3.989988    
  2.646523     -4.021485    
  2.648513     -3.968395    
  2.648600     -3.978299    
  2.650581     -3.984142    
  2.650668     -3.977793    
  2.652023     -3.982451    
  2.652110     -3.983436    
  2.653758     -3.988392    
  2.653845     -3.990186    
  2.654514     -3.994909    
  2.654601     -3.993203    
  2.655848     -3.998597    
  2.655935     -4.025093    
  2.656856     -4.112682    
  2.656943     -4.033085    
  2.659789     -3.999151    
  2.659876     -4.012099    
  2.661632     -4.006207    
  2.661711     -4.007042    
  2.661798     -4.006380    
  2.662838     -4.010490    
  2.662925     -4.009277    
  2.664288     -4.010129    
  2.665620     -4.003359    
  2.666947     -3.999293    
  2.668270     -4.013962    
  2.668357     -4.013960    
  2.669554     -4.024552    
  2.670748     -4.027412    
  2.670835     -4.029950    
  2.671974     -4.037633    
  2.673109     -4.038919    
  2.674242     -4.054220    
  2.675371     -4.050878    
  2.675458     -4.050602    
  2.676824     -4.049150    
  2.676911     -4.048284    
  2.677751     -4.051950    
  2.677838     -4.052894    
  2.679282     -4.056392    
  2.680721     -4.057065    
  2.682155     -4.062266    
  2.683585     -4.058911    
  2.683672     -4.062949    
  2.684694     -4.069968    
  2.685714     -4.074116    
  2.685801     -4.074115    
  2.685988     -4.074544    
  2.686075     -4.074834    
  2.686520     -4.076449    
  2.686607     -4.076313    
  2.687604     -4.078877    
  2.688599     -4.083274    
  2.688686     -4.083469    
  2.689315     -4.083568    
  2.689943     -4.085170    
  2.690571     -4.086242    
  2.691198     -4.087663    
  2.691823     -4.088843    
  2.692448     -4.090947    
  2.693072     -4.091935    
  2.693695     -4.092677    
  2.694317     -4.095459    
  2.694939     -4.098877    
  2.695559     -4.100353    
  2.696179     -4.103622    
  2.696797     -4.096103    
  2.697415     -4.084261    
  2.698032     -4.092757    
  2.698648     -4.101491    
  2.698717     -4.102432    
  2.698803     -4.104034    
  2.699142     -4.107393    
  2.699229     -4.105616    
  2.700077     -4.121522    
  2.700500     -4.115715    
  2.700923     -4.092248    
  2.701345     -4.098370    
  2.701767     -4.103539    
  2.702189     -4.106970    
  2.702610     -4.111452    
  2.702697     -4.115487    
  2.706323     -4.125573    
  2.706410     -4.125874    
  2.708352     -4.136189    
  2.708438     -4.125844    
  2.709271     -4.161685    
  2.709358     -4.122862    
  2.712230     -4.145036    
  2.712317     -4.140321    
  2.716395     -4.153317    
  2.716481     -4.154565    
  2.716568     -4.153527    
  2.718970     -4.172092    
  2.721359     -4.133995    
  2.721446     -4.141970    
  2.721792     -4.145736    
  2.721879     -4.151577    
  2.724957     -4.177627    
  2.725044     -4.174191    
  2.728368     -4.185703    
  2.728455     -4.187372    
  2.728556     -4.187669    
  2.728643     -4.187904    
  2.730036     -4.190952    
  2.730123     -4.193896    
  2.733020     -4.191294    
  2.735898     -4.206596    
  2.735985     -4.205811    
  2.736079     -4.203989    
  2.737059     -4.204700    
  2.737146     -4.208572    
  2.740300     -4.219403    
  2.740387     -4.213324    
  2.744215     -4.227533    
  2.748009     -4.234147    
  2.751770     -4.235033    
  2.755499     -4.258884    
  2.755586     -4.254311    
  2.758474     -4.266134    
  2.758561     -4.264759    
  2.759027     -4.266438    
  2.759113     -4.267668    
  2.759911     -4.267839    
  2.759997     -4.267317    
  2.760747     -4.270983    
  2.760833     -4.272668    
  2.763123     -4.273301    
  2.765400     -4.285694    
  2.765487     -4.286825    
  2.765755     -4.287907    
  2.765842     -4.287867    
  2.768363     -4.293469    
  2.770870     -4.296224    
  2.773363     -4.293006    
  2.775841     -4.310107    
  2.775928     -4.308002    
  2.777541     -4.319015    
  2.777628     -4.318190    
  2.781421     -4.330748    
  2.781508     -4.327018    
  2.784445     -4.328331    
  2.787363     -4.344813    
  2.787450     -4.345384    
  2.789348     -4.351774    
  2.789435     -4.351474    
  2.792054     -4.347799    
  2.792141     -4.355871    
  2.795962     -4.359578    
  2.796049     -4.357408    
  2.798395     -4.373475    
  2.800729     -4.361557    
  2.803050     -4.386794    
  2.805359     -4.391142    
  2.807656     -4.400861    
  2.809941     -4.409081    
  2.812213     -4.416971    
  2.814474     -4.414315    
  2.814561     -4.415324    
  2.815775     -4.425943    
  2.815862     -4.425521    
  2.816430     -4.424809    
  2.816517     -4.425285    
  2.818570     -4.433894    
  2.818657     -4.433698    
  2.821422     -4.441679    
  2.824169     -4.449831    
  2.826900     -4.457273    
  2.829613     -4.463182    
  2.829700     -4.461117    
  2.832139     -4.473611    
  2.834565     -4.476906    
  2.836978     -4.489487    
  2.839377     -4.474247    
  2.839464     -4.477905    
  2.842740     -4.501566    
  2.845992     -4.495817    
  2.846054     -4.489463    
  2.846141     -4.491311    
  2.846320     -4.494674    
  2.846407     -4.496176    
  2.846929     -4.504672    
  2.847016     -4.508004    
  2.850284     -4.523198    
  2.850371     -4.521217    
  2.851107     -4.526011    
  2.851194     -4.526428    
  2.851272     -4.526804    
  2.851359     -4.527208    
  2.851605     -4.527855    
  2.851692     -4.527800    
  2.852969     -4.529439    
  2.853056     -4.542069    
  2.856721     -4.499996    
  2.856808     -4.516363    
  2.860014     -4.538517    
  2.863196     -4.558241    
  2.863283     -4.555927    
  2.866961     -4.568808    
  2.867048     -4.569274    
  2.867158     -4.570799    
  2.871477     -4.579664    
  2.871560     -4.567327    
  2.871647     -4.568577    
  2.874394     -4.597143    
  2.877123     -4.581976    
  2.877210     -4.584301    
  2.879769     -4.603507    
  2.882313     -4.610591    
  2.882400     -4.612454    
  2.882670     -4.613619    
  2.882757     -4.816110    
  2.885337     -4.706360    
  2.885423     -4.521400    
  2.886380     -4.522706    
  2.886467     -4.527029    
  2.886654     -4.528572    
  2.886741     -4.522473    
  2.889314     -4.593703    
  2.889401     -4.599525    
  2.891964     -4.635325    
  2.892051     -4.635791    
  2.893704     -4.624871    
  2.893791     -4.631019    
  2.894071     -4.635132    
  2.894158     -4.637213    
  2.895095     -4.647028    
  2.895182     -4.647555    
  2.896767     -4.649335    
  2.896854     -4.645606    
  2.897787     -4.651445    
  2.897874     -4.650926    
  2.900589     -4.661902    
  2.900676     -4.662500    
  2.902856     -4.658424    
  2.905026     -4.666395    
  2.905113     -4.676880    
  2.908098     -4.671711    
  2.908185     -4.666334    
  2.908477     -4.667840    
  2.908564     -4.669862    
  2.910090     -4.684164    
  2.910176     -4.687437    
  2.913363     -4.701220    
  2.916527     -4.708617    
  2.916614     -4.708386    
  2.916785     -4.708901    
  2.916872     -4.709131    
  2.917171     -4.710217    
  2.917258     -4.711712    
  2.919518     -4.714637    
  2.921765     -4.725261    
  2.921852     -4.724266    
  2.925029     -4.729677    
  2.925116     -4.729882    
  2.925941     -4.734488    
  2.926028     -4.736717    
  2.927554     -4.738086    
  2.927641     -4.738499    
  2.927950     -4.740308    
  2.928037     -4.741063    
  2.928671     -4.744638    
  2.928758     -4.742725    
  2.929127     -4.737523    
  2.929213     -4.737906    
  2.929524     -4.740730    
  2.929611     -4.741734    
  2.930245     -4.745753    
  2.930332     -4.746253    
  2.930604     -4.747406    
  2.930691     -4.747660    
  2.930963     -4.748772    
  2.931050     -4.752779    
  2.934646     -4.748089    
  2.934733     -4.756807    
  2.936807     -4.767622    
  2.936894     -4.766583    
  2.937412     -4.768787    
  2.937499     -4.769269    
  2.937612     -4.770873    
  2.939332     -4.773321    
  2.939418     -4.771309    
  2.941608     -4.780079    
  2.943787     -4.772653    
  2.943874     -4.769242    
  2.945266     -4.786742    
  2.945353     -4.788346    
  2.946273     -4.793182    
  2.946360     -4.793023    
  2.946687     -4.794348    
  2.946774     -4.794339    
  2.949036     -4.777068    
  2.951287     -4.795158    
  2.951374     -4.803086    
  2.953319     -4.806443    
  2.953406     -4.810193    
  2.953750     -4.812659    
  2.953837     -4.815432    
  2.955739     -4.815003    
  2.955826     -4.811848    
  2.956162     -4.804780    
  2.956249     -4.805694    
  2.957620     -4.823208    
  2.957703     -4.821547    
  2.957790     -4.821592    
  2.959196     -4.822682    
  2.959269     -4.822673    
  2.959356     -4.822954    
  2.959520     -4.823833    
  2.959575     -4.824249    
  2.959642     -4.824771    
  2.959729     -4.825643    
  2.959839     -4.826590    
  2.959926     -4.831258    
  2.960694     -4.802762    
  2.960781     -4.802859    
  2.961122     -4.808450    
  2.961209     -4.777169    
  2.965318     -4.867420    
  2.965405     -4.967786    
  2.969227     -4.777601    
  2.969314     -4.823971    
  2.972533     -4.848481    
  2.975728     -4.824768    
  2.975815     -4.851168    
  2.976166     -4.860518    
  2.976253     -4.829882    
  2.979351     -4.884845    
  2.982423     -4.867364    
  2.982509     -4.883778    
  2.982872     -4.896645    
  2.982959     -4.876406    
  2.986873     -4.913408    
  2.990753     -4.861724    
  2.994598     -4.915678    
  2.998409     -4.895760    
  3.002187     -4.929869    
  3.005933     -4.925142    
  3.009646     -5.008750    
  3.013329     -4.840616    
  3.016980     -4.968732    
  3.020600     -5.001082    
  3.024191     -4.984327    
  3.027752     -4.952307    
  3.031285     -5.034700    
  3.034788     -5.072612    
  3.038264     -4.841912    
  3.041713     -5.108166    
  3.041799     -4.995658    
  3.044019     -5.066426    
  3.044106     -5.071041    
  3.046417     -5.099417    
  3.046504     -5.099385    
  3.047266     -5.099533    
  3.047353     -5.135887    
  3.050503     -5.077806    
  3.053630     -5.007940    
  3.056735     -5.175954    
  3.059819     -5.073026    
  3.062880     -5.139636    
  3.065920     -5.085346    
  3.068939     -5.122468    
  3.071937     -5.158065    
  3.072024     -5.223832    
  3.074515     -5.151938    
  3.074602     -5.109613    
  3.077416     -5.168694    
  3.080211     -5.201829    
  3.082988     -5.204167    
  3.085748     -5.404145    
  3.085835     -4.872412    
  3.088164     -4.656582    
  3.088251     -4.795692    
  3.089222     -4.964706    
  3.089309     -5.024974    
  3.091849     -5.188767    
  3.091936     -5.578533    
  3.095352     -5.100627    
  3.095438     -4.713023    
  3.096179     -4.639613    
  3.096266     -4.700826    
  3.099969     -5.296581    
  3.100056     -5.192245    
  3.102791     -5.236550    
  3.105509     -5.281052    
  3.105596     -5.270695    
  3.108813     -5.283835    
  3.112005     -5.285208    
  3.112092     -5.296067    
  3.114687     -5.295148    
  3.114774     -5.297541    
  3.116978     -5.313514    
  3.117065     -5.324175    
  3.118223     -5.316980    
  3.118310     -5.312553    
  3.120853     -5.326566    
  3.123381     -5.332813    
  3.123468     -5.327671    
  3.125997     -5.389405    
  3.126084     -5.344821    
  3.127687     -5.293687    
  3.127774     -5.313733    
  3.129225     -5.340519    
  3.129312     -5.347029    
  3.132455     -5.351524    
  3.135577     -5.379138    
  3.135664     -5.372813    
  3.136182     -5.374553    
  3.136269     -5.381359    
  3.138696     -5.381698    
  3.141109     -5.386187    
  3.141196     -5.388560    
  3.144101     -5.397675    
  3.144188     -5.400546    
  3.144956     -5.394671    
  3.145043     -5.393214    
  3.146758     -5.408181    
  3.146845     -5.409111    
  3.146975     -5.410060    
  3.147795     -5.413998    
  3.147882     -5.414169    
  3.148729     -5.416587    
  3.148816     -5.417003    
  3.150639     -5.419859    
  3.150726     -5.421131    
  3.151276     -5.423134    
  3.151363     -5.423714    
  3.153068     -5.431988    
  3.153155     -5.431692    
  3.153381     -5.432196    
  3.153434     -5.432275    
  3.153521     -5.432068    
  3.155016     -5.435835    
  3.155103     -5.437007    
  3.156074     -5.440495    
  3.156161     -5.438941    
  3.160418     -5.452089    
  3.164633     -5.466318    
  3.164720     -5.467352    
  3.165979     -5.470984    
  3.166066     -5.471224    
  3.168877     -5.479315    
  3.171670     -5.487413    
  3.171756     -5.486931    
  3.173578     -5.494313    
  3.173665     -5.493368    
  3.177077     -5.496430    
  3.180463     -5.514135    
  3.180550     -5.514984    
  3.181960     -5.520488    
  3.182047     -5.519237    
  3.184770     -5.529286    
  3.187477     -5.537751    
  3.187564     -5.538480    
  3.188338     -5.538260    
  3.188425     -5.537089    
  3.189356     -5.541591    
  3.189443     -5.647317    
  3.191119     -5.739928    
  3.191206     -5.600450    
  3.192224     -5.476106    
  3.192311     -5.468343    
  3.194885     -5.516949    
  3.194972     -5.523124    
  3.196916     -5.562475    
  3.197003     -5.562986    
  3.200094     -5.580269    
  3.203162     -5.588950    
  3.203250     -5.589808    
  3.204674     -5.590777    
  3.204761     -5.591702    
  3.207365     -5.602230    
  3.207452     -5.602716    
  3.209994     -5.599326    
  3.212521     -5.584786    
  3.215033     -5.656411    
  3.217531     -4.755864    
  3.217618     -4.806206    
  3.218164     -4.880920    
  3.218251     -4.904616    
  3.218329     -4.922413    
  3.218415     -5.043354    
  3.222657     -5.744803    
  3.226857     -5.677175    
  3.231016     -5.680438    
  3.235137     -5.681101    
  3.239219     -5.689105    
  3.243262     -5.715342    
  3.247269     -5.727236    
  3.251238     -5.735489    
  3.251325     -5.736866    
  3.254391     -5.751342    
  3.257436     -5.759407    
  3.260459     -5.768699    
  3.263462     -5.777585    
  3.263549     -5.778703    
  3.265995     -5.785338    
  3.268428     -5.795252    
  3.270847     -5.801461    
  3.273253     -5.788790    
  3.273340     -5.802540    
  3.276535     -5.819845    
  3.279706     -5.825852    
  3.279793     -5.828712    
  3.281662     -5.836291    
  3.281749     -5.836685    
  3.285833     -5.849260    
  3.285920     -5.847586    
  3.289028     -5.860431    
  3.289115     -5.858808    
  3.291415     -5.867115    
  3.291501     -5.867675    
  3.293929     -5.872958    
  3.296343     -5.883976    
  3.298744     -5.891321    
  3.301132     -5.898729    
  3.301219     -5.897843    
  3.305074     -5.911161    
  3.305161     -5.910453    
  3.305985     -5.912674    
  3.306072     -5.913175    
  3.306887     -5.916217    
  3.306974     -5.913567    
  3.309850     -5.927260    
  3.309937     -5.927438    
  3.310624     -5.929904    
  3.310710     -5.930026    
  3.311825     -5.932054    
  3.311912     -5.932014    
  3.312012     -5.931842    
  3.312099     -5.931186    
  3.314648     -5.939186    
  3.317181     -5.949687    
  3.319700     -5.960233    
  3.322204     -5.964461    
  3.324695     -5.971716    
  3.327170     -5.975556    
  3.329632     -5.985840    
  3.332080     -5.988661    
  3.334514     -6.001074    
  3.336935     -6.013570    
  3.339342     -5.997513    
  3.341736     -6.030759    
  3.344117     -6.016837    
  3.346485     -6.048036    
  3.348840     -6.019840    
  3.351182     -6.052206    
  3.351269     -6.050904    
  3.355367     -6.050685    
  3.359427     -6.077913    
  3.363449     -6.093351    
  3.367434     -6.057867    
  3.367521     -6.081585    
  3.370066     -6.113282    
  3.372596     -6.125368    
  3.375111     -6.126964    
  3.377612     -6.139732    
  3.377699     -6.150159    
  3.380754     -6.068103    
  3.383787     -6.153953    
  3.386800     -6.170348    
  3.389792     -6.179955    
  3.389879     -6.179077    
  3.392466     -6.185183    
  3.395039     -6.191213    
  3.395126     -6.190360    
  3.397959     -6.202177    
  3.398046     -6.203304    
  3.398416     -6.204899    
  3.398503     -6.219198    
  3.400855     -6.180776    
  3.400942     -6.199174    
  3.402428     -6.071593    
  3.402515     -6.060990    
  3.404126     -6.152533    
  3.404213     -6.157320    
  3.406921     -6.230939    
  3.409611     -6.242245    
  3.412285     -6.251277    
  3.414942     -6.256816    
  3.415029     -6.256676    
  3.419186     -6.267863    
  3.423303     -6.285630    
  3.427382     -6.297623    
  3.431422     -6.308365    
  3.431509     -6.310602    
  3.434904     -6.337504    
  3.438273     -6.153553    
  3.441616     -6.254235    
  3.444934     -6.359771    
  3.445021     -6.349764    
  3.447484     -6.362263    
  3.449934     -6.369666    
  3.450021     -6.370707    
  3.452474     -6.374776    
  3.454914     -6.382358    
  3.455001     -6.381486    
  3.457947     -6.391942    
  3.460873     -6.402744    
  3.463780     -6.412127    
  3.466667     -6.421767    
  3.466754     -6.420759    
  3.469505     -6.428853    
  3.469592     -6.429155    
  3.469843     -6.430269    
  3.469930     -6.431257    
  3.471179     -6.433154    
  3.471266     -6.432306    
  3.474100     -6.445592    
  3.474187     -6.444180    
  3.476423     -6.454981    
  3.478648     -6.393421    
  3.480861     -6.457136    
  3.483063     -6.468331    
  3.483150     -6.468756    
  3.485959     -6.481717    
  3.488749     -6.490829    
  3.491522     -6.501546    
  3.494277     -6.507500    
  3.494364     -6.509001    
  3.496766     -6.516723    
  3.499154     -6.520427    
  3.501530     -6.533671    
  3.503893     -6.552404    
  3.506243     -6.427046    
  3.508580     -6.147006    
  3.510905     -6.481968    
  3.513217     -6.560383    
  3.513304     -6.554553    
  3.515963     -6.578515    
  3.518606     -6.588749    
  3.521233     -6.595422    
  3.523845     -6.600897    
  3.526440     -6.606044    
  3.529020     -6.620565    
  3.531585     -6.629010    
  3.534135     -6.633548    
  3.534222     -6.633856    
  3.536649     -6.643769    
  3.539062     -6.650308    
  3.541462     -6.655994    
  3.543849     -6.664176    
  3.543936     -6.663295    
  3.544500     -6.664319    
  3.544586     -6.661692    
  3.547376     -6.677185    
  3.550148     -6.686033    
  3.550235     -6.685002    
  3.552940     -6.694650    
  3.555627     -6.698969    
  3.555714     -6.702754    
  3.556728     -6.706702    
  3.556815     -6.707210    
  3.557696     -6.710162    
  3.557783     -6.710232    
  3.558846     -6.712482    
  3.558933     -6.713176    
  3.559110     -6.713989    
  3.559197     -6.715139    
  3.560851     -6.721587    
  3.560938     -6.721198    
  3.561019     -6.721394    
  3.561106     -6.721594    
  3.561368     -6.722149    
  3.561455     -6.722358    
  3.561549     -6.722616    
  3.561702     -6.723109    
  3.561789     -6.723492    
  3.561899     -6.723884    
  3.561986     -6.724203    
  3.562293     -6.726222    
  3.565681     -6.732263    
  3.565768     -6.735650    
  3.568672     -6.747384    
  3.571556     -6.757138    
  3.574422     -6.768865    
  3.577268     -6.771833    
  3.580096     -6.774507    
  3.582906     -6.780321    
  3.585698     -6.800586    
  3.588471     -6.799174    
  3.591228     -6.822393    
  3.593966     -6.803457    
  3.596688     -6.818656    
  3.599393     -6.849369    
  3.602081     -6.828960    
  3.604752     -6.844299    
  3.607407     -6.857594    
  3.610046     -6.865816    
  3.610133     -6.868654    
  3.612394     -6.876275    
  3.614642     -6.894961    
  3.616880     -6.851014    
  3.619105     -6.891517    
  3.621319     -6.912347    
  3.623523     -6.913797    
  3.625715     -6.898926    
  3.627896     -6.909291    
  3.627982     -6.909162    
  3.630428     -6.933009    
  3.632293     -6.947027    
  3.632379     -6.946305    
  3.635363     -6.959237    
  3.638325     -6.949307    
  3.641268     -6.890861    
  3.644191     -6.984008    
  3.644278     -6.976680    
  3.646967     -6.991351    
  3.649640     -6.999833    
  3.652297     -7.004660    
  3.654938     -7.011148    
  3.655025     -7.008696    
  3.657211     -7.003745    
  3.659385     -6.996524    
  3.659472     -6.937898    
  3.663615     -7.034165    
  3.663702     -7.013870    
  3.666918     -6.936774    
  3.670110     -7.052188    
  3.670197     -7.097360    
  3.674031     -6.375718    
  3.677831     -7.115090    
  3.681598     -7.105039    
  3.685333     -7.114868    
  3.685420     -7.149943    
  3.688862     -6.983906    
  3.688948     -6.916138    
  3.690731     -6.987539    
  3.690818     -7.000274    
  3.691459     -7.053058    
  3.691546     -7.082386    
  3.694812     -7.099062    
  3.694898     -7.098527    
  3.695365     -7.111518    
  3.695452     -7.114306    
  3.695518     -7.116290    
  3.695605     -7.125435    
  3.698701     -7.150443    
  3.701776     -7.161403    
  3.704828     -7.167953    
  3.707860     -7.176094    
  3.710870     -7.187501    
  3.712650     -7.193178    
  3.713860     -7.195986    
  3.716830     -7.207974    
  3.719779     -7.213857    
  3.719866     -7.215728    
  3.723198     -7.223421    
  3.726504     -7.236789    
  3.729786     -7.246358    
  3.733043     -7.256365    
  3.733130     -7.233518    
  3.736895     -7.071497    
  3.740628     -7.300522    
  3.740715     -7.271343    
  3.743507     -7.289852    
  3.746281     -7.299333    
  3.749037     -7.303011    
  3.751777     -7.311932    
  3.751863     -7.308978    
  3.754658     -7.320821    
  3.754745     -7.322964    
  3.755217     -7.325926    
  3.755304     -7.326313    
  3.755522     -7.327364    
  3.755609     -7.327468    
  3.758467     -7.337340    
  3.761306     -7.348873    
  3.764127     -7.356760    
  3.766929     -7.361610    
  3.769713     -7.374927    
  3.772480     -7.382793    
  3.775229     -7.387927    
  3.777961     -7.392344    
  3.778048     -7.395506    
  3.778151     -7.393774    
  3.781161     -7.400604    
  3.784252     -7.413755    
  3.787320     -7.422548    
  3.790368     -7.428592    
  3.793394     -7.438958    
  3.796399     -7.449082    
  3.799384     -7.452119    
  3.802348     -7.479745    
  3.802435     -7.459025    
  3.806009     -7.480358    
  3.806096     -7.477306    
  3.809815     -7.477170    
  3.809902     -7.480852    
  3.811377     -7.492448    
  3.811464     -7.492655    
  3.811517     -7.493308    
  3.811568     -7.493947    
  3.811655     -7.495461    
  3.814154     -7.505304    
  3.816638     -7.531125    
  3.819108     -7.031576    
  3.821564     -7.246568    
  3.821651     -7.343168    
  3.825835     -7.545828    
  3.829979     -7.543944    
  3.834084     -7.571551    
  3.838150     -7.582814    
  3.838237     -7.581931    
  3.840994     -7.553147    
  3.843735     -7.586154    
  3.846458     -7.608110    
  3.849164     -7.617752    
  3.851853     -7.624989    
  3.854526     -7.637419    
  3.857182     -7.619309    
  3.859823     -7.585857    
  3.859910     -7.607825    
  3.862754     -7.651660    
  3.865581     -7.669395    
  3.868389     -7.674622    
  3.871179     -7.683263    
  3.871266     -7.683805    
  3.873695     -7.684292    
  3.876111     -7.699291    
  3.878513     -7.707546    
  3.880902     -7.705386    
  3.880989     -7.672370    
  3.884377     -7.649525    
  3.887739     -7.731678    
  3.891076     -7.746428    
  3.894387     -7.753529    
  3.894474     -7.754170    
  3.898660     -7.762752    
  3.898747     -7.760943    
  3.901486     -7.776518    
  3.904208     -7.782401    
  3.904295     -7.781724    
  3.905384     -7.788170    
  3.905471     -7.787178    
  3.908472     -7.798355    
  3.908559     -7.795120    
  3.912193     -7.806972    
  3.912280     -7.807347    
  3.913068     -7.809577    
  3.913155     -7.809800    
  3.913273     -7.810184    
  3.913714     -7.810400    
  3.913769     -7.810182    
  3.913842     -7.810030    
  3.913889     -7.809914    
  3.913972     -7.809712    
  3.914081     -7.809278    
  3.914168     -7.828956    
  3.916915     -7.767673    
  3.917002     -7.756015    
  3.919240     -7.717957    
  3.921466     -7.817213    
  3.923680     -7.847898    
  3.925884     -7.856651    
  3.928076     -7.862854    
  3.930258     -7.865137    
  3.934588     -7.876328    
  3.938875     -7.893362    
  3.943121     -7.899753    
  3.947325     -7.912207    
  3.951490     -7.923195    
  3.955614     -7.934506    
  3.959700     -7.946264    
  3.963748     -7.960303    
  3.967758     -7.984469    
  3.971732     -7.848066    
  3.975669     -7.921870    
  3.979571     -8.021307    
  3.983439     -7.996869    
  3.983526     -8.003716    
  3.987126     -8.032006    
  3.990697     -8.047302    
  3.994239     -8.039218    
  3.997752     -8.062415    
  3.997838     -8.065065    
  4.000147     -8.081059    
  4.002444     -8.078642    
  4.004728     -8.180357    
  4.007001     -7.445341    
  4.009262     -7.601118    
  4.011511     -8.000917    
  4.013748     -8.085888    
  4.015974     -8.120734    
  4.018189     -8.129207    
  4.020392     -8.104038    
  4.022585     -8.122458    
  4.024766     -8.140463    
  4.029096     -8.166288    
  4.033383     -8.176592    
  4.033470     -8.175968    
  4.034774     -8.176111    
  4.034861     -8.175319    
  4.038365     -8.190524    
  4.038452     -8.179368    
  4.040802     -8.136640    
  4.043140     -8.145334    
  4.045465     -8.201994    
  4.047778     -8.199395    
  4.047865     -8.209762    
  4.051277     -8.233115    
  4.054632     -8.243271    
  4.057962     -8.246678    
  4.061267     -8.267071    
  4.061354     -8.264242    
  4.065579     -8.149690    
  4.069764     -8.014180    
  4.073909     -8.311203    
  4.078015     -8.315456    
  4.078102     -8.311538    
  4.080241     -8.319650    
  4.080328     -8.320164    
  4.080857     -8.320248    
  4.080944     -8.319660    
  4.081009     -8.319386    
  4.081054     -8.317810    
  4.082194     -8.320705    
  4.082281     -8.316921    
  4.084738     -8.325269    
  4.087181     -8.326101    
  4.089611     -8.342571    
  4.092028     -8.346609    
  4.094430     -8.354574    
  4.096820     -8.358889    
  4.099197     -8.368394    
  4.101560     -8.369826    
  4.101647     -8.367676    
  4.104844     -8.391452    
  4.108018     -8.355089    
  4.111169     -8.253519    
  4.114297     -8.397107    
  4.117403     -8.428085    
  4.120486     -8.427216    
  4.123548     -8.434309    
  4.126589     -8.449254    
  4.129608     -8.456742    
  4.132606     -8.459758    
  4.135584     -8.469030    
  4.138542     -8.485933    
  4.141479     -8.488239    
  4.144397     -8.489012    
  4.147296     -8.503664    
  4.150175     -8.526676    
  4.150262     -8.523230    
  4.153103     -8.531946    
  4.155926     -8.524075    
  4.156013     -8.523510    
  4.158103     -8.504666    
  4.158190     -8.516552    
  4.161727     -8.552676    
  4.161814     -8.551908    
  4.163762     -8.564212    
  4.163849     -8.565020    
  4.163959     -8.565595    
  4.164046     -8.566007    
  4.166389     -8.571189    
  4.168720     -8.580914    
  4.171039     -8.418440    
  4.173345     -8.484936    
  4.175640     -8.548784    
  4.177922     -8.601651    
  4.180192     -8.614458    
  4.182450     -8.631906    
  4.184697     -8.623359    
  4.186932     -8.628694    
  4.189156     -8.631867    
  4.191369     -8.646367    
  4.193570     -8.649524    
  4.195760     -8.660761    
  4.197939     -8.637025    
  4.200107     -8.628100    
  4.204411     -8.681631    
  4.208673     -8.693569    
  4.212894     -8.699340    
  4.217074     -8.706135    
  4.221214     -8.729526    
  4.225315     -8.747141    
  4.229377     -8.708378    
  4.233402     -8.719790    
  4.233489     -8.733566    
  4.235773     -8.763314    
  4.238044     -8.783258    
  4.240303     -8.785623    
  4.242551     -8.773197    
  4.244787     -8.785104    
  4.247012     -8.797483    
  4.249225     -8.813477    
  4.251427     -8.802543    
  4.251514     -8.812639    
  4.255198     -8.825141    
  4.258852     -8.842673    
  4.262474     -8.819334    
  4.266067     -8.854332    
  4.266154     -8.848489    
  4.268659    -100.00000    
  4.271149     -8.196354    
  4.273626     -8.293825    
  4.276088     -8.594210    
  4.278536     -8.694090    
  4.280971     -8.863597    
  4.283392     -8.906035    
  4.285800     -8.922569    
  4.288194     -8.930800    
  4.290575     -8.898946    
  4.292943     -8.902617    
  4.295299     -8.938908    
  4.297641     -8.957178    
  4.299971     -8.965752    
  4.302289     -8.966345    
  4.304595     -8.968227    
  4.306888     -8.980873    
  4.309169     -8.981706    
  4.311438     -8.964484    
  4.313695     -8.984146    
  4.315941     -8.993683    
  4.318175     -9.011919    
  4.320398     -9.022018    
  4.322610     -9.021879    
  4.324810     -9.026362    
  4.326999     -9.033080    
  4.329177     -9.038619    
  4.331345     -9.046026    
  4.335647     -9.037289    
  4.339907     -9.005839    
  4.339994     -9.003107    
  4.343342     -8.938053    
  4.346664     -9.082338    
  4.349961     -9.099787    
  4.353233     -9.115520    
  4.353320     -9.115261    
  4.356074     -9.108249    
  4.356161     -9.106077    
  4.357582     -9.114682    
  4.357669     -9.113804    
  4.357779     -9.113598    
  4.357865     -9.112363    
  4.360696     -9.134604    
  4.363507     -9.149074    
  4.366301     -9.143558    
  4.369077     -9.159529    
  4.371835     -9.125798    
  4.374576     -9.130596    
  4.377300     -9.171937    
  4.380006     -9.182407    
  4.382696     -9.199820    
  4.385369     -9.202912    
  4.388026     -9.213011    
  4.390667     -9.218198    
  4.393292     -9.210442    
  4.395901     -9.232918    
  4.398495     -9.231651    
  4.401073     -9.248885    
  4.403636     -9.261800    
  4.406183     -9.265573    
  4.408716     -9.267895    
  4.411235     -9.243835    
  4.413739     -9.280849    
  4.416228     -9.296159    
  4.418703     -9.291070    
  4.421164     -9.176772    
  4.423612     -9.242860    
  4.426045     -9.313941    
  4.428465     -9.322137    
  4.430872     -9.327942    
  4.433266     -9.308512    
  4.435646     -9.329065    
  4.438013     -9.345981    
  4.440368     -9.364937    
  4.440455     -9.362114    
  4.442834     -9.353446    
  4.445201     -9.375303    
  4.445288     -9.375445    
  4.447569     -9.380026    
  4.449839     -9.420032    
  4.452097     -9.202454    
  4.454343     -9.180091    
  4.456578     -9.358968    
  4.458801     -9.400595    
  4.461013     -9.378855    
  4.463213     -9.391581    
  4.465403     -9.423343    
  4.467581     -9.442471    
  4.471906     -9.444288    
  4.476188     -9.462038    
  4.480428     -9.307840    
  4.512937     -9.508445    
  4.513024     -9.567231    
  4.514610     -9.570215    
  4.514697     -9.572093    
  4.515945     -9.574654    
  4.516032     -9.575127    
  4.516141     -9.575503    
  4.516228     -9.573653    
  4.585469     -9.753658    
  4.585556     -9.733667    
  4.648489     -9.907787    
  4.648576     -9.945140    
  4.649548     -9.943938    
  4.649635     -9.946615    
  4.649838     -9.949363    
  4.649925     -9.950523    
  4.650035     -9.951843    
  4.650122     -9.901580    
  4.709765     -10.06158    
  4.709852     -10.11323    
  4.765753     -10.22746    
  4.765822     -10.27665    
  4.765909     -10.27723    
  4.766019     -10.27786    
  4.766106     -10.25785    
  4.818480     -10.43471    
  4.818567     -10.38682    
  4.868094     -10.48072    
  4.868152     -10.56575    
  4.868214     -10.56617    
  4.868324     -10.56686    
  4.868411     -10.46782    
  4.915089     -10.73081    
  4.915176     -10.70310    
  4.959449     -10.81243    
  4.959536     -10.81837    
  4.959642     -10.81117    
  4.959729     -10.80431    
  4.959839     -10.76944    
  4.959925     -10.80680    
  5.002021     -10.82081    
  5.002108     -10.94214    
  5.041986     -11.05538    
  5.042072     -11.06388    
  5.042428     -11.06681    
  5.042515     -11.06675    
  5.042624     -11.06680    
  5.042711     -11.03335    
  5.081038     -11.14844    
  5.081125     -11.11962    
  5.117569     -11.25769    
  5.117655     -11.28772    
  5.118005     -11.27387    
  5.118092     -11.26320    
  5.118201     -11.28044    
  5.118288     -11.12113    
  5.153462     -11.43380    
  5.153549     -11.35909    
  5.187204     -11.45886    
  5.187290     -11.44707    
  5.187529     -11.44741    
  5.187616     -11.44779    
  5.187725     -11.44846    
  5.187812     -11.43921    
  5.251180     -11.58694    
  5.251266     -11.62734    
  5.251931     -11.63060    
  5.252018     -11.63070    
  5.252095     -11.63094    
  5.252182     -11.62350    
  5.311750     -11.76650    
  5.311837     -11.80411    
  5.311944     -11.80649    
  5.312021     -11.80833    
  5.312108     -11.80850    
  5.368079     -11.89554    
  5.368165     -11.93259    
  5.420736     -12.09892    
  5.420823     -12.07290    
  5.470384     -12.18933    
  5.470471     -12.22364    
  5.517346     -12.35865    
  5.517433     -12.32489    
  5.561899     -12.47196    
  5.561985     -12.48223    
  5.604277     -12.56796    
  5.604364     -12.59842    
  5.644684     -12.67453    
  5.644771     -12.69620    
  6.103027     -13.94811    
  6.321002     -14.55082    
  6.573673     -15.23710    
  6.848341     -15.98230    
  7.135565     -16.77470    
  7.429524     -17.61378    
  7.726975     -18.50388    
  8.026204     -19.48183    
  8.326331     -20.66910    
  8.626909     -23.13945    
  8.927713    -100.00000    
