 0.6989700    -100.00000    
 0.7247828    -100.00000    
 0.7491470    -100.00000    
 0.7722168    -100.00000    
 0.7941226    -100.00000    
 0.8348744    -100.00000    
 0.8721282    -100.00000    
 0.9064373    -100.00000    
 0.9382333    -100.00000    
 0.9678594    -100.00000    
 0.9955930    -100.00000    
  1.021661    -100.00000    
  1.046253     -25.49888    
  1.069527     -23.61034    
  1.091616    -100.00000    
  1.132686    -100.00000    
  1.170205     -19.96756    
  1.204739     -19.00904    
  1.236728     -18.39393    
  1.266522     -17.99959    
  1.294403     -17.76876    
  1.320601     -17.66426    
  1.345308     -17.65941    
  1.368685     -17.73452    
  1.390867     -17.87317    
  1.390954     -15.54121    
  1.407231     -15.10113    
  1.407318     -15.17656    
  1.416604     -15.16130    
  1.416691     -15.15798    
  1.434239     -15.14666    
  1.434325     -15.14910    
  1.438732     -15.15012    
  1.438819     -15.15006    
  1.442990     -15.15276    
  1.443077     -15.15017    
  1.465932     -15.18697    
  1.466019     -15.18993    
  1.466567     -15.19122    
  1.466654     -15.18989    
  1.485460     -15.24391    
  1.485547     -15.24567    
  1.485843     -15.24672    
  1.485930     -15.24612    
  1.502811     -15.30858    
  1.502898     -15.30951    
  1.515152     -15.36127    
  1.515239     -15.36139    
  1.538911     -15.47212    
  1.538998     -15.47301    
  1.541754     -15.48675    
  1.541841     -15.48706    
  1.544410     -15.50002    
  1.544497     -15.50035    
  1.546755     -15.51176    
  1.546842     -15.51115    
  1.568094     -15.62108    
  1.568181     -15.62195    
  1.576102     -15.66507    
  1.576189     -15.66561    
  1.577032     -15.67024    
  1.577119     -15.67073    
  1.586189     -15.72147    
  1.586276     -15.72202    
  1.587530     -15.72892    
  1.587617     -15.72965    
  1.602078     -15.81346    
  1.602165     -15.81378    
  1.604747     -15.82914    
  1.604834     -15.83033    
  1.629405     -15.98075    
  1.629492     -15.98049    
  1.633100     -16.00307    
  1.633187     -16.00381    
  1.643761     -16.07017    
  1.643848     -16.07061    
  1.646889     -16.08965    
  1.646976     -16.09013    
  1.653070     -16.12762    
  1.653157     -16.12912    
  1.667964     -16.21507    
  1.668051     -16.21407    
  1.673067     -16.23896    
  1.673154     -16.23935    
  1.673452     -16.24083    
  1.673539     -16.24269    
  1.683736     -16.28280    
  1.683823     -16.28194    
  1.689301     -16.29556    
  1.689388     -16.29509    
  1.690173     -16.29633    
  1.690260     -16.29650    
  1.691919     -16.29834    
  1.692006     -16.30934    
  1.709636     -16.27024    
  1.709723     -16.25990    
  1.714846     -16.22373    
  1.714933     -16.22188    
  1.717233     -16.20211    
  1.717320     -16.20100    
  1.717576     -16.19862    
  1.717663     -16.19801    
  1.719536     -16.17955    
  1.719623     -16.17879    
  1.721805     -16.15565    
  1.721892     -16.15526    
  1.725295     -16.11493    
  1.725382     -16.11578    
  1.731154     -16.03615    
  1.731241     -16.03294    
  1.731758     -16.02569    
  1.731845     -16.02446    
  1.732294     -16.01788    
  1.732381     -16.01740    
  1.735217     -15.97421    
  1.735304     -15.98676    
  1.746841     -15.78761    
  1.746929     -15.77611    
  1.747807     -15.75994    
  1.747894     -15.76228    
  1.753972     -15.64916    
  1.754058     -15.64523    
  1.756978     -15.59012    
  1.757065     -15.59067    
  1.762907     -15.47610    
  1.762994     -15.47167    
  1.763503     -15.46205    
  1.763590     -15.46041    
  1.765957     -15.41313    
  1.766044     -15.41159    
  1.768505     -15.36255    
  1.768592     -15.36688    
  1.776113     -15.21416    
  1.776200     -15.21016    
  1.781285     -15.10655    
  1.781372     -15.10241    
  1.781946     -15.09070    
  1.782033     -15.09093    
  1.786409     -15.00131    
  1.786495     -14.99812    
  1.788161     -14.96387    
  1.788248     -14.96206    
  1.789372     -14.93878    
  1.789459     -14.93774    
  1.792246     -14.88052    
  1.792333     -14.88670    
  1.800765     -14.70985    
  1.800851     -14.71185    
  1.809708     -14.52446    
  1.809795     -14.51566    
  1.810144     -14.50834    
  1.810231     -14.50810    
  1.814042     -14.42822    
  1.814129     -14.50569    
  1.834747     -14.01841    
  1.834834     -13.98636    
  1.838907     -13.89681    
  1.838994     -13.89349    
  1.840414     -13.86245    
  1.840501     -13.86094    
  1.842703     -13.81260    
  1.842790     -13.81025    
  1.844125     -13.78077    
  1.844212     -13.80779    
  1.857265     -13.50183    
  1.857352     -13.51423    
  1.870233     -13.20026    
  1.870320     -13.18127    
  1.871306     -13.15773    
  1.871393     -13.15562    
  1.872072     -13.13942    
  1.872158     -13.13748    
  1.873424     -13.10713    
  1.873511     -13.11403    
  1.880831     -12.93339    
  1.880918     -12.93182    
  1.887368     -12.76993    
  1.887455     -12.79130    
  1.899003     -12.48223    
  1.899090     -12.47263    
  1.905821     -12.29231    
  1.905908     -12.29021    
  1.911657     -12.13383    
  1.911744     -12.12661    
  1.912227     -12.11352    
  1.912313     -12.11185    
  1.913955     -12.06701    
  1.914042     -12.07501    
  1.924238     -11.95164    
  1.924325     -11.89464    
  1.925856     -11.88660    
  1.925943     -11.87572    
  1.926709     -11.84636    
  1.926796     -11.84877    
  1.926846     -11.84870    
  1.926932     -11.85036    
  1.927461     -11.83481    
  1.927548     -11.83001    
  1.930771     -11.73784    
  1.930858     -11.74144    
  1.933873     -11.66629    
  1.933960     -11.68566    
  1.936983     -11.61806    
  1.937070     -11.59006    
  1.938051     -11.57357    
  1.938138     -11.58180    
  1.940777     -11.48538    
  1.940864     -11.52074    
  1.955697     -11.16858    
  1.955784     -11.12805    
  1.959855     -10.98471    
  1.959942     -10.98128    
  1.963545     -10.89362    
  1.963632     -10.91502    
  1.974225     -10.56330    
  1.974312     -10.54677    
  1.974387     -10.54586    
  1.974474     -10.53933    
  1.977192     -10.43210    
  1.977279     -10.55704    
  1.994212     -9.938135    
  1.994299     -9.902437    
  1.996552     -9.804527    
  1.996639     -9.850171    
  1.997939     -9.378599    
  1.998026     -9.178812    
  2.000182     -9.066303    
  2.000268     -9.104624    
  2.007421     -9.023058    
  2.007508     -9.052515    
  2.009100     -8.511038    
  2.009187     -8.371574    
  2.009352     -8.266559    
  2.009439     -8.215248    
  2.009543     -8.199318    
  2.017372     -8.076436    
  2.017459     -8.548127    
  2.026471     -7.593379    
  2.026558     -7.802847    
  2.028108     -8.086367    
  2.028195     -7.582301    
  2.061043     -7.469386    
  2.061130     -7.246388    
  2.067104     -7.248380    
  2.067191     -7.500650    
  2.068339     -7.941734    
  2.068426     -7.983987    
  2.076209     -7.055237    
  2.076296     -7.425492    
  2.097304     -6.721439    
  2.097391     -6.735029    
  2.100294     -7.033120    
  2.100380     -7.003525    
  2.101519     -6.646001    
  2.101605     -6.634335    
  2.102584     -6.770593    
  2.102671     -6.697206    
  2.104539     -7.425343    
  2.104626     -8.031414    
  2.106101     -7.526391    
  2.106187     -7.755088    
  2.111508     -6.890694    
  2.111595     -6.810045    
  2.111941     -6.712702    
  2.112028     -7.018515    
  2.124942     -6.583847    
  2.125029     -6.631084    
  2.126973     -6.808664    
  2.127060     -6.781794    
  2.127658     -6.736560    
  2.127745     -7.058704    
  2.131986     -6.127801    
  2.132073     -6.231191    
  2.137486     -7.170190    
  2.137573     -6.586188    
  2.141450     -6.375938    
  2.141537     -6.333078    
  2.141662     -6.329062    
  2.141749     -6.252938    
  2.149371     -6.562689    
  2.149458     -6.257811    
  2.154246     -6.116073    
  2.154333     -6.103632    
  2.156640     -6.189705    
  2.156727     -6.165826    
  2.156827     -6.204306    
  2.158960     -6.168747    
  2.159047     -6.106210    
  2.177604     -6.093786    
  2.177690     -6.440217    
  2.181731     -7.229176    
  2.181818     -6.873361    
  2.184198     -6.114107    
  2.184285     -5.972712    
  2.188445     -6.098808    
  2.188532     -6.636084    
  2.191911     -6.312741    
  2.191997     -6.125174    
  2.204170     -5.776503    
  2.204257     -5.610038    
  2.213352     -6.165895    
  2.213439     -6.212250    
  2.217837     -5.769744    
  2.217924     -5.888481    
  2.218030     -5.901479    
  2.218315     -5.921041    
  2.218402     -5.890046    
  2.218688     -6.092173    
  2.218775     -8.184205    
  2.225403     -6.391908    
  2.231931     -5.787857    
  2.232018     -5.921224    
  2.234695     -6.776794    
  2.234781     -6.501604    
  2.239617     -5.691339    
  2.239704     -5.863833    
  2.245345     -5.563474    
  2.245432     -6.073328    
  2.250721     -6.014309    
  2.250808     -5.725017    
  2.252069     -5.376566    
  2.252156     -5.452508    
  2.253696     -5.464586    
  2.253782     -5.349447    
  2.257177     -5.602574    
  2.260545     -5.583720    
  2.260632     -5.887614    
  2.263836     -5.618243    
  2.267016     -5.793939    
  2.267103     -5.751040    
  2.270490     -5.615950    
  2.270577     -5.322562    
  2.271628     -6.112530    
  2.271715     -5.767512    
  2.275818     -5.449042    
  2.275905     -5.726289    
  2.278364     -5.463954    
  2.280809     -5.200415    
  2.280896     -5.138635    
  2.283804     -5.203437    
  2.283891     -5.232812    
  2.284781     -5.373255    
  2.284868     -5.437144    
  2.286288     -5.170003    
  2.286375     -5.163464    
  2.286786     -5.146304    
  2.286873     -5.126674    
  2.289459     -5.269201    
  2.292031     -6.357265    
  2.294586     -5.556820    
  2.297128     -5.124047    
  2.297214     -5.178411    
  2.297982     -5.030880    
  2.298069     -5.046617    
  2.300085     -5.053071    
  2.302092     -5.063156    
  2.304090     -5.040790    
  2.306078     -5.105980    
  2.306165     -5.131973    
  2.308268     -5.063481    
  2.309316     -5.033879    
  2.310361     -4.995509    
  2.311404     -5.045555    
  2.312444     -4.985180    
  2.313482     -5.021988    
  2.314517     -5.107972    
  2.314604     -5.092420    
  2.315597     -5.024765    
  2.315684     -5.055754    
  2.316612     -4.969892    
  2.317538     -5.192712    
  2.318463     -5.438907    
  2.319385     -5.101180    
  2.320305     -4.955432    
  2.321224    -100.00000    
  2.322140     -5.324042    
  2.323055     -4.901409    
  2.323141     -4.814972    
  2.324295     -4.872867    
  2.325445     -4.880775    
  2.326592     -5.178080    
  2.327736     -5.297013    
  2.327823     -5.319286    
  2.328799     -5.217962    
  2.329773     -4.945952    
  2.330745     -4.923913    
  2.331714     -4.960072    
  2.331801     -4.924831    
  2.333101     -4.811009    
  2.333188     -4.829160    
  2.334187     -4.876005    
  2.335184     -4.887972    
  2.336179     -4.901079    
  2.337171     -4.897206    
  2.338161     -4.831658    
  2.339149     -4.944025    
  2.340135     -4.884520    
  2.341118     -4.872941    
  2.341205     -4.886593    
  2.341283     -4.886876    
  2.341370     -4.885316    
  2.341472     -4.877958    
  2.342320     -4.799495    
  2.343166     -4.822382    
  2.344011     -4.830177    
  2.344853     -4.818119    
  2.344940     -4.823090    
  2.345621     -4.848085    
  2.346301     -4.831744    
  2.346979     -4.806487    
  2.347657     -4.799084    
  2.348333     -4.814665    
  2.349009     -4.822119    
  2.349683     -4.808537    
  2.350356     -4.797431    
  2.350443     -4.810773    
  2.351331     -4.838459    
  2.352217     -4.900641    
  2.352659     -4.922607    
  2.353101     -4.803736    
  2.353542     -4.775152    
  2.353983     -4.767452    
  2.354070     -4.750329    
  2.354494     -4.715506    
  2.354917     -4.723694    
  2.355340     -4.755142    
  2.355762     -4.756381    
  2.355849     -4.740224    
  2.356283     -4.725803    
  2.356717     -4.766710    
  2.357149     -4.769978    
  2.357582     -4.737829    
  2.357669     -4.668360    
  2.362936     -4.707417    
  2.363023     -4.808193    
  2.376702     -4.474147    
  2.376789     -4.138658    
  2.381401     -4.138387    
  2.381488     -4.305831    
  2.381574     -4.359995    
  2.381660    -100.00000    
  2.384670     -3.666100    
  2.384757     -3.725616    
  2.387126    -100.00000    
  2.387213     -4.288118    
  2.396615     -3.878865    
  2.405819     -3.590712    
  2.405905     -3.586276    
  2.409345     -3.878180    
  2.409431     -4.254897    
  2.409967     -4.338110    
  2.410054     -4.544156    
  2.411501     -3.717554    
  2.411588     -3.555756    
  2.412778     -3.461059    
  2.412865     -3.486045    
  2.413098     -3.491311    
  2.413185     -3.495958    
  2.417228     -3.582373    
  2.417315     -3.570650    
  2.417448     -3.576699    
  2.417535     -3.679475    
  2.419545     -3.537494    
  2.419632     -3.521512    
  2.424108     -3.532010    
  2.424195     -3.725138    
  2.429911     -3.635484    
  2.429998     -3.579674    
  2.432147     -3.544359    
  2.432234     -3.557832    
  2.433514     -3.566932    
  2.433601     -3.564469    
  2.434762     -3.655526    
  2.434849     -3.675804    
  2.435182     -3.681932    
  2.435269     -3.671399    
  2.435570     -3.625751    
  2.435657     -3.585017    
  2.438099     -3.588533    
  2.438186     -3.604730    
  2.443115     -3.551547    
  2.443202     -3.591227    
  2.448046     -3.631275    
  2.448133     -3.602064    
  2.449372     -3.606729    
  2.449459     -3.689351    
  2.450924     -3.661238    
  2.451011     -3.593838    
  2.456026     -3.689804    
  2.456113     -3.595214    
  2.457105     -3.580153    
  2.457192     -3.587996    
  2.461170     -3.632820    
  2.461257     -3.608414    
  2.466286     -3.801763    
  2.466372     -3.860206    
  2.466976     -3.846257    
  2.467064     -3.681613    
  2.471828     -3.907243    
  2.471915     -3.720961    
  2.476442     -3.764174    
  2.476529     -3.681015    
  2.476628     -3.661557    
  2.476715     -3.646826    
  2.476977     -3.620641    
  2.477064     -3.553959    
  2.483465     -4.014635    
  2.483551     -4.133768    
  2.483824     -3.958905    
  2.483911     -3.912319    
  2.484130     -3.795178    
  2.484217     -3.560288    
  2.487220     -3.550428    
  2.490203     -3.719627    
  2.493165     -3.654069    
  2.496107     -3.696357    
  2.496194     -3.745830    
  2.500074     -3.671341    
  2.503920     -3.655515    
  2.504007     -3.658917    
  2.504069     -3.657005    
  2.504156     -3.649956    
  2.506191     -3.660443    
  2.506278     -3.644872    
  2.508598     -3.641073    
  2.510906     -3.723705    
  2.513202     -3.648209    
  2.515486     -3.688318    
  2.515573     -3.674837    
  2.515719     -3.672781    
  2.515805     -3.673229    
  2.515872     -3.674113    
  2.515959     -3.681649    
  2.516943     -3.664237    
  2.517030     -3.660240    
  2.517941     -3.660680    
  2.518028     -3.647694    
  2.521727     -3.691690    
  2.525387     -3.689662    
  2.529016     -3.712822    
  2.532615     -3.704349    
  2.532701     -3.688871    
  2.536032     -3.698301    
  2.539337     -3.737852    
  2.539424     -3.743526    
  2.543132     -3.710378    
  2.546808     -3.720810    
  2.546895     -3.718596    
  2.547329     -3.719171    
  2.547416     -3.728559    
  2.551118     -3.744792    
  2.551204     -3.728767    
  2.554808     -3.736951    
  2.558382     -3.774898    
  2.558469     -3.789902    
  2.558869     -3.794654    
  2.558956     -3.787081    
  2.561557     -3.742484    
  2.561644     -3.772844    
  2.564082     -3.760742    
  2.566507     -3.769299    
  2.568917     -3.772508    
  2.571315     -3.782648    
  2.571402     -3.776432    
  2.571490     -3.775983    
  2.571576     -3.797324    
  2.574740     -3.786420    
  2.577880     -3.794047    
  2.580998     -3.794403    
  2.584094     -3.814426    
  2.587168     -3.869950    
  2.590220     -3.817900    
  2.593250     -3.855122    
  2.596260     -3.850593    
  2.596347     -3.833714    
  2.597646     -3.836922    
  2.597733     -3.837888    
  2.600542     -3.842774    
  2.603333     -3.850130    
  2.603420     -3.833603    
  2.606239     -3.909541    
  2.606324     -3.909572    
  2.606411     -3.891563    
  2.607237     -3.852142    
  2.607324     -3.859576    
  2.611491     -3.872794    
  2.615617     -3.876900    
  2.615704     -3.878756    
  2.619659     -3.889344    
  2.619746     -3.898788    
  2.620859     -3.890965    
  2.620946     -3.891313    
  2.621962     -3.894448    
  2.622049     -3.897901    
  2.625471     -3.915501    
  2.625557     -3.908232    
  2.626297     -3.908448    
  2.626384     -3.912422    
  2.627024     -3.911613    
  2.627111     -3.901876    
  2.630159     -3.957342    
  2.633186     -3.899080    
  2.633273     -3.920067    
  2.633585     -3.921061    
  2.633672     -3.921610    
  2.636750     -3.931193    
  2.639805     -3.932540    
  2.642840     -3.995068    
  2.645853     -3.936414    
  2.645940     -3.966969    
  2.646436     -3.966430    
  2.646523     -3.964276    
  2.648513     -3.961379    
  2.648600     -3.965198    
  2.650581     -3.965254    
  2.650668     -3.967286    
  2.652023     -3.967203    
  2.652110     -3.967853    
  2.653758     -3.977215    
  2.653845     -3.975119    
  2.654514     -3.975608    
  2.654601     -3.973418    
  2.655848     -4.049917    
  2.655935     -4.012422    
  2.656856     -3.990034    
  2.656943     -3.991342    
  2.659789     -3.988676    
  2.659876     -3.992593    
  2.661632     -4.000171    
  2.661711     -3.995526    
  2.661798     -3.995078    
  2.662838     -4.009400    
  2.662925     -4.001061    
  2.664288     -4.000401    
  2.665620     -4.002948    
  2.666947     -4.007690    
  2.668270     -4.008943    
  2.668357     -4.007874    
  2.669554     -4.015731    
  2.670748     -4.017773    
  2.670835     -4.015213    
  2.671974     -4.025332    
  2.673109     -4.027050    
  2.674242     -4.023997    
  2.675371     -4.027253    
  2.675458     -4.027091    
  2.676824     -4.031427    
  2.676911     -4.032445    
  2.677751     -4.035020    
  2.677838     -4.034379    
  2.679282     -4.038674    
  2.680721     -4.041897    
  2.682155     -4.045008    
  2.683585     -4.048607    
  2.683672     -4.048960    
  2.684694     -4.051235    
  2.685714     -4.054184    
  2.685801     -4.054498    
  2.685988     -4.054989    
  2.686075     -4.055199    
  2.686520     -4.056153    
  2.686607     -4.056341    
  2.687604     -4.059257    
  2.688599     -4.061725    
  2.688686     -4.061767    
  2.689315     -4.063733    
  2.689943     -4.066261    
  2.690571     -4.067278    
  2.691198     -4.068381    
  2.691823     -4.070109    
  2.692448     -4.071984    
  2.693072     -4.073505    
  2.693695     -4.075251    
  2.694317     -4.077558    
  2.694939     -4.079420    
  2.695559     -4.079989    
  2.696179     -4.079251    
  2.696797     -4.146864    
  2.697415     -4.176200    
  2.698032     -4.090822    
  2.698648     -4.087283    
  2.698717     -4.088774    
  2.698803     -4.088995    
  2.699142     -4.089665    
  2.699229     -4.089589    
  2.700077     -4.091783    
  2.700500     -4.095061    
  2.700923     -4.098784    
  2.701345     -4.098393    
  2.701767     -4.097002    
  2.702189     -4.097672    
  2.702610     -4.098699    
  2.702697     -4.098196    
  2.706323     -4.110257    
  2.706410     -4.110012    
  2.708352     -4.114180    
  2.708438     -4.113587    
  2.709271     -4.128683    
  2.709358     -4.132048    
  2.712230     -4.207153    
  2.712317     -4.126777    
  2.716395     -4.135293    
  2.716481     -4.136058    
  2.716568     -4.135851    
  2.718970     -4.144420    
  2.721359     -4.148838    
  2.721446     -4.149192    
  2.721792     -4.150003    
  2.721879     -4.150314    
  2.724957     -4.158452    
  2.725044     -4.158752    
  2.728368     -4.167840    
  2.728455     -4.168074    
  2.728556     -4.168386    
  2.728643     -4.168797    
  2.730036     -4.172421    
  2.730123     -4.172451    
  2.733020     -4.180628    
  2.735898     -4.188367    
  2.735985     -4.188701    
  2.736079     -4.188874    
  2.737059     -4.191183    
  2.737146     -4.191586    
  2.740300     -4.200350    
  2.740387     -4.200547    
  2.744215     -4.211155    
  2.748009     -4.221629    
  2.751770     -4.232198    
  2.755499     -4.242260    
  2.755586     -4.242368    
  2.758474     -4.251460    
  2.758561     -4.251125    
  2.759027     -4.252380    
  2.759113     -4.252691    
  2.759911     -4.254403    
  2.759997     -4.254601    
  2.760747     -4.256685    
  2.760833     -4.257062    
  2.763123     -4.263743    
  2.765400     -4.269722    
  2.765487     -4.270184    
  2.765755     -4.270917    
  2.765842     -4.270907    
  2.768363     -4.278449    
  2.770870     -4.284896    
  2.773363     -4.293219    
  2.775841     -4.298614    
  2.775928     -4.299438    
  2.777541     -4.303747    
  2.777628     -4.304054    
  2.781421     -4.314684    
  2.781508     -4.314912    
  2.784445     -4.323270    
  2.787363     -4.331681    
  2.787450     -4.331642    
  2.789348     -4.337690    
  2.789435     -4.337658    
  2.792054     -4.345336    
  2.792141     -4.345082    
  2.795962     -4.356421    
  2.796049     -4.356840    
  2.798395     -4.356559    
  2.800729     -4.412659    
  2.803050     -4.367879    
  2.805359     -4.383978    
  2.807656     -4.389761    
  2.809941     -4.396649    
  2.812213     -4.403160    
  2.814474     -4.409794    
  2.814561     -4.409913    
  2.815775     -4.413116    
  2.815862     -4.413822    
  2.816430     -4.416473    
  2.816517     -4.416262    
  2.818570     -4.420842    
  2.818657     -4.421185    
  2.821422     -4.430288    
  2.824169     -4.438027    
  2.826900     -4.447519    
  2.829613     -4.454745    
  2.829700     -4.454306    
  2.832139     -4.462498    
  2.834565     -4.470593    
  2.836978     -4.476893    
  2.839377     -4.488342    
  2.839464     -4.484837    
  2.842740     -4.495497    
  2.845992     -4.506842    
  2.846054     -4.505804    
  2.846141     -4.505410    
  2.846320     -4.504960    
  2.846407     -4.504770    
  2.846929     -4.506529    
  2.847016     -4.506023    
  2.850284     -4.516582    
  2.850371     -4.517645    
  2.851107     -4.518254    
  2.851194     -4.518418    
  2.851272     -4.518541    
  2.851359     -4.518677    
  2.851605     -4.519387    
  2.851692     -4.519599    
  2.852969     -4.526029    
  2.853056     -4.514370    
  2.856721     -4.600575    
  2.856808     -4.537139    
  2.860014     -4.546592    
  2.863196     -4.552376    
  2.863283     -4.558594    
  2.866961     -4.565256    
  2.867048     -4.565412    
  2.867158     -4.560416    
  2.871477     -4.591881    
  2.871560     -4.605454    
  2.871647     -4.591021    
  2.874394     -4.592582    
  2.877123     -4.699215    
  2.877210     -4.599998    
  2.879769     -4.603653    
  2.882313     -4.615697    
  2.882400     -4.610912    
  2.882670     -4.611555    
  2.882757     -4.613590    
  2.885337     -4.640055    
  2.885423     -4.695787    
  2.886380     -4.739133    
  2.886467     -4.680107    
  2.886654     -4.650297    
  2.886741     -4.622766    
  2.889314     -4.630482    
  2.889401     -4.636081    
  2.891964     -4.639310    
  2.892051     -4.637977    
  2.893704     -4.687805    
  2.893791     -4.665002    
  2.894071     -4.653721    
  2.894158     -4.649501    
  2.895095     -4.650794    
  2.895182     -4.653094    
  2.896767     -4.661838    
  2.896854     -4.668112    
  2.897787     -4.658522    
  2.897874     -4.658316    
  2.900589     -4.666786    
  2.900676     -4.672321    
  2.902856     -4.679765    
  2.905026     -4.686587    
  2.905113     -4.679326    
  2.908098     -4.708595    
  2.908185     -4.699383    
  2.908477     -4.694518    
  2.908564     -4.692395    
  2.910090     -4.694516    
  2.910176     -4.695381    
  2.913363     -4.706632    
  2.916527     -4.715300    
  2.916614     -4.715606    
  2.916785     -4.716025    
  2.916872     -4.716221    
  2.917171     -4.716987    
  2.917258     -4.717372    
  2.919518     -4.724706    
  2.921765     -4.731071    
  2.921852     -4.731180    
  2.925029     -4.741725    
  2.925116     -4.741580    
  2.925941     -4.744537    
  2.926028     -4.744309    
  2.927554     -4.752439    
  2.927641     -4.752530    
  2.927950     -4.752134    
  2.928037     -4.752089    
  2.928671     -4.754106    
  2.928758     -4.754626    
  2.929127     -4.757658    
  2.929213     -4.758474    
  2.929524     -4.759241    
  2.929611     -4.758681    
  2.930245     -4.758383    
  2.930332     -4.758894    
  2.930604     -4.759683    
  2.930691     -4.759950    
  2.930963     -4.761071    
  2.931050     -4.761474    
  2.934646     -4.770931    
  2.934733     -4.771860    
  2.936807     -4.778532    
  2.936894     -4.779361    
  2.937412     -4.783467    
  2.937499     -4.783734    
  2.937612     -4.784679    
  2.939332     -4.787252    
  2.939418     -4.788682    
  2.941608     -4.794418    
  2.943787     -4.799644    
  2.943874     -4.800559    
  2.945266     -4.804214    
  2.945353     -4.805137    
  2.946273     -4.807616    
  2.946360     -4.807681    
  2.946687     -4.808606    
  2.946774     -4.808294    
  2.949036     -4.819539    
  2.951287     -4.822508    
  2.951374     -4.824533    
  2.953319     -4.829630    
  2.953406     -4.830032    
  2.953750     -4.831609    
  2.953837     -4.831963    
  2.955739     -4.837923    
  2.955826     -4.838748    
  2.956162     -4.839461    
  2.956249     -4.839167    
  2.957620     -4.843371    
  2.957703     -4.843723    
  2.957790     -4.843974    
  2.959196     -4.848698    
  2.959269     -4.848743    
  2.959356     -4.848957    
  2.959520     -4.849365    
  2.959575     -4.849507    
  2.959642     -4.849683    
  2.959729     -4.849916    
  2.959839     -4.850219    
  2.959926     -4.850494    
  2.960694     -4.852651    
  2.960781     -4.852862    
  2.961122     -4.853600    
  2.961209     -4.794823    
  2.965318     -4.828833    
  2.965405     -4.885019    
  2.969227     -4.876474    
  2.969314     -4.833481    
  2.972533     -4.827454    
  2.975728     -4.817975    
  2.975815     -4.789809    
  2.976166     -4.829987    
  2.976253     -4.839951    
  2.979351     -4.843635    
  2.982423     -4.791830    
  2.982509     -4.843490    
  2.982872     -4.830406    
  2.982959     -4.869447    
  2.986873     -4.798033    
  2.990753     -4.886530    
  2.994598     -4.840180    
  2.998409     -4.904203    
  3.002187     -4.855326    
  3.005933     -4.883463    
  3.009646     -4.880244    
  3.013329     -4.982181    
  3.016980     -4.917105    
  3.020600     -4.925539    
  3.024191     -4.959619    
  3.027752     -4.955974    
  3.031285     -4.972103    
  3.034788     -4.976035    
  3.038264     -5.036086    
  3.041713     -5.013687    
  3.041799     -5.007560    
  3.044019     -5.008405    
  3.044106     -5.011275    
  3.046417     -5.020590    
  3.046504     -5.021373    
  3.047266     -5.022652    
  3.047353     -5.015092    
  3.050503     -5.045149    
  3.053630     -5.048272    
  3.056735     -5.054042    
  3.059819     -5.082823    
  3.062880     -5.084022    
  3.065920     -5.092803    
  3.068939     -5.105371    
  3.071937     -5.107056    
  3.072024     -5.101972    
  3.074515     -5.134635    
  3.074602     -5.117718    
  3.077416     -5.123411    
  3.080211     -5.135254    
  3.082988     -5.143938    
  3.085748     -5.159351    
  3.085835     -5.243903    
  3.088164     -5.099355    
  3.088251     -5.138687    
  3.089222     -5.159460    
  3.089309     -5.162969    
  3.091849     -5.171852    
  3.091936     -5.195349    
  3.095352     -6.339405    
  3.095438     -5.279140    
  3.096179     -4.971883    
  3.096266     -5.005682    
  3.099969     -5.233370    
  3.100056     -5.182342    
  3.102791     -5.208826    
  3.105509     -5.220212    
  3.105596     -5.220318    
  3.108813     -5.229337    
  3.112005     -5.239424    
  3.112092     -5.243880    
  3.114687     -5.252604    
  3.114774     -5.249822    
  3.116978     -5.263162    
  3.117065     -5.261530    
  3.118223     -5.267263    
  3.118310     -5.263546    
  3.120853     -5.274879    
  3.123381     -5.284475    
  3.123468     -5.283470    
  3.125997     -5.295357    
  3.126084     -5.300714    
  3.127687     -5.293412    
  3.127774     -5.296284    
  3.129225     -5.301844    
  3.129312     -5.302091    
  3.132455     -5.315859    
  3.135577     -5.327931    
  3.135664     -5.327181    
  3.136182     -5.327428    
  3.136269     -5.327664    
  3.138696     -5.337560    
  3.141109     -5.345081    
  3.141196     -5.347154    
  3.144101     -5.357694    
  3.144188     -5.358072    
  3.144956     -5.362177    
  3.145043     -5.362176    
  3.146758     -5.367074    
  3.146845     -5.367748    
  3.146975     -5.368053    
  3.147795     -5.370324    
  3.147882     -5.370629    
  3.148729     -5.374321    
  3.148816     -5.374644    
  3.150639     -5.380808    
  3.150726     -5.381439    
  3.151276     -5.383381    
  3.151363     -5.383435    
  3.153068     -5.389732    
  3.153155     -5.390238    
  3.153381     -5.390980    
  3.153434     -5.391149    
  3.153521     -5.391407    
  3.155016     -5.396102    
  3.155103     -5.396695    
  3.156074     -5.400084    
  3.156161     -5.400492    
  3.160418     -5.415574    
  3.164633     -5.430664    
  3.164720     -5.430824    
  3.165979     -5.435705    
  3.166066     -5.435674    
  3.168877     -5.445992    
  3.171670     -5.455708    
  3.171756     -5.456155    
  3.173578     -5.462335    
  3.173665     -5.463052    
  3.177077     -5.473893    
  3.180463     -5.486941    
  3.180550     -5.488262    
  3.181960     -5.493401    
  3.182047     -5.493214    
  3.184770     -5.502698    
  3.187477     -5.512589    
  3.187564     -5.512890    
  3.188338     -5.515241    
  3.188425     -5.515559    
  3.189356     -5.519139    
  3.189443     -5.519233    
  3.191119     -5.533586    
  3.191206     -5.531625    
  3.192224     -5.585959    
  3.192311     -5.567496    
  3.194885     -5.524703    
  3.194972     -5.538751    
  3.196916     -5.546176    
  3.197003     -5.546240    
  3.200094     -5.557587    
  3.203162     -5.568324    
  3.203250     -5.568717    
  3.204674     -5.574346    
  3.204761     -5.574406    
  3.207365     -5.583915    
  3.207452     -5.583816    
  3.209994     -5.601266    
  3.212521     -5.614487    
  3.215033     -5.664844    
  3.217531     -5.245081    
  3.217618     -5.249406    
  3.218164     -5.369849    
  3.218251     -5.390847    
  3.218329     -5.408919    
  3.218415     -5.513242    
  3.222657     -5.654783    
  3.226857     -5.654779    
  3.231016     -5.669692    
  3.235137     -5.685710    
  3.239219     -5.702654    
  3.243262     -5.713575    
  3.247269     -5.728154    
  3.251238     -5.742720    
  3.251325     -5.742840    
  3.254391     -5.754156    
  3.257436     -5.765322    
  3.260459     -5.776493    
  3.263462     -5.787359    
  3.263549     -5.787853    
  3.265995     -5.796636    
  3.268428     -5.805599    
  3.270847     -5.814489    
  3.273253     -5.816233    
  3.273340     -5.823251    
  3.276535     -5.835308    
  3.279706     -5.846898    
  3.279793     -5.847176    
  3.281662     -5.854167    
  3.281749     -5.854402    
  3.285833     -5.869479    
  3.285920     -5.869690    
  3.289028     -5.881200    
  3.289115     -5.881539    
  3.291415     -5.889914    
  3.291501     -5.890194    
  3.293929     -5.899240    
  3.296343     -5.908112    
  3.298744     -5.917028    
  3.301132     -5.925746    
  3.301219     -5.926139    
  3.305074     -5.940368    
  3.305161     -5.940460    
  3.305985     -5.943797    
  3.306072     -5.944309    
  3.306887     -5.947074    
  3.306974     -5.947583    
  3.309850     -5.958214    
  3.309937     -5.958280    
  3.310624     -5.961112    
  3.310710     -5.961340    
  3.311825     -5.965037    
  3.311912     -5.965384    
  3.312012     -5.965693    
  3.312099     -5.969857    
  3.314648     -5.957841    
  3.317181     -5.961069    
  3.319700     -5.980788    
  3.322204     -6.002079    
  3.324695     -6.008117    
  3.327170     -6.013715    
  3.329632     -6.021300    
  3.332080     -6.029425    
  3.334514     -6.047242    
  3.336935     -6.041829    
  3.339342     -6.045649    
  3.341736     -6.079387    
  3.344117     -6.054898    
  3.346485     -6.079097    
  3.348840     -6.091060    
  3.351182     -6.086983    
  3.351269     -6.073059    
  3.355367     -6.127672    
  3.359427     -6.114669    
  3.363449     -6.142164    
  3.367434     -6.159114    
  3.367521     -6.147164    
  3.370066     -6.156610    
  3.372596     -6.165632    
  3.375111     -6.174033    
  3.377612     -6.184649    
  3.377699     -6.177357    
  3.380754     -6.224173    
  3.383787     -6.206828    
  3.386800     -6.218777    
  3.389792     -6.230107    
  3.389879     -6.230628    
  3.392466     -6.239810    
  3.395039     -6.249204    
  3.395126     -6.249821    
  3.397959     -6.260094    
  3.398046     -6.260685    
  3.398416     -6.262028    
  3.398503     -6.262163    
  3.400855     -6.270744    
  3.400942     -6.256897    
  3.402428     -6.375012    
  3.402515     -6.306927    
  3.404126     -6.271132    
  3.404213     -6.281864    
  3.406921     -6.293063    
  3.409611     -6.304122    
  3.412285     -6.313170    
  3.414942     -6.323150    
  3.415029     -6.323361    
  3.419186     -6.338857    
  3.423303     -6.354219    
  3.427382     -6.369462    
  3.431422     -6.384514    
  3.431509     -6.384859    
  3.434904     -6.396720    
  3.438273     -6.437817    
  3.441616     -6.412059    
  3.444934     -6.435211    
  3.445021     -6.435123    
  3.447484     -6.444562    
  3.449934     -6.453713    
  3.450021     -6.453938    
  3.452474     -6.463092    
  3.454914     -6.472043    
  3.455001     -6.472599    
  3.457947     -6.483354    
  3.460873     -6.495332    
  3.463780     -6.505367    
  3.466667     -6.516279    
  3.466754     -6.516459    
  3.469505     -6.526742    
  3.469592     -6.527072    
  3.469843     -6.528186    
  3.469930     -6.528662    
  3.471179     -6.532874    
  3.471266     -6.533398    
  3.474100     -6.544017    
  3.474187     -6.544554    
  3.476423     -6.552963    
  3.478648     -6.532350    
  3.480861     -6.573938    
  3.483063     -6.577637    
  3.483150     -6.577826    
  3.485959     -6.588533    
  3.488749     -6.599013    
  3.491522     -6.609382    
  3.494277     -6.619796    
  3.494364     -6.620068    
  3.496766     -6.629167    
  3.499154     -6.638483    
  3.501530     -6.647141    
  3.503893     -6.656092    
  3.506243     -6.671819    
  3.508580     -6.659645    
  3.510905     -6.685245    
  3.513217     -6.690744    
  3.513304     -6.691330    
  3.515963     -6.701437    
  3.518606     -6.711324    
  3.521233     -6.721196    
  3.523845     -6.731005    
  3.526440     -6.740758    
  3.529020     -6.750489    
  3.531585     -6.760233    
  3.534135     -6.769735    
  3.534222     -6.770267    
  3.536649     -6.779306    
  3.539062     -6.788359    
  3.541462     -6.797508    
  3.543849     -6.806610    
  3.543936     -6.807140    
  3.544500     -6.808970    
  3.544586     -6.807509    
  3.547376     -6.819562    
  3.550148     -6.830223    
  3.550235     -6.830315    
  3.552940     -6.841090    
  3.555627     -6.852188    
  3.555714     -6.852367    
  3.556728     -6.856087    
  3.556815     -6.856643    
  3.557696     -6.859643    
  3.557783     -6.860649    
  3.558846     -6.863636    
  3.558933     -6.863626    
  3.559110     -6.864139    
  3.559197     -6.864369    
  3.560851     -6.871097    
  3.560938     -6.871200    
  3.561019     -6.871463    
  3.561106     -6.871745    
  3.561368     -6.872628    
  3.561455     -6.872932    
  3.561549     -6.873265    
  3.561702     -6.873841    
  3.561789     -6.874185    
  3.561899     -6.874634    
  3.561986     -6.875006    
  3.562293     -6.879262    
  3.565681     -6.874816    
  3.565768     -6.875832    
  3.568672     -6.892661    
  3.571556     -6.902584    
  3.574422     -6.918939    
  3.577268     -6.929528    
  3.580096     -6.940513    
  3.582906     -6.951842    
  3.585698     -6.965767    
  3.588471     -6.968125    
  3.591228     -6.982606    
  3.593966     -6.980446    
  3.596688     -7.004040    
  3.599393     -7.004614    
  3.602081     -7.028331    
  3.604752     -7.018275    
  3.607407     -7.052677    
  3.610046     -7.038050    
  3.610133     -7.044145    
  3.612394     -7.050835    
  3.614642     -7.090883    
  3.616880     -7.064483    
  3.619105     -7.076753    
  3.621319     -7.085373    
  3.623523     -7.086894    
  3.625715     -7.131867    
  3.627896     -7.101525    
  3.627982     -7.110362    
  3.630428     -7.119600    
  3.632293     -7.126392    
  3.632379     -7.126952    
  3.635363     -7.138142    
  3.638325     -7.161025    
  3.641268     -7.169425    
  3.644191     -7.171198    
  3.644278     -7.171546    
  3.646967     -7.181745    
  3.649640     -7.191729    
  3.652297     -7.201898    
  3.654938     -7.211894    
  3.655025     -7.211601    
  3.657211     -7.209892    
  3.659385     -7.259648    
  3.659472     -7.251749    
  3.663615     -7.233483    
  3.663702     -7.246524    
  3.666918     -7.248449    
  3.670110     -7.269397    
  3.670197     -7.357380    
  3.674031     -7.083920    
  3.677831     -7.313268    
  3.681598     -7.311793    
  3.685333     -7.325879    
  3.685420     -7.314431    
  3.688862     -7.367659    
  3.688948     -7.386033    
  3.690731     -7.321261    
  3.690818     -7.342952    
  3.691459     -7.347165    
  3.691546     -7.357833    
  3.694812     -7.337015    
  3.694898     -7.336475    
  3.695365     -7.359037    
  3.695452     -7.359845    
  3.695518     -7.360944    
  3.695605     -7.361745    
  3.698701     -7.376424    
  3.701776     -7.387798    
  3.704828     -7.399315    
  3.707860     -7.410714    
  3.710870     -7.422124    
  3.712650     -7.428695    
  3.713860     -7.433302    
  3.716830     -7.444558    
  3.719779     -7.455245    
  3.719866     -7.455916    
  3.723198     -7.468510    
  3.726504     -7.481032    
  3.729786     -7.493363    
  3.733043     -7.505748    
  3.733130     -7.511937    
  3.736895     -7.521473    
  3.740628     -7.535663    
  3.740715     -7.534620    
  3.743507     -7.545077    
  3.746281     -7.555586    
  3.749037     -7.566025    
  3.751777     -7.576249    
  3.751863     -7.576657    
  3.754658     -7.587192    
  3.754745     -7.587415    
  3.755217     -7.589024    
  3.755304     -7.589352    
  3.755522     -7.590196    
  3.755609     -7.591559    
  3.758467     -7.599152    
  3.761306     -7.609514    
  3.764127     -7.620117    
  3.766929     -7.629516    
  3.769713     -7.641094    
  3.772480     -7.651523    
  3.775229     -7.664635    
  3.777961     -7.673941    
  3.778048     -7.672066    
  3.778151     -7.673869    
  3.781161     -7.686683    
  3.784252     -7.698080    
  3.787320     -7.709219    
  3.790368     -7.719206    
  3.793394     -7.733432    
  3.796399     -7.746200    
  3.799384     -7.749901    
  3.802348     -7.770003    
  3.802435     -7.769249    
  3.806009     -7.775185    
  3.806096     -7.775932    
  3.809815     -7.800575    
  3.809902     -7.791112    
  3.811377     -7.797866    
  3.811464     -7.797757    
  3.811517     -7.797967    
  3.811568     -7.798170    
  3.811655     -7.798866    
  3.814154     -7.804649    
  3.816638     -7.827753    
  3.819108     -7.764616    
  3.821564     -7.820057    
  3.821651     -7.831135    
  3.825835     -7.856219    
  3.829979     -7.867157    
  3.834084     -7.883142    
  3.838150     -7.898448    
  3.838237     -7.892548    
  3.840994     -7.918547    
  3.843735     -7.919011    
  3.846458     -7.929654    
  3.849164     -7.939848    
  3.851853     -7.949920    
  3.854526     -7.960414    
  3.857182     -7.976573    
  3.859823     -7.978805    
  3.859910     -7.979200    
  3.862754     -7.990595    
  3.865581     -8.001598    
  3.868389     -8.012000    
  3.871179     -8.022680    
  3.871266     -8.022777    
  3.873695     -8.032018    
  3.876111     -8.041095    
  3.878513     -8.050113    
  3.880902     -8.058738    
  3.880989     -8.064804    
  3.884377     -8.066467    
  3.887739     -8.084544    
  3.891076     -8.097259    
  3.894387     -8.109557    
  3.894474     -8.110089    
  3.898660     -8.125521    
  3.898747     -8.126080    
  3.901486     -8.136204    
  3.904208     -8.146563    
  3.904295     -8.146613    
  3.905384     -8.150690    
  3.905471     -8.151249    
  3.908472     -8.162493    
  3.908559     -8.162707    
  3.912193     -8.176357    
  3.912280     -8.177066    
  3.913068     -8.179683    
  3.913155     -8.179878    
  3.913273     -8.180247    
  3.913714     -8.181853    
  3.913769     -8.182083    
  3.913842     -8.182374    
  3.913889     -8.182560    
  3.913972     -8.182901    
  3.914081     -8.183368    
  3.914168     -8.184693    
  3.916915     -8.191823    
  3.917002     -8.205877    
  3.919240     -8.193207    
  3.921466     -8.210048    
  3.923680     -8.218709    
  3.925884     -8.226300    
  3.928076     -8.235118    
  3.930258     -8.242595    
  3.934588     -8.259282    
  3.938875     -8.275412    
  3.943121     -8.291682    
  3.947325     -8.307190    
  3.951490     -8.322000    
  3.955614     -8.338290    
  3.959700     -8.353228    
  3.963748     -8.367275    
  3.967758     -8.384199    
  3.971732     -8.389672    
  3.975669     -8.406879    
  3.979571     -8.427918    
  3.983439     -8.440043    
  3.983526     -8.441368    
  3.987126     -8.454909    
  3.990697     -8.470709    
  3.994239     -8.480662    
  3.997752     -8.494908    
  3.997838     -8.494567    
  4.000147     -8.503800    
  4.002444     -8.510335    
  4.004728     -8.530646    
  4.007001     -8.409749    
  4.009262     -8.425964    
  4.011511     -8.544598    
  4.013748     -8.552982    
  4.015974     -8.561493    
  4.018189     -8.567942    
  4.020392     -8.584285    
  4.022585     -8.586248    
  4.024766     -8.594685    
  4.029096     -8.611090    
  4.033383     -8.626593    
  4.033470     -8.627053    
  4.034774     -8.632787    
  4.034861     -8.632485    
  4.038365     -8.645233    
  4.038452     -8.644380    
  4.040802     -8.655497    
  4.043140     -8.655557    
  4.045465     -8.673987    
  4.047778     -8.660950    
  4.047865     -8.675866    
  4.051277     -8.694697    
  4.054632     -8.705910    
  4.057962     -8.717060    
  4.061267     -8.730525    
  4.061354     -8.730741    
  4.065579     -8.732241    
  4.069764     -8.722577    
  4.073909     -8.779031    
  4.078015     -8.792325    
  4.078102     -8.790078    
  4.080241     -8.801844    
  4.080328     -8.801337    
  4.080857     -8.802955    
  4.080944     -8.803188    
  4.081009     -8.803372    
  4.081054     -8.803259    
  4.082194     -8.807935    
  4.082281     -8.808150    
  4.084738     -8.817751    
  4.087181     -8.826090    
  4.089611     -8.834409    
  4.092028     -8.845045    
  4.094430     -8.852745    
  4.096820     -8.861173    
  4.099197     -8.870825    
  4.101560     -8.880481    
  4.101647     -8.878409    
  4.104844     -8.892046    
  4.108018     -8.907009    
  4.111169     -8.886584    
  4.114297     -8.927054    
  4.117403     -8.937866    
  4.120486     -8.949976    
  4.123548     -8.959625    
  4.126589     -8.971903    
  4.129608     -8.983577    
  4.132606     -8.992640    
  4.135584     -9.004655    
  4.138542     -9.015439    
  4.141479     -9.027870    
  4.144397     -9.035695    
  4.147296     -9.047649    
  4.150175     -9.057946    
  4.150262     -9.058793    
  4.153103     -9.069136    
  4.155926     -9.079890    
  4.156013     -9.087510    
  4.158103     -9.079043    
  4.158190     -9.087942    
  4.161727     -9.100431    
  4.161814     -9.102212    
  4.163762     -9.108292    
  4.163849     -9.108226    
  4.163959     -9.108587    
  4.164046     -9.108864    
  4.166389     -9.119211    
  4.168720     -9.127569    
  4.171039     -9.119294    
  4.173345     -9.132122    
  4.175640     -9.149648    
  4.177922     -9.162720    
  4.180192     -9.170183    
  4.182450     -9.172372    
  4.184697     -9.187745    
  4.186932     -9.193559    
  4.189156     -9.203100    
  4.191369     -9.210802    
  4.193570     -9.211135    
  4.195760     -9.228159    
  4.197939     -9.238552    
  4.200107     -9.236730    
  4.204411     -9.258081    
  4.208673     -9.272711    
  4.212894     -9.289271    
  4.217074     -9.302691    
  4.221214     -9.320340    
  4.225315     -9.335259    
  4.229377     -9.348440    
  4.233402     -9.356703    
  4.233489     -9.363250    
  4.235773     -9.372069    
  4.238044     -9.381086    
  4.240303     -9.391685    
  4.242551     -9.389533    
  4.244787     -9.407193    
  4.247012     -9.414772    
  4.249225     -9.422378    
  4.251427     -9.428339    
  4.251514     -9.428649    
  4.255198     -9.444638    
  4.258852     -9.459551    
  4.262474     -9.462857    
  4.266067     -9.484500    
  4.266154     -9.483827    
  4.268659     -9.496247    
  4.271149     -9.446504    
  4.273626     -9.225208    
  4.276088     -9.361331    
  4.278536     -9.538820    
  4.280971     -9.537444    
  4.283392     -9.546606    
  4.285800     -9.556489    
  4.288194     -9.565355    
  4.290575     -9.565761    
  4.292943     -9.576671    
  4.295299     -9.589352    
  4.297641     -9.599445    
  4.299971     -9.608295    
  4.302289     -9.615550    
  4.304595     -9.624460    
  4.306888     -9.633403    
  4.309169     -9.639265    
  4.311438     -9.646712    
  4.313695     -9.656622    
  4.315941     -9.664533    
  4.318175     -9.673467    
  4.320398     -9.682670    
  4.322610     -9.689355    
  4.324810     -9.693324    
  4.326999     -9.706867    
  4.329177     -9.710781    
  4.331345     -9.721994    
  4.335647     -9.733793    
  4.339907     -9.732036    
  4.339994     -9.759320    
  4.343342     -9.732971    
  4.346664     -9.779242    
  4.349961     -9.787474    
  4.353233     -9.799356    
  4.353320     -9.801857    
  4.356074     -9.809159    
  4.356161     -9.808452    
  4.357582     -9.812008    
  4.357669     -9.814646    
  4.357779     -9.815330    
  4.357865     -9.816660    
  4.360696     -9.828041    
  4.363507     -9.837991    
  4.366301     -9.846433    
  4.369077     -9.858665    
  4.371835     -9.869274    
  4.374576     -9.868146    
  4.377300     -9.888117    
  4.380006     -9.894239    
  4.382696     -9.906791    
  4.385369     -9.916675    
  4.388026     -9.926450    
  4.390667     -9.935550    
  4.393292     -9.940845    
  4.395901     -9.954602    
  4.398495     -9.963947    
  4.401073     -9.973463    
  4.403636     -9.981583    
  4.406183     -9.990771    
  4.408716     -10.00054    
  4.411235     -10.00393    
  4.413739     -10.01866    
  4.416228     -10.02759    
  4.418703     -10.03612    
  4.421164     -9.997592    
  4.423612     -10.05004    
  4.426045     -10.06254    
  4.428465     -10.06938    
  4.430872     -10.07666    
  4.433266     -10.08577    
  4.435646     -10.09188    
  4.438013     -10.10463    
  4.440368     -10.11344    
  4.440455     -10.11536    
  4.442834     -10.11440    
  4.445201     -10.13485    
  4.445288     -10.13176    
  4.447569     -10.14038    
  4.449839     -10.14934    
  4.452097     -10.13612    
  4.454343     -10.07117    
  4.456578     -10.17551    
  4.458801     -10.18158    
  4.461013     -10.17974    
  4.463213     -10.18370    
  4.465403     -10.20334    
  4.467581     -10.21206    
  4.471906     -10.22364    
  4.476188     -10.24195    
  4.480428     -10.21335    
  4.512937     -10.35916    
  4.513024     -10.37104    
  4.514610     -10.37820    
  4.514697     -10.37812    
  4.515945     -10.38134    
  4.516032     -10.38171    
  4.516141     -10.38206    
  4.516228     -10.38263    
  4.585469     -10.62123    
  4.585556     -10.61492    
  4.648489     -10.83224    
  4.648576     -10.84161    
  4.649548     -10.84549    
  4.649635     -10.84595    
  4.649838     -10.84709    
  4.649925     -10.84751    
  4.650035     -10.84797    
  4.650122     -10.82916    
  4.709765     -11.02545    
  4.709852     -11.04562    
  4.765753     -11.22818    
  4.765822     -11.23741    
  4.765909     -11.23768    
  4.766019     -11.23803    
  4.766106     -11.23090    
  4.818480     -11.41255    
  4.818567     -11.39968    
  4.868094     -11.54394    
  4.868152     -11.57333    
  4.868214     -11.57354    
  4.868324     -11.57392    
  4.868411     -11.53636    
  4.915089     -11.73491    
  4.915176     -11.72609    
  4.959449     -11.86046    
  4.959536     -11.86467    
  4.959642     -11.86449    
  4.959729     -11.86496    
  4.959839     -11.86575    
  4.959925     -11.85724    
  5.002021     -11.96385    
  5.002108     -12.00027    
  5.041986     -12.12358    
  5.042072     -12.12750    
  5.042428     -12.13088    
  5.042515     -12.13140    
  5.042624     -12.13217    
  5.042711     -12.11697    
  5.081038     -12.23925    
  5.081125     -12.22318    
  5.117569     -12.35311    
  5.117655     -12.36607    
  5.118005     -12.36293    
  5.118092     -12.35781    
  5.118201     -12.35974    
  5.118288     -12.29179    
  5.153462     -12.48796    
  5.153549     -12.46437    
  5.187204     -12.57056    
  5.187290     -12.56380    
  5.187529     -12.56315    
  5.187616     -12.56308    
  5.187725     -12.56311    
  5.187812     -12.56210    
  5.251180     -12.73073    
  5.251266     -12.75885    
  5.251931     -12.76154    
  5.252018     -12.76181    
  5.252095     -12.76205    
  5.252182     -12.75844    
  5.311750     -12.92281    
  5.311837     -12.94391    
  5.311944     -12.94546    
  5.312021     -12.94657    
  5.312108     -12.94831    
  5.368079     -13.06921    
  5.368165     -13.09661    
  5.420736     -13.26104    
  5.420823     -13.24791    
  5.470384     -13.37545    
  5.470471     -13.39996    
  5.517346     -13.54258    
  5.517433     -13.52311    
  5.561899     -13.65797    
  5.561985     -13.67247    
  5.604277     -13.77717    
  5.604364     -13.79924    
  5.644684     -13.88836    
  5.644771     -13.90747    
  6.103027     -15.21769    
  6.321002     -15.83876    
  6.573673     -16.54125    
  6.848341     -17.29688    
  7.135565     -18.08016    
  7.429524     -18.88078    
  7.726975     -19.69123    
  8.026204     -20.51224    
  8.326331     -21.34740    
  8.626909     -22.20979    
  8.927713    -100.00000    
