 0.6989700    -100.00000    
 0.7247828    -100.00000    
 0.7491470    -100.00000    
 0.7722168    -100.00000    
 0.7941226    -100.00000    
 0.8348744    -100.00000    
 0.8721282    -100.00000    
 0.9064373    -100.00000    
 0.9382333    -100.00000    
 0.9678594    -100.00000    
 0.9955930    -100.00000    
  1.021661    -100.00000    
  1.046253    -100.00000    
  1.069527     -36.13271    
  1.091616    -100.00000    
  1.132686     -33.24317    
  1.170205     -32.05466    
  1.204739     -31.64676    
  1.236728     -31.72086    
  1.266522     -32.21063    
  1.294403     -33.09838    
  1.320601     -34.43671    
  1.345308    -100.00000    
  1.368685    -100.00000    
  1.390867    -100.00000    
  1.390954     -21.56412    
  1.407231     -21.16131    
  1.407318     -21.24608    
  1.416604     -21.26414    
  1.416691     -20.97263    
  1.434239     -20.93335    
  1.434325     -20.95868    
  1.438732     -20.97351    
  1.438819     -20.97390    
  1.442990     -20.98948    
  1.443077     -20.98590    
  1.465932     -21.11590    
  1.466019     -21.12127    
  1.466567     -21.12521    
  1.466654     -21.12456    
  1.485460     -21.28209    
  1.485547     -21.28394    
  1.485843     -21.28674    
  1.485930     -21.28795    
  1.502811     -21.46682    
  1.502898     -21.46789    
  1.515152     -21.61927    
  1.515239     -21.62559    
  1.538911     -21.97804    
  1.538998     -21.96593    
  1.541754     -22.01133    
  1.541841     -22.01274    
  1.544410     -22.05613    
  1.544497     -22.05756    
  1.546755     -22.09656    
  1.546842     -22.10467    
  1.568094     -22.52354    
  1.568181     -22.50232    
  1.576102     -22.67428    
  1.576189     -22.67213    
  1.577032     -22.69094    
  1.577119     -22.69744    
  1.586189     -22.90939    
  1.586276     -22.90474    
  1.587530     -22.93481    
  1.587617     -22.94983    
  1.602078     -23.32871    
  1.602165     -23.30545    
  1.604747     -23.37461    
  1.604834     -23.41789    
  1.629405     -24.27519    
  1.629492     -24.09564    
  1.633100     -24.20769    
  1.633187     -24.22222    
  1.643761     -24.55315    
  1.643848     -24.53178    
  1.646889     -24.61676    
  1.646976     -24.62270    
  1.653070     -24.77423    
  1.653157     -24.79121    
  1.667964     -25.01323    
  1.668051     -24.98844    
  1.673067     -25.01729    
  1.673154     -25.01614    
  1.673452     -25.01730    
  1.673539     -25.02166    
  1.683736     -25.03406    
  1.683823     -25.03120    
  1.689301     -25.02324    
  1.689388     -25.02243    
  1.690173     -25.02075    
  1.690260     -25.02060    
  1.691919     -25.01674    
  1.692006     -25.02042    
  1.709636     -24.96230    
  1.709723     -24.95937    
  1.714846     -24.94177    
  1.714933     -24.94138    
  1.717233     -24.93385    
  1.717320     -24.93353    
  1.717576     -24.93269    
  1.717663     -24.93240    
  1.719536     -24.92656    
  1.719623     -24.92624    
  1.721805     -24.91964    
  1.721892     -24.91936    
  1.725295     -24.90979    
  1.725382     -24.90947    
  1.731154     -24.89569    
  1.731241     -24.89563    
  1.731758     -24.89457    
  1.731845     -24.89439    
  1.732294     -24.89350    
  1.732381     -24.89331    
  1.735217     -24.88822    
  1.735304     -24.88688    
  1.746841     -24.87723    
  1.746929     -24.87853    
  1.747807     -24.87861    
  1.747894     -24.87818    
  1.753972     -24.88225    
  1.754058     -24.88273    
  1.756978     -24.88699    
  1.757065     -24.88675    
  1.762907     -24.89995    
  1.762994     -24.90072    
  1.763503     -24.90218    
  1.763590     -24.90237    
  1.765957     -24.90987    
  1.766044     -24.91014    
  1.768505     -24.91914    
  1.768592     -24.91867    
  1.776113     -24.95369    
  1.776200     -24.95471    
  1.781285     -24.98507    
  1.781372     -24.98603    
  1.781946     -24.98981    
  1.782033     -24.99017    
  1.786409     -25.02135    
  1.786495     -25.02224    
  1.788161     -25.03525    
  1.788248     -25.03597    
  1.789372     -25.04508    
  1.789459     -25.04577    
  1.792246     -25.06960    
  1.792333     -25.06990    
  1.800765     -25.15261    
  1.800851     -25.15393    
  1.809708     -25.25786    
  1.809795     -25.25907    
  1.810144     -25.26352    
  1.810231     -25.26471    
  1.814042     -25.31507    
  1.814129     -25.32093    
  1.834747     -25.65242    
  1.834834     -25.64366    
  1.838907     -25.71804    
  1.838994     -25.71915    
  1.840414     -25.74586    
  1.840501     -25.74757    
  1.842703     -25.78964    
  1.842790     -25.79118    
  1.844125     -25.81715    
  1.844212     -25.82539    
  1.857265     -26.09840    
  1.857352     -26.09752    
  1.870233     -26.38860    
  1.870320     -26.37597    
  1.871306     -26.39835    
  1.871393     -26.40036    
  1.872072     -26.41557    
  1.872158     -26.41769    
  1.873424     -26.44652    
  1.873511     -26.45194    
  1.880831     -26.61977    
  1.880918     -26.61985    
  1.887368     -26.76593    
  1.887455     -26.77289    
  1.899003     -27.02612    
  1.899090     -27.01716    
  1.905821     -27.15555    
  1.905908     -27.15438    
  1.911657     -27.28711    
  1.911744     -27.29043    
  1.912227     -27.30437    
  1.912313     -27.30671    
  1.913955     -27.35918    
  1.914042     -27.37507    
  1.924238     -27.97022    
  1.924325     -27.91130    
  1.925856     -28.00706    
  1.925943     -28.01092    
  1.926709     -28.05716    
  1.926796     -28.06193    
  1.926846     -28.06489    
  1.926932     -28.07022    
  1.927461     -28.10116    
  1.927548     -28.11410    
  1.930771     -28.27356    
  1.930858     -28.27439    
  1.933873     -28.33315    
  1.933960     -28.33471    
  1.936983     -28.26688    
  1.937070     -28.25406    
  1.938051     -28.20653    
  1.938138     -28.21256    
  1.940777     -28.03773    
  1.940864    -100.00000    
  1.955697     -26.87902    
  1.955784     -26.76556    
  1.959855     -26.38423    
  1.959942     -26.38549    
  1.963545     -26.05481    
  1.963632    -100.00000    
  1.974225     -25.19742    
  1.974312     -25.10471    
  1.974387     -25.09823    
  1.974474     -25.10408    
  1.977192     -24.86672    
  1.977279    -100.00000    
  1.994212     -23.59138    
  1.994299     -23.43960    
  1.996552     -23.25462    
  1.996639     -23.28098    
  1.997939     -23.41013    
  1.998026     -23.36633    
  2.000182     -23.19165    
  2.000268     -23.31589    
  2.007421     -22.64743    
  2.007508     -22.61026    
  2.009100     -22.52711    
  2.009187     -22.51023    
  2.009352     -22.49646    
  2.009439     -22.49021    
  2.009543     -22.64657    
  2.017372     -21.91715    
  2.017459     -22.11140    
  2.026471     -21.23220    
  2.026558     -21.16831    
  2.028108     -21.04620    
  2.028195    -100.00000    
  2.061043     -18.94673    
  2.061130     -18.71392    
  2.067104     -18.27488    
  2.067191     -18.24602    
  2.068339     -18.16983    
  2.068426     -18.26059    
  2.076209     -17.67880    
  2.076296    -100.00000    
  2.097304     -16.55622    
  2.097391     -16.75418    
  2.100294     -16.86466    
  2.100380     -16.79199    
  2.101519     -16.73425    
  2.101605     -16.72963    
  2.102584     -16.67410    
  2.102671     -16.64639    
  2.104539     -16.12505    
  2.104626     -15.80248    
  2.106101     -16.58561    
  2.106187     -16.30944    
  2.111508     -15.73089    
  2.111595     -15.92500    
  2.111941     -15.77545    
  2.112028     -16.98080    
  2.124942     -14.49843    
  2.125029     -13.86816    
  2.126973    -100.00000    
  2.127060     -15.08476    
  2.127658     -14.95696    
  2.127745     -16.04424    
  2.131986     -14.36593    
  2.132073     -13.90077    
  2.137486     -14.80607    
  2.137573     -14.92288    
  2.141450     -14.07808    
  2.141537     -14.10946    
  2.141662     -14.32295    
  2.141749     -13.56523    
  2.149371     -13.87213    
  2.149458     -13.38598    
  2.154246     -13.89432    
  2.154333     -14.17253    
  2.156640     -13.41089    
  2.156727     -13.49975    
  2.156827     -13.65193    
  2.158960     -13.61032    
  2.159047     -12.56749    
  2.177604     -12.58277    
  2.177690     -12.74469    
  2.181731     -12.46649    
  2.181818     -11.90644    
  2.184198     -11.43115    
  2.184285     -12.64757    
  2.188445     -12.61214    
  2.188532     -12.21083    
  2.191911     -12.25066    
  2.191997     -11.54264    
  2.204170     -11.79656    
  2.204257     -12.36755    
  2.213352     -11.39858    
  2.213439     -11.62219    
  2.217837     -12.47286    
  2.217924     -12.17889    
  2.218030     -12.14212    
  2.218315     -12.34653    
  2.218402     -12.51259    
  2.218688     -12.70414    
  2.218775     -11.89844    
  2.225403     -11.49912    
  2.231931     -11.49828    
  2.232018     -12.92427    
  2.234695     -11.92263    
  2.234781     -11.89534    
  2.239617     -12.55697    
  2.239704     -11.08376    
  2.245345     -11.92923    
  2.245432     -11.71791    
  2.250721     -11.47701    
  2.250808     -10.82377    
  2.252069    -100.00000    
  2.252156     -12.98242    
  2.253696     -13.15221    
  2.253782     -11.40858    
  2.257177     -12.38551    
  2.260545     -10.91179    
  2.260632     -11.20284    
  2.263836     -11.71120    
  2.267016     -11.85527    
  2.267103     -12.59996    
  2.270490     -11.59095    
  2.270577     -11.40292    
  2.271628     -11.53715    
  2.271715     -12.53159    
  2.275818     -12.26958    
  2.275905     -12.16775    
  2.278364    -100.00000    
  2.280809     -11.81619    
  2.280896     -11.78212    
  2.283804     -11.68014    
  2.283891     -12.14394    
  2.284781     -12.78657    
  2.284868     -14.05242    
  2.286288     -12.40327    
  2.286375     -12.57545    
  2.286786     -13.24386    
  2.286873     -12.87675    
  2.289459     -12.93999    
  2.292031     -12.77789    
  2.294586     -12.74565    
  2.297128     -13.10968    
  2.297214     -12.80983    
  2.297982    -100.00000    
  2.298069    -100.00000    
  2.300085     -12.65051    
  2.302092     -12.63904    
  2.304090     -12.03307    
  2.306078     -13.52870    
  2.306165     -12.60276    
  2.308268     -13.55687    
  2.309316     -12.03378    
  2.310361     -13.32001    
  2.311404     -12.73098    
  2.312444     -12.70468    
  2.313482     -12.77768    
  2.314517     -12.71856    
  2.314604     -12.80634    
  2.315597     -12.52631    
  2.315684     -12.76304    
  2.316612     -12.66186    
  2.317538     -11.92719    
  2.318463     -11.89853    
  2.319385     -11.59014    
  2.320305     -11.81104    
  2.321224     -13.44449    
  2.322140     -11.49919    
  2.323055     -11.82570    
  2.323141     -12.14043    
  2.324295     -12.45887    
  2.325445     -12.37353    
  2.326592     -12.57442    
  2.327736     -12.37543    
  2.327823     -12.29671    
  2.328799     -12.18546    
  2.329773     -12.07956    
  2.330745     -12.55636    
  2.331714     -11.64411    
  2.331801     -12.18492    
  2.333101     -12.41137    
  2.333188     -12.29996    
  2.334187     -12.29528    
  2.335184     -12.26068    
  2.336179     -12.22751    
  2.337171     -12.21485    
  2.338161     -12.22284    
  2.339149     -12.09179    
  2.340135     -12.06803    
  2.341118     -12.04554    
  2.341205     -12.06172    
  2.341283     -12.07114    
  2.341370     -12.08613    
  2.341472     -12.02317    
  2.342320     -12.05787    
  2.343166     -12.00610    
  2.344011     -12.05089    
  2.344853     -11.99866    
  2.344940     -11.99724    
  2.345621     -11.97980    
  2.346301     -11.96378    
  2.346979     -11.95609    
  2.347657     -11.89246    
  2.348333     -11.88437    
  2.349009     -11.86854    
  2.349683     -11.81436    
  2.350356     -11.87433    
  2.350443     -11.85468    
  2.351331     -11.81256    
  2.352217     -11.88288    
  2.352659     -11.44144    
  2.353101     -11.70119    
  2.353542     -11.92292    
  2.353983     -11.38596    
  2.354070     -11.35115    
  2.354494     -11.72455    
  2.354917     -11.60730    
  2.355340     -11.66906    
  2.355762     -11.31706    
  2.355849     -11.34224    
  2.356283     -11.38892    
  2.356717     -11.61381    
  2.357149     -11.22206    
  2.357582    -100.00000    
  2.357669    -100.00000    
  2.362936     -8.982034    
  2.363023    -100.00000    
  2.376702     -5.289501    
  2.376789     -4.723282    
  2.381401     -4.719074    
  2.381488     -4.746346    
  2.381574     -4.758657    
  2.381660    -100.00000    
  2.384670     -3.962237    
  2.384757     -4.295870    
  2.387126    -100.00000    
  2.387213     -4.779648    
  2.396615     -4.200464    
  2.405819     -3.812994    
  2.405905     -3.767732    
  2.409345     -5.180064    
  2.409431    -100.00000    
  2.409967     -6.230407    
  2.410054    -100.00000    
  2.411501     -3.967264    
  2.411588     -3.767557    
  2.412778     -3.631400    
  2.412865     -3.658236    
  2.413098     -3.661445    
  2.413185     -3.623722    
  2.417228     -3.944824    
  2.417315     -3.958433    
  2.417448     -3.988878    
  2.417535     -4.248250    
  2.419545     -3.751434    
  2.419632     -3.769496    
  2.424108     -3.818291    
  2.424195     -4.154910    
  2.429911     -3.860063    
  2.429998     -3.893790    
  2.432147     -3.813340    
  2.432234     -3.863519    
  2.433514     -3.801141    
  2.433601     -3.836994    
  2.434762     -3.884802    
  2.434849     -3.932515    
  2.435182     -3.966027    
  2.435269     -3.936020    
  2.435570     -3.834570    
  2.435657     -3.744127    
  2.438099     -3.726440    
  2.438186     -3.785898    
  2.443115     -3.736172    
  2.443202     -4.129764    
  2.448046     -4.010952    
  2.448133     -3.917114    
  2.449372     -3.801736    
  2.449459     -3.883598    
  2.450924     -3.758637    
  2.451011     -4.002693    
  2.456026     -3.824624    
  2.456113     -3.741048    
  2.457105     -3.773408    
  2.457192     -3.809753    
  2.461170     -3.902728    
  2.461257     -4.050130    
  2.466286     -4.596488    
  2.466372     -4.227312    
  2.466976     -4.340648    
  2.467064     -4.525898    
  2.471828     -4.143478    
  2.471915     -4.195873    
  2.476442     -3.928864    
  2.476529     -3.817175    
  2.476628     -3.810804    
  2.476715     -3.814745    
  2.476977     -3.801596    
  2.477064     -3.807879    
  2.483465     -4.707036    
  2.483551     -4.357392    
  2.483824     -4.153725    
  2.483911     -4.086546    
  2.484130     -3.933491    
  2.484217     -3.716259    
  2.487220     -3.702496    
  2.490203     -4.057109    
  2.493165     -3.855727    
  2.496107     -4.109462    
  2.496194     -3.784199    
  2.500074     -3.865899    
  2.503920     -3.792036    
  2.504007     -3.779712    
  2.504069     -3.778370    
  2.504156     -3.774743    
  2.506191     -3.791843    
  2.506278     -3.732892    
  2.508598     -4.052658    
  2.510906     -3.710285    
  2.513202     -3.665172    
  2.515486     -3.823560    
  2.515573     -3.766047    
  2.515719     -3.778787    
  2.515805     -3.792617    
  2.515872     -3.801695    
  2.515959     -3.817136    
  2.516943     -3.719304    
  2.517030     -3.713855    
  2.517941     -3.706959    
  2.518028     -3.693602    
  2.521727     -3.791476    
  2.525387     -3.790371    
  2.529016     -3.756558    
  2.532615     -3.728113    
  2.532701     -3.723565    
  2.536032     -3.727294    
  2.539337     -3.773659    
  2.539424     -3.852818    
  2.543132     -3.760235    
  2.546808     -3.758273    
  2.546895     -3.753671    
  2.547329     -3.753080    
  2.547416     -3.779084    
  2.551118     -3.835376    
  2.551204     -3.767224    
  2.554808     -3.757687    
  2.558382     -3.790137    
  2.558469     -3.831774    
  2.558869     -3.842277    
  2.558956     -3.832154    
  2.561557     -3.755351    
  2.561644     -3.777591    
  2.564082     -3.785082    
  2.566507     -3.785894    
  2.568917     -3.784141    
  2.571315     -3.788722    
  2.571402     -3.787758    
  2.571490     -3.787839    
  2.571576     -3.821387    
  2.574740     -3.802655    
  2.577880     -3.800373    
  2.580998     -3.798316    
  2.584094     -3.828940    
  2.587168     -3.908137    
  2.590220     -3.857860    
  2.593250     -3.862799    
  2.596260     -3.865736    
  2.596347     -3.844037    
  2.597646     -3.844638    
  2.597733     -3.843746    
  2.600542     -3.841803    
  2.603333     -3.844039    
  2.603420     -3.822304    
  2.606239     -3.922495    
  2.606324     -3.915505    
  2.606411     -3.898811    
  2.607237     -3.848111    
  2.607324     -3.852743    
  2.611491     -3.860178    
  2.615617     -3.865671    
  2.615704     -3.866465    
  2.619659     -3.872632    
  2.619746     -3.874533    
  2.620859     -3.875943    
  2.620946     -3.876136    
  2.621962     -3.880374    
  2.622049     -3.875853    
  2.625471     -3.904140    
  2.625557     -3.899120    
  2.626297     -3.900764    
  2.626384     -3.902257    
  2.627024     -3.893412    
  2.627111     -3.884298    
  2.630159     -3.947916    
  2.633186     -3.875224    
  2.633273     -3.899335    
  2.633585     -3.900306    
  2.633672     -3.900600    
  2.636750     -3.905678    
  2.639805     -3.902239    
  2.642840     -3.978417    
  2.645853     -3.909042    
  2.645940     -3.950283    
  2.646436     -3.942140    
  2.646523     -3.933784    
  2.648513     -3.927548    
  2.648600     -3.932272    
  2.650581     -3.932711    
  2.650668     -3.934009    
  2.652023     -3.935168    
  2.652110     -3.934792    
  2.653758     -3.941188    
  2.653845     -3.940259    
  2.654514     -3.941330    
  2.654601     -3.941785    
  2.655848     -4.042188    
  2.655935     -3.992233    
  2.656856     -3.946540    
  2.656943     -3.948454    
  2.659789     -3.952593    
  2.659876     -3.953332    
  2.661632     -3.958374    
  2.661711     -3.956135    
  2.661798     -3.956318    
  2.662838     -3.964243    
  2.662925     -3.959957    
  2.664288     -3.959224    
  2.665620     -3.962394    
  2.666947     -3.955122    
  2.668270     -3.943632    
  2.668357     -3.954521    
  2.669554     -3.948663    
  2.670748     -3.965770    
  2.670835     -3.965402    
  2.671974     -3.976329    
  2.673109     -3.979850    
  2.674242     -3.978723    
  2.675371     -3.981304    
  2.675458     -3.981639    
  2.676824     -3.984245    
  2.676911     -3.984549    
  2.677751     -3.987108    
  2.677838     -3.987119    
  2.679282     -3.989947    
  2.680721     -3.993153    
  2.682155     -3.995097    
  2.683585     -3.998505    
  2.683672     -3.998508    
  2.684694     -4.000272    
  2.685714     -4.002901    
  2.685801     -4.003097    
  2.685988     -4.003491    
  2.686075     -4.003673    
  2.686520     -4.004371    
  2.686607     -4.004452    
  2.687604     -4.006470    
  2.688599     -4.009028    
  2.688686     -4.009013    
  2.689315     -4.010249    
  2.689943     -4.011928    
  2.690571     -4.013274    
  2.691198     -4.014131    
  2.691823     -4.015086    
  2.692448     -4.016281    
  2.693072     -4.018207    
  2.693695     -4.019588    
  2.694317     -4.020950    
  2.694939     -4.022495    
  2.695559     -4.023454    
  2.696179     -4.021149    
  2.696797     -4.120576    
  2.697415     -4.127679    
  2.698032     -4.041958    
  2.698648     -4.030166    
  2.698717     -4.032149    
  2.698803     -4.032005    
  2.699142     -4.031657    
  2.699229     -4.031268    
  2.700077     -4.033751    
  2.700500     -4.037950    
  2.700923     -4.043282    
  2.701345     -4.040601    
  2.701767     -4.037612    
  2.702189     -4.037385    
  2.702610     -4.038279    
  2.702697     -4.036880    
  2.706323     -4.050703    
  2.706410     -4.047934    
  2.708352     -4.051648    
  2.708438     -4.051129    
  2.709271     -4.078147    
  2.709358     -4.086377    
  2.712230     -4.156813    
  2.712317     -4.066298    
  2.716395     -4.066860    
  2.716481     -4.068001    
  2.716568     -4.067898    
  2.718970     -4.076758    
  2.721359     -4.077633    
  2.721446     -4.078773    
  2.721792     -4.079439    
  2.721879     -4.079725    
  2.724957     -4.086820    
  2.725044     -4.086731    
  2.728368     -4.094015    
  2.728455     -4.094404    
  2.728556     -4.094585    
  2.728643     -4.094597    
  2.730036     -4.097594    
  2.730123     -4.098109    
  2.733020     -4.104688    
  2.735898     -4.110737    
  2.735985     -4.111063    
  2.736079     -4.111262    
  2.737059     -4.113017    
  2.737146     -4.113349    
  2.740300     -4.120335    
  2.740387     -4.120701    
  2.744215     -4.129161    
  2.748009     -4.137837    
  2.751770     -4.146349    
  2.755499     -4.154659    
  2.755586     -4.155429    
  2.758474     -4.162670    
  2.758561     -4.162017    
  2.759027     -4.162970    
  2.759113     -4.163089    
  2.759911     -4.164635    
  2.759997     -4.164819    
  2.760747     -4.166833    
  2.760833     -4.167113    
  2.763123     -4.172111    
  2.765400     -4.177273    
  2.765487     -4.177660    
  2.765755     -4.178428    
  2.765842     -4.178826    
  2.768363     -4.185398    
  2.770870     -4.189387    
  2.773363     -4.196395    
  2.775841     -4.200210    
  2.775928     -4.201731    
  2.777541     -4.205131    
  2.777628     -4.204933    
  2.781421     -4.215034    
  2.781508     -4.214827    
  2.784445     -4.221912    
  2.787363     -4.228787    
  2.787450     -4.228523    
  2.789348     -4.233697    
  2.789435     -4.233403    
  2.792054     -4.239989    
  2.792141     -4.239894    
  2.795962     -4.249042    
  2.796049     -4.249707    
  2.798395     -4.245100    
  2.800729     -4.316955    
  2.803050     -4.257891    
  2.805359     -4.271756    
  2.807656     -4.277210    
  2.809941     -4.284111    
  2.812213     -4.289046    
  2.814474     -4.294068    
  2.814561     -4.294264    
  2.815775     -4.297343    
  2.815862     -4.298140    
  2.816430     -4.300613    
  2.816517     -4.300433    
  2.818570     -4.303553    
  2.818657     -4.303847    
  2.821422     -4.312040    
  2.824169     -4.318649    
  2.826900     -4.328656    
  2.829613     -4.333384    
  2.829700     -4.332743    
  2.832139     -4.339326    
  2.834565     -4.346152    
  2.836978     -4.352530    
  2.839377     -4.357446    
  2.839464     -4.356448    
  2.842740     -4.365749    
  2.845992     -4.373673    
  2.846054     -4.373717    
  2.846141     -4.373791    
  2.846320     -4.373933    
  2.846407     -4.373982    
  2.846929     -4.375223    
  2.847016     -4.374663    
  2.850284     -4.383503    
  2.850371     -4.384328    
  2.851107     -4.385180    
  2.851194     -4.385318    
  2.851272     -4.385452    
  2.851359     -4.385600    
  2.851605     -4.386294    
  2.851692     -4.386663    
  2.852969     -4.390933    
  2.853056     -4.382235    
  2.856721     -4.471148    
  2.856808     -4.403302    
  2.860014     -4.407415    
  2.863196     -4.415578    
  2.863283     -4.418359    
  2.866961     -4.424910    
  2.867048     -4.425375    
  2.867158     -4.422630    
  2.871477     -4.443327    
  2.871560     -4.450221    
  2.871647     -4.442427    
  2.874394     -4.455581    
  2.877123     -4.541309    
  2.877210     -4.460226    
  2.879769     -4.459146    
  2.882313     -4.466174    
  2.882400     -4.464623    
  2.882670     -4.465109    
  2.882757     -4.653871    
  2.885337     -5.808046    
  2.885423     -4.624900    
  2.886380     -4.225640    
  2.886467     -4.243447    
  2.886654     -4.252127    
  2.886741     -4.268337    
  2.889314     -4.467045    
  2.889401     -4.447946    
  2.891964     -4.484496    
  2.892051     -4.483409    
  2.893704     -4.545752    
  2.893791     -4.514101    
  2.894071     -4.502565    
  2.894158     -4.498343    
  2.895095     -4.497868    
  2.895182     -4.498651    
  2.896767     -4.506239    
  2.896854     -4.508276    
  2.897787     -4.505203    
  2.897874     -4.504746    
  2.900589     -4.513480    
  2.900676     -4.515795    
  2.902856     -4.520974    
  2.905026     -4.525946    
  2.905113     -4.522578    
  2.908098     -4.541469    
  2.908185     -4.535972    
  2.908477     -4.534472    
  2.908564     -4.533464    
  2.910090     -4.536293    
  2.910176     -4.536346    
  2.913363     -4.544603    
  2.916527     -4.553226    
  2.916614     -4.553059    
  2.916785     -4.553497    
  2.916872     -4.553737    
  2.917171     -4.554656    
  2.917258     -4.555031    
  2.919518     -4.560824    
  2.921765     -4.566432    
  2.921852     -4.566811    
  2.925029     -4.575460    
  2.925116     -4.576081    
  2.925941     -4.578011    
  2.926028     -4.577611    
  2.927554     -4.584138    
  2.927641     -4.583967    
  2.927950     -4.584273    
  2.928037     -4.584315    
  2.928671     -4.585312    
  2.928758     -4.585985    
  2.929127     -4.588349    
  2.929213     -4.588821    
  2.929524     -4.589536    
  2.929611     -4.589746    
  2.930245     -4.590288    
  2.930332     -4.590347    
  2.930604     -4.590723    
  2.930691     -4.590883    
  2.930963     -4.591619    
  2.931050     -4.592038    
  2.934646     -4.600606    
  2.934733     -4.601246    
  2.936807     -4.606104    
  2.936894     -4.606274    
  2.937412     -4.607492    
  2.937499     -4.607551    
  2.937612     -4.607063    
  2.939332     -4.613505    
  2.939418     -4.615131    
  2.941608     -4.618407    
  2.943787     -4.625520    
  2.943874     -4.625202    
  2.945266     -4.628808    
  2.945353     -4.629332    
  2.946273     -4.631482    
  2.946360     -4.631683    
  2.946687     -4.632479    
  2.946774     -4.632458    
  2.949036     -4.641040    
  2.951287     -4.645106    
  2.951374     -4.644933    
  2.953319     -4.651012    
  2.953406     -4.651169    
  2.953750     -4.651944    
  2.953837     -4.652304    
  2.955739     -4.656655    
  2.955826     -4.656944    
  2.956162     -4.657764    
  2.956249     -4.657856    
  2.957620     -4.661887    
  2.957703     -4.662588    
  2.957790     -4.663633    
  2.959196     -4.666543    
  2.959269     -4.666258    
  2.959356     -4.666410    
  2.959520     -4.666767    
  2.959575     -4.666903    
  2.959642     -4.667065    
  2.959729     -4.667265    
  2.959839     -4.667472    
  2.959926     -4.667594    
  2.960694     -4.668829    
  2.960781     -4.668975    
  2.961122     -4.669073    
  2.961209     -4.581811    
  2.965318     -4.735154    
  2.965405    -100.00000    
  2.969227     -4.422294    
  2.969314     -4.583597    
  2.972533     -4.640829    
  2.975728     -4.630618    
  2.975815     -4.614027    
  2.976166     -4.657995    
  2.976253     -4.637058    
  2.979351     -4.658671    
  2.982423     -4.698951    
  2.982509     -4.696969    
  2.982872     -4.641272    
  2.982959     -4.666242    
  2.986873     -4.616077    
  2.990753     -4.685053    
  2.994598     -4.648778    
  2.998409     -4.717200    
  3.002187     -4.661281    
  3.005933     -4.688779    
  3.009646     -4.690035    
  3.013329     -4.760517    
  3.016980     -4.741966    
  3.020600     -4.723624    
  3.024191     -4.759612    
  3.027752     -4.753250    
  3.031285     -4.768997    
  3.034788     -4.805945    
  3.038264     -4.787733    
  3.041713     -4.820837    
  3.041799     -4.799271    
  3.044019     -4.806000    
  3.044106     -4.807406    
  3.046417     -4.817075    
  3.046504     -4.818128    
  3.047266     -4.815490    
  3.047353     -4.806845    
  3.050503     -4.838620    
  3.053630     -4.843281    
  3.056735     -4.850300    
  3.059819     -4.872871    
  3.062880     -4.882545    
  3.065920     -4.883237    
  3.068939     -4.901836    
  3.071937     -4.888211    
  3.072024     -4.886513    
  3.074515     -4.919694    
  3.074602     -4.908276    
  3.077416     -4.910541    
  3.080211     -4.925235    
  3.082988     -4.916324    
  3.085748     -5.128913    
  3.085835     -5.085170    
  3.088164     -4.707378    
  3.088251     -4.853245    
  3.089222     -4.915197    
  3.089309     -4.944049    
  3.091849     -4.980525    
  3.091936     -4.994545    
  3.095352     -5.610224    
  3.095438     -4.797061    
  3.096179     -4.554373    
  3.096266     -4.613921    
  3.099969     -5.150485    
  3.100056     -4.970838    
  3.102791     -4.985136    
  3.105509     -5.047159    
  3.105596     -5.051814    
  3.108813     -4.997231    
  3.112005     -4.982974    
  3.112092     -5.002548    
  3.114687     -5.069316    
  3.114774     -5.016284    
  3.116978     -5.007572    
  3.117065     -5.032302    
  3.118223     -5.069020    
  3.118310     -5.036122    
  3.120853     -5.032155    
  3.123381     -5.063244    
  3.123468     -5.070258    
  3.125997     -5.068110    
  3.126084     -5.060131    
  3.127687     -5.073293    
  3.127774     -5.080021    
  3.129225     -5.057664    
  3.129312     -5.066826    
  3.132455     -5.086806    
  3.135577     -5.120517    
  3.135664     -5.106677    
  3.136182     -5.092217    
  3.136269     -5.080700    
  3.138696     -5.133144    
  3.141109     -5.079876    
  3.141196     -5.102192    
  3.144101     -5.132413    
  3.144188     -5.130659    
  3.144956     -5.128774    
  3.145043     -5.126244    
  3.146758     -5.137292    
  3.146845     -5.137474    
  3.146975     -5.137931    
  3.147795     -5.140740    
  3.147882     -5.141067    
  3.148729     -5.144499    
  3.148816     -5.145389    
  3.150639     -5.150612    
  3.150726     -5.151018    
  3.151276     -5.153238    
  3.151363     -5.153594    
  3.153068     -5.160799    
  3.153155     -5.161040    
  3.153381     -5.162033    
  3.153434     -5.162285    
  3.153521     -5.163108    
  3.155016     -5.163513    
  3.155103     -5.163510    
  3.156074     -5.167557    
  3.156161     -5.168910    
  3.160418     -5.182822    
  3.164633     -5.196923    
  3.164720     -5.197893    
  3.165979     -5.201470    
  3.166066     -5.202228    
  3.168877     -5.211615    
  3.171670     -5.221068    
  3.171756     -5.220928    
  3.173578     -5.217149    
  3.173665     -5.220564    
  3.177077     -5.234238    
  3.180463     -5.251018    
  3.180550     -5.250796    
  3.181960     -5.256853    
  3.182047     -5.255637    
  3.184770     -5.264873    
  3.187477     -5.274991    
  3.187564     -5.275389    
  3.188338     -5.277278    
  3.188425     -5.277520    
  3.189356     -5.279910    
  3.189443     -5.843041    
  3.191119     -6.658413    
  3.191206     -5.584516    
  3.192224     -5.174082    
  3.192311     -5.133420    
  3.194885     -5.193405    
  3.194972     -5.231544    
  3.196916     -5.281782    
  3.197003     -5.280071    
  3.200094     -5.317689    
  3.203162     -5.323314    
  3.203250     -5.326581    
  3.204674     -5.332234    
  3.204761     -5.332313    
  3.207365     -5.341432    
  3.207452     -5.341979    
  3.209994     -5.359551    
  3.212521     -5.357456    
  3.215033     -5.763663    
  3.217531     -4.839452    
  3.217618     -4.843375    
  3.218164     -4.969393    
  3.218251     -4.992123    
  3.218329     -5.011273    
  3.218415     -5.140878    
  3.222657     -5.427573    
  3.226857     -5.408984    
  3.231016     -5.422280    
  3.235137     -5.473962    
  3.239219     -5.387452    
  3.243262     -5.464787    
  3.247269     -5.477649    
  3.251238     -5.490199    
  3.251325     -5.491712    
  3.254391     -5.502431    
  3.257436     -5.513291    
  3.260459     -5.522619    
  3.263462     -5.534303    
  3.263549     -5.534090    
  3.265995     -5.542586    
  3.268428     -5.551409    
  3.270847     -5.559070    
  3.273253     -5.555301    
  3.273340     -5.567304    
  3.276535     -5.579261    
  3.279706     -5.590345    
  3.279793     -5.590244    
  3.281662     -5.597402    
  3.281749     -5.597374    
  3.285833     -5.611547    
  3.285920     -5.612005    
  3.289028     -5.622634    
  3.289115     -5.622882    
  3.291415     -5.631114    
  3.291501     -5.631234    
  3.293929     -5.639814    
  3.296343     -5.648289    
  3.298744     -5.656762    
  3.301132     -5.664790    
  3.301219     -5.665293    
  3.305074     -5.678818    
  3.305161     -5.678865    
  3.305985     -5.682100    
  3.306072     -5.682611    
  3.306887     -5.685301    
  3.306974     -5.685099    
  3.309850     -5.695565    
  3.309937     -5.695678    
  3.310624     -5.698075    
  3.310710     -5.698494    
  3.311825     -5.702745    
  3.311912     -5.702786    
  3.312012     -5.702897    
  3.312099     -5.705536    
  3.314648     -5.693968    
  3.317181     -5.696580    
  3.319700     -5.716462    
  3.322204     -5.736668    
  3.324695     -5.742889    
  3.327170     -5.746575    
  3.329632     -5.753378    
  3.332080     -5.760929    
  3.334514     -5.779028    
  3.336935     -5.776260    
  3.339342     -5.774042    
  3.341736     -5.808923    
  3.344117     -5.784664    
  3.346485     -5.812345    
  3.348840     -5.814190    
  3.351182     -5.814788    
  3.351269     -5.802220    
  3.355367     -5.850339    
  3.359427     -5.843676    
  3.363449     -5.869160    
  3.367434     -5.874619    
  3.367521     -5.870646    
  3.370066     -5.882402    
  3.372596     -5.890240    
  3.375111     -5.897647    
  3.377612     -5.908921    
  3.377699     -5.912760    
  3.380754     -5.927055    
  3.383787     -5.929501    
  3.386800     -5.941793    
  3.389792     -5.952410    
  3.389879     -5.952705    
  3.392466     -5.961475    
  3.395039     -5.970601    
  3.395126     -5.970685    
  3.397959     -5.980748    
  3.398046     -5.980755    
  3.398416     -5.982128    
  3.398503     -5.983804    
  3.400855     -5.987987    
  3.400942     -5.994087    
  3.402428     -6.040547    
  3.402515     -5.962924    
  3.404126     -5.993942    
  3.404213     -5.994953    
  3.406921     -6.012100    
  3.409611     -6.022105    
  3.412285     -6.031249    
  3.414942     -6.040887    
  3.415029     -6.040840    
  3.419186     -6.055765    
  3.423303     -6.070278    
  3.427382     -6.084889    
  3.431422     -6.098946    
  3.431509     -6.099571    
  3.434904     -6.110964    
  3.438273     -6.107246    
  3.441616     -6.114961    
  3.444934     -6.147956    
  3.445021     -6.147154    
  3.447484     -6.156354    
  3.449934     -6.165188    
  3.450021     -6.165183    
  3.452474     -6.173972    
  3.454914     -6.182734    
  3.455001     -6.182875    
  3.457947     -6.193530    
  3.460873     -6.203957    
  3.463780     -6.214255    
  3.466667     -6.224484    
  3.466754     -6.224623    
  3.469505     -6.234918    
  3.469592     -6.234937    
  3.469843     -6.235707    
  3.469930     -6.235903    
  3.471179     -6.240691    
  3.471266     -6.241080    
  3.474100     -6.251125    
  3.474187     -6.251493    
  3.476423     -6.260446    
  3.478648     -6.223992    
  3.480861     -6.280346    
  3.483063     -6.283069    
  3.483150     -6.283213    
  3.485959     -6.293514    
  3.488749     -6.303316    
  3.491522     -6.313536    
  3.494277     -6.323478    
  3.494364     -6.323356    
  3.496766     -6.332346    
  3.499154     -6.341262    
  3.501530     -6.349614    
  3.503893     -6.358983    
  3.506243     -6.385802    
  3.508580     -6.205265    
  3.510905     -6.391776    
  3.513217     -6.390962    
  3.513304     -6.390401    
  3.515963     -6.401457    
  3.518606     -6.410957    
  3.521233     -6.420356    
  3.523845     -6.429725    
  3.526440     -6.439133    
  3.529020     -6.448360    
  3.531585     -6.457638    
  3.534135     -6.466969    
  3.534222     -6.467029    
  3.536649     -6.475905    
  3.539062     -6.485404    
  3.541462     -6.494417    
  3.543849     -6.460697    
  3.543936     -6.444001    
  3.544500     -6.457043    
  3.544586     -6.467578    
  3.547376     -6.514683    
  3.550148     -6.524400    
  3.550235     -6.524192    
  3.552940     -6.534983    
  3.555627     -6.546300    
  3.555714     -6.545668    
  3.556728     -6.549687    
  3.556815     -6.550114    
  3.557696     -6.553517    
  3.557783     -6.554538    
  3.558846     -6.556312    
  3.558933     -6.556539    
  3.559110     -6.557066    
  3.559197     -6.557305    
  3.560851     -6.563817    
  3.560938     -6.563866    
  3.561019     -6.564099    
  3.561106     -6.564344    
  3.561368     -6.565129    
  3.561455     -6.565403    
  3.561549     -6.565700    
  3.561702     -6.566209    
  3.561789     -6.566515    
  3.561899     -6.566915    
  3.561986     -6.567250    
  3.562293     -6.571707    
  3.565681     -6.565852    
  3.565768     -6.566679    
  3.568672     -6.584121    
  3.571556     -6.593318    
  3.574422     -6.609290    
  3.577268     -6.617797    
  3.580096     -6.629861    
  3.582906     -6.639029    
  3.585698     -6.652455    
  3.588471     -6.654898    
  3.591228     -6.669127    
  3.593966     -6.664144    
  3.596688     -6.686641    
  3.599393     -6.692303    
  3.602081     -6.704482    
  3.604752     -6.701815    
  3.607407     -6.731844    
  3.610046     -6.723487    
  3.610133     -6.723412    
  3.612394     -6.732875    
  3.614642     -6.769615    
  3.616880     -6.737055    
  3.619105     -6.757488    
  3.621319     -6.767029    
  3.623523     -6.767581    
  3.625715     -6.800651    
  3.627896     -6.784770    
  3.627982     -6.786990    
  3.630428     -6.799085    
  3.632293     -6.806559    
  3.632379     -6.806337    
  3.635363     -6.817390    
  3.638325     -6.835971    
  3.641268     -6.825290    
  3.644191     -6.849811    
  3.644278     -6.848574    
  3.646967     -6.858644    
  3.649640     -6.868216    
  3.652297     -6.877603    
  3.654938     -6.886692    
  3.655025     -6.886839    
  3.657211     -6.882141    
  3.659385     -6.930471    
  3.659472     -6.892027    
  3.663615     -6.914977    
  3.663702     -6.941985    
  3.666918     -6.896208    
  3.670110     -6.945313    
  3.670197     -7.128153    
  3.674031     -6.554571    
  3.677831     -7.009085    
  3.681598     -6.983953    
  3.685333     -6.996771    
  3.685420     -6.999020    
  3.688862     -6.993291    
  3.688948     -6.933849    
  3.690731     -6.972973    
  3.690818     -6.994635    
  3.691459     -7.009952    
  3.691546     -7.025908    
  3.694812     -6.995790    
  3.694898     -6.994905    
  3.695365     -7.021516    
  3.695452     -7.023644    
  3.695518     -7.025558    
  3.695605     -7.028015    
  3.698701     -7.044622    
  3.701776     -7.055400    
  3.704828     -7.066458    
  3.707860     -7.077352    
  3.710870     -7.088103    
  3.712650     -7.094324    
  3.713860     -7.098907    
  3.716830     -7.110045    
  3.719779     -7.112222    
  3.719866     -7.118466    
  3.723198     -7.130870    
  3.726504     -7.144878    
  3.729786     -7.156165    
  3.733043     -7.167838    
  3.733130     -7.183497    
  3.736895     -7.116782    
  3.740628     -7.203608    
  3.740715     -7.194495    
  3.743507     -7.205448    
  3.746281     -7.215538    
  3.749037     -7.225372    
  3.751777     -7.235268    
  3.751863     -7.235551    
  3.754658     -7.245504    
  3.754745     -7.245521    
  3.755217     -7.247474    
  3.755304     -7.247833    
  3.755522     -7.248762    
  3.755609     -7.249915    
  3.758467     -7.257227    
  3.761306     -7.267851    
  3.764127     -7.275090    
  3.766929     -7.278815    
  3.769713     -7.296391    
  3.772480     -7.307189    
  3.775229     -7.319408    
  3.777961     -7.326836    
  3.778048     -7.325558    
  3.778151     -7.328742    
  3.781161     -7.339799    
  3.784252     -7.351223    
  3.787320     -7.361385    
  3.790368     -7.370436    
  3.793394     -7.383120    
  3.796399     -7.396545    
  3.799384     -7.398878    
  3.802348     -7.421078    
  3.802435     -7.412312    
  3.806009     -7.425355    
  3.806096     -7.422686    
  3.809815     -7.442168    
  3.809902     -7.434857    
  3.811377     -7.446584    
  3.811464     -7.445602    
  3.811517     -7.445799    
  3.811568     -7.445981    
  3.811655     -7.445599    
  3.814154     -7.450437    
  3.816638     -7.513848    
  3.819108     -7.172208    
  3.821564     -7.428335    
  3.821651     -7.448092    
  3.825835     -7.502071    
  3.829979     -7.507917    
  3.834084     -7.527853    
  3.838150     -7.541778    
  3.838237     -7.539505    
  3.840994     -7.546821    
  3.843735     -7.560162    
  3.846458     -7.572133    
  3.849164     -7.580938    
  3.851853     -7.592845    
  3.854526     -7.580650    
  3.857182     -7.606732    
  3.859823     -7.593828    
  3.859910     -7.613539    
  3.862754     -7.630128    
  3.865581     -7.639396    
  3.868389     -7.649387    
  3.871179     -7.659605    
  3.871266     -7.659478    
  3.873695     -7.668306    
  3.876111     -7.676862    
  3.878513     -7.685437    
  3.880902     -7.693305    
  3.880989     -7.690830    
  3.884377     -7.679126    
  3.887739     -7.718233    
  3.891076     -7.730172    
  3.894387     -7.741545    
  3.894474     -7.741993    
  3.898660     -7.756870    
  3.898747     -7.756956    
  3.901486     -7.766802    
  3.904208     -7.776629    
  3.904295     -7.776111    
  3.905384     -7.780724    
  3.905471     -7.781180    
  3.908472     -7.791362    
  3.908559     -7.791846    
  3.912193     -7.804833    
  3.912280     -7.805075    
  3.913068     -7.807418    
  3.913155     -7.807761    
  3.913273     -7.808225    
  3.913714     -7.810005    
  3.913769     -7.810242    
  3.913842     -7.810561    
  3.913889     -7.810765    
  3.913972     -7.811134    
  3.914081     -7.811590    
  3.914168     -7.815090    
  3.916915     -7.813169    
  3.917002     -7.812745    
  3.919240     -7.780667    
  3.921466     -7.838621    
  3.923680     -7.846573    
  3.925884     -7.854262    
  3.928076     -7.862105    
  3.930258     -7.869407    
  3.934588     -7.884794    
  3.938875     -7.899530    
  3.943121     -7.912674    
  3.947325     -7.928634    
  3.951490     -7.940678    
  3.955614     -7.957288    
  3.959700     -7.969660    
  3.963748     -7.985998    
  3.967758     -7.998052    
  3.971732     -7.958987    
  3.975669     -8.006124    
  3.979571     -8.046235    
  3.983439     -8.039402    
  3.983526     -8.050350    
  3.987126     -8.070137    
  3.990697     -8.081396    
  3.994239     -8.088042    
  3.997752     -8.107200    
  3.997838     -8.107618    
  4.000147     -8.115378    
  4.002444     -8.123595    
  4.004728     -8.177824    
  4.007001     -7.723908    
  4.009262     -7.873852    
  4.011511     -8.143116    
  4.013748     -8.157281    
  4.015974     -8.170064    
  4.018189     -8.176845    
  4.020392     -8.170854    
  4.022585     -8.190807    
  4.024766     -8.201013    
  4.029096     -8.216438    
  4.033383     -8.231271    
  4.033470     -8.228005    
  4.034774     -8.246831    
  4.034861     -8.236767    
  4.038365     -8.242005    
  4.038452     -8.248456    
  4.040802     -8.220478    
  4.043140     -8.243040    
  4.045465     -8.276784    
  4.047778     -8.253895    
  4.047865     -8.274521    
  4.051277     -8.296373    
  4.054632     -8.308039    
  4.057962     -8.313107    
  4.061267     -8.330614    
  4.061354     -8.330833    
  4.065579     -8.298605    
  4.069764     -8.207676    
  4.073909     -8.384868    
  4.078015     -8.388116    
  4.078102     -8.385007    
  4.080241     -8.396284    
  4.080328     -8.395865    
  4.080857     -8.397751    
  4.080944     -8.398034    
  4.081009     -8.398234    
  4.081054     -8.398181    
  4.082194     -8.401383    
  4.082281     -8.400764    
  4.084738     -8.409390    
  4.087181     -8.418218    
  4.089611     -8.423942    
  4.092028     -8.434148    
  4.094430     -8.444369    
  4.096820     -8.446747    
  4.099197     -8.461980    
  4.101560     -8.465496    
  4.101647     -8.462814    
  4.104844     -8.482440    
  4.108018     -8.485143    
  4.111169     -8.400188    
  4.114297     -8.511827    
  4.117403     -8.524730    
  4.120486     -8.531023    
  4.123548     -8.539908    
  4.126589     -8.554635    
  4.129608     -8.564428    
  4.132606     -8.568673    
  4.135584     -8.584021    
  4.138542     -8.597274    
  4.141479     -8.601897    
  4.144397     -8.608264    
  4.147296     -8.625169    
  4.150175     -8.636151    
  4.150262     -8.636509    
  4.153103     -8.646900    
  4.155926     -8.651524    
  4.156013     -8.654973    
  4.158103     -8.638842    
  4.158190     -8.655842    
  4.161727     -8.673458    
  4.161814     -8.676014    
  4.163762     -8.682957    
  4.163849     -8.683134    
  4.163959     -8.683471    
  4.164046     -8.683221    
  4.166389     -8.693373    
  4.168720     -8.712491    
  4.171039     -8.606616    
  4.173345     -8.682729    
  4.175640     -8.699015    
  4.177922     -8.736893    
  4.180192     -8.741766    
  4.182450     -8.742609    
  4.184697     -8.756222    
  4.186932     -8.764050    
  4.189156     -8.771651    
  4.191369     -8.780054    
  4.193570     -8.775921    
  4.195760     -8.797310    
  4.197939     -8.790381    
  4.200107     -8.788616    
  4.204411     -8.823546    
  4.208673     -8.834262    
  4.212894     -8.851111    
  4.217074     -8.861897    
  4.221214     -8.876855    
  4.225315     -8.897126    
  4.229377     -8.882325    
  4.233402     -8.898778    
  4.233489     -8.913395    
  4.235773     -8.927171    
  4.238044     -8.938913    
  4.240303     -8.946466    
  4.242551     -8.932672    
  4.244787     -8.958754    
  4.247012     -8.967728    
  4.249225     -8.977646    
  4.251427     -8.969058    
  4.251514     -8.977756    
  4.255198     -8.995004    
  4.258852     -9.013806    
  4.262474     -8.997006    
  4.266067     -9.032301    
  4.266154     -9.032166    
  4.268659     -9.061181    
  4.271149     -8.823415    
  4.273626     -8.542411    
  4.276088     -8.713745    
  4.278536     -9.077667    
  4.280971     -9.080261    
  4.283392     -9.092411    
  4.285800     -9.101823    
  4.288194     -9.112318    
  4.290575     -9.087412    
  4.292943     -9.107905    
  4.295299     -9.131595    
  4.297641     -9.142010    
  4.299971     -9.149529    
  4.302289     -9.157336    
  4.304595     -9.164518    
  4.306888     -9.172564    
  4.309169     -9.180849    
  4.311438     -9.161796    
  4.313695     -9.189189    
  4.315941     -9.200446    
  4.318175     -9.210868    
  4.320398     -9.218734    
  4.322610     -9.223740    
  4.324810     -9.225895    
  4.326999     -9.239736    
  4.329177     -9.237717    
  4.331345     -9.254935    
  4.335647     -9.253088    
  4.339907     -9.225399    
  4.339994     -9.279381    
  4.343342     -9.181662    
  4.346664     -9.309261    
  4.349961     -9.313340    
  4.353233     -9.326373    
  4.353320     -9.327927    
  4.356074     -9.331997    
  4.356161     -9.325026    
  4.357582     -9.330791    
  4.357669     -9.336066    
  4.357779     -9.337238    
  4.357865     -9.340356    
  4.360696     -9.349364    
  4.363507     -9.365399    
  4.366301     -9.363679    
  4.369077     -9.383167    
  4.371835     -9.361168    
  4.374576     -9.375676    
  4.377300     -9.406881    
  4.380006     -9.407687    
  4.382696     -9.422986    
  4.385369     -9.435456    
  4.388026     -9.443821    
  4.390667     -9.453201    
  4.393292     -9.445449    
  4.395901     -9.466013    
  4.398495     -9.477041    
  4.401073     -9.487727    
  4.403636     -9.495148    
  4.406183     -9.503864    
  4.408716     -9.513882    
  4.411235     -9.496621    
  4.413739     -9.524003    
  4.416228     -9.536472    
  4.418703     -9.557892    
  4.421164     -9.412039    
  4.423612     -9.537984    
  4.426045     -9.569922    
  4.428465     -9.572575    
  4.430872     -9.581192    
  4.433266     -9.569076    
  4.435646     -9.585952    
  4.438013     -9.604898    
  4.440368     -9.617763    
  4.440455     -9.621327    
  4.442834     -9.606784    
  4.445201     -9.638267    
  4.445288     -9.631858    
  4.447569     -9.642482    
  4.449839     -9.654356    
  4.452097     -9.560347    
  4.454343     -9.467177    
  4.456578     -9.672480    
  4.458801     -9.679296    
  4.461013     -9.649200    
  4.463213     -9.659775    
  4.465403     -9.698145    
  4.467581     -9.710526    
  4.471906     -9.713767    
  4.476188     -9.732573    
  4.480428     -9.626546    
  4.512937     -9.814697    
  4.513024     -9.854753    
  4.514610     -9.860195    
  4.514697     -9.860670    
  4.515945     -9.864444    
  4.516032     -9.864009    
  4.516141     -9.864170    
  4.516228     -9.860031    
  4.585469     -10.07451    
  4.585556     -10.05705    
  4.648489     -10.25547    
  4.648576     -10.28262    
  4.649548     -10.28494    
  4.649635     -10.28742    
  4.649838     -10.28976    
  4.649925     -10.29065    
  4.650035     -10.29168    
  4.650122     -10.25106    
  4.709765     -10.43334    
  4.709852     -10.47093    
  4.765753     -10.61867    
  4.765822     -10.65654    
  4.765909     -10.65688    
  4.766019     -10.65739    
  4.766106     -10.63829    
  4.818480     -10.82074    
  4.818567     -10.79306    
  4.868094     -10.90451    
  4.868152     -10.97204    
  4.868214     -10.97227    
  4.868324     -10.97323    
  4.868411     -10.88246    
  4.915089     -11.14185    
  4.915176     -11.11897    
  4.959449     -11.23709    
  4.959536     -11.24811    
  4.959642     -11.24747    
  4.959729     -11.24760    
  4.959839     -11.24810    
  4.959925     -11.23070    
  5.002021     -11.26052    
  5.002108     -11.37888    
  5.041986     -11.49515    
  5.042072     -11.50742    
  5.042428     -11.51231    
  5.042515     -11.51244    
  5.042624     -11.51254    
  5.042711     -11.47670    
  5.081038     -11.60112    
  5.081125     -11.56743    
  5.117569     -11.71519    
  5.117655     -11.73919    
  5.118005     -11.73580    
  5.118092     -11.72987    
  5.118201     -11.72512    
  5.118288     -11.59311    
  5.153462     -11.87795    
  5.153549     -11.82382    
  5.187204     -11.93139    
  5.187290     -11.91731    
  5.187529     -11.91758    
  5.187616     -11.91784    
  5.187725     -11.91819    
  5.187812     -11.91145    
  5.251180     -12.05396    
  5.251266     -12.10940    
  5.251931     -12.11260    
  5.252018     -12.11265    
  5.252095     -12.11283    
  5.252182     -12.10616    
  5.311750     -12.25384    
  5.311837     -12.29548    
  5.311944     -12.29726    
  5.312021     -12.29866    
  5.312108     -12.30208    
  5.368079     -12.38961    
  5.368165     -12.43123    
  5.420736     -12.60527    
  5.420823     -12.57909    
  5.470384     -12.69675    
  5.470471     -12.73678    
  5.517346     -12.87464    
  5.517433     -12.84258    
  5.561899     -12.99079    
  5.561985     -13.00338    
  5.604277     -13.09252    
  5.604364     -13.12744    
  5.644684     -13.20325    
  5.644771     -13.22888    
  6.103027     -14.50785    
  6.321002     -15.11775    
  6.573673     -15.82038    
  6.848341     -16.59595    
  7.135565     -17.41979    
  7.429524     -18.26547    
  7.726975     -19.11384    
  8.026204     -19.96965    
  8.326331     -20.84572    
  8.626909     -21.76478    
  8.927713    -100.00000    
