 0.6989700    -100.00000    
 0.7247828    -100.00000    
 0.7491470    -100.00000    
 0.7722168    -100.00000    
 0.7941226    -100.00000    
 0.8348744    -100.00000    
 0.8721282    -100.00000    
 0.9064373    -100.00000    
 0.9382333    -100.00000    
 0.9678594     -88.86401    
 0.9955930     -88.02495    
  1.021661     -87.68080    
  1.046253     -87.64408    
  1.069527     -87.81853    
  1.091616     -88.17785    
  1.132686     -89.50701    
  1.170205    -100.00000    
  1.204739    -100.00000    
  1.236728    -100.00000    
  1.266522    -100.00000    
  1.294403    -100.00000    
  1.320601    -100.00000    
  1.345308    -100.00000    
  1.368685    -100.00000    
  1.390867     -82.52976    
  1.390954    -100.00000    
  1.416604    -100.00000    
  1.416691     -41.54822    
  1.442990     -41.51874    
  1.443077     -41.44500    
  1.465932     -41.52447    
  1.466019     -41.54633    
  1.485843     -41.69789    
  1.485930     -41.70609    
  1.517406     -42.06045    
  1.546755     -42.48773    
  1.546842     -42.44870    
  1.576102     -42.76340    
  1.576189    -100.00000    
  1.604747     -41.50949    
  1.604834    -100.00000    
  1.638223     -41.11227    
  1.669228     -39.15773    
  1.698166     -38.29392    
  1.725295     -37.80893    
  1.725382     -37.80041    
  1.731758     -37.72658    
  1.731845     -37.71792    
  1.759983     -37.53593    
  1.786409     -37.57422    
  1.786495     -37.58019    
  1.816265     -37.85771    
  1.844125     -38.31284    
  1.844212     -38.31839    
  1.873424     -38.93688    
  1.873511     -39.26359    
  1.905821     -39.36053    
  1.905908    -100.00000    
  1.913955     -37.84580    
  1.914042    -100.00000    
  1.926709     -36.47130    
  1.926796     -36.30922    
  1.927461     -36.23623    
  1.927548    -100.00000    
  1.962158    -100.00000    
  1.994212     -29.74872    
  1.994299    -100.00000    
  1.996552     -26.56930    
  1.996639     -26.14057    
  1.997939    -100.00000    
  1.998026     -25.27880    
  2.007421    -100.00000    
  2.007508     -23.11585    
  2.028108    -100.00000    
  2.028195    -100.00000    
  2.061043    -100.00000    
  2.061130    -100.00000    
  2.097304     -21.37386    
  2.097391     -20.81480    
  2.101519    -100.00000    
  2.101605     -21.50775    
  2.102584     -20.87760    
  2.102671     -20.91098    
  2.106101     -20.63666    
  2.106187     -20.72052    
  2.111508     -20.24724    
  2.111595     -20.16282    
  2.111941     -20.62690    
  2.112028    -100.00000    
  2.126973     -19.12333    
  2.127060     -19.72021    
  2.127658     -19.57280    
  2.127745     -19.40865    
  2.137486     -18.83684    
  2.137573     -18.90733    
  2.149371     -18.14599    
  2.149458     -18.02938    
  2.156741     -17.82788    
  2.156827     -17.88409    
  2.158960     -17.56960    
  2.159047     -16.78480    
  2.177604     -16.39705    
  2.177690     -16.50216    
  2.181731     -16.15883    
  2.181818     -15.39345    
  2.188445     -16.67031    
  2.188532     -15.89662    
  2.204170     -15.03242    
  2.204257     -15.01369    
  2.211100     -14.60938    
  2.217837     -14.38984    
  2.217924     -14.32227    
  2.218030     -14.39401    
  2.218315     -15.38855    
  2.218402     -15.06308    
  2.218688     -15.07339    
  2.218775     -15.04745    
  2.226808     -14.60079    
  2.234695     -14.18036    
  2.234781     -14.17327    
  2.239617     -13.94347    
  2.239704     -14.61827    
  2.245345     -14.56431    
  2.245432     -14.46924    
  2.250721     -14.29890    
  2.250808     -14.29176    
  2.253696     -15.64283    
  2.253782     -14.15313    
  2.257129     -13.85067    
  2.260450     -13.77555    
  2.263745     -14.44984    
  2.267016     -13.86420    
  2.267103     -14.10813    
  2.270490     -14.19250    
  2.270577     -14.25074    
  2.271628     -14.17487    
  2.271715     -13.57671    
  2.275818     -13.61189    
  2.275905     -13.63992    
  2.277893     -14.12337    
  2.279873     -13.69229    
  2.281843     -13.96454    
  2.283804     -13.94392    
  2.283891     -13.93767    
  2.286288     -14.45704    
  2.286375     -14.40951    
  2.286786     -14.05939    
  2.286873     -12.57267    
  2.289459     -13.42409    
  2.292031     -13.28324    
  2.294586     -13.03583    
  2.297128     -13.64197    
  2.297214     -13.77366    
  2.297982     -13.92780    
  2.298069    -100.00000    
  2.300085     -12.26870    
  2.302092     -14.41229    
  2.304090    -100.00000    
  2.306078     -13.56209    
  2.306165     -13.85182    
  2.308268     -13.96177    
  2.309316     -13.43216    
  2.310361     -14.01287    
  2.311404     -13.19366    
  2.312444     -13.31358    
  2.313482     -13.80480    
  2.314517     -13.59887    
  2.314604     -13.70261    
  2.315597     -13.71345    
  2.315684     -13.63485    
  2.316612     -13.71760    
  2.317538     -13.79035    
  2.318463     -13.28880    
  2.319385     -13.41415    
  2.320305     -13.14084    
  2.321224     -13.58061    
  2.322140     -12.50073    
  2.323055    -100.00000    
  2.323141     -13.56125    
  2.324295     -13.23061    
  2.325445     -13.41632    
  2.326592     -13.55760    
  2.327736     -13.56610    
  2.327823     -13.69468    
  2.328799     -13.90499    
  2.329773     -13.58512    
  2.330745     -13.90641    
  2.331714     -13.49902    
  2.331801     -13.34083    
  2.333101     -13.41443    
  2.333188     -13.14996    
  2.334187     -13.80263    
  2.335184     -13.84946    
  2.336179     -13.69362    
  2.337171     -13.35745    
  2.338161     -13.69505    
  2.339149     -13.63748    
  2.340135     -13.61638    
  2.341118     -13.51776    
  2.341205     -13.59193    
  2.341283     -13.56258    
  2.341370     -13.56774    
  2.341472     -13.58631    
  2.342320     -13.44479    
  2.343166     -13.57197    
  2.344011     -13.48285    
  2.344853     -13.38544    
  2.344940     -13.45340    
  2.345621     -13.34100    
  2.346301     -12.96265    
  2.346979     -13.35107    
  2.347657     -13.29865    
  2.348333     -13.31361    
  2.349009     -12.96909    
  2.349683     -13.00366    
  2.350356     -12.78139    
  2.350443     -13.10739    
  2.351331     -12.80929    
  2.352217     -13.66368    
  2.352659     -13.18383    
  2.353101     -13.00533    
  2.353542     -13.39358    
  2.353983     -12.93137    
  2.354070     -12.99735    
  2.354511     -13.02399    
  2.354951     -13.22024    
  2.355390     -13.29211    
  2.355830     -12.90696    
  2.356269     -12.91690    
  2.356707     -12.75992    
  2.357145     -12.87868    
  2.357582    -100.00000    
  2.357669    -100.00000    
  2.376702     -7.025731    
  2.376789     -6.570835    
  2.381401     -6.693535    
  2.381488     -6.917234    
  2.381574     -6.964150    
  2.381660     -6.678587    
  2.384670     -6.225195    
  2.384757     -6.469594    
  2.387126    -100.00000    
  2.387213     -6.797624    
  2.405819     -5.880113    
  2.405905     -5.569230    
  2.409345     -6.176767    
  2.409431    -100.00000    
  2.409967     -6.475981    
  2.410054     -6.050363    
  2.411501     -5.811894    
  2.411588     -6.166356    
  2.413098     -5.407904    
  2.413185     -5.322250    
  2.417228    -100.00000    
  2.417315     -5.853548    
  2.417448     -5.764025    
  2.417535     -5.476388    
  2.429911     -5.475251    
  2.429998     -5.441343    
  2.433514     -5.633534    
  2.433601    -100.00000    
  2.434762     -5.302103    
  2.434849     -5.031330    
  2.435570     -5.065165    
  2.435657     -4.948944    
  2.438099     -5.090391    
  2.438186     -4.956203    
  2.443115     -4.808226    
  2.443202    -100.00000    
  2.448046     -5.252389    
  2.448133     -5.172015    
  2.449372     -5.212394    
  2.449459     -4.862130    
  2.456026     -5.249752    
  2.456113     -5.734314    
  2.457105     -5.638032    
  2.457192     -5.761901    
  2.461170     -4.723221    
  2.461257     -5.432871    
  2.466286     -6.019814    
  2.466372     -5.937459    
  2.466976     -5.957440    
  2.467064     -6.268725    
  2.471828     -5.448199    
  2.471915    -100.00000    
  2.476442     -4.568591    
  2.476529     -4.808580    
  2.476628    -100.00000    
  2.476715     -7.251397    
  2.476977     -6.676222    
  2.477064     -5.023179    
  2.483465     -5.395447    
  2.483551     -4.820419    
  2.483824     -4.768574    
  2.483911     -4.761774    
  2.484130     -4.735571    
  2.484217     -4.781635    
  2.487220     -4.667650    
  2.490203     -5.063810    
  2.493165     -5.059748    
  2.496107     -5.160767    
  2.496194     -4.833642    
  2.500074     -5.047107    
  2.503920     -4.701911    
  2.504007     -4.780771    
  2.504069     -4.823785    
  2.504156     -5.201256    
  2.506191     -4.436734    
  2.506278     -4.222895    
  2.508598     -6.333272    
  2.510906     -4.479516    
  2.513202     -4.238766    
  2.515486     -4.273478    
  2.515573     -4.279875    
  2.515719     -4.192831    
  2.515805     -4.137789    
  2.515872     -4.098349    
  2.515959     -3.996738    
  2.516943     -3.892681    
  2.517030     -3.942168    
  2.517941     -4.286365    
  2.518028     -3.968822    
  2.521727     -4.892375    
  2.525387     -4.660643    
  2.529016     -5.238601    
  2.532615     -4.120133    
  2.532701     -4.197907    
  2.536032     -4.606630    
  2.539337     -5.027435    
  2.539424     -4.538661    
  2.543132     -4.938229    
  2.546808     -4.504447    
  2.546895     -4.469607    
  2.547329     -4.631026    
  2.547416     -4.830454    
  2.551118     -4.731672    
  2.551204     -4.845977    
  2.554808     -4.447294    
  2.558382     -4.480364    
  2.558469     -4.773641    
  2.558869     -4.871254    
  2.558956     -5.001745    
  2.562079     -5.380525    
  2.565180     -4.753728    
  2.568258     -4.334676    
  2.571315     -4.473230    
  2.571402     -4.679398    
  2.571490     -4.695835    
  2.571576     -4.390581    
  2.574740     -4.997042    
  2.577880     -4.704950    
  2.580998     -5.216324    
  2.584094     -4.806242    
  2.587168     -5.768354    
  2.590220     -4.801854    
  2.593250     -4.876214    
  2.596260     -5.084238    
  2.596347     -4.808042    
  2.597646     -4.882224    
  2.597733     -4.902059    
  2.600542     -4.444081    
  2.603333     -5.120241    
  2.603420     -4.812775    
  2.606239     -4.566401    
  2.606324     -4.599740    
  2.606411     -4.637983    
  2.607237     -4.208738    
  2.607324     -4.277601    
  2.610441     -4.753369    
  2.613536     -4.542221    
  2.616608     -4.140873    
  2.619659     -4.294132    
  2.619746     -4.439920    
  2.620859     -5.002221    
  2.620946     -4.649309    
  2.621962     -4.667134    
  2.622049     -4.356668    
  2.625471     -4.609589    
  2.625557     -4.651330    
  2.626297     -4.373133    
  2.626384     -4.374231    
  2.627024     -4.399457    
  2.627111     -4.194561    
  2.630159     -4.520746    
  2.633186     -4.326821    
  2.633273     -4.379893    
  2.633585     -4.410515    
  2.633672     -4.351054    
  2.636750     -4.249639    
  2.639805     -4.321614    
  2.642840     -4.222129    
  2.645853     -4.127135    
  2.645940     -3.980277    
  2.646436     -4.122520    
  2.646523     -4.069072    
  2.648513     -3.893432    
  2.648600     -4.055599    
  2.650581     -4.501931    
  2.650668     -4.354603    
  2.652023     -4.228962    
  2.652110     -4.226792    
  2.653758     -3.941060    
  2.653845     -4.059138    
  2.654514     -4.159814    
  2.654601     -4.102838    
  2.655848     -4.355564    
  2.655935     -4.294377    
  2.656856     -4.169993    
  2.656943     -3.938252    
  2.659789     -3.998302    
  2.659876     -3.922669    
  2.661632     -4.249128    
  2.661711     -4.144607    
  2.661798     -4.174432    
  2.662838     -4.111142    
  2.662925     -4.113877    
  2.664288     -3.924230    
  2.665620     -3.860088    
  2.666947     -4.010776    
  2.668270     -4.097275    
  2.668357     -3.920180    
  2.669554     -3.966435    
  2.670748     -3.900895    
  2.670835     -3.964514    
  2.671974     -4.144680    
  2.673109     -3.998429    
  2.674242     -3.950463    
  2.675371     -3.983254    
  2.675458     -4.284053    
  2.676606     -3.872606    
  2.677751     -3.933884    
  2.677838     -3.913850    
  2.679282     -3.873133    
  2.680721     -3.882471    
  2.682155     -3.886989    
  2.683585     -3.875846    
  2.683672     -3.888269    
  2.684694     -4.033980    
  2.685714     -3.872427    
  2.685801     -3.885029    
  2.685988     -3.881659    
  2.686075     -3.880877    
  2.686520     -3.886956    
  2.686607     -3.890381    
  2.687604     -3.962116    
  2.688599     -4.093626    
  2.688686     -3.963350    
  2.689315     -3.928313    
  2.689943     -4.116320    
  2.690571     -3.921014    
  2.691198     -4.069695    
  2.691823     -3.892305    
  2.692448     -3.875949    
  2.693072     -3.880106    
  2.693695     -3.902273    
  2.694317     -3.934895    
  2.694939     -3.880396    
  2.695559     -3.945368    
  2.696179     -4.124266    
  2.696797     -3.969502    
  2.697415     -3.900377    
  2.698032     -3.892168    
  2.698648     -3.897259    
  2.698717     -3.896553    
  2.698803     -3.896270    
  2.699142     -3.894158    
  2.699229     -3.891084    
  2.700077     -3.907805    
  2.700500     -3.901361    
  2.700923     -3.894167    
  2.701345     -3.894793    
  2.701767     -3.909724    
  2.702189     -3.937506    
  2.702610     -3.960793    
  2.702697     -3.938878    
  2.706323     -3.986870    
  2.706410     -3.949407    
  2.708352     -4.029679    
  2.708438     -4.198351    
  2.709271     -4.062791    
  2.709358     -4.003617    
  2.712230     -3.923106    
  2.712317     -3.906956    
  2.714595     -3.920971    
  2.716861     -3.924731    
  2.719116     -3.934905    
  2.721359     -3.915955    
  2.721446     -3.923276    
  2.721792     -3.959870    
  2.721879     -4.025095    
  2.725135     -4.045088    
  2.728368     -3.902559    
  2.728455     -3.941496    
  2.728556     -3.942664    
  2.728643     -3.933499    
  2.730036     -3.969555    
  2.730123     -4.029119    
  2.733067     -3.998972    
  2.735992     -3.971313    
  2.736079     -3.970899    
  2.737059     -3.972589    
  2.737146     -3.960804    
  2.740300     -3.994105    
  2.740387     -4.006540    
  2.744215     -4.009072    
  2.748009     -3.973698    
  2.751770     -3.981741    
  2.755499     -4.002747    
  2.755586     -4.093374    
  2.758474     -3.983062    
  2.758561     -3.986981    
  2.759027     -3.993189    
  2.759113     -4.011548    
  2.760747     -4.023400    
  2.760833     -4.009609    
  2.763123     -4.003534    
  2.765400     -4.030049    
  2.765487     -4.010575    
  2.765755     -4.009116    
  2.765842     -3.975258    
  2.768363     -4.109733    
  2.770870     -3.990123    
  2.773363     -4.125154    
  2.775841     -4.020681    
  2.775928     -4.030762    
  2.777541     -4.029444    
  2.777628     -4.045238    
  2.780082     -4.071619    
  2.782523     -4.026163    
  2.784950     -4.083437    
  2.787363     -4.067113    
  2.787450     -4.051790    
  2.789348     -4.053668    
  2.789435     -4.049070    
  2.792054     -4.050449    
  2.792141     -4.050630    
  2.795962     -4.056859    
  2.796049     -4.056663    
  2.798395     -4.064432    
  2.800729     -4.102431    
  2.803050     -4.076488    
  2.805359     -4.076959    
  2.807656     -4.068516    
  2.809941     -4.162062    
  2.812213     -4.077520    
  2.814474     -4.094260    
  2.814561     -4.095667    
  2.815775     -4.101435    
  2.815862     -4.098623    
  2.818570     -4.101369    
  2.818657     -4.100518    
  2.821422     -4.113058    
  2.824169     -4.115627    
  2.826900     -4.164367    
  2.829613     -4.118585    
  2.829700     -4.130934    
  2.832139     -4.129305    
  2.834565     -4.127905    
  2.836978     -4.615335    
  2.839377     -4.013060    
  2.839464     -4.135847    
  2.842740     -4.161879    
  2.845992     -4.159782    
  2.846054     -4.158687    
  2.846141     -4.158805    
  2.846320     -4.158865    
  2.846407     -4.158636    
  2.846929     -4.159121    
  2.847016     -4.160234    
  2.850284     -4.168702    
  2.850371     -4.170153    
  2.851107     -4.169120    
  2.851194     -4.169427    
  2.851272     -4.169373    
  2.851359     -4.169262    
  2.851605     -4.168925    
  2.851692     -4.169103    
  2.852969     -4.174328    
  2.853056     -4.191481    
  2.856721     -4.229847    
  2.856808     -4.199100    
  2.860014     -4.221067    
  2.863196     -4.200826    
  2.863283     -4.213217    
  2.866961     -4.211094    
  2.867048     -4.225907    
  2.867158     -4.216237    
  2.871477     -4.245875    
  2.871560     -4.233127    
  2.871647     -4.229000    
  2.874394     -4.311296    
  2.877123     -4.288624    
  2.877210     -4.357446    
  2.879769     -4.227130    
  2.882313     -4.250716    
  2.882400     -4.251827    
  2.882670     -4.254928    
  2.882757     -4.962436    
  2.885337     -4.737193    
  2.885423     -4.202070    
  2.886380     -4.110901    
  2.886467     -4.135478    
  2.886654     -4.151321    
  2.886741     -4.129393    
  2.889314     -4.662636    
  2.889401     -4.431847    
  2.891964     -4.209508    
  2.892051     -4.316909    
  2.893704     -4.248582    
  2.893791     -4.258913    
  2.894071     -4.259470    
  2.894158     -4.260105    
  2.895095     -4.261205    
  2.895182     -4.260310    
  2.896767     -4.264747    
  2.896854     -4.265066    
  2.897787     -4.268828    
  2.897874     -4.272997    
  2.900589     -4.348926    
  2.900676     -4.276761    
  2.902856     -4.276566    
  2.905026     -4.290870    
  2.905113     -4.332165    
  2.908098     -4.287661    
  2.908185     -4.289496    
  2.908477     -4.290210    
  2.908564     -4.289822    
  2.910090     -4.294138    
  2.910176     -4.294502    
  2.913363     -4.298186    
  2.916527     -4.388837    
  2.916614     -4.478106    
  2.916785     -4.435761    
  2.916872     -4.409434    
  2.917171     -4.342309    
  2.917258     -4.319088    
  2.919518     -4.317428    
  2.921765     -4.318001    
  2.921852     -4.321184    
  2.925029     -4.326651    
  2.925116     -4.327906    
  2.925941     -4.330961    
  2.926028     -4.331087    
  2.927554     -4.331923    
  2.927641     -4.332557    
  2.927950     -4.335699    
  2.928037     -4.335443    
  2.928671     -4.350962    
  2.928758     -4.356584    
  2.929127     -4.352917    
  2.929213     -4.348788    
  2.929524     -4.341100    
  2.929611     -4.340955    
  2.930245     -4.340205    
  2.930332     -4.339631    
  2.930604     -4.339398    
  2.930691     -4.339517    
  2.930963     -4.340937    
  2.931050     -4.340380    
  2.934646     -4.355421    
  2.934733     -4.355232    
  2.936807     -4.359341    
  2.936894     -4.355795    
  2.937412     -4.358693    
  2.937499     -4.360806    
  2.937612     -4.367334    
  2.939332     -4.360058    
  2.939418     -4.364610    
  2.941608     -4.367465    
  2.943787     -4.377855    
  2.943874     -4.373901    
  2.945266     -4.380155    
  2.945353     -4.377886    
  2.946273     -4.377948    
  2.946360     -4.379245    
  2.946687     -4.381052    
  2.946774     -4.380512    
  2.949036     -4.389583    
  2.951287     -4.392356    
  2.951374     -4.407690    
  2.953319     -4.391739    
  2.953406     -4.406262    
  2.953750     -4.495587    
  2.953837     -4.503210    
  2.955739     -4.371326    
  2.955826     -4.400998    
  2.956162     -4.413885    
  2.956249     -4.419773    
  2.957620     -4.424246    
  2.957703     -4.424039    
  2.957790     -4.410437    
  2.959196     -4.431950    
  2.959269     -4.482524    
  2.959356     -4.498279    
  2.959520     -4.506625    
  2.959575     -4.501976    
  2.959642     -4.496025    
  2.959729     -4.485777    
  2.959839     -4.470033    
  2.959926     -4.445317    
  2.960694     -4.418838    
  2.960781     -4.421341    
  2.961122     -4.339258    
  2.961209     -4.204852    
  2.965318     -4.651198    
  2.965405     -5.075174    
  2.969227     -4.199407    
  2.969314     -4.363684    
  2.972533     -4.315956    
  2.975728     -4.335929    
  2.975815     -4.415289    
  2.976166     -4.322848    
  2.976253     -4.221594    
  2.979351     -4.571462    
  2.982423     -4.352898    
  2.982509     -4.214275    
  2.982872     -4.377948    
  2.982959     -4.309804    
  2.987037     -4.336632    
  2.991078     -4.446259    
  2.995081     -4.533580    
  2.999047     -4.456447    
  3.002978     -4.466225    
  3.006874     -4.446280    
  3.010734     -4.469979    
  3.014561     -4.383262    
  3.018354     -4.414861    
  3.022115     -4.394420    
  3.025843     -4.362711    
  3.029540     -4.383701    
  3.033205     -4.427910    
  3.036840     -4.507928    
  3.040444     -4.447768    
  3.044019     -4.426575    
  3.044106     -4.527057    
  3.046417     -4.453330    
  3.046504     -4.423610    
  3.047266     -4.440856    
  3.047353     -4.452510    
  3.050503     -4.484055    
  3.053630     -4.473311    
  3.056735     -4.579178    
  3.059819     -4.488889    
  3.062880     -4.494458    
  3.065920     -4.502584    
  3.068939     -4.607354    
  3.071937     -4.486538    
  3.072024     -4.490429    
  3.074515     -4.574334    
  3.074602     -4.666276    
  3.078033     -4.549324    
  3.081436     -4.536765    
  3.084813     -4.676903    
  3.088164     -4.529305    
  3.088251     -4.595512    
  3.089222     -4.618254    
  3.089309     -4.730803    
  3.091849     -4.592028    
  3.091936     -4.664093    
  3.095352     -5.097556    
  3.095438     -4.496501    
  3.097710     -4.608386    
  3.099969     -4.682351    
  3.100056     -4.623967    
  3.102791     -4.650172    
  3.105509     -4.683818    
  3.105596     -4.733411    
  3.108813     -4.691715    
  3.112005     -4.671454    
  3.112092     -4.631206    
  3.114687     -4.777670    
  3.114774     -4.673032    
  3.116978     -4.693105    
  3.117065     -4.708506    
  3.118223     -4.786208    
  3.118310     -4.782505    
  3.120853     -4.711220    
  3.123381     -4.822303    
  3.123468     -4.743538    
  3.125997     -4.772152    
  3.126084     -4.668075    
  3.127687     -4.734076    
  3.127774     -4.723216    
  3.129225     -4.674511    
  3.129312     -4.676117    
  3.132455     -4.736691    
  3.135577     -4.871967    
  3.135664     -4.911592    
  3.136182     -4.833099    
  3.136269     -4.761940    
  3.138696     -4.910681    
  3.141109     -4.817022    
  3.141196     -4.744815    
  3.144101     -4.940576    
  3.144188     -4.796624    
  3.144956     -4.737490    
  3.145043     -4.800767    
  3.146758     -4.858068    
  3.146845     -4.877345    
  3.147795     -4.856077    
  3.147882     -4.919981    
  3.148729     -4.911304    
  3.148816     -5.051999    
  3.150639     -4.868836    
  3.150726     -4.832637    
  3.151276     -4.783934    
  3.151363     -4.772644    
  3.153068     -4.969578    
  3.153155     -4.898236    
  3.153381     -4.906604    
  3.153434     -4.915014    
  3.153521     -4.942678    
  3.155016     -4.748058    
  3.155103     -4.776770    
  3.156074     -4.974760    
  3.156161     -4.836965    
  3.160418     -4.886208    
  3.164633     -4.972108    
  3.164720     -4.927875    
  3.165979     -4.964841    
  3.166066     -4.940822    
  3.169710     -4.889717    
  3.173324     -4.830337    
  3.176908     -4.848274    
  3.180463     -4.841051    
  3.180550     -4.839849    
  3.181960     -4.847378    
  3.182047     -4.866475    
  3.184770     -4.856439    
  3.187477     -4.899571    
  3.187564     -4.855439    
  3.188338     -4.858517    
  3.188425     -4.871455    
  3.189356     -4.877453    
  3.189443    -100.00000    
  3.192224     -4.969575    
  3.192311     -4.779394    
  3.194885     -4.887063    
  3.194972     -4.936456    
  3.196916     -4.890337    
  3.197003     -4.897902    
  3.200855     -4.919033    
  3.204674     -4.916518    
  3.204761     -4.940047    
  3.207365     -4.925299    
  3.207452     -4.929705    
  3.209994     -4.975609    
  3.212521     -4.967722    
  3.215033     -5.159720    
  3.217531     -4.731473    
  3.217618     -4.886777    
  3.218164     -4.936098    
  3.218251     -4.952633    
  3.222514     -4.978290    
  3.226736     -4.987636    
  3.230917     -5.011885    
  3.235058     -5.207714    
  3.239160     -4.939485    
  3.243224     -5.085046    
  3.247249     -5.047097    
  3.251238     -5.061221    
  3.251325     -5.061991    
  3.255235     -5.077694    
  3.259111     -5.096124    
  3.262951     -5.101496    
  3.266759     -5.113470    
  3.270533     -5.132372    
  3.274275     -5.139134    
  3.277984     -5.168448    
  3.281662     -5.164855    
  3.281749     -5.164237    
  3.285833     -5.179872    
  3.285920     -5.185319    
  3.289028     -5.188972    
  3.289115     -5.188522    
  3.292150     -5.205202    
  3.295165     -5.211406    
  3.298158     -5.221950    
  3.301132     -5.231771    
  3.301219     -5.231882    
  3.305074     -5.245426    
  3.305161     -5.245606    
  3.305985     -5.248384    
  3.306072     -5.248449    
  3.306887     -5.252253    
  3.306974     -5.266981    
  3.309850     -5.257687    
  3.309937     -5.262219    
  3.310624     -5.264462    
  3.310710     -5.264576    
  3.311825     -5.269071    
  3.311912     -5.269622    
  3.312012     -5.269952    
  3.312099     -5.277412    
  3.314648     -5.236180    
  3.317181     -5.243717    
  3.319700     -5.291780    
  3.322204     -5.294956    
  3.324695     -5.326176    
  3.327170     -5.304974    
  3.329632     -5.308969    
  3.332080     -5.334237    
  3.334514     -5.321557    
  3.336935     -5.355828    
  3.339342     -5.308330    
  3.341736     -5.371233    
  3.344117     -5.349557    
  3.346485     -5.390331    
  3.348840     -5.352636    
  3.351182     -5.368158    
  3.351269     -5.365446    
  3.355367     -5.402495    
  3.359427     -5.410441    
  3.363449     -5.434294    
  3.367434     -5.416640    
  3.367521     -5.426464    
  3.370066     -5.434558    
  3.372596     -5.449727    
  3.375111     -5.453768    
  3.377612     -5.462511    
  3.377699     -5.495660    
  3.380754     -5.513762    
  3.383787     -5.486323    
  3.386800     -5.495134    
  3.389792     -5.506363    
  3.389879     -5.506324    
  3.392466     -5.514818    
  3.395039     -5.522976    
  3.395126     -5.523644    
  3.397959     -5.534580    
  3.398046     -5.533741    
  3.398416     -5.535054    
  3.398503     -5.533950    
  3.400855     -5.548241    
  3.400942     -5.664505    
  3.402428     -5.550724    
  3.402515     -5.551316    
  3.405655     -5.563921    
  3.408773     -5.583030    
  3.411869     -5.581513    
  3.414942     -5.594276    
  3.415029     -5.594818    
  3.419186     -5.609583    
  3.423303     -5.625549    
  3.427382     -5.639034    
  3.431422     -5.655808    
  3.431509     -5.655912    
  3.434904     -5.648217    
  3.438273     -5.731065    
  3.441616     -5.681133    
  3.444934     -5.702725    
  3.445021     -5.702976    
  3.447484     -5.711946    
  3.449934     -5.720700    
  3.450021     -5.721036    
  3.452474     -5.730063    
  3.454914     -5.738767    
  3.455001     -5.737899    
  3.458672     -5.754914    
  3.462313     -5.765435    
  3.465924     -5.778812    
  3.469505     -5.789886    
  3.469592     -5.792478    
  3.469843     -5.793438    
  3.469930     -5.793438    
  3.471179     -5.798765    
  3.471266     -5.798436    
  3.474100     -5.808869    
  3.474187     -5.809395    
  3.476423     -5.819134    
  3.478648     -5.824061    
  3.480861     -5.833625    
  3.483063     -5.841327    
  3.483150     -5.841819    
  3.485959     -5.851032    
  3.488749     -5.865518    
  3.491522     -5.871714    
  3.494277     -5.882440    
  3.494364     -5.883164    
  3.496766     -5.882199    
  3.499154     -5.901853    
  3.501530     -5.908617    
  3.503893     -5.918926    
  3.506243     -5.943400    
  3.508580     -5.923464    
  3.510905     -5.943850    
  3.513217     -5.952031    
  3.513304     -5.952381    
  3.515963     -5.962093    
  3.518606     -5.970906    
  3.521233     -5.984777    
  3.523845     -5.993668    
  3.526440     -5.997145    
  3.529020     -6.023182    
  3.531585     -6.019686    
  3.534135     -6.029231    
  3.534222     -6.029569    
  3.536649     -6.038534    
  3.539062     -6.049015    
  3.541462     -6.084473    
  3.543849     -6.121975    
  3.543936     -6.052862    
  3.547053     -6.079506    
  3.550148     -6.088754    
  3.550235     -6.088919    
  3.552940     -6.099145    
  3.555627     -6.108942    
  3.555714     -6.109505    
  3.556728     -6.113150    
  3.556815     -6.113629    
  3.558846     -6.120468    
  3.558933     -6.120681    
  3.559110     -6.121593    
  3.559197     -6.122064    
  3.560851     -6.128331    
  3.560938     -6.128624    
  3.561019     -6.128931    
  3.561106     -6.129262    
  3.561368     -6.130375    
  3.561455     -6.130809    
  3.561549     -6.131286    
  3.561702     -6.131996    
  3.561789     -6.132322    
  3.561899     -6.132664    
  3.561986     -6.132893    
  3.562293     -6.131545    
  3.565681     -6.118659    
  3.565768     -6.125212    
  3.568672     -6.145438    
  3.571556     -6.156030    
  3.574422     -6.177390    
  3.577268     -6.191188    
  3.580096     -6.190923    
  3.582906     -6.195155    
  3.585698     -6.216102    
  3.588471     -6.215714    
  3.591228     -6.250852    
  3.593966     -6.229864    
  3.596688     -6.245082    
  3.599393     -6.272604    
  3.602081     -6.260129    
  3.604752     -6.277850    
  3.607407     -6.310950    
  3.610046     -6.214278    
  3.610133     -6.261566    
  3.612394     -6.292799    
  3.614642     -6.352663    
  3.616880     -6.310677    
  3.619105     -6.323973    
  3.621319     -6.332277    
  3.623523     -6.345412    
  3.625715     -6.361199    
  3.627896     -6.357323    
  3.627982     -6.357285    
  3.630428     -6.366243    
  3.632092     -6.372615    
  3.636162     -6.385874    
  3.640195     -6.423849    
  3.644191     -6.427008    
  3.644278     -6.418029    
  3.646967     -6.428348    
  3.649640     -6.437638    
  3.652297     -6.455033    
  3.654938     -6.458570    
  3.655025     -6.471215    
  3.657211     -6.480684    
  3.659385     -6.534537    
  3.659472     -6.477771    
  3.663615     -6.476825    
  3.663702     -6.505430    
  3.666466     -6.502405    
  3.669212     -6.516672    
  3.671940     -6.371820    
  3.674652     -6.538565    
  3.677347     -6.542131    
  3.680026     -6.559607    
  3.682687     -6.560880    
  3.685333     -6.572615    
  3.685420     -6.555701    
  3.688862     -6.648126    
  3.688948     -6.586966    
  3.690731     -6.591254    
  3.690818     -6.592966    
  3.691459     -6.595873    
  3.691546     -6.596008    
  3.694812     -6.607016    
  3.694898     -6.608468    
  3.695365     -6.610522    
  3.695452     -6.610950    
  3.695518     -6.611247    
  3.695605     -6.611703    
  3.698701     -6.623003    
  3.701776     -6.634633    
  3.704828     -6.644950    
  3.707860     -6.657731    
  3.710870     -6.668966    
  3.712650     -6.674441    
  3.713860     -6.679902    
  3.716830     -6.694139    
  3.719779     -6.705339    
  3.719866     -6.702581    
  3.723198     -6.715108    
  3.726504     -6.727556    
  3.729786     -6.740343    
  3.733043     -6.752859    
  3.733130     -6.749401    
  3.735507     -6.780748    
  3.737872     -6.771468    
  3.740223     -6.780072    
  3.742563     -6.788944    
  3.744889     -6.797753    
  3.747203     -6.806538    
  3.749505     -6.815298    
  3.751794     -6.823973    
  3.751881     -6.824302    
  3.755217     -6.836988    
  3.755304     -6.837306    
  3.755522     -6.838120    
  3.755609     -6.839627    
  3.758467     -6.843028    
  3.761306     -6.853051    
  3.764127     -6.856615    
  3.766929     -6.871892    
  3.769713     -6.892942    
  3.772480     -6.898401    
  3.775229     -6.912350    
  3.777961     -6.922729    
  3.778048     -6.927843    
  3.778151     -6.922536    
  3.781161     -6.934607    
  3.784252     -6.946991    
  3.787320     -6.956623    
  3.790368     -6.966788    
  3.793394     -6.972661    
  3.796399     -6.988364    
  3.799384     -6.972748    
  3.802348     -7.027923    
  3.802435     -7.011008    
  3.806009     -7.024281    
  3.806096     -7.013692    
  3.809815     -7.051018    
  3.809902     -7.039290    
  3.811377     -7.044380    
  3.811464     -7.045175    
  3.811517     -7.045480    
  3.811568     -7.045769    
  3.811655     -7.045999    
  3.814154     -7.051999    
  3.816638     -7.082061    
  3.819108     -7.017685    
  3.821564     -7.092796    
  3.821651     -7.083559    
  3.825835     -7.084887    
  3.829979     -7.115993    
  3.834084     -7.131478    
  3.838150     -7.146946    
  3.838237     -7.152563    
  3.840994     -7.163356    
  3.843735     -7.168304    
  3.846458     -7.178638    
  3.849164     -7.189007    
  3.851853     -7.241752    
  3.854526     -7.036832    
  3.857182     -7.245678    
  3.859823     -7.220049    
  3.859910     -7.229982    
  3.862754     -7.240626    
  3.865581     -7.251571    
  3.868389     -7.262248    
  3.871179     -7.273387    
  3.871266     -7.275186    
  3.873695     -7.282212    
  3.876111     -7.291777    
  3.878513     -7.301201    
  3.880902     -7.309558    
  3.880989     -7.326389    
  3.884377     -7.323974    
  3.887739     -7.327988    
  3.891076     -7.349300    
  3.894387     -7.361655    
  3.894474     -7.362128    
  3.898660     -7.377903    
  3.898747     -7.378206    
  3.902078     -7.391299    
  3.905384     -7.401879    
  3.905471     -7.395417    
  3.908472     -7.418681    
  3.908559     -7.415847    
  3.912193     -7.429572    
  3.912280     -7.429795    
  3.913068     -7.431823    
  3.913155     -7.432042    
  3.913273     -7.432592    
  3.913714     -7.435314    
  3.913769     -7.435557    
  3.913842     -7.435900    
  3.913889     -7.436103    
  3.913972     -7.436452    
  3.914081     -7.436889    
  3.914168     -7.437400    
  3.916915     -7.444328    
  3.917002     -7.462738    
  3.919240     -7.447485    
  3.921466     -7.465234    
  3.923680     -7.452248    
  3.925884     -7.479949    
  3.928076     -7.487834    
  3.930258     -7.496689    
  3.934588     -7.512230    
  3.938875     -7.531395    
  3.943121     -7.547218    
  3.947325     -7.561751    
  3.951490     -7.582630    
  3.955614     -7.595229    
  3.959700     -7.608969    
  3.963748     -7.622374    
  3.967758     -7.641466    
  3.971732     -7.651800    
  3.975669     -7.666682    
  3.979571     -7.686123    
  3.983439     -7.699432    
  3.983526     -7.699455    
  3.987126     -7.713184    
  3.990697     -7.730367    
  3.994239     -7.739451    
  3.997752     -7.751585    
  3.997838     -7.748337    
  4.000147     -7.764136    
  4.002444     -7.773687    
  4.004728     -7.820466    
  4.007001     -7.547618    
  4.009262     -7.821288    
  4.011511     -7.806703    
  4.013748     -7.815012    
  4.015974     -7.823549    
  4.018189     -7.833535    
  4.020392     -7.840389    
  4.022585     -7.849004    
  4.024766     -7.857044    
  4.029096     -7.873574    
  4.033383     -7.889466    
  4.033470     -7.888536    
  4.034774     -7.900284    
  4.034861     -7.893755    
  4.038126     -7.906802    
  4.041367     -7.919365    
  4.044585     -7.932228    
  4.047778     -7.944702    
  4.047865     -7.945339    
  4.051277     -7.957788    
  4.054632     -7.970272    
  4.057962     -7.983021    
  4.061267     -7.995987    
  4.061354     -7.996633    
  4.065579     -7.990524    
  4.069764     -8.021674    
  4.073909     -8.044288    
  4.078015     -8.059427    
  4.078102     -8.063172    
  4.080241     -8.070027    
  4.080328     -8.068544    
  4.080857     -8.070585    
  4.080944     -8.070998    
  4.081009     -8.071313    
  4.081054     -8.071848    
  4.082194     -8.077390    
  4.082281     -8.075459    
  4.084738     -8.085805    
  4.087181     -8.095170    
  4.089611     -8.103590    
  4.092028     -8.113515    
  4.094430     -8.122621    
  4.096820     -8.131702    
  4.099197     -8.139002    
  4.101560     -8.149400    
  4.101647     -8.149734    
  4.104844     -8.162651    
  4.108018     -8.161417    
  4.111169     -8.148362    
  4.114297     -8.208047    
  4.117403     -8.209636    
  4.120486     -8.225464    
  4.123548     -8.232012    
  4.126589     -8.244601    
  4.129608     -8.255997    
  4.132606     -8.267263    
  4.135584     -8.278018    
  4.138542     -8.281443    
  4.141479     -8.302234    
  4.144397     -8.312482    
  4.147296     -8.322038    
  4.150175     -8.334440    
  4.150262     -8.334620    
  4.153103     -8.345449    
  4.155926     -8.356302    
  4.156013     -8.351075    
  4.158103     -8.365018    
  4.158190     -8.364656    
  4.161727     -8.378402    
  4.161814     -8.378642    
  4.163762     -8.386052    
  4.163849     -8.386400    
  4.163959     -8.386821    
  4.164046     -8.387065    
  4.166389     -8.396595    
  4.168720     -8.410721    
  4.171039     -8.377434    
  4.173345     -8.424044    
  4.175640     -8.429621    
  4.177922     -8.440491    
  4.180192     -8.447095    
  4.182450     -8.470371    
  4.184697     -8.465473    
  4.186932     -8.474195    
  4.189156     -8.482743    
  4.191369     -8.491294    
  4.193570     -8.498885    
  4.195760     -8.508517    
  4.197939     -8.506710    
  4.200107     -8.524956    
  4.204411     -8.540746    
  4.208673     -8.555484    
  4.212894     -8.573305    
  4.217074     -8.585818    
  4.221214     -8.603048    
  4.225315     -8.619629    
  4.229377     -8.625479    
  4.233402     -8.652840    
  4.233489     -8.648192    
  4.235773     -8.659935    
  4.238044     -8.668230    
  4.240303     -8.672437    
  4.242551     -8.682891    
  4.244787     -8.693530    
  4.247012     -8.702136    
  4.249225     -8.707124    
  4.251427     -8.716657    
  4.251514     -8.718862    
  4.255198     -8.732922    
  4.258852     -8.745853    
  4.262474     -8.755219    
  4.266067     -8.774158    
  4.266154     -8.774173    
  4.268659     -8.801080    
  4.271149     -8.585494    
  4.273626     -8.633435    
  4.276088     -8.762598    
  4.278536     -8.822340    
  4.280971     -8.830496    
  4.283392     -8.839875    
  4.285800     -8.848885    
  4.288194     -8.861791    
  4.290575     -8.844523    
  4.292943     -8.886787    
  4.295299     -8.884553    
  4.297641     -8.893541    
  4.299971     -8.902424    
  4.302289     -8.911256    
  4.304595     -8.919700    
  4.306888     -8.928330    
  4.309169     -8.936635    
  4.311438     -8.935825    
  4.313695     -8.954390    
  4.315941     -8.963483    
  4.318175     -8.971029    
  4.320398     -8.981371    
  4.322610     -8.985390    
  4.324810     -8.995145    
  4.326999     -8.990366    
  4.329177     -9.009391    
  4.331345     -9.019430    
  4.335647     -9.021250    
  4.339907     -9.047304    
  4.339994     -9.026395    
  4.343342     -9.045003    
  4.346664     -9.075183    
  4.349961     -9.090057    
  4.353233     -9.104389    
  4.353320     -9.107206    
  4.356074     -9.105197    
  4.356161     -9.110430    
  4.357582     -9.118924    
  4.357669     -9.118591    
  4.357779     -9.119017    
  4.357865     -9.119257    
  4.360696     -9.131383    
  4.363507     -9.142703    
  4.366301     -9.145091    
  4.369077     -9.163619    
  4.371835     -9.146619    
  4.374576     -9.188090    
  4.377300     -9.188422    
  4.380006     -9.203561    
  4.382696     -9.213101    
  4.385369     -9.222923    
  4.388026     -9.233143    
  4.390667     -9.243084    
  4.393292     -9.245396    
  4.395901     -9.262854    
  4.398495     -9.271232    
  4.401073     -9.282701    
  4.403636     -9.290400    
  4.406183     -9.300192    
  4.408716     -9.311732    
  4.411235     -9.304889    
  4.413739     -9.330088    
  4.416228     -9.339127    
  4.418703     -9.355977    
  4.421164     -9.276833    
  4.423612     -9.374343    
  4.426045     -9.375940    
  4.428465     -9.377512    
  4.430872     -9.396758    
  4.433266     -9.386672    
  4.435646     -9.409715    
  4.438013     -9.419729    
  4.440368     -9.428441    
  4.440455     -9.427896    
  4.442834     -9.431817    
  4.445201     -9.447405    
  4.445288     -9.447417    
  4.447569     -9.456484    
  4.449839     -9.472423    
  4.452097     -9.351660    
  4.454343     -9.476421    
  4.456578     -9.489808    
  4.458801     -9.492963    
  4.461013     -9.481220    
  4.463213     -9.515464    
  4.465403     -9.522092    
  4.467581     -9.531310    
  4.471906     -9.542397    
  4.476188     -9.562232    
  4.480428     -9.531685    
  4.512937     -9.690590    
  4.513024     -9.697904    
  4.514610     -9.703749    
  4.514697     -9.704071    
  4.515945     -9.708686    
  4.516032     -9.709042    
  4.516141     -9.709497    
  4.516228     -9.708189    
  4.585469     -9.958987    
  4.585556     -9.948358    
  4.648489     -10.17773    
  4.648576     -10.17463    
  4.649548     -10.18869    
  4.649635     -10.19075    
  4.649838     -10.19334    
  4.649925     -10.19426    
  4.650035     -10.19534    
  4.650122     -10.16932    
  4.709765     -10.38116    
  4.709852     -10.40710    
  4.765753     -10.59322    
  4.765822     -10.61263    
  4.765909     -10.61310    
  4.766019     -10.61384    
  4.766106     -10.60282    
  4.818480     -10.79639    
  4.818567     -10.77732    
  4.868094     -10.92578    
  4.868152     -10.96823    
  4.868214     -10.96834    
  4.868324     -10.96923    
  4.868411     -10.88735    
  4.915089     -11.16217    
  4.915176     -11.13049    
  4.959449     -11.27255    
  4.959536     -11.27812    
  4.959642     -11.27614    
  4.959729     -11.27498    
  4.959839     -11.27314    
  4.959925     -11.26090    
  5.002021     -11.36035    
  5.002108     -11.42029    
  5.041986     -11.55129    
  5.042072     -11.55449    
  5.042428     -11.55521    
  5.042515     -11.55545    
  5.042624     -11.55577    
  5.042711     -11.53480    
  5.081038     -11.67604    
  5.081125     -11.63536    
  5.117569     -11.79738    
  5.117655     -11.80147    
  5.118005     -11.79905    
  5.118092     -11.78689    
  5.118201     -11.77397    
  5.118288     -11.67670    
  5.153462     -11.97153    
  5.153549     -11.91195    
  5.187204     -12.02309    
  5.187290     -12.00863    
  5.187529     -12.01386    
  5.187616     -12.01519    
  5.187725     -12.01670    
  5.187812     -12.00960    
  5.251180     -12.17884    
  5.251266     -12.22187    
  5.251931     -12.22518    
  5.252018     -12.22677    
  5.252095     -12.22747    
  5.252182     -12.21176    
  5.311750     -12.37848    
  5.311837     -12.42180    
  5.311944     -12.42278    
  5.312021     -12.42352    
  5.312108     -12.42351    
  5.368079     -12.52909    
  5.368165     -12.57831    
  5.420736     -12.74628    
  5.420823     -12.72541    
  5.470384     -12.84905    
  5.470471     -12.89261    
  5.517346     -13.03894    
  5.517433     -13.00310    
  5.561899     -13.16282    
  5.561985     -13.17091    
  5.604277     -13.27715    
  5.604364     -13.30387    
  5.644684     -13.39313    
  5.644771     -13.41815    
  6.101351     -14.76640    
  6.318972     -15.39000    
  6.571403     -16.12044    
  6.845929     -16.91737    
  7.133075     -17.75372    
  7.426993     -18.61704    
  7.724423     -19.49849    
  8.023641     -20.40865    
  8.323763     -21.39179    
  8.624338     -22.58929    
  8.925140    -100.00000    
