 0.6989700    -100.00000    
 0.7247828    -100.00000    
 0.7491470    -100.00000    
 0.7722168    -100.00000    
 0.7941226    -100.00000    
 0.8348744    -100.00000    
 0.8721282    -100.00000    
 0.9064373    -100.00000    
 0.9382333    -100.00000    
 0.9678594     -119.9344    
 0.9955930     -119.0459    
  1.021661     -118.5853    
  1.046253     -118.4005    
  1.069527     -118.4530    
  1.091616     -118.4998    
  1.132686     -118.9073    
  1.170205     -120.5958    
  1.204739     -122.2773    
  1.236728    -100.00000    
  1.266522    -100.00000    
  1.294403    -100.00000    
  1.320601    -100.00000    
  1.345308    -100.00000    
  1.368685    -100.00000    
  1.390867     -114.2581    
  1.390954    -100.00000    
  1.416604    -100.00000    
  1.416691     -90.35440    
  1.442990    -100.00000    
  1.443077     -86.94140    
  1.465932    -100.00000    
  1.466019     -89.77837    
  1.485843    -100.00000    
  1.485930     -92.57166    
  1.517406    -100.00000    
  1.546755     -91.46743    
  1.546842    -100.00000    
  1.576102     -90.17444    
  1.576189    -100.00000    
  1.604747     -86.94628    
  1.604834    -100.00000    
  1.638223    -100.00000    
  1.669228    -100.00000    
  1.698166    -100.00000    
  1.725295     -64.68838    
  1.725382    -100.00000    
  1.731758     -63.30725    
  1.731845    -100.00000    
  1.759983    -100.00000    
  1.786409     -55.83336    
  1.786495    -100.00000    
  1.816265    -100.00000    
  1.844125     -49.14461    
  1.844212     -46.06945    
  1.873424    -100.00000    
  1.873511     -42.19188    
  1.905821    -100.00000    
  1.905908    -100.00000    
  1.913955    -100.00000    
  1.914042     -40.19269    
  1.926709    -100.00000    
  1.926796    -100.00000    
  1.927461    -100.00000    
  1.927548     -36.56720    
  1.962158     -34.10780    
  1.994212    -100.00000    
  1.994299    -100.00000    
  1.996552    -100.00000    
  1.996639    -100.00000    
  1.997939    -100.00000    
  1.998026    -100.00000    
  2.007421    -100.00000    
  2.007508     -31.19431    
  2.028108    -100.00000    
  2.028195     -28.72414    
  2.061043    -100.00000    
  2.061130     -26.35193    
  2.097304    -100.00000    
  2.097391    -100.00000    
  2.101519    -100.00000    
  2.101605    -100.00000    
  2.102584    -100.00000    
  2.102671    -100.00000    
  2.106101    -100.00000    
  2.106187    -100.00000    
  2.111508    -100.00000    
  2.111595    -100.00000    
  2.111941    -100.00000    
  2.112028     -25.78622    
  2.126973    -100.00000    
  2.127060    -100.00000    
  2.127658    -100.00000    
  2.127745    -100.00000    
  2.137486    -100.00000    
  2.137573    -100.00000    
  2.149371    -100.00000    
  2.149458    -100.00000    
  2.156741    -100.00000    
  2.156827    -100.00000    
  2.158960    -100.00000    
  2.159047     -22.86724    
  2.177604    -100.00000    
  2.177690    -100.00000    
  2.181731    -100.00000    
  2.181818    -100.00000    
  2.188445    -100.00000    
  2.188532    -100.00000    
  2.204170    -100.00000    
  2.204257    -100.00000    
  2.211100    -100.00000    
  2.217837    -100.00000    
  2.217924    -100.00000    
  2.218030    -100.00000    
  2.218315    -100.00000    
  2.218402    -100.00000    
  2.218688    -100.00000    
  2.218775    -100.00000    
  2.226808    -100.00000    
  2.234695    -100.00000    
  2.234781    -100.00000    
  2.239617    -100.00000    
  2.239704    -100.00000    
  2.245345    -100.00000    
  2.245432    -100.00000    
  2.250721    -100.00000    
  2.250808    -100.00000    
  2.253696    -100.00000    
  2.253782    -100.00000    
  2.257129    -100.00000    
  2.260450    -100.00000    
  2.263745    -100.00000    
  2.267016    -100.00000    
  2.267103    -100.00000    
  2.270490    -100.00000    
  2.270577    -100.00000    
  2.271628    -100.00000    
  2.271715    -100.00000    
  2.275818    -100.00000    
  2.275905    -100.00000    
  2.277893    -100.00000    
  2.279873    -100.00000    
  2.281843    -100.00000    
  2.283804    -100.00000    
  2.283891    -100.00000    
  2.286288    -100.00000    
  2.286375    -100.00000    
  2.286786    -100.00000    
  2.286873    -100.00000    
  2.289459    -100.00000    
  2.292031    -100.00000    
  2.294586    -100.00000    
  2.297128    -100.00000    
  2.297214    -100.00000    
  2.297982    -100.00000    
  2.298069    -100.00000    
  2.300085    -100.00000    
  2.302092    -100.00000    
  2.304090    -100.00000    
  2.306078    -100.00000    
  2.306165    -100.00000    
  2.308268    -100.00000    
  2.309316    -100.00000    
  2.310361    -100.00000    
  2.311404    -100.00000    
  2.312444    -100.00000    
  2.313482    -100.00000    
  2.314517    -100.00000    
  2.314604    -100.00000    
  2.315597    -100.00000    
  2.315684    -100.00000    
  2.316612    -100.00000    
  2.317538    -100.00000    
  2.318463    -100.00000    
  2.319385    -100.00000    
  2.320305    -100.00000    
  2.321224    -100.00000    
  2.322140    -100.00000    
  2.323055    -100.00000    
  2.323141    -100.00000    
  2.324295    -100.00000    
  2.325445    -100.00000    
  2.326592    -100.00000    
  2.327736    -100.00000    
  2.327823    -100.00000    
  2.328799    -100.00000    
  2.329773    -100.00000    
  2.330745    -100.00000    
  2.331714    -100.00000    
  2.331801    -100.00000    
  2.333101    -100.00000    
  2.333188    -100.00000    
  2.334187    -100.00000    
  2.335184    -100.00000    
  2.336179    -100.00000    
  2.337171    -100.00000    
  2.338161    -100.00000    
  2.339149    -100.00000    
  2.340135    -100.00000    
  2.341118    -100.00000    
  2.341205    -100.00000    
  2.341283    -100.00000    
  2.341370    -100.00000    
  2.341472    -100.00000    
  2.342320    -100.00000    
  2.343166    -100.00000    
  2.344011    -100.00000    
  2.344853    -100.00000    
  2.344940    -100.00000    
  2.345621    -100.00000    
  2.346301    -100.00000    
  2.346979    -100.00000    
  2.347657    -100.00000    
  2.348333    -100.00000    
  2.349009    -100.00000    
  2.349683    -100.00000    
  2.350356    -100.00000    
  2.350443    -100.00000    
  2.351331    -100.00000    
  2.352217    -100.00000    
  2.352659    -100.00000    
  2.353101    -100.00000    
  2.353542    -100.00000    
  2.353983    -100.00000    
  2.354070    -100.00000    
  2.354511    -100.00000    
  2.354951    -100.00000    
  2.355390    -100.00000    
  2.355830    -100.00000    
  2.356269    -100.00000    
  2.356707    -100.00000    
  2.357145    -100.00000    
  2.357582     -13.21444    
  2.357669    -100.00000    
  2.376702     -10.83766    
  2.376789     -10.61686    
  2.381401     -10.40334    
  2.381488     -10.46955    
  2.381574     -10.47616    
  2.381660     -10.45007    
  2.384670     -10.40486    
  2.384757     -10.89542    
  2.387126     -10.50533    
  2.387213     -10.90423    
  2.405819     -10.22643    
  2.405905     -9.991894    
  2.409345     -11.35142    
  2.409431     -10.54482    
  2.409967     -10.00629    
  2.410054     -10.14637    
  2.411501     -10.49732    
  2.411588     -10.25258    
  2.413098     -10.17311    
  2.413185     -10.15148    
  2.417228     -10.09369    
  2.417315     -9.196948    
  2.417448     -8.681498    
  2.417535     -8.019093    
  2.429911    -100.00000    
  2.429998     -7.940065    
  2.433514     -8.701745    
  2.433601     -8.112562    
  2.434762     -7.440978    
  2.434849     -7.251930    
  2.435570    -100.00000    
  2.435657     -8.316373    
  2.438099     -7.897251    
  2.438186     -7.991683    
  2.443115     -7.675787    
  2.443202     -7.464946    
  2.448046     -7.311756    
  2.448133     -7.152616    
  2.449372     -7.297148    
  2.449459     -8.217049    
  2.456026     -6.898877    
  2.456113    -100.00000    
  2.457105     -7.650500    
  2.457192     -6.893334    
  2.461170     -6.711766    
  2.461257     -7.080785    
  2.466286     -6.941589    
  2.466372    -100.00000    
  2.466976     -7.836596    
  2.467064    -100.00000    
  2.471828     -6.522174    
  2.471915     -6.612492    
  2.476442     -6.527769    
  2.476529    -100.00000    
  2.476628    -100.00000    
  2.476715    -100.00000    
  2.476977    -100.00000    
  2.477064     -6.766779    
  2.483465    -100.00000    
  2.483551     -6.944836    
  2.483824     -6.945498    
  2.483911     -6.938820    
  2.484130     -6.928568    
  2.484217     -6.644619    
  2.487220     -6.471571    
  2.490203     -6.794267    
  2.493165     -6.936010    
  2.496107     -6.494820    
  2.496194     -6.347395    
  2.500074     -6.659671    
  2.503920     -6.494540    
  2.504007     -6.654942    
  2.504069     -6.566619    
  2.504156     -6.326841    
  2.506191     -6.050797    
  2.506278     -6.289476    
  2.508598     -6.517591    
  2.510906     -6.850283    
  2.513202     -5.858377    
  2.515486     -6.234463    
  2.515573     -5.918162    
  2.515719     -5.896204    
  2.515805     -5.890712    
  2.515872     -5.892793    
  2.515959     -6.026303    
  2.516943     -5.823980    
  2.517030     -5.837320    
  2.517941     -6.578982    
  2.518028     -5.814977    
  2.521727     -6.252542    
  2.525387     -6.121534    
  2.529016     -6.287560    
  2.532615     -6.106761    
  2.532701     -6.249208    
  2.536032     -6.076627    
  2.539337     -6.533030    
  2.539424     -6.180726    
  2.543132     -6.384505    
  2.546808     -6.259169    
  2.546895     -6.109478    
  2.547329     -5.923079    
  2.547416     -5.856800    
  2.551118     -6.099306    
  2.551204     -5.943945    
  2.554808     -5.817780    
  2.558382     -5.940845    
  2.558469     -6.306709    
  2.558869     -6.365092    
  2.558956     -6.579595    
  2.562079     -7.089807    
  2.565180     -5.970065    
  2.568258     -5.651376    
  2.571315     -5.951459    
  2.571402     -5.598251    
  2.571490     -5.617858    
  2.571576     -5.806013    
  2.574740     -6.324222    
  2.577880     -5.979948    
  2.580998     -6.389789    
  2.584094     -6.193321    
  2.587168    -100.00000    
  2.590220     -6.122361    
  2.593250     -6.193737    
  2.596260     -6.267163    
  2.596347     -6.041472    
  2.597646     -6.232094    
  2.597733     -5.888804    
  2.600542     -5.566343    
  2.603333     -6.437724    
  2.603420     -5.998527    
  2.606239     -5.509885    
  2.606324     -5.301622    
  2.606411     -5.116602    
  2.607237     -5.696778    
  2.607324     -5.741654    
  2.610441     -5.474760    
  2.613536     -5.701446    
  2.616608     -5.056778    
  2.619659     -6.093933    
  2.619746     -5.610887    
  2.620859     -6.160624    
  2.620946     -5.702703    
  2.621962     -5.908609    
  2.622049     -5.405909    
  2.625471     -5.660610    
  2.625557     -6.113177    
  2.626297     -5.242981    
  2.626384     -5.252070    
  2.627024     -5.560078    
  2.627111     -5.282273    
  2.630159     -5.564909    
  2.633186     -5.275392    
  2.633273     -5.265148    
  2.633585     -5.174015    
  2.633672     -5.039124    
  2.636750     -5.404091    
  2.639805     -4.975912    
  2.642840     -5.008873    
  2.645853     -4.812562    
  2.645940     -4.908543    
  2.646436     -4.811110    
  2.646523     -4.633479    
  2.648513     -4.621802    
  2.648600     -4.971547    
  2.650581     -5.044329    
  2.650668     -5.061856    
  2.652023     -4.790275    
  2.652110     -4.692235    
  2.653758     -4.817850    
  2.653845     -4.772683    
  2.654514     -4.607691    
  2.654601     -4.867590    
  2.655848    -100.00000    
  2.655935     -4.992959    
  2.656856     -4.437351    
  2.656943     -4.327942    
  2.659789     -4.619093    
  2.659876     -4.825849    
  2.661632     -5.446434    
  2.661711     -5.322421    
  2.661798     -5.063192    
  2.662838     -5.283203    
  2.662925     -4.904077    
  2.664288     -4.366050    
  2.665620     -4.103269    
  2.666947     -4.718439    
  2.668270     -4.460288    
  2.668357     -4.523589    
  2.669554     -4.536415    
  2.670748     -4.757326    
  2.670835     -5.090612    
  2.671974     -5.093974    
  2.673109     -4.949183    
  2.674242     -4.745608    
  2.675371     -4.711909    
  2.675458     -5.227911    
  2.676606     -4.246145    
  2.677751     -5.065922    
  2.677838     -4.225794    
  2.679282     -4.543185    
  2.680721     -4.732084    
  2.682155     -4.425505    
  2.683585     -4.594834    
  2.683672     -4.717240    
  2.684694     -4.389644    
  2.685714     -4.604460    
  2.685801     -4.402672    
  2.685988     -4.618321    
  2.686075     -5.438472    
  2.686520     -4.856310    
  2.686607     -4.492676    
  2.687604     -4.768686    
  2.688599     -4.686344    
  2.688686     -4.547507    
  2.689315     -4.812081    
  2.689943     -4.675780    
  2.690571     -4.527126    
  2.691198     -4.361656    
  2.691823     -4.168749    
  2.692448     -4.674510    
  2.693072     -4.321694    
  2.693695     -4.331789    
  2.694317     -4.489571    
  2.694939     -4.284353    
  2.695559     -4.485490    
  2.696179     -4.314903    
  2.696797     -4.540361    
  2.697415     -4.255463    
  2.698032     -4.312738    
  2.698648     -4.152656    
  2.698717     -4.219434    
  2.698803     -4.439066    
  2.699142     -4.585554    
  2.699229     -4.380087    
  2.700077     -4.263056    
  2.700500     -4.176384    
  2.700923     -5.104061    
  2.701345     -4.918156    
  2.701767     -4.426602    
  2.702189     -4.321416    
  2.702610     -4.345492    
  2.702697     -4.740077    
  2.706323     -4.456703    
  2.706410     -4.395188    
  2.708352     -4.523270    
  2.708438     -4.347593    
  2.709271     -4.300099    
  2.709358     -4.304254    
  2.712230     -4.085037    
  2.712317     -4.365872    
  2.714595     -4.393987    
  2.716861     -4.533644    
  2.719116     -4.105622    
  2.721359    -100.00000    
  2.721446    -100.00000    
  2.721792     -5.430714    
  2.721879     -4.748160    
  2.725135     -4.758652    
  2.728368     -4.400860    
  2.728455     -4.476347    
  2.728556     -4.560198    
  2.728643     -4.824883    
  2.730036     -5.511867    
  2.730123     -5.497339    
  2.733067     -4.686200    
  2.735992     -4.759856    
  2.736079     -4.596979    
  2.737059     -4.362368    
  2.737146     -4.945959    
  2.740300     -4.569823    
  2.740387     -4.962754    
  2.744215     -4.572619    
  2.748009     -4.264246    
  2.751770     -4.385652    
  2.755499     -4.431557    
  2.755586     -4.459778    
  2.758474     -4.184224    
  2.758561     -4.329982    
  2.759027     -4.222199    
  2.759113     -5.285882    
  2.760747     -4.171334    
  2.760833     -4.492740    
  2.763123     -4.558517    
  2.765400     -4.307429    
  2.765487     -4.258700    
  2.765755     -4.614495    
  2.765842     -4.876913    
  2.768363     -4.274735    
  2.770870     -4.208511    
  2.773363     -4.370270    
  2.775841     -4.218486    
  2.775928     -4.423416    
  2.777541     -4.557890    
  2.777628     -4.198518    
  2.780082     -4.470395    
  2.782523     -4.203809    
  2.784950     -4.752190    
  2.787363     -4.269726    
  2.787450     -4.435413    
  2.789348     -4.004090    
  2.789435     -4.124295    
  2.792054     -4.195814    
  2.792141     -4.160308    
  2.795962     -3.929190    
  2.796049     -4.083011    
  2.798395     -4.193370    
  2.800729     -4.210534    
  2.803050     -4.193204    
  2.805359     -4.233291    
  2.807656     -3.975024    
  2.809941     -4.235106    
  2.812213     -4.022988    
  2.814474     -4.203043    
  2.814561     -4.024620    
  2.815775     -4.016589    
  2.815862     -4.195260    
  2.818570     -3.986280    
  2.818657     -4.009367    
  2.821422     -4.146201    
  2.824169     -4.236492    
  2.826900     -4.054315    
  2.829613     -3.953301    
  2.829700     -4.048104    
  2.832139     -4.106032    
  2.834565     -4.032966    
  2.836978    -100.00000    
  2.839377     -3.973902    
  2.839464     -4.234987    
  2.842740     -4.064506    
  2.845992     -3.977512    
  2.846054     -4.042906    
  2.846141     -4.049194    
  2.846320     -4.059153    
  2.846407     -4.062187    
  2.846929     -4.095010    
  2.847016     -4.114141    
  2.850284     -4.113721    
  2.850371     -4.107024    
  2.851107     -4.093494    
  2.851194     -4.104714    
  2.851272     -4.113589    
  2.851359     -4.119750    
  2.851605     -4.107493    
  2.851692     -4.103808    
  2.852969     -4.093651    
  2.853056     -4.094097    
  2.856721     -4.154511    
  2.856808     -4.159632    
  2.860014     -4.156071    
  2.863196     -4.141355    
  2.863283     -4.162509    
  2.866961     -4.163213    
  2.867048     -4.181464    
  2.867158     -4.168472    
  2.871477     -4.214669    
  2.871560     -4.189269    
  2.871647     -4.214888    
  2.874394     -4.223117    
  2.877123     -4.190163    
  2.877210     -4.208920    
  2.879769     -4.239849    
  2.882313     -4.174291    
  2.882400     -4.161594    
  2.882670     -4.373812    
  2.882757    -100.00000    
  2.885337     -4.084848    
  2.885423     -3.868766    
  2.886380     -3.911741    
  2.886467     -3.953772    
  2.886654     -3.976607    
  2.886741     -4.127263    
  2.889314     -5.666386    
  2.889401     -4.165784    
  2.891964     -4.117881    
  2.892051     -4.124455    
  2.893704     -4.126047    
  2.893791     -4.113776    
  2.894071     -4.122587    
  2.894158     -4.126768    
  2.895095     -4.152229    
  2.895182     -4.156389    
  2.896767     -4.183486    
  2.896854     -4.190692    
  2.897787     -4.203981    
  2.897874     -4.196821    
  2.900589     -4.247504    
  2.900676     -4.198380    
  2.902856     -4.192011    
  2.905026     -4.208475    
  2.905113     -4.225232    
  2.908098     -4.205607    
  2.908185     -4.206108    
  2.908477     -4.207153    
  2.908564     -4.206229    
  2.910090     -4.210638    
  2.910176     -4.210828    
  2.913363     -4.194511    
  2.916527     -4.519367    
  2.916614     -4.413142    
  2.916785     -4.311839    
  2.916872     -4.265885    
  2.917171     -4.208915    
  2.917258     -4.218900    
  2.919518     -4.231588    
  2.921765     -4.228063    
  2.921852     -4.228327    
  2.925029     -4.233822    
  2.925116     -4.238130    
  2.925941     -4.240876    
  2.926028     -4.238172    
  2.927554     -4.233150    
  2.927641     -4.234032    
  2.927950     -4.239945    
  2.928037     -4.240169    
  2.928671     -4.242134    
  2.928758     -4.241271    
  2.929127     -4.240938    
  2.929213     -4.241573    
  2.929524     -4.241954    
  2.929611     -4.242474    
  2.930245     -4.244021    
  2.930332     -4.242036    
  2.930604     -4.245796    
  2.930691     -4.245638    
  2.930963     -4.244032    
  2.931050     -4.240337    
  2.934646     -4.266236    
  2.934733     -4.257221    
  2.936807     -4.258319    
  2.936894     -4.252248    
  2.937412     -4.254110    
  2.937499     -4.257997    
  2.937612     -4.263888    
  2.939332     -4.252652    
  2.939418     -4.244476    
  2.941608     -4.274303    
  2.943787     -4.264359    
  2.943874     -4.264675    
  2.945266     -4.271330    
  2.945353     -4.266684    
  2.946273     -4.267834    
  2.946360     -4.268287    
  2.946687     -4.270475    
  2.946774     -4.265292    
  2.949036     -4.272353    
  2.951287     -4.279792    
  2.951374     -4.255565    
  2.953319     -4.390297    
  2.953406     -4.581656    
  2.953750     -4.516253    
  2.953837     -4.351936    
  2.955739     -4.251608    
  2.955826     -4.286172    
  2.956162     -4.303556    
  2.956249     -4.303225    
  2.957620     -4.310740    
  2.957703     -4.303053    
  2.957790     -4.293446    
  2.959196     -4.308737    
  2.959269     -4.343519    
  2.959356     -4.348589    
  2.959520     -4.339859    
  2.959575     -4.333496    
  2.959642     -4.328243    
  2.959729     -4.323854    
  2.959839     -4.320292    
  2.959926     -4.318458    
  2.960694     -4.292795    
  2.960781     -4.285646    
  2.961122     -4.202043    
  2.961209     -4.166276    
  2.965318     -4.412126    
  2.965405     -4.877576    
  2.969227     -4.078124    
  2.969314     -4.269246    
  2.972533     -4.217553    
  2.975728     -4.222098    
  2.975815     -4.226418    
  2.976166     -4.177207    
  2.976253     -4.127881    
  2.979351     -4.405533    
  2.982423     -4.273762    
  2.982509     -4.199498    
  2.982872     -4.294572    
  2.982959     -4.172326    
  2.987037     -4.226807    
  2.991078     -4.833507    
  2.995081     -4.391362    
  2.999047     -4.261107    
  3.002978     -4.480858    
  3.006874     -4.289014    
  3.010734     -4.425235    
  3.014561     -4.206125    
  3.018354     -4.285160    
  3.022115     -4.248216    
  3.025843     -4.220100    
  3.029540     -4.246025    
  3.033205     -4.271965    
  3.036840     -4.347274    
  3.040444     -4.313283    
  3.044019     -4.297645    
  3.044106     -4.376566    
  3.046417     -4.320077    
  3.046504     -4.282484    
  3.047266     -4.343103    
  3.047353     -4.369987    
  3.050503     -4.339543    
  3.053630     -4.313235    
  3.056735     -4.406319    
  3.059819     -4.316289    
  3.062880     -4.342654    
  3.065920     -4.328252    
  3.068939     -4.493681    
  3.071937     -4.511036    
  3.072024     -4.201302    
  3.074515     -4.778019    
  3.074602     -4.277795    
  3.078033     -4.432201    
  3.081436     -4.421037    
  3.084813     -4.570357    
  3.088164     -4.197696    
  3.088251     -4.400158    
  3.089222     -4.417781    
  3.089309     -4.496829    
  3.091849     -4.401678    
  3.091936     -4.481385    
  3.095352     -4.783857    
  3.095438     -4.439347    
  3.097710     -4.486844    
  3.099969     -4.476936    
  3.100056     -4.443936    
  3.102791     -4.489987    
  3.105509     -4.505899    
  3.105596     -4.527541    
  3.108813     -4.515856    
  3.112005     -4.520706    
  3.112092     -4.470696    
  3.114687     -4.569557    
  3.114774     -4.501519    
  3.116978     -4.585096    
  3.117065     -4.626793    
  3.118223     -4.565665    
  3.118310     -4.600207    
  3.120853     -4.622624    
  3.123381     -4.655951    
  3.123468     -4.583454    
  3.125997     -4.616169    
  3.126084     -4.529538    
  3.127687     -4.548803    
  3.127774     -4.533531    
  3.129225     -4.545799    
  3.129312     -4.516212    
  3.132455     -4.612310    
  3.135577     -4.776397    
  3.135664     -4.791672    
  3.136182     -4.731498    
  3.136269     -4.545070    
  3.138696     -4.867567    
  3.141109     -4.684911    
  3.141196     -4.695061    
  3.144101     -4.850051    
  3.144188     -4.495139    
  3.144956     -4.627695    
  3.145043     -4.782634    
  3.146758     -4.697175    
  3.146845     -4.695397    
  3.147795     -4.764452    
  3.147882     -4.680480    
  3.148729     -4.751828    
  3.148816     -5.163781    
  3.150639     -4.648686    
  3.150726     -4.616467    
  3.151276     -4.563839    
  3.151363     -4.656221    
  3.153068     -4.855672    
  3.153155     -4.760977    
  3.153381     -4.743688    
  3.153434     -4.735980    
  3.153521     -4.665787    
  3.155016     -4.715507    
  3.155103     -4.613947    
  3.156074     -4.996095    
  3.156161     -4.592300    
  3.160418     -4.738104    
  3.164633     -4.821398    
  3.164720     -4.842929    
  3.165979     -4.769222    
  3.166066     -4.812868    
  3.169710     -4.772314    
  3.173324     -4.453806    
  3.176908     -4.690213    
  3.180463     -4.626475    
  3.180550     -4.648973    
  3.181960     -4.651736    
  3.182047     -4.713217    
  3.184770     -4.879744    
  3.187477     -4.804887    
  3.187564     -4.503805    
  3.188338     -5.320892    
  3.188425     -5.221718    
  3.189356     -4.782874    
  3.189443    -100.00000    
  3.192224     -4.702883    
  3.192311     -4.699138    
  3.194885     -4.923301    
  3.194972     -5.026790    
  3.196916     -4.695438    
  3.197003     -4.669279    
  3.200855     -4.696942    
  3.204674     -4.769477    
  3.204761     -4.857944    
  3.207365     -4.896011    
  3.207452     -4.773746    
  3.209994     -4.840808    
  3.212521     -5.023766    
  3.215033     -4.733636    
  3.217531     -4.673877    
  3.217618     -4.653584    
  3.218164     -4.983898    
  3.218251     -5.068533    
  3.222514     -4.781860    
  3.226736     -4.720142    
  3.230917     -4.769076    
  3.235058     -5.083802    
  3.239160     -4.615114    
  3.243224     -4.853238    
  3.247249     -4.711831    
  3.251238     -4.838299    
  3.251325     -4.827390    
  3.255235     -4.839672    
  3.259111     -4.839060    
  3.262951     -4.818643    
  3.266759     -4.823817    
  3.270533     -4.888580    
  3.274275     -4.871623    
  3.277984     -4.906274    
  3.281662     -4.920363    
  3.281749     -4.898427    
  3.285833     -4.953611    
  3.285920     -4.952584    
  3.289028     -4.936305    
  3.289115     -4.930050    
  3.292150     -4.968781    
  3.295165     -4.952597    
  3.298158     -4.982788    
  3.301132     -4.947932    
  3.301219     -4.974781    
  3.305074     -5.009284    
  3.305161     -5.004474    
  3.305985     -5.008108    
  3.306072     -5.008415    
  3.306887     -5.013485    
  3.306974     -5.019038    
  3.309850     -5.005156    
  3.309937     -5.016496    
  3.310624     -5.021884    
  3.310710     -5.021944    
  3.311825     -5.026303    
  3.311912     -5.026400    
  3.312012     -5.026754    
  3.312099     -5.041804    
  3.314648     -4.999400    
  3.317181     -4.977099    
  3.319700     -5.043516    
  3.322204     -5.061852    
  3.324695     -5.031195    
  3.327170     -5.066364    
  3.329632     -5.066909    
  3.332080     -5.091740    
  3.334514     -5.074840    
  3.336935     -5.105804    
  3.339342     -5.079770    
  3.341736     -5.114162    
  3.344117     -5.112178    
  3.346485     -5.145970    
  3.348840     -5.076913    
  3.351182     -5.136591    
  3.351269     -5.127327    
  3.355367     -5.141397    
  3.359427     -5.166907    
  3.363449     -5.177374    
  3.367434     -5.173132    
  3.367521     -5.182122    
  3.370066     -5.190994    
  3.372596     -5.201038    
  3.375111     -5.209488    
  3.377612     -5.217490    
  3.377699     -5.235120    
  3.380754     -5.235904    
  3.383787     -5.238089    
  3.386800     -5.246842    
  3.389792     -5.256378    
  3.389879     -5.256960    
  3.392466     -5.265765    
  3.395039     -5.271217    
  3.395126     -5.271110    
  3.397959     -5.280276    
  3.398046     -5.280593    
  3.398416     -5.282484    
  3.398503     -5.277819    
  3.400855     -5.309945    
  3.400942     -5.290509    
  3.402428     -5.238858    
  3.402515     -5.292081    
  3.405655     -5.311496    
  3.408773     -5.323446    
  3.411869     -5.328503    
  3.414942     -5.340364    
  3.415029     -5.341037    
  3.419186     -5.354692    
  3.423303     -5.369100    
  3.427382     -5.383092    
  3.431422     -5.393369    
  3.431509     -5.410675    
  3.434904     -5.348295    
  3.438273     -5.350519    
  3.441616     -5.454873    
  3.444934     -5.443808    
  3.445021     -5.442815    
  3.447484     -5.451975    
  3.449934     -5.460629    
  3.450021     -5.461299    
  3.452474     -5.469859    
  3.454914     -5.477598    
  3.455001     -5.476399    
  3.458672     -5.493108    
  3.462313     -5.502518    
  3.465924     -5.512618    
  3.469505     -5.530684    
  3.469592     -5.527227    
  3.469843     -5.528006    
  3.469930     -5.528388    
  3.471179     -5.532457    
  3.471266     -5.532752    
  3.474100     -5.543111    
  3.474187     -5.546458    
  3.476423     -5.533069    
  3.478648     -5.559273    
  3.480861     -5.566314    
  3.483063     -5.573303    
  3.483150     -5.572810    
  3.485959     -5.583503    
  3.488749     -5.590269    
  3.491522     -5.601362    
  3.494277     -5.613782    
  3.494364     -5.612442    
  3.496766     -5.603128    
  3.499154     -5.631703    
  3.501530     -5.641885    
  3.503893     -5.644079    
  3.506243     -5.551616    
  3.508580     -5.562186    
  3.510905     -5.669721    
  3.513217     -5.678149    
  3.513304     -5.678628    
  3.515963     -5.687905    
  3.518606     -5.696255    
  3.521233     -5.710144    
  3.523845     -5.700616    
  3.526440     -5.729735    
  3.529020     -5.726733    
  3.531585     -5.744609    
  3.534135     -5.751363    
  3.534222     -5.751707    
  3.536649     -5.760057    
  3.539062     -5.766989    
  3.541462     -5.777890    
  3.543849     -5.802316    
  3.543936     -5.779102    
  3.547053     -5.796954    
  3.550148     -5.807229    
  3.550235     -5.807444    
  3.552940     -5.816369    
  3.555627     -5.826157    
  3.555714     -5.825843    
  3.556728     -5.828464    
  3.556815     -5.829688    
  3.558846     -5.835727    
  3.558933     -5.836177    
  3.559110     -5.837082    
  3.559197     -5.837376    
  3.560851     -5.844541    
  3.560938     -5.845682    
  3.561019     -5.845737    
  3.561106     -5.845733    
  3.561368     -5.845966    
  3.561455     -5.846309    
  3.561549     -5.846699    
  3.561702     -5.847024    
  3.561789     -5.846952    
  3.561899     -5.846807    
  3.561986     -5.846721    
  3.562293     -5.845377    
  3.565681     -5.838333    
  3.565768     -5.843421    
  3.568672     -5.861417    
  3.571556     -5.870926    
  3.574422     -5.890517    
  3.577268     -5.891657    
  3.580096     -5.903491    
  3.582906     -5.908593    
  3.585698     -5.923087    
  3.588471     -5.931244    
  3.591228     -5.938994    
  3.593966     -5.951643    
  3.596688     -5.925476    
  3.599393     -5.986480    
  3.602081     -5.963176    
  3.604752     -5.984032    
  3.607407     -5.995807    
  3.610046     -5.973479    
  3.610133     -5.978535    
  3.612394     -6.104307    
  3.614642     -5.958249    
  3.616880     -6.035095    
  3.619105     -6.027522    
  3.621319     -6.039255    
  3.623523     -6.056833    
  3.625715     -6.039955    
  3.627896     -6.064927    
  3.627982     -6.062764    
  3.630428     -6.071380    
  3.632092     -6.077624    
  3.636162     -6.096018    
  3.640195     -6.092061    
  3.644191     -6.111704    
  3.644278     -6.115038    
  3.646967     -6.129814    
  3.649640     -6.137815    
  3.652297     -6.156452    
  3.654938     -6.137034    
  3.655025     -6.181982    
  3.657211     -6.158159    
  3.659385     -6.146753    
  3.659472     -6.163293    
  3.663615     -6.175791    
  3.663702     -6.180676    
  3.666466     -6.103656    
  3.669212     -6.087887    
  3.671940     -5.759035    
  3.674652     -6.300258    
  3.677347     -6.239299    
  3.680026     -6.248910    
  3.682687     -6.254607    
  3.685333     -6.265457    
  3.685420     -6.300170    
  3.688862     -6.190554    
  3.688948     -6.211334    
  3.690731     -6.295178    
  3.690818     -6.280456    
  3.691459     -6.279512    
  3.691546     -6.273555    
  3.694812     -6.289378    
  3.694898     -6.291485    
  3.695365     -6.296537    
  3.695452     -6.297354    
  3.695518     -6.297944    
  3.695605     -6.299893    
  3.698701     -6.312852    
  3.701776     -6.320402    
  3.704828     -6.328693    
  3.707860     -6.345920    
  3.710870     -6.356517    
  3.712650     -6.356159    
  3.713860     -6.364714    
  3.716830     -6.376159    
  3.719779     -6.378006    
  3.719866     -6.386925    
  3.723198     -6.399412    
  3.726504     -6.396293    
  3.729786     -6.417347    
  3.733043     -6.435221    
  3.733130     -6.477352    
  3.735507     -6.364563    
  3.737872     -6.458566    
  3.740223     -6.460020    
  3.742563     -6.468742    
  3.744889     -6.476989    
  3.747203     -6.485236    
  3.749505     -6.493425    
  3.751794     -6.501542    
  3.751881     -6.503018    
  3.755217     -6.510819    
  3.755304     -6.508866    
  3.755522     -6.508939    
  3.755609     -6.509099    
  3.758467     -6.520492    
  3.761306     -6.530176    
  3.764127     -6.530402    
  3.766929     -6.530534    
  3.769713     -6.576025    
  3.772480     -6.529018    
  3.775229     -6.581434    
  3.777961     -6.595201    
  3.778048     -6.594396    
  3.778151     -6.593468    
  3.781161     -6.603362    
  3.784252     -6.616472    
  3.787320     -6.624528    
  3.790368     -6.636030    
  3.793394     -6.640616    
  3.796399     -6.654023    
  3.799384     -6.638174    
  3.802348     -6.685463    
  3.802435     -6.678504    
  3.806009     -6.684531    
  3.806096     -6.630480    
  3.809815     -6.727012    
  3.809902     -6.710158    
  3.811377     -6.685314    
  3.811464     -6.663217    
  3.811517     -6.658097    
  3.811568     -6.653631    
  3.811655     -6.642010    
  3.814154     -6.724604    
  3.816638     -6.775861    
  3.819108     -6.404256    
  3.821564     -6.820589    
  3.821651     -6.738429    
  3.825835     -6.206870    
  3.829979     -6.646713    
  3.834084     -6.802452    
  3.838150     -6.803886    
  3.838237     -6.814571    
  3.840994     -6.806831    
  3.843735     -6.824089    
  3.846458     -6.833482    
  3.849164     -6.846870    
  3.851853     -6.839896    
  3.854526     -6.803202    
  3.857182     -6.873208    
  3.859823     -6.875937    
  3.859910     -6.881583    
  3.862754     -6.888107    
  3.865581     -6.899190    
  3.868389     -6.911186    
  3.871179     -6.918414    
  3.871266     -6.925194    
  3.873695     -6.929751    
  3.876111     -6.937935    
  3.878513     -6.947675    
  3.880902     -6.954180    
  3.880989     -6.946881    
  3.884377     -6.965212    
  3.887739     -6.963390    
  3.891076     -6.992348    
  3.894387     -7.003623    
  3.894474     -7.002936    
  3.898660     -7.019231    
  3.898747     -7.018969    
  3.902078     -7.031290    
  3.905384     -7.038043    
  3.905471     -7.022779    
  3.908472     -7.060313    
  3.908559     -7.054587    
  3.912193     -7.065765    
  3.912280     -7.065320    
  3.913068     -7.063458    
  3.913155     -7.064333    
  3.913273     -7.065200    
  3.913714     -7.070179    
  3.913769     -7.070833    
  3.913842     -7.071529    
  3.913889     -7.071915    
  3.913972     -7.072540    
  3.914081     -7.073253    
  3.914168     -7.075678    
  3.916915     -7.075378    
  3.917002     -6.995722    
  3.919240     -7.087501    
  3.921466     -7.093023    
  3.923680     -7.094013    
  3.925884     -7.106555    
  3.928076     -7.116560    
  3.930258     -7.130109    
  3.934588     -7.141908    
  3.938875     -7.161621    
  3.943121     -7.174722    
  3.947325     -7.189984    
  3.951490     -7.208176    
  3.955614     -7.216518    
  3.959700     -7.233505    
  3.963748     -7.248303    
  3.967758     -7.256644    
  3.971732     -7.221473    
  3.975669     -7.262486    
  3.979571     -7.305043    
  3.983439     -7.305994    
  3.983526     -7.317338    
  3.987126     -7.330856    
  3.990697     -7.343156    
  3.994239     -7.360646    
  3.997752     -7.347507    
  3.997838     -7.340977    
  4.000147     -7.382729    
  4.002444     -7.380587    
  4.004728     -7.467066    
  4.007001     -6.964005    
  4.009262     -7.462207    
  4.011511     -7.418202    
  4.013748     -7.426829    
  4.015974     -7.425461    
  4.018189     -7.446582    
  4.020392     -7.431850    
  4.022585     -7.457792    
  4.024766     -7.464083    
  4.029096     -7.479566    
  4.033383     -7.493174    
  4.033470     -7.436342    
  4.034774     -7.703432    
  4.034861     -7.339315    
  4.038126     -7.321961    
  4.041367     -7.536498    
  4.044585     -7.517225    
  4.047778     -7.545098    
  4.047865     -7.544831    
  4.051277     -7.558450    
  4.054632     -7.569360    
  4.057962     -7.581181    
  4.061267     -7.592620    
  4.061354     -7.592889    
  4.065579     -7.528283    
  4.069764     -7.578448    
  4.073909     -7.638466    
  4.078015     -7.650496    
  4.078102     -7.649632    
  4.080241     -7.661321    
  4.080328     -7.669085    
  4.080857     -7.657931    
  4.080944     -7.657134    
  4.081009     -7.656072    
  4.081054     -7.652594    
  4.082194     -7.637625    
  4.082281     -7.649107    
  4.084738     -7.671275    
  4.087181     -7.683411    
  4.089611     -7.690816    
  4.092028     -7.694940    
  4.094430     -7.708259    
  4.096820     -7.714129    
  4.099197     -7.716040    
  4.101560     -7.724894    
  4.101647     -7.732630    
  4.104844     -7.745397    
  4.108018     -7.692284    
  4.111169     -7.666743    
  4.114297     -7.779404    
  4.117403     -7.788435    
  4.120486     -7.795502    
  4.123548     -7.806869    
  4.126589     -7.817154    
  4.129608     -7.825280    
  4.132606     -7.838759    
  4.135584     -7.848359    
  4.138542     -7.818360    
  4.141479     -7.869358    
  4.144397     -7.879547    
  4.147296     -7.882558    
  4.150175     -7.904143    
  4.150262     -7.900540    
  4.153103     -7.911123    
  4.155926     -7.920188    
  4.156013     -7.892216    
  4.158103     -7.932627    
  4.158190     -7.929468    
  4.161727     -7.939225    
  4.161814     -7.933981    
  4.163762     -7.945664    
  4.163849     -7.946587    
  4.163959     -7.947172    
  4.164046     -7.947226    
  4.166389     -7.961030    
  4.168720     -7.990759    
  4.171039     -7.859572    
  4.173345     -7.995467    
  4.175640     -7.979269    
  4.177922     -8.001625    
  4.180192     -8.006395    
  4.182450     -8.015243    
  4.184697     -8.020022    
  4.186932     -8.029627    
  4.189156     -8.037399    
  4.191369     -8.045900    
  4.193570     -8.048861    
  4.195760     -8.063255    
  4.197939     -8.034869    
  4.200107     -8.078321    
  4.204411     -8.088290    
  4.208673     -8.098701    
  4.212894     -8.122114    
  4.217074     -8.131480    
  4.221214     -8.147858    
  4.225315     -8.160155    
  4.229377     -8.148264    
  4.233402     -8.187554    
  4.233489     -8.168714    
  4.235773     -8.199411    
  4.238044     -8.213674    
  4.240303     -8.172149    
  4.242551     -8.206821    
  4.244787     -8.231115    
  4.247012     -8.236366    
  4.249225     -8.240942    
  4.251427     -8.236735    
  4.251514     -8.249746    
  4.255198     -8.263958    
  4.258852     -8.274641    
  4.262474     -8.268766    
  4.266067     -8.302574    
  4.266154     -8.301119    
  4.268659     -8.344683    
  4.271149     -8.008328    
  4.273626     -7.956831    
  4.276088     -8.141926    
  4.278536     -8.350565    
  4.280971     -8.352968    
  4.283392     -8.234087    
  4.285800     -8.374184    
  4.288194     -8.386524    
  4.290575     -8.324206    
  4.292943     -8.405292    
  4.295299     -8.400974    
  4.297641     -8.409544    
  4.299971     -8.417616    
  4.302289     -8.424292    
  4.304595     -8.432957    
  4.306888     -8.440560    
  4.309169     -8.451525    
  4.311438     -8.426242    
  4.313695     -8.504454    
  4.315941     -8.460554    
  4.318175     -8.478836    
  4.320398     -8.485879    
  4.322610     -8.488176    
  4.324810     -8.495013    
  4.326999     -8.441181    
  4.329177     -8.504750    
  4.331345     -8.520823    
  4.335647     -8.497744    
  4.339907     -8.530314    
  4.339994     -8.507901    
  4.343342     -8.513153    
  4.346664     -8.568858    
  4.349961     -8.587549    
  4.353233     -8.584712    
  4.353320     -8.590937    
  4.356074     -8.596510    
  4.356161     -8.593593    
  4.357582     -8.612830    
  4.357669     -8.610241    
  4.357779     -8.610683    
  4.357865     -8.610671    
  4.360696     -8.624633    
  4.363507     -8.636107    
  4.366301     -8.621418    
  4.369077     -8.652412    
  4.371835     -8.607759    
  4.374576     -8.679691    
  4.377300     -8.672284    
  4.380006     -8.685427    
  4.382696     -8.695850    
  4.385369     -8.704664    
  4.388026     -8.713689    
  4.390667     -8.723062    
  4.393292     -8.714529    
  4.395901     -8.739505    
  4.398495     -8.745529    
  4.401073     -8.759991    
  4.403636     -8.761012    
  4.406183     -8.771034    
  4.408716     -8.757071    
  4.411235     -8.745667    
  4.413739     -8.802529    
  4.416228     -8.809995    
  4.418703     -8.811226    
  4.421164     -8.651595    
  4.423612     -8.855852    
  4.426045     -8.842236    
  4.428465     -8.832657    
  4.430872     -8.862082    
  4.433266     -8.837432    
  4.435646     -8.868122    
  4.438013     -8.879547    
  4.440368     -8.887846    
  4.440455     -8.888781    
  4.442834     -8.873657    
  4.445201     -8.908679    
  4.445288     -8.905463    
  4.447569     -8.913906    
  4.449839     -8.934085    
  4.452097     -8.754651    
  4.454343     -8.906074    
  4.456578     -8.944605    
  4.458801     -8.938594    
  4.461013     -8.914748    
  4.463213     -8.963698    
  4.465403     -8.972152    
  4.467581     -8.980736    
  4.471906     -8.981906    
  4.476188     -9.006706    
  4.480428     -8.946773    
  4.512937     -9.118072    
  4.513024     -9.117820    
  4.514610     -9.128929    
  4.514697     -9.130260    
  4.515945     -9.136895    
  4.516032     -9.136969    
  4.516141     -9.137327    
  4.516228     -9.135148    
  4.585469     -9.351197    
  4.585556     -9.321136    
  4.648489     -9.530002    
  4.648576     -9.530366    
  4.649548     -9.557084    
  4.649635     -9.559027    
  4.649838     -9.561837    
  4.649925     -9.562529    
  4.650035     -9.563783    
  4.650122     -9.532786    
  4.709765     -9.736441    
  4.709852     -9.754044    
  4.765753     -9.926011    
  4.765822     -9.940435    
  4.765909     -9.940520    
  4.766019     -9.942813    
  4.766106     -9.925560    
  4.818480     -10.11364    
  4.818567     -10.08837    
  4.868094     -10.21838    
  4.868152     -10.23792    
  4.868214     -10.23849    
  4.868324     -10.24410    
  4.868411     -10.14862    
  4.915089     -10.46781    
  4.915176     -10.41373    
  4.959449     -10.53889    
  4.959536     -10.54930    
  4.959642     -10.54881    
  4.959729     -10.54800    
  4.959839     -10.54590    
  4.959925     -10.53626    
  5.002021     -10.64424    
  5.002108     -10.68084    
  5.041986     -10.80300    
  5.042072     -10.81565    
  5.042428     -10.81288    
  5.042515     -10.81246    
  5.042624     -10.81201    
  5.042711     -10.78088    
  5.081038     -10.92298    
  5.081125     -10.84175    
  5.117569     -11.04485    
  5.117655     -11.03910    
  5.118005     -11.03928    
  5.118092     -11.03882    
  5.118201     -11.03635    
  5.118288     -10.97800    
  5.153462     -11.16654    
  5.153549     -11.14010    
  5.187204     -11.25034    
  5.187290     -11.23821    
  5.187529     -11.24041    
  5.187616     -11.24108    
  5.187725     -11.24208    
  5.187812     -11.23459    
  5.251180     -11.41588    
  5.251266     -11.43571    
  5.251931     -11.44020    
  5.252018     -11.44094    
  5.252095     -11.44139    
  5.252182     -11.42489    
  5.311750     -11.59736    
  5.311837     -11.63279    
  5.311944     -11.63419    
  5.312021     -11.63510    
  5.312108     -11.62764    
  5.368079     -11.75703    
  5.368165     -11.77939    
  5.420736     -11.94533    
  5.420823     -11.92673    
  5.470384     -12.05695    
  5.470471     -12.07287    
  5.517346     -12.23555    
  5.517433     -12.22013    
  5.561899     -12.35711    
  5.561985     -12.35407    
  5.604277     -12.43109    
  5.604364     -12.48382    
  5.644684     -12.59306    
  5.644771     -12.59270    
  6.101351     -13.87540    
  6.318972     -14.49438    
  6.571403     -15.20885    
  6.845929     -15.99097    
  7.133075     -16.82880    
  7.426993     -17.74177    
  7.724423     -18.78434    
  8.023641     -20.10740    
  8.323763     -22.29359    
  8.624338    -100.00000    
  8.925140    -100.00000    
