 0.6989700    -100.00000    
 0.7247828    -100.00000    
 0.7491470    -100.00000    
 0.7722168    -100.00000    
 0.7941226    -100.00000    
 0.8348744    -100.00000    
 0.8721282    -100.00000    
 0.9064373    -100.00000    
 0.9382333    -100.00000    
 0.9678594    -100.00000    
 0.9955930     -137.0291    
  1.021661     -134.7685    
  1.046253     -133.8729    
  1.069527     -133.4577    
  1.091616     -132.4968    
  1.132686     -132.2273    
  1.170205     -133.2056    
  1.204739    -100.00000    
  1.236728    -100.00000    
  1.266522    -100.00000    
  1.294403    -100.00000    
  1.320601    -100.00000    
  1.345308    -100.00000    
  1.368685    -100.00000    
  1.390867     -129.3368    
  1.390954    -100.00000    
  1.416604     -125.6891    
  1.416691    -100.00000    
  1.442990    -100.00000    
  1.443077    -100.00000    
  1.465932     -111.4426    
  1.466019    -100.00000    
  1.485843     -109.2444    
  1.485930    -100.00000    
  1.517406    -100.00000    
  1.546755     -103.6699    
  1.546842    -100.00000    
  1.576102     -101.3072    
  1.576189    -100.00000    
  1.604747     -99.23045    
  1.604834    -100.00000    
  1.638223    -100.00000    
  1.669228    -100.00000    
  1.698166    -100.00000    
  1.725295     -78.49764    
  1.725382    -100.00000    
  1.731758     -76.89524    
  1.731845    -100.00000    
  1.759983    -100.00000    
  1.786409     -67.82634    
  1.786495    -100.00000    
  1.816265    -100.00000    
  1.844125     -59.13279    
  1.844212    -100.00000    
  1.873424     -55.16751    
  1.873511    -100.00000    
  1.905821     -51.10578    
  1.905908    -100.00000    
  1.913955     -49.77223    
  1.914042    -100.00000    
  1.926709     -48.34976    
  1.926796     -48.17956    
  1.927461     -48.10284    
  1.927548    -100.00000    
  1.962158    -100.00000    
  1.994212     -41.35353    
  1.994299     -40.97973    
  1.996552     -40.75402    
  1.996639     -40.74126    
  1.997939     -40.61321    
  1.998026     -42.11420    
  2.007421     -39.77740    
  2.007508    -100.00000    
  2.028108     -37.98673    
  2.028195    -100.00000    
  2.061043     -35.22542    
  2.061130    -100.00000    
  2.097304     -32.32595    
  2.097391     -32.00876    
  2.101519     -31.68249    
  2.101605     -31.66221    
  2.102584     -31.58806    
  2.102671     -31.59735    
  2.106101     -31.33338    
  2.106187     -31.36492    
  2.111508     -30.94366    
  2.111595     -30.91504    
  2.111941     -30.88987    
  2.112028    -100.00000    
  2.126973     -29.90996    
  2.127060     -29.79792    
  2.127658     -29.75533    
  2.127745     -30.00152    
  2.137486     -29.12590    
  2.137573     -29.55920    
  2.149371     -28.33791    
  2.149458     -28.34154    
  2.156741     -27.81195    
  2.156827     -27.77742    
  2.158960     -27.63868    
  2.159047    -100.00000    
  2.177604     -26.57321    
  2.177690     -26.45664    
  2.181731     -26.20308    
  2.181818     -26.25088    
  2.188445     -25.80065    
  2.188532    -100.00000    
  2.204170     -24.93582    
  2.204257     -24.89219    
  2.211100     -24.48387    
  2.217837     -24.08889    
  2.217924     -24.06304    
  2.218030     -24.05714    
  2.218315     -24.04094    
  2.218402     -24.03611    
  2.218688     -24.02016    
  2.218775     -24.08272    
  2.226808     -23.61780    
  2.234695     -23.16859    
  2.234781     -23.15602    
  2.239617     -22.89325    
  2.239704     -22.88831    
  2.245345     -22.60011    
  2.245432     -22.59967    
  2.250721     -22.31908    
  2.250808     -22.30715    
  2.253696     -22.15873    
  2.253782     -22.16167    
  2.257129     -21.98272    
  2.260450     -21.82290    
  2.263745     -21.65687    
  2.267016     -21.49425    
  2.267103     -21.49216    
  2.270490     -21.32541    
  2.270577     -21.31705    
  2.271628     -21.26580    
  2.271715     -21.27056    
  2.275818     -21.07031    
  2.275905     -21.06115    
  2.277893     -20.96643    
  2.279873     -20.87232    
  2.281843     -20.77897    
  2.283804     -20.68708    
  2.283891     -20.68408    
  2.286288     -20.57177    
  2.286375     -20.56555    
  2.286786     -20.54643    
  2.286873     -20.54540    
  2.289459     -20.42554    
  2.292031     -20.30730    
  2.294586     -20.19007    
  2.297128     -20.07509    
  2.297214     -20.06885    
  2.297982     -20.03425    
  2.298069     -20.03192    
  2.300085     -19.94105    
  2.302092     -19.85146    
  2.304090     -19.76265    
  2.306078     -19.67456    
  2.306165     -19.67117    
  2.308268     -19.57814    
  2.309316     -19.53147    
  2.310361     -19.48589    
  2.311404     -19.44053    
  2.312444     -19.39544    
  2.313482     -19.35041    
  2.314517     -19.30590    
  2.314604     -19.30209    
  2.315597     -19.25937    
  2.315684     -19.25563    
  2.316612     -19.21582    
  2.317538     -19.17622    
  2.318463     -19.13681    
  2.319385     -19.09757    
  2.320305     -19.05796    
  2.321224     -19.01922    
  2.322140     -18.98095    
  2.323055     -18.94241    
  2.323141     -18.93896    
  2.324295     -18.89057    
  2.325445     -18.84244    
  2.326592     -18.79459    
  2.327736     -18.74699    
  2.327823     -18.74326    
  2.328799     -18.70283    
  2.329773     -18.66257    
  2.330745     -18.62252    
  2.331714     -18.58265    
  2.331801     -18.57937    
  2.333101     -18.52607    
  2.333188     -18.52234    
  2.334187     -18.48155    
  2.335184     -18.44096    
  2.336179     -18.40057    
  2.337171     -18.36041    
  2.338161     -18.32044    
  2.339149     -18.28067    
  2.340135     -18.24110    
  2.341118     -18.20172    
  2.341205     -18.19802    
  2.341283     -18.19491    
  2.341370     -18.19144    
  2.341472     -18.18749    
  2.342320     -18.15368    
  2.343166     -18.12003    
  2.344011     -18.08650    
  2.344853     -18.05312    
  2.344940     -18.04960    
  2.345621     -18.02273    
  2.346301     -17.99593    
  2.346979     -17.96924    
  2.347657     -17.94262    
  2.348333     -17.91611    
  2.349009     -17.88969    
  2.349683     -17.86335    
  2.350356     -17.83712    
  2.350443     -17.83382    
  2.351331     -17.79931    
  2.352217     -17.76420    
  2.352659     -17.74876    
  2.353101     -17.73031    
  2.353542     -17.71355    
  2.353983     -17.69645    
  2.354070     -17.69079    
  2.354511     -17.67817    
  2.354951     -17.66039    
  2.355390     -17.64395    
  2.355830     -17.62713    
  2.356269     -17.61014    
  2.356707     -17.59345    
  2.357145     -17.57680    
  2.357582     -16.72842    
  2.357669     -15.68391    
  2.376702    -100.00000    
  2.376789    -100.00000    
  2.381401    -100.00000    
  2.381488    -100.00000    
  2.381574    -100.00000    
  2.381660    -100.00000    
  2.384670    -100.00000    
  2.384757    -100.00000    
  2.387126    -100.00000    
  2.387213    -100.00000    
  2.405819    -100.00000    
  2.405905    -100.00000    
  2.409345    -100.00000    
  2.409431    -100.00000    
  2.409967    -100.00000    
  2.410054    -100.00000    
  2.411501    -100.00000    
  2.411588    -100.00000    
  2.413098    -100.00000    
  2.413185    -100.00000    
  2.417228    -100.00000    
  2.417315     -12.62759    
  2.417448     -12.01295    
  2.417535     -11.31321    
  2.429911    -100.00000    
  2.429998     -11.90058    
  2.433514     -11.78240    
  2.433601     -11.25222    
  2.434762     -10.63470    
  2.434849     -10.40902    
  2.435570    -100.00000    
  2.435657     -11.52463    
  2.438099     -11.28060    
  2.438186     -11.57404    
  2.443115     -11.01780    
  2.443202     -10.81404    
  2.448046     -10.90106    
  2.448133     -10.72829    
  2.449372     -10.71425    
  2.449459    -100.00000    
  2.456026     -10.07826    
  2.456113    -100.00000    
  2.457105     -10.72412    
  2.457192     -10.17010    
  2.461170     -10.48216    
  2.461257     -10.40703    
  2.466286     -10.23194    
  2.466372    -100.00000    
  2.466976     -10.74911    
  2.467064     -11.30370    
  2.471828     -9.853051    
  2.471915     -9.915093    
  2.476442     -9.781860    
  2.476529    -100.00000    
  2.476628    -100.00000    
  2.476715    -100.00000    
  2.476977    -100.00000    
  2.477064     -9.925707    
  2.483465     -10.81185    
  2.483551     -9.720081    
  2.483824     -9.791416    
  2.483911     -9.821980    
  2.484130     -9.903922    
  2.484217     -9.786802    
  2.487220     -9.688155    
  2.490203     -9.780479    
  2.493165     -10.07846    
  2.496107     -9.402679    
  2.496194     -10.22027    
  2.500074     -9.076601    
  2.503920     -9.604897    
  2.504007     -9.850946    
  2.504069     -9.730233    
  2.504156     -9.192082    
  2.506191     -9.181832    
  2.506278     -9.176827    
  2.508598     -9.341618    
  2.510906     -9.647174    
  2.513202     -8.841770    
  2.515486     -9.213302    
  2.515573     -8.924849    
  2.515719     -8.916513    
  2.515805     -8.907177    
  2.515872     -8.905175    
  2.515959     -9.072212    
  2.516943     -8.750642    
  2.517030     -8.817163    
  2.517941     -9.959443    
  2.518028     -8.930231    
  2.521727     -8.969792    
  2.525387     -8.660588    
  2.529016     -8.490555    
  2.532615     -8.806986    
  2.532701    -100.00000    
  2.536032     -8.113594    
  2.539337     -8.237341    
  2.539424     -7.974556    
  2.543132     -7.905345    
  2.546808    -100.00000    
  2.546895     -8.910965    
  2.547329     -8.611596    
  2.547416     -8.948450    
  2.551118     -7.773597    
  2.551204     -7.588371    
  2.554808     -8.633217    
  2.558382     -7.522420    
  2.558469     -7.689326    
  2.558869     -7.594333    
  2.558956     -7.813168    
  2.562079     -7.715727    
  2.565180     -7.471116    
  2.568258     -7.549746    
  2.571315     -7.721920    
  2.571402     -7.488060    
  2.571490     -7.387107    
  2.571576     -7.074049    
  2.574740     -7.835499    
  2.577880     -7.601135    
  2.580998     -7.203155    
  2.584094     -6.996301    
  2.587168    -100.00000    
  2.590220     -7.327529    
  2.593250     -6.974530    
  2.596260     -7.324686    
  2.596347     -7.099054    
  2.597646     -7.197925    
  2.597733     -7.034631    
  2.600542     -6.898574    
  2.603333     -6.907432    
  2.603420     -6.967651    
  2.606239     -6.781647    
  2.606324     -6.791395    
  2.606411     -6.738752    
  2.607237     -6.540411    
  2.607324     -6.633934    
  2.610441     -6.810278    
  2.613536     -6.693150    
  2.616608     -6.610783    
  2.619659     -6.667402    
  2.619746     -6.736157    
  2.620859     -6.806469    
  2.620946     -6.861316    
  2.621962     -6.779820    
  2.622049     -7.330616    
  2.625471     -6.529518    
  2.625557     -6.617451    
  2.626297     -6.678719    
  2.626384     -6.698308    
  2.627024     -6.692009    
  2.627111     -6.868588    
  2.630159     -6.692283    
  2.633186     -6.968769    
  2.633273     -6.767292    
  2.633585     -6.679282    
  2.633672     -6.492567    
  2.636750     -6.718145    
  2.639805     -6.516252    
  2.642840     -6.312945    
  2.645853     -6.403350    
  2.645940     -7.432717    
  2.646436     -6.676488    
  2.646523     -6.624453    
  2.648513     -6.985095    
  2.648600     -6.339518    
  2.650581     -6.629775    
  2.650668     -7.049443    
  2.652023     -6.521686    
  2.652110     -6.312893    
  2.653758     -6.848529    
  2.653845     -6.663818    
  2.654514     -6.515774    
  2.654601     -6.748887    
  2.655848    -100.00000    
  2.655935     -6.510015    
  2.656856     -6.244217    
  2.656943     -7.173599    
  2.659789     -6.248181    
  2.659876     -6.262420    
  2.661632     -7.399342    
  2.661711     -7.153720    
  2.661798     -6.949316    
  2.662838     -7.021382    
  2.662925     -6.555057    
  2.664288     -6.479052    
  2.665620     -6.111812    
  2.666947     -6.649904    
  2.668270     -6.700505    
  2.668357     -6.677921    
  2.669554     -6.800907    
  2.670748     -6.690052    
  2.670835     -7.145967    
  2.671974     -7.130805    
  2.673109     -7.217689    
  2.674242     -6.564214    
  2.675371     -6.774897    
  2.675458     -7.555583    
  2.676606     -6.401632    
  2.677751    -100.00000    
  2.677838     -6.521733    
  2.679282     -6.933083    
  2.680721     -7.004223    
  2.682155     -6.680646    
  2.683585     -6.656263    
  2.683672     -6.750262    
  2.684694     -6.477310    
  2.685714     -6.987289    
  2.685801     -6.671437    
  2.685988     -6.897971    
  2.686075     -7.854192    
  2.686520     -6.836762    
  2.686607     -6.534270    
  2.687604     -6.800876    
  2.688599     -6.809116    
  2.688686     -6.602964    
  2.689315     -6.722291    
  2.689943     -6.703467    
  2.690571     -6.370677    
  2.691198     -6.248550    
  2.691823     -6.360275    
  2.692448     -6.733758    
  2.693072     -6.308744    
  2.693695     -6.342360    
  2.694317     -6.451054    
  2.694939     -6.243548    
  2.695559     -6.331626    
  2.696179     -6.176177    
  2.696797     -6.445093    
  2.697415     -6.153687    
  2.698032     -6.264719    
  2.698648     -6.130305    
  2.698717     -6.173522    
  2.698803     -6.390909    
  2.699142     -6.590532    
  2.699229     -6.456053    
  2.700077     -6.040699    
  2.700500     -6.034409    
  2.700923     -6.785064    
  2.701345     -6.578698    
  2.701767     -6.152470    
  2.702189     -6.124050    
  2.702610     -6.165416    
  2.702697     -6.416978    
  2.706323     -6.447463    
  2.706410     -6.342557    
  2.708352     -5.995364    
  2.708438     -5.839853    
  2.709271     -6.466856    
  2.709358     -6.671910    
  2.712230     -5.779694    
  2.712317     -6.928536    
  2.714595     -6.135892    
  2.716861     -6.407470    
  2.719116     -5.852465    
  2.721359    -100.00000    
  2.721446    -100.00000    
  2.721792     -7.494551    
  2.721879     -6.362407    
  2.725135     -6.354657    
  2.728368     -6.380466    
  2.728455     -6.171294    
  2.728556     -6.246991    
  2.728643     -6.370192    
  2.730036    -100.00000    
  2.730123     -7.265558    
  2.733067     -6.386292    
  2.735992     -6.286176    
  2.736079     -6.125036    
  2.737059     -5.980769    
  2.737146     -6.521286    
  2.740300     -6.077750    
  2.740387     -6.404255    
  2.744215     -6.078937    
  2.748009     -5.778466    
  2.751770     -5.847666    
  2.755499     -5.885757    
  2.755586     -5.833856    
  2.758474     -5.605251    
  2.758561     -5.774089    
  2.759027     -5.629369    
  2.759113     -6.694478    
  2.760747     -5.695526    
  2.760833     -5.882740    
  2.763123     -5.901700    
  2.765400     -5.972458    
  2.765487     -5.872668    
  2.765755     -6.083729    
  2.765842     -6.565626    
  2.768363     -5.758917    
  2.770870     -5.556189    
  2.773363     -5.673531    
  2.775841     -5.634217    
  2.775928     -5.780062    
  2.777541     -5.903179    
  2.777628     -5.624883    
  2.780082     -5.704354    
  2.782523     -5.543607    
  2.784950     -5.987690    
  2.787363     -5.565758    
  2.787450     -5.774680    
  2.789348     -5.289578    
  2.789435     -5.279992    
  2.792054     -5.635344    
  2.792141     -6.177053    
  2.795962     -4.912205    
  2.796049     -5.233399    
  2.798395     -5.412680    
  2.800729     -5.505739    
  2.803050     -5.381273    
  2.805359     -5.527564    
  2.807656     -4.910290    
  2.809941     -5.522456    
  2.812213     -5.148746    
  2.814474     -5.127167    
  2.814561     -5.000286    
  2.815775     -4.817454    
  2.815862     -5.191294    
  2.818570     -4.941598    
  2.818657     -4.916744    
  2.821422     -4.955152    
  2.824169     -5.221256    
  2.826900     -5.654195    
  2.829613     -4.434684    
  2.829700     -4.443079    
  2.832139     -4.868174    
  2.834565     -4.801969    
  2.836978    -100.00000    
  2.839377     -4.588917    
  2.839464     -4.861181    
  2.842740     -5.432059    
  2.845992     -4.354334    
  2.846054     -4.411547    
  2.846141     -4.441857    
  2.846320     -4.437516    
  2.846407     -4.374599    
  2.846929     -4.272210    
  2.847016     -4.332093    
  2.850284     -4.685028    
  2.850371     -4.609071    
  2.851107     -4.470490    
  2.851194     -4.507744    
  2.851272     -4.547969    
  2.851359     -4.599121    
  2.851605     -4.610040    
  2.851692     -4.571340    
  2.852969     -4.584979    
  2.853056     -4.549161    
  2.856721     -4.290060    
  2.856808     -4.280114    
  2.860014     -4.457144    
  2.863196     -4.401847    
  2.863283     -4.390251    
  2.866961     -4.250266    
  2.867048     -4.260065    
  2.867158     -4.264639    
  2.871477     -4.308851    
  2.871560     -4.310117    
  2.871647     -4.301153    
  2.874394     -4.638067    
  2.877123     -4.251975    
  2.877210     -4.239587    
  2.879769     -4.407782    
  2.882313     -4.251305    
  2.882400     -4.227802    
  2.882670     -4.413145    
  2.882757    -100.00000    
  2.885337     -4.307988    
  2.885423     -4.100880    
  2.886380     -4.080977    
  2.886467     -4.116918    
  2.886654     -4.129368    
  2.886741     -4.244596    
  2.889314    -100.00000    
  2.889401     -5.142086    
  2.891964     -4.311867    
  2.892051     -4.393196    
  2.893704     -4.420226    
  2.893791     -4.413950    
  2.894071     -4.399253    
  2.894158     -4.365520    
  2.895095     -4.202035    
  2.895182     -4.227665    
  2.896767     -4.259434    
  2.896854     -4.249958    
  2.897787     -4.293431    
  2.897874     -4.335335    
  2.900589     -4.297718    
  2.900676     -4.289083    
  2.902856     -4.279077    
  2.905026     -4.274532    
  2.905113     -4.273049    
  2.908098     -4.284640    
  2.908185     -4.284634    
  2.908477     -4.287478    
  2.908564     -4.283078    
  2.910090     -4.264403    
  2.910176     -4.298893    
  2.913363     -4.263392    
  2.916527     -4.388154    
  2.916614     -4.522242    
  2.916785     -4.448379    
  2.916872     -4.421132    
  2.917171     -4.340453    
  2.917258     -4.316034    
  2.919518     -4.279648    
  2.921765     -4.303331    
  2.921852     -4.305939    
  2.925029     -4.326000    
  2.925116     -4.303062    
  2.925941     -4.315341    
  2.926028     -4.316481    
  2.927554     -4.335727    
  2.927641     -4.325184    
  2.927950     -4.300191    
  2.928037     -4.313532    
  2.928671     -4.312034    
  2.928758     -4.299031    
  2.929127     -4.293563    
  2.929213     -4.297259    
  2.929524     -4.291852    
  2.929611     -4.279190    
  2.930245     -4.299257    
  2.930332     -4.301351    
  2.930604     -4.300260    
  2.930691     -4.297225    
  2.930963     -4.298463    
  2.931050     -4.284456    
  2.934646     -4.387394    
  2.934733     -4.353888    
  2.936807     -4.290858    
  2.936894     -4.278235    
  2.937412     -4.284077    
  2.937499     -4.287730    
  2.937612     -4.282073    
  2.939332     -4.293927    
  2.939418     -4.235249    
  2.941608     -4.530481    
  2.943787     -4.267129    
  2.943874     -4.299709    
  2.945266     -4.322820    
  2.945353     -4.316246    
  2.946273     -4.309991    
  2.946360     -4.310958    
  2.946687     -4.307024    
  2.946774     -4.315395    
  2.949036     -4.318019    
  2.951287     -4.332139    
  2.951374     -4.260500    
  2.953319     -4.429327    
  2.953406     -4.682864    
  2.953750     -4.676319    
  2.953837     -4.502347    
  2.955739     -4.286893    
  2.955826     -4.332755    
  2.956162     -4.319953    
  2.956249     -4.317284    
  2.957620     -4.318071    
  2.957703     -4.315270    
  2.957790     -4.319168    
  2.959196     -4.322372    
  2.959269     -4.323253    
  2.959356     -4.325898    
  2.959520     -4.332222    
  2.959575     -4.333682    
  2.959642     -4.334194    
  2.959729     -4.332780    
  2.959839     -4.329125    
  2.959926     -4.322539    
  2.960694     -4.327702    
  2.960781     -4.330720    
  2.961122     -4.163991    
  2.961209     -4.335340    
  2.965318     -4.198529    
  2.965405     -5.092971    
  2.969227     -4.053144    
  2.969314     -4.140090    
  2.972533     -4.049347    
  2.975728     -4.058300    
  2.975815     -4.177738    
  2.976166     -4.063053    
  2.976253     -3.916699    
  2.979351     -4.110369    
  2.982423     -4.304958    
  2.982509     -4.127085    
  2.982872     -4.317679    
  2.982959     -4.142107    
  2.987037     -4.025033    
  2.991078     -5.146385    
  2.995081     -4.245211    
  2.999047     -4.160419    
  3.002978     -4.590697    
  3.006874     -4.106040    
  3.010734     -4.222174    
  3.014561     -4.049177    
  3.018354     -4.133235    
  3.022115     -4.066745    
  3.025843     -4.068424    
  3.029540     -4.075505    
  3.033205     -4.087848    
  3.036840     -4.307803    
  3.040444     -4.171347    
  3.044019     -4.177104    
  3.044106     -4.297381    
  3.046417     -4.162368    
  3.046504     -4.116734    
  3.047266     -4.130403    
  3.047353     -4.153168    
  3.050503     -4.225478    
  3.053630     -4.215980    
  3.056735     -4.263854    
  3.059819     -4.276891    
  3.062880     -4.346384    
  3.065920     -4.312964    
  3.068939     -4.434769    
  3.071937     -4.720613    
  3.072024     -4.190274    
  3.074515     -4.864152    
  3.074602     -4.248646    
  3.078033     -4.449567    
  3.081436     -4.508553    
  3.084813     -4.567854    
  3.088164     -4.143359    
  3.088251     -4.293155    
  3.089222     -4.353228    
  3.089309     -4.310129    
  3.091849     -4.288854    
  3.091936     -4.304491    
  3.095352     -4.595278    
  3.095438     -4.433633    
  3.097710     -4.358946    
  3.099969     -4.439369    
  3.100056     -4.338040    
  3.102791     -4.305431    
  3.105509     -4.349672    
  3.105596     -4.339768    
  3.108813     -4.277324    
  3.112005     -4.328212    
  3.112092     -4.254337    
  3.114687     -4.300162    
  3.114774     -4.282693    
  3.116978     -4.275777    
  3.117065     -4.307701    
  3.118223     -4.344062    
  3.118310     -4.308303    
  3.120853     -4.371941    
  3.123381     -4.426309    
  3.123468     -4.367157    
  3.125997     -4.380071    
  3.126084     -4.328162    
  3.127687     -4.386878    
  3.127774     -4.386184    
  3.129225     -4.298617    
  3.129312     -4.369221    
  3.132455     -4.417184    
  3.135577     -4.409090    
  3.135664     -4.477941    
  3.136182     -4.449460    
  3.136269     -4.383009    
  3.138696     -4.424872    
  3.141109     -4.479458    
  3.141196     -4.566401    
  3.144101     -4.648758    
  3.144188     -4.277615    
  3.144956     -4.310905    
  3.145043     -4.378742    
  3.146758     -4.811094    
  3.146845     -4.561044    
  3.147795     -4.459247    
  3.147882     -4.493779    
  3.148729     -4.409974    
  3.148816     -4.407654    
  3.150639     -4.841404    
  3.150726     -4.688246    
  3.151276     -4.421531    
  3.151363     -4.405703    
  3.153068     -4.698296    
  3.153155     -4.675725    
  3.153381     -4.667879    
  3.153434     -4.662265    
  3.153521     -4.589579    
  3.155016     -4.631229    
  3.155103     -4.767274    
  3.156074     -4.699226    
  3.156161     -4.605308    
  3.160418     -4.585206    
  3.164633     -4.658004    
  3.164720     -4.655444    
  3.165979     -4.679583    
  3.166066     -4.585239    
  3.169710     -4.597761    
  3.173324     -4.615371    
  3.176908     -4.697453    
  3.180463     -4.531961    
  3.180550     -4.609099    
  3.181960     -4.604214    
  3.182047     -4.567875    
  3.184770     -4.883239    
  3.187477     -5.016625    
  3.187564     -4.826475    
  3.188338     -4.863672    
  3.188425     -5.158115    
  3.189356     -4.933368    
  3.189443     -5.384515    
  3.192224     -5.055149    
  3.192311     -4.750854    
  3.194885     -5.086046    
  3.194972     -4.977527    
  3.196916     -4.968903    
  3.197003     -4.834315    
  3.200855     -4.753723    
  3.204674     -4.802590    
  3.204761     -4.911396    
  3.207365     -5.050980    
  3.207452     -4.928506    
  3.209994     -4.954500    
  3.212521     -5.179241    
  3.215033     -4.797727    
  3.217531     -4.863464    
  3.217618     -4.914269    
  3.218164     -4.808068    
  3.218251     -5.026470    
  3.222514     -4.893986    
  3.226736     -4.760175    
  3.230917     -4.865222    
  3.235058     -5.094373    
  3.239160     -4.721724    
  3.243224     -4.735182    
  3.247249     -4.684299    
  3.251238     -4.694789    
  3.251325     -4.732254    
  3.255235     -4.805368    
  3.259111     -4.792830    
  3.262951     -4.800353    
  3.266759     -4.718635    
  3.270533     -4.785594    
  3.274275     -4.798948    
  3.277984     -4.771693    
  3.281662     -4.707277    
  3.281749     -4.747867    
  3.285833     -4.730092    
  3.285920     -4.730888    
  3.289028     -4.736195    
  3.289115     -4.704716    
  3.292150     -4.810759    
  3.295165     -4.747208    
  3.298158     -4.792240    
  3.301132     -4.766081    
  3.301219     -4.746160    
  3.305074     -4.754555    
  3.305161     -4.757578    
  3.305985     -4.753263    
  3.306072     -4.754257    
  3.306887     -4.760263    
  3.306974     -4.777158    
  3.309850     -4.781571    
  3.309937     -4.777356    
  3.310624     -4.773792    
  3.310710     -4.777615    
  3.311825     -4.779830    
  3.311912     -4.782855    
  3.312012     -4.783655    
  3.312099     -4.792614    
  3.314648     -4.769752    
  3.317181     -4.715821    
  3.319700     -4.803489    
  3.322204     -4.815144    
  3.324695     -4.787882    
  3.327170     -4.804451    
  3.329632     -4.813113    
  3.332080     -4.815885    
  3.334514     -4.822097    
  3.336935     -4.849550    
  3.339342     -4.809436    
  3.341736     -4.858698    
  3.344117     -4.833362    
  3.346485     -4.874659    
  3.348840     -4.854282    
  3.351182     -4.858628    
  3.351269     -4.870972    
  3.355367     -4.894944    
  3.359427     -4.905169    
  3.363449     -4.955521    
  3.367434     -4.918993    
  3.367521     -4.908053    
  3.370066     -4.930221    
  3.372596     -4.937947    
  3.375111     -4.953602    
  3.377612     -4.957252    
  3.377699     -4.977211    
  3.380754     -4.979968    
  3.383787     -4.970104    
  3.386800     -4.977356    
  3.389792     -4.992687    
  3.389879     -4.986679    
  3.392466     -5.001952    
  3.395039     -5.011622    
  3.395126     -5.012338    
  3.397959     -5.020405    
  3.398046     -5.016799    
  3.398416     -5.019238    
  3.398503     -5.017809    
  3.400855     -5.027214    
  3.400942     -5.093578    
  3.402428     -5.034884    
  3.402515     -5.033675    
  3.405655     -5.042831    
  3.408773     -5.055066    
  3.411869     -5.065808    
  3.414942     -5.073590    
  3.415029     -5.072222    
  3.419186     -5.086132    
  3.423303     -5.106452    
  3.427382     -5.117026    
  3.431422     -5.144877    
  3.431509     -5.131026    
  3.434904     -5.142051    
  3.438273     -5.168954    
  3.441616     -5.160940    
  3.444934     -5.172070    
  3.445021     -5.173705    
  3.447484     -5.180757    
  3.449934     -5.189447    
  3.450021     -5.185649    
  3.452474     -5.210160    
  3.454914     -5.202393    
  3.455001     -5.199008    
  3.458672     -5.232912    
  3.462313     -5.232166    
  3.465924     -5.241504    
  3.469505     -5.278610    
  3.469592     -5.295427    
  3.469843     -5.282089    
  3.469930     -5.269168    
  3.471179     -5.266247    
  3.471266     -5.265689    
  3.474100     -5.273276    
  3.474187     -5.274018    
  3.476423     -5.285012    
  3.478648     -5.289906    
  3.480861     -5.297161    
  3.483063     -5.305164    
  3.483150     -5.306656    
  3.485959     -5.316201    
  3.488749     -5.324500    
  3.491522     -5.336091    
  3.494277     -5.342971    
  3.494364     -5.345619    
  3.496766     -5.350263    
  3.499154     -5.359263    
  3.501530     -5.370874    
  3.503893     -5.394635    
  3.506243     -5.382892    
  3.508580     -5.388083    
  3.510905     -5.402842    
  3.513217     -5.408157    
  3.513304     -5.410169    
  3.515963     -5.418648    
  3.518606     -5.428304    
  3.521233     -5.441725    
  3.523845     -5.436214    
  3.526440     -5.459484    
  3.529020     -5.506786    
  3.531585     -5.473307    
  3.534135     -5.482589    
  3.534222     -5.484528    
  3.536649     -5.484444    
  3.539062     -5.498483    
  3.541462     -5.499805    
  3.543849     -5.543793    
  3.543936     -5.517178    
  3.547053     -5.527632    
  3.550148     -5.540190    
  3.550235     -5.530927    
  3.552940     -5.550974    
  3.555627     -5.554186    
  3.555714     -5.577460    
  3.556728     -5.572326    
  3.556815     -5.557305    
  3.558846     -5.564317    
  3.558933     -5.565320    
  3.559110     -5.566224    
  3.559197     -5.576657    
  3.560851     -5.576813    
  3.560938     -5.573011    
  3.561019     -5.573940    
  3.561106     -5.574569    
  3.561368     -5.586720    
  3.561455     -5.597809    
  3.561549     -5.609437    
  3.561702     -5.617618    
  3.561789     -5.616010    
  3.561899     -5.610072    
  3.561986     -5.604996    
  3.562293     -5.577679    
  3.565681     -5.551617    
  3.565768     -5.559352    
  3.568672     -5.587004    
  3.571556     -5.591015    
  3.574422     -5.607639    
  3.577268     -5.654389    
  3.580096     -5.624709    
  3.582906     -5.652907    
  3.585698     -5.647316    
  3.588471     -5.647619    
  3.591228     -5.673249    
  3.593966     -5.660127    
  3.596688     -5.679919    
  3.599393     -5.703932    
  3.602081     -5.697753    
  3.604752     -5.705852    
  3.607407     -5.767498    
  3.610046     -5.729187    
  3.610133     -5.720673    
  3.612394     -5.753379    
  3.614642     -5.747365    
  3.616880     -5.749048    
  3.619105     -5.762778    
  3.621319     -5.756601    
  3.623523     -5.775917    
  3.625715     -5.785822    
  3.627896     -5.781760    
  3.627982     -5.782422    
  3.630428     -5.790792    
  3.632092     -5.796829    
  3.636162     -5.812845    
  3.640195     -5.835093    
  3.644191     -5.882475    
  3.644278     -5.842062    
  3.646967     -5.851211    
  3.649640     -5.860230    
  3.652297     -5.886786    
  3.654938     -5.921705    
  3.655025     -5.896807    
  3.657211     -5.927050    
  3.659385     -5.959932    
  3.659472     -5.903326    
  3.663615     -5.910004    
  3.663702     -5.921683    
  3.666466     -5.932746    
  3.669212     -5.921585    
  3.671940     -5.826008    
  3.674652     -5.983864    
  3.677347     -5.961048    
  3.680026     -5.971312    
  3.682687     -5.977295    
  3.685333     -5.990075    
  3.685420     -5.988171    
  3.688862     -6.006019    
  3.688948     -5.980941    
  3.690731     -6.009266    
  3.690818     -6.007156    
  3.691459     -6.010862    
  3.691546     -6.017120    
  3.694812     -6.024224    
  3.694898     -6.019236    
  3.695365     -6.023492    
  3.695452     -6.024358    
  3.695518     -6.024884    
  3.695605     -6.026419    
  3.698701     -6.034589    
  3.701776     -6.060019    
  3.704828     -6.059258    
  3.707860     -6.070950    
  3.710870     -6.082536    
  3.712650     -6.091143    
  3.713860     -6.094241    
  3.716830     -6.103958    
  3.719779     -6.114505    
  3.719866     -6.115214    
  3.723198     -6.127432    
  3.726504     -6.144052    
  3.729786     -6.151526    
  3.733043     -6.163550    
  3.733130     -6.158336    
  3.735507     -6.207045    
  3.737872     -6.180254    
  3.740223     -6.187335    
  3.742563     -6.198721    
  3.744889     -6.206951    
  3.747203     -6.215412    
  3.749505     -6.223884    
  3.751794     -6.232268    
  3.751881     -6.232738    
  3.755217     -6.244421    
  3.755304     -6.241839    
  3.755522     -6.238002    
  3.755609     -6.225140    
  3.758467     -6.252313    
  3.761306     -6.262105    
  3.764127     -6.272526    
  3.766929     -6.271846    
  3.769713     -6.353649    
  3.772480     -6.256237    
  3.775229     -6.308395    
  3.777961     -6.330655    
  3.778048     -6.331137    
  3.778151     -6.327350    
  3.781161     -6.339317    
  3.784252     -6.351273    
  3.787320     -6.361400    
  3.790368     -6.370512    
  3.793394     -6.380189    
  3.796399     -6.399583    
  3.799384     -6.398059    
  3.802348     -6.426951    
  3.802435     -6.413950    
  3.806009     -6.426258    
  3.806096     -6.424823    
  3.809815     -6.448774    
  3.809902     -6.440001    
  3.811377     -6.449640    
  3.811464     -6.466546    
  3.811517     -6.473962    
  3.811568     -6.480721    
  3.811655     -6.477973    
  3.814154     -6.441370    
  3.816638     -6.513825    
  3.819108     -6.216645    
  3.821564     -6.530804    
  3.821651     -6.447046    
  3.825835     -6.197020    
  3.829979     -6.435339    
  3.834084     -6.532806    
  3.838150     -6.545518    
  3.838237     -6.551099    
  3.840994     -6.562765    
  3.843735     -6.565850    
  3.846458     -6.576259    
  3.849164     -6.601221    
  3.851853     -6.583725    
  3.854526     -6.604767    
  3.857182     -6.633897    
  3.859823     -6.615732    
  3.859910     -6.625968    
  3.862754     -6.633023    
  3.865581     -6.644417    
  3.868389     -6.657095    
  3.871179     -6.666664    
  3.871266     -6.668029    
  3.873695     -6.676628    
  3.876111     -6.686253    
  3.878513     -6.694511    
  3.880902     -6.703507    
  3.880989     -6.727108    
  3.884377     -6.714662    
  3.887739     -6.729965    
  3.891076     -6.739937    
  3.894387     -6.754214    
  3.894474     -6.754803    
  3.898660     -6.768218    
  3.898747     -6.768978    
  3.902078     -6.781174    
  3.905384     -6.795013    
  3.905471     -6.793880    
  3.908472     -6.804971    
  3.908559     -6.805419    
  3.912193     -6.819201    
  3.912280     -6.820911    
  3.913068     -6.823311    
  3.913155     -6.821747    
  3.913273     -6.821587    
  3.913714     -6.824323    
  3.913769     -6.824636    
  3.913842     -6.824972    
  3.913889     -6.825160    
  3.913972     -6.825488    
  3.914081     -6.825915    
  3.914168     -6.825504    
  3.916915     -6.836816    
  3.917002     -6.855643    
  3.919240     -6.837648    
  3.921466     -6.846833    
  3.923680     -6.859689    
  3.925884     -6.863808    
  3.928076     -6.874550    
  3.930258     -6.883626    
  3.934588     -6.898860    
  3.938875     -6.916620    
  3.943121     -6.934706    
  3.947325     -6.947801    
  3.951490     -6.961323    
  3.955614     -6.980527    
  3.959700     -6.994261    
  3.963748     -7.006826    
  3.967758     -7.022235    
  3.971732     -7.063815    
  3.975669     -7.018116    
  3.979571     -7.071759    
  3.983439     -7.074046    
  3.983526     -7.079536    
  3.987126     -7.090725    
  3.990697     -7.111133    
  3.994239     -7.117996    
  3.997752     -7.125674    
  3.997838     -7.114611    
  4.000147     -7.142899    
  4.002444     -7.164277    
  4.004728     -7.149989    
  4.007001     -7.141500    
  4.009262     -7.181458    
  4.011511     -7.182936    
  4.013748     -7.191769    
  4.015974     -7.208003    
  4.018189     -7.211576    
  4.020392     -7.221110    
  4.022585     -7.224204    
  4.024766     -7.232147    
  4.029096     -7.248289    
  4.033383     -7.262480    
  4.033470     -7.219085    
  4.034774     -7.418950    
  4.034861     -7.158037    
  4.038126     -7.109197    
  4.041367     -7.302896    
  4.044585     -7.295941    
  4.047778     -7.317458    
  4.047865     -7.318106    
  4.051277     -7.329743    
  4.054632     -7.342322    
  4.057962     -7.354649    
  4.061267     -7.366844    
  4.061354     -7.366888    
  4.065579     -7.386861    
  4.069764     -7.405453    
  4.073909     -7.413847    
  4.078015     -7.429068    
  4.078102     -7.428918    
  4.080241     -7.438706    
  4.080328     -7.443796    
  4.080857     -7.483098    
  4.080944     -7.506224    
  4.081009     -7.512018    
  4.081054     -7.498980    
  4.082194     -7.409306    
  4.082281     -7.436542    
  4.084738     -7.454470    
  4.087181     -7.464481    
  4.089611     -7.471788    
  4.092028     -7.484042    
  4.094430     -7.489940    
  4.096820     -7.499959    
  4.099197     -7.503786    
  4.101560     -7.517525    
  4.101647     -7.516837    
  4.104844     -7.530919    
  4.108018     -7.505347    
  4.111169     -7.503029    
  4.114297     -7.565689    
  4.117403     -7.574298    
  4.120486     -7.589817    
  4.123548     -7.599213    
  4.126589     -7.608414    
  4.129608     -7.624245    
  4.132606     -7.630803    
  4.135584     -7.642354    
  4.138542     -7.632902    
  4.141479     -7.674544    
  4.144397     -7.673368    
  4.147296     -7.682549    
  4.150175     -7.698918    
  4.150262     -7.697129    
  4.153103     -7.706605    
  4.155926     -7.723664    
  4.156013     -7.722656    
  4.158103     -7.724940    
  4.158190     -7.727271    
  4.161727     -7.738459    
  4.161814     -7.717874    
  4.163762     -7.736902    
  4.163849     -7.744170    
  4.163959     -7.745329    
  4.164046     -7.746996    
  4.166389     -7.757869    
  4.168720     -7.763249    
  4.171039     -7.793416    
  4.173345     -7.787613    
  4.175640     -7.792400    
  4.177922     -7.800695    
  4.180192     -7.808052    
  4.182450     -7.816386    
  4.184697     -7.824670    
  4.186932     -7.833005    
  4.189156     -7.841686    
  4.191369     -7.851654    
  4.193570     -7.848126    
  4.195760     -7.865641    
  4.197939     -7.880512    
  4.200107     -7.881811    
  4.204411     -7.896951    
  4.208673     -7.912076    
  4.212894     -7.932430    
  4.217074     -7.936118    
  4.221214     -7.956468    
  4.225315     -7.974168    
  4.229377     -7.997578    
  4.233402     -7.989175    
  4.233489     -7.979669    
  4.235773     -8.017784    
  4.238044     -8.018354    
  4.240303     -8.031052    
  4.242551     -8.034818    
  4.244787     -8.049799    
  4.247012     -8.056246    
  4.249225     -8.065284    
  4.251427     -8.076027    
  4.251514     -8.071449    
  4.255198     -8.086022    
  4.258852     -8.098265    
  4.262474     -8.103946    
  4.266067     -8.127197    
  4.266154     -8.126970    
  4.268659     -8.136226    
  4.271149     -8.137248    
  4.273626     -7.938334    
  4.276088     -7.970904    
  4.278536     -8.181745    
  4.280971     -8.196857    
  4.283392     -8.049089    
  4.285800     -8.208861    
  4.288194     -8.212203    
  4.290575     -8.185011    
  4.292943     -8.229752    
  4.295299     -8.234365    
  4.297641     -8.242763    
  4.299971     -8.251184    
  4.302289     -8.260660    
  4.304595     -8.268291    
  4.306888     -8.276723    
  4.309169     -8.285760    
  4.311438     -8.294829    
  4.313695     -8.356556    
  4.315941     -8.316010    
  4.318175     -8.318952    
  4.320398     -8.326231    
  4.322610     -8.335294    
  4.324810     -8.346969    
  4.326999     -8.312281    
  4.329177     -8.357987    
  4.331345     -8.366147    
  4.335647     -8.360083    
  4.339907     -8.387009    
  4.339994     -8.402380    
  4.343342     -8.411118    
  4.346664     -8.422879    
  4.349961     -8.435904    
  4.353233     -8.439056    
  4.353320     -8.437652    
  4.356074     -8.461376    
  4.356161     -8.457632    
  4.357582     -8.462937    
  4.357669     -8.463306    
  4.357779     -8.463732    
  4.357865     -8.463857    
  4.360696     -8.475918    
  4.363507     -8.486169    
  4.366301     -8.493342    
  4.369077     -8.501569    
  4.371835     -8.517222    
  4.374576     -8.526159    
  4.377300     -8.537505    
  4.380006     -8.546049    
  4.382696     -8.554666    
  4.385369     -8.564645    
  4.388026     -8.573981    
  4.390667     -8.584545    
  4.393292     -8.592355    
  4.395901     -8.606103    
  4.398495     -8.609274    
  4.401073     -8.624388    
  4.403636     -8.627165    
  4.406183     -8.637880    
  4.408716     -8.635538    
  4.411235     -8.643114    
  4.413739     -8.669218    
  4.416228     -8.682791    
  4.418703     -8.677390    
  4.421164     -8.554168    
  4.423612     -8.714704    
  4.426045     -8.714613    
  4.428465     -8.712854    
  4.430872     -8.731908    
  4.433266     -8.740312    
  4.435646     -8.747771    
  4.438013     -8.755348    
  4.440368     -8.765019    
  4.440455     -8.768939    
  4.442834     -8.757198    
  4.445201     -8.785379    
  4.445288     -8.783066    
  4.447569     -8.791493    
  4.449839     -8.798984    
  4.452097     -8.815182    
  4.454343     -8.808406    
  4.456578     -8.824533    
  4.458801     -8.825609    
  4.461013     -8.829653    
  4.463213     -8.847917    
  4.465403     -8.855466    
  4.467581     -8.865247    
  4.471906     -8.870400    
  4.476188     -8.894843    
  4.480428     -8.900021    
  4.512937     -9.029026    
  4.513024     -9.010979    
  4.514610     -9.025449    
  4.514697     -9.030396    
  4.515945     -9.038092    
  4.516032     -9.037755    
  4.516141     -9.038019    
  4.516228     -9.039481    
  4.585469     -9.279719    
  4.585556     -9.237427    
  4.648489     -9.468970    
  4.648576     -9.490497    
  4.649548     -9.512013    
  4.649635     -9.510291    
  4.649838     -9.511198    
  4.649925     -9.511572    
  4.650035     -9.512040    
  4.650122     -9.494544    
  4.709765     -9.718174    
  4.709852     -9.713710    
  4.765753     -9.911247    
  4.765822     -9.907745    
  4.765909     -9.907695    
  4.766019     -9.908801    
  4.766106     -9.895994    
  4.818480     -10.09697    
  4.818567     -10.08677    
  4.868094     -10.24532    
  4.868152     -10.22884    
  4.868214     -10.22916    
  4.868324     -10.23309    
  4.868411     -10.14510    
  4.915089     -10.46368    
  4.915176     -10.40873    
  4.959449     -10.53957    
  4.959536     -10.55142    
  4.959642     -10.55178    
  4.959729     -10.55208    
  4.959839     -10.55248    
  4.959925     -10.55014    
  5.002021     -10.68506    
  5.002108     -10.68743    
  5.041986     -10.81105    
  5.042072     -10.82019    
  5.042428     -10.81926    
  5.042515     -10.81939    
  5.042624     -10.81945    
  5.042711     -10.79558    
  5.081038     -10.93954    
  5.081125     -10.85440    
  5.117569     -11.06372    
  5.117655     -11.05347    
  5.118005     -11.05394    
  5.118092     -11.05402    
  5.118201     -11.05415    
  5.118288     -11.05693    
  5.153462     -11.15823    
  5.153549     -11.15686    
  5.187204     -11.26887    
  5.187290     -11.26476    
  5.187529     -11.26547    
  5.187616     -11.26572    
  5.187725     -11.26605    
  5.187812     -11.25770    
  5.251180     -11.44818    
  5.251266     -11.45639    
  5.251931     -11.46001    
  5.252018     -11.46137    
  5.252095     -11.46200    
  5.252182     -11.44721    
  5.311750     -11.62836    
  5.311837     -11.64896    
  5.311944     -11.64997    
  5.312021     -11.65073    
  5.312108     -11.64321    
  5.368079     -11.78803    
  5.368165     -11.79871    
  5.420736     -11.96282    
  5.420823     -11.94673    
  5.470384     -12.07415    
  5.470471     -12.08220    
  5.517346     -12.25104    
  5.517433     -12.24233    
  5.561899     -12.36892    
  5.561985     -12.36300    
  5.604277     -12.43267    
  5.604364     -12.49182    
  5.644684     -12.60530    
  5.644771     -12.59751    
  6.101351     -13.87960    
  6.318972     -14.50158    
  6.571403     -15.21414    
  6.845929     -16.00173    
  7.133075     -16.85045    
  7.426993     -17.78006    
  7.724423     -18.85563    
  8.023641     -20.25947    
  8.323763    -100.00000    
  8.624338    -100.00000    
  8.925140    -100.00000    
