 0.6989700    -100.00000    
 0.7247828    -100.00000    
 0.7491470    -100.00000    
 0.7722168    -100.00000    
 0.7941226    -100.00000    
 0.8348744    -100.00000    
 0.8721282     -129.8629    
 0.9064373     -128.7263    
 0.9382333     -128.3442    
 0.9678594     -128.2949    
 0.9955930     -128.4340    
  1.021661     -128.7270    
  1.046253     -129.3276    
  1.069527     -129.7534    
  1.091616     -130.6532    
  1.132686     -132.1515    
  1.170205    -100.00000    
  1.204739     -134.4206    
  1.236728     -133.7201    
  1.266522    -100.00000    
  1.294403    -100.00000    
  1.320601    -100.00000    
  1.345308    -100.00000    
  1.368685    -100.00000    
  1.390867     -117.9127    
  1.390954    -100.00000    
  1.416604    -100.00000    
  1.416691     -101.3230    
  1.442990    -100.00000    
  1.443077     -96.68090    
  1.465932    -100.00000    
  1.466019     -97.97957    
  1.485843    -100.00000    
  1.485930    -100.00000    
  1.517406    -100.00000    
  1.546755     -94.74839    
  1.546842    -100.00000    
  1.576102     -88.42003    
  1.576189    -100.00000    
  1.604747     -82.58974    
  1.604834    -100.00000    
  1.638223    -100.00000    
  1.669228    -100.00000    
  1.698166    -100.00000    
  1.725295     -62.15710    
  1.725382     -62.76643    
  1.731758     -60.88247    
  1.731845    -100.00000    
  1.759983    -100.00000    
  1.786409     -54.41830    
  1.786495     -51.00124    
  1.816265     -47.70587    
  1.844125    -100.00000    
  1.844212     -44.03843    
  1.873424    -100.00000    
  1.873511     -40.69548    
  1.905821    -100.00000    
  1.905908    -100.00000    
  1.913955    -100.00000    
  1.914042     -39.02456    
  1.926709    -100.00000    
  1.926796    -100.00000    
  1.927461    -100.00000    
  1.927548     -35.55314    
  1.962158     -33.29625    
  1.994212    -100.00000    
  1.994299    -100.00000    
  1.996552    -100.00000    
  1.996639    -100.00000    
  1.997939    -100.00000    
  1.998026    -100.00000    
  2.007421    -100.00000    
  2.007508     -30.58596    
  2.028108    -100.00000    
  2.028195     -28.23246    
  2.061043    -100.00000    
  2.061130     -25.99361    
  2.097304    -100.00000    
  2.097391    -100.00000    
  2.101519    -100.00000    
  2.101605    -100.00000    
  2.102584    -100.00000    
  2.102671    -100.00000    
  2.106101    -100.00000    
  2.106187    -100.00000    
  2.111508    -100.00000    
  2.111595    -100.00000    
  2.111941    -100.00000    
  2.112028    -100.00000    
  2.126973    -100.00000    
  2.127060    -100.00000    
  2.127658    -100.00000    
  2.127745    -100.00000    
  2.137486    -100.00000    
  2.137573    -100.00000    
  2.149371    -100.00000    
  2.149458    -100.00000    
  2.156741    -100.00000    
  2.156827    -100.00000    
  2.158960    -100.00000    
  2.159047    -100.00000    
  2.177604    -100.00000    
  2.177690    -100.00000    
  2.181731    -100.00000    
  2.181818    -100.00000    
  2.188445    -100.00000    
  2.188532    -100.00000    
  2.204170    -100.00000    
  2.204257    -100.00000    
  2.211100    -100.00000    
  2.217837    -100.00000    
  2.217924    -100.00000    
  2.218030    -100.00000    
  2.218315    -100.00000    
  2.218402    -100.00000    
  2.218688    -100.00000    
  2.218775    -100.00000    
  2.226808    -100.00000    
  2.234695    -100.00000    
  2.234781    -100.00000    
  2.239617    -100.00000    
  2.239704    -100.00000    
  2.245345    -100.00000    
  2.245432    -100.00000    
  2.250721    -100.00000    
  2.250808    -100.00000    
  2.253696    -100.00000    
  2.253782    -100.00000    
  2.257129    -100.00000    
  2.260450    -100.00000    
  2.263745    -100.00000    
  2.267016    -100.00000    
  2.267103    -100.00000    
  2.270490    -100.00000    
  2.270577    -100.00000    
  2.271628    -100.00000    
  2.271715    -100.00000    
  2.275818    -100.00000    
  2.275905    -100.00000    
  2.277893    -100.00000    
  2.279873    -100.00000    
  2.281843    -100.00000    
  2.283804    -100.00000    
  2.283891    -100.00000    
  2.286288    -100.00000    
  2.286375    -100.00000    
  2.286786    -100.00000    
  2.286873    -100.00000    
  2.289459    -100.00000    
  2.292031    -100.00000    
  2.294586    -100.00000    
  2.297128    -100.00000    
  2.297214    -100.00000    
  2.297982    -100.00000    
  2.298069    -100.00000    
  2.300085    -100.00000    
  2.302092    -100.00000    
  2.304090    -100.00000    
  2.306078    -100.00000    
  2.306165    -100.00000    
  2.308268    -100.00000    
  2.309316    -100.00000    
  2.310361    -100.00000    
  2.311404    -100.00000    
  2.312444    -100.00000    
  2.313482    -100.00000    
  2.314517    -100.00000    
  2.314604    -100.00000    
  2.315597    -100.00000    
  2.315684    -100.00000    
  2.316612    -100.00000    
  2.317538    -100.00000    
  2.318463    -100.00000    
  2.319385    -100.00000    
  2.320305    -100.00000    
  2.321224    -100.00000    
  2.322140    -100.00000    
  2.323055    -100.00000    
  2.323141    -100.00000    
  2.324295    -100.00000    
  2.325445    -100.00000    
  2.326592    -100.00000    
  2.327736    -100.00000    
  2.327823    -100.00000    
  2.328799    -100.00000    
  2.329773    -100.00000    
  2.330745    -100.00000    
  2.331714    -100.00000    
  2.331801    -100.00000    
  2.333101    -100.00000    
  2.333188    -100.00000    
  2.334187    -100.00000    
  2.335184    -100.00000    
  2.336179    -100.00000    
  2.337171    -100.00000    
  2.338161    -100.00000    
  2.339149    -100.00000    
  2.340135    -100.00000    
  2.341118    -100.00000    
  2.341205    -100.00000    
  2.341283    -100.00000    
  2.341370    -100.00000    
  2.341472    -100.00000    
  2.342320    -100.00000    
  2.343166    -100.00000    
  2.344011    -100.00000    
  2.344853    -100.00000    
  2.344940    -100.00000    
  2.345621    -100.00000    
  2.346301    -100.00000    
  2.346979    -100.00000    
  2.347657    -100.00000    
  2.348333    -100.00000    
  2.349009    -100.00000    
  2.349683    -100.00000    
  2.350356    -100.00000    
  2.350443    -100.00000    
  2.351331    -100.00000    
  2.352217    -100.00000    
  2.352659    -100.00000    
  2.353101    -100.00000    
  2.353542    -100.00000    
  2.353983    -100.00000    
  2.354070    -100.00000    
  2.354511    -100.00000    
  2.354951    -100.00000    
  2.355390    -100.00000    
  2.355830    -100.00000    
  2.356269    -100.00000    
  2.356707    -100.00000    
  2.357145    -100.00000    
  2.357582    -100.00000    
  2.357669    -100.00000    
  2.376702     -11.12539    
  2.376789     -11.00577    
  2.381401     -10.77684    
  2.381488     -10.86069    
  2.381574     -10.84191    
  2.381660     -10.85211    
  2.384670     -10.81774    
  2.384757     -11.34798    
  2.387126     -10.82054    
  2.387213     -11.42158    
  2.405819     -10.42389    
  2.405905     -10.33634    
  2.409345     -11.20812    
  2.409431     -10.38760    
  2.409967     -10.37289    
  2.410054     -10.63497    
  2.411501     -10.49923    
  2.411588     -10.55274    
  2.413098     -10.30443    
  2.413185     -10.38400    
  2.417228     -10.34714    
  2.417315     -9.483424    
  2.417448     -8.954739    
  2.417535     -8.507548    
  2.429911     -9.880465    
  2.429998     -8.765131    
  2.433514     -8.901255    
  2.433601     -8.279171    
  2.434762     -7.966907    
  2.434849     -7.671107    
  2.435570    -100.00000    
  2.435657     -8.646312    
  2.438099     -8.311314    
  2.438186     -8.608831    
  2.443115     -8.190983    
  2.443202     -8.044820    
  2.448046     -7.939410    
  2.448133     -7.898535    
  2.449372     -7.935693    
  2.449459     -8.498369    
  2.456026     -7.465245    
  2.456113    -100.00000    
  2.457105     -7.885317    
  2.457192     -7.433053    
  2.461170     -7.548500    
  2.461257     -7.710039    
  2.466286     -7.496045    
  2.466372    -100.00000    
  2.466976     -7.743060    
  2.467064    -100.00000    
  2.471828     -7.066009    
  2.471915     -7.198077    
  2.476442     -7.065846    
  2.476529    -100.00000    
  2.476628     -12.48960    
  2.476715     -13.24706    
  2.476977     -12.18679    
  2.477064     -7.058368    
  2.483465    -100.00000    
  2.483551     -7.689481    
  2.483824     -7.605183    
  2.483911     -7.554626    
  2.484130     -7.530672    
  2.484217     -7.117480    
  2.487220     -7.115050    
  2.490203     -7.335497    
  2.493165     -7.661946    
  2.496107     -6.918320    
  2.496194     -7.171742    
  2.500074     -6.662141    
  2.503920     -7.018507    
  2.504007     -7.344921    
  2.504069     -7.208939    
  2.504156     -6.619677    
  2.506191     -6.673493    
  2.506278     -6.691170    
  2.508598     -6.870643    
  2.510906     -7.429494    
  2.513202     -6.290402    
  2.515486     -6.824330    
  2.515573     -6.442950    
  2.515719     -6.416292    
  2.515805     -6.415174    
  2.515872     -6.431813    
  2.515959     -6.761209    
  2.516943     -6.208111    
  2.517030     -6.407288    
  2.517941     -7.239605    
  2.518028     -6.369881    
  2.521727     -6.505975    
  2.525387     -6.446669    
  2.529016     -6.348592    
  2.532615     -6.529346    
  2.532701     -6.884259    
  2.536032     -6.153961    
  2.539337     -6.317399    
  2.539424     -6.184074    
  2.543132     -6.327724    
  2.546808     -6.847851    
  2.546895     -6.525207    
  2.547329     -6.237162    
  2.547416     -6.073660    
  2.551118     -6.031687    
  2.551204     -5.874931    
  2.554808     -5.971098    
  2.558382     -5.875569    
  2.558469     -6.172249    
  2.558869     -6.207773    
  2.558956     -6.524050    
  2.562079     -6.688350    
  2.565180     -5.910406    
  2.568258     -5.745147    
  2.571315     -5.885092    
  2.571402     -5.667317    
  2.571490     -5.759430    
  2.571576     -5.935289    
  2.574740     -6.210680    
  2.577880     -5.979242    
  2.580998     -6.286855    
  2.584094     -6.090007    
  2.587168    -100.00000    
  2.590220     -6.085421    
  2.593250     -6.181802    
  2.596260     -6.253593    
  2.596347     -6.051219    
  2.597646     -6.197369    
  2.597733     -5.928504    
  2.600542     -5.592321    
  2.603333     -6.466296    
  2.603420     -6.135083    
  2.606239     -5.405547    
  2.606324     -5.236931    
  2.606411     -5.061325    
  2.607237     -6.023706    
  2.607324     -5.729291    
  2.610441     -5.477320    
  2.613536     -5.667847    
  2.616608     -5.026075    
  2.619659     -6.636954    
  2.619746     -5.668879    
  2.620859     -6.125395    
  2.620946     -5.704008    
  2.621962     -5.999855    
  2.622049     -5.459837    
  2.625471     -5.679861    
  2.625557     -6.564144    
  2.626297     -5.179772    
  2.626384     -5.254404    
  2.627024     -5.699113    
  2.627111     -5.405847    
  2.630159     -5.560692    
  2.633186     -5.446318    
  2.633273     -5.458726    
  2.633585     -5.197820    
  2.633672     -5.048670    
  2.636750     -5.519579    
  2.639805     -4.963203    
  2.642840     -4.982039    
  2.645853     -4.867557    
  2.645940     -4.937659    
  2.646436     -4.655071    
  2.646523     -4.581891    
  2.648513     -5.138921    
  2.648600     -4.925250    
  2.650581     -5.258151    
  2.650668     -5.306651    
  2.652023     -4.742436    
  2.652110     -4.544352    
  2.653758     -5.257107    
  2.653845     -4.676776    
  2.654514     -4.693168    
  2.654601     -4.916479    
  2.655848    -100.00000    
  2.655935     -5.159116    
  2.656856     -4.509113    
  2.656943     -4.552021    
  2.659789     -4.749582    
  2.659876     -5.164238    
  2.661632     -5.760159    
  2.661711     -5.719989    
  2.661798     -5.395735    
  2.662838     -5.256643    
  2.662925     -4.480415    
  2.664288     -4.558991    
  2.665620     -4.082014    
  2.666947     -5.073013    
  2.668270     -4.792930    
  2.668357     -4.592485    
  2.669554     -4.819376    
  2.670748     -5.140019    
  2.670835     -5.444823    
  2.671974     -5.656817    
  2.673109     -5.406579    
  2.674242     -4.811557    
  2.675371     -4.905016    
  2.675458    -100.00000    
  2.676606     -4.300779    
  2.677751    -100.00000    
  2.677838     -4.301658    
  2.679282     -5.104181    
  2.680721     -5.635631    
  2.682155     -4.737674    
  2.683585     -5.044909    
  2.683672     -5.521317    
  2.684694     -4.512998    
  2.685714    -100.00000    
  2.685801     -4.942295    
  2.685988     -5.450857    
  2.686075    -100.00000    
  2.686520     -5.250535    
  2.686607     -4.803580    
  2.687604     -5.282597    
  2.688599     -5.232767    
  2.688686     -4.888211    
  2.689315     -5.110679    
  2.689943     -5.083460    
  2.690571     -4.599042    
  2.691198     -4.417976    
  2.691823     -4.346389    
  2.692448    -100.00000    
  2.693072     -4.387552    
  2.693695     -4.377705    
  2.694317     -5.159716    
  2.694939     -4.403184    
  2.695559     -4.696455    
  2.696179     -4.520129    
  2.696797     -4.914902    
  2.697415     -4.248377    
  2.698032     -4.818466    
  2.698648     -4.105444    
  2.698717     -4.559757    
  2.698803     -5.260285    
  2.699142     -5.101139    
  2.699229     -4.698230    
  2.700077     -4.162721    
  2.700500     -4.470025    
  2.700923     -6.319912    
  2.701345     -5.060212    
  2.701767     -4.398573    
  2.702189     -4.327755    
  2.702610     -4.706488    
  2.702697     -5.233758    
  2.706323     -4.724726    
  2.706410     -4.634720    
  2.708352     -4.480481    
  2.708438     -4.298730    
  2.709271     -5.303325    
  2.709358     -4.447933    
  2.712230     -4.196812    
  2.712317     -5.109318    
  2.714595     -4.551880    
  2.716861     -5.165134    
  2.719116     -4.191197    
  2.721359    -100.00000    
  2.721446    -100.00000    
  2.721792     -5.908472    
  2.721879     -5.133446    
  2.725135     -5.077904    
  2.728368     -4.828749    
  2.728455     -4.939480    
  2.728556     -5.067576    
  2.728643     -5.253921    
  2.730036     -5.987103    
  2.730123     -6.088110    
  2.733067     -5.217453    
  2.735992     -5.176856    
  2.736079     -4.836769    
  2.737059     -4.749798    
  2.737146     -5.811074    
  2.740300     -4.772571    
  2.740387     -5.733530    
  2.744215     -4.857169    
  2.748009     -4.378948    
  2.751770     -4.573739    
  2.755499     -4.716590    
  2.755586     -4.474550    
  2.758474     -4.280140    
  2.758561     -4.392879    
  2.759027     -4.279850    
  2.759113    -100.00000    
  2.760747     -4.317659    
  2.760833     -4.747210    
  2.763123     -4.858172    
  2.765400     -4.559453    
  2.765487     -4.624390    
  2.765755     -5.158487    
  2.765842     -5.399731    
  2.768363     -4.705398    
  2.770870     -4.305363    
  2.773363     -4.500095    
  2.775841     -4.435904    
  2.775928     -4.711017    
  2.777541     -4.827367    
  2.777628     -4.465064    
  2.780082     -4.647552    
  2.782523     -4.401170    
  2.784950     -5.045986    
  2.787363     -4.601375    
  2.787450     -5.492289    
  2.789348     -4.010237    
  2.789435     -4.209654    
  2.792054     -4.323435    
  2.792141     -4.317755    
  2.795962     -3.859595    
  2.796049     -4.161035    
  2.798395     -4.224651    
  2.800729     -4.579705    
  2.803050     -4.369059    
  2.805359     -4.430717    
  2.807656     -3.821584    
  2.809941     -4.326009    
  2.812213     -3.992945    
  2.814474     -4.332871    
  2.814561     -3.880061    
  2.815775     -3.974700    
  2.815862     -4.201578    
  2.818570     -3.872452    
  2.818657     -3.881915    
  2.821422     -4.178379    
  2.824169     -4.198288    
  2.826900     -4.041141    
  2.829613     -3.752687    
  2.829700     -3.945120    
  2.832139     -4.077712    
  2.834565     -3.923926    
  2.836978     -5.083984    
  2.839377     -3.951918    
  2.839464     -4.150591    
  2.842740     -4.022475    
  2.845992     -3.761395    
  2.846054     -3.886446    
  2.846141     -3.901485    
  2.846320     -3.927334    
  2.846407     -3.935008    
  2.846929     -4.030025    
  2.847016     -4.067821    
  2.850284     -4.068932    
  2.850371     -4.080962    
  2.851107     -4.005206    
  2.851194     -4.075432    
  2.851272     -4.112983    
  2.851359     -4.118357    
  2.851605     -4.051427    
  2.851692     -4.021988    
  2.852969     -4.027623    
  2.853056     -4.013910    
  2.856721     -4.138567    
  2.856808     -4.153296    
  2.860014     -4.084905    
  2.863196     -4.109103    
  2.863283     -4.121897    
  2.866961     -4.159878    
  2.867048     -4.164403    
  2.867158     -4.163878    
  2.871477     -4.214808    
  2.871560     -4.197725    
  2.871647     -4.307495    
  2.874394     -4.206090    
  2.877123     -4.202429    
  2.877210     -4.143814    
  2.879769     -4.236465    
  2.882313     -4.139305    
  2.882400     -4.127817    
  2.882670     -4.577018    
  2.882757    -100.00000    
  2.885337     -3.938648    
  2.885423     -3.766275    
  2.886380     -3.842224    
  2.886467     -3.888533    
  2.886654     -3.920612    
  2.886741     -4.140898    
  2.889314     -5.080466    
  2.889401     -4.216368    
  2.891964     -4.006593    
  2.892051     -3.969221    
  2.893704     -3.928204    
  2.893791     -3.924688    
  2.894071     -3.942680    
  2.894158     -3.950381    
  2.895095     -4.048584    
  2.895182     -4.061792    
  2.896767     -4.158176    
  2.896854     -4.186292    
  2.897787     -4.209922    
  2.897874     -4.200179    
  2.900589     -4.240864    
  2.900676     -4.189007    
  2.902856     -4.183949    
  2.905026     -4.199952    
  2.905113     -4.234964    
  2.908098     -4.206557    
  2.908185     -4.209211    
  2.908477     -4.208347    
  2.908564     -4.207321    
  2.910090     -4.213626    
  2.910176     -4.214113    
  2.913363     -4.204855    
  2.916527     -4.496278    
  2.916614     -4.198931    
  2.916785     -4.150235    
  2.916872     -4.139789    
  2.917171     -4.142435    
  2.917258     -4.166607    
  2.919518     -4.229722    
  2.921765     -4.234261    
  2.921852     -4.223400    
  2.925029     -4.238231    
  2.925116     -4.252899    
  2.925941     -4.243146    
  2.926028     -4.237813    
  2.927554     -4.226713    
  2.927641     -4.230778    
  2.927950     -4.236372    
  2.928037     -4.234143    
  2.928671     -4.251962    
  2.928758     -4.242046    
  2.929127     -4.244202    
  2.929213     -4.249389    
  2.929524     -4.244581    
  2.929611     -4.240051    
  2.930245     -4.249849    
  2.930332     -4.242391    
  2.930604     -4.258765    
  2.930691     -4.256636    
  2.930963     -4.244855    
  2.931050     -4.243591    
  2.934646     -4.259489    
  2.934733     -4.243724    
  2.936807     -4.250446    
  2.936894     -4.242983    
  2.937412     -4.252354    
  2.937499     -4.255421    
  2.937612     -4.250824    
  2.939332     -4.252910    
  2.939418     -4.282377    
  2.941608     -4.186189    
  2.943787     -4.245663    
  2.943874     -4.247442    
  2.945266     -4.263036    
  2.945353     -4.259654    
  2.946273     -4.265338    
  2.946360     -4.266022    
  2.946687     -4.266405    
  2.946774     -4.251588    
  2.949036     -4.256825    
  2.951287     -4.282497    
  2.951374     -4.210307    
  2.953319     -4.548551    
  2.953406     -4.500003    
  2.953750     -4.322705    
  2.953837     -4.226263    
  2.955739     -4.257306    
  2.955826     -4.283422    
  2.956162     -4.289738    
  2.956249     -4.283530    
  2.957620     -4.302565    
  2.957703     -4.289410    
  2.957790     -4.274043    
  2.959196     -4.335387    
  2.959269     -4.347076    
  2.959356     -4.334336    
  2.959520     -4.313579    
  2.959575     -4.310497    
  2.959642     -4.308300    
  2.959729     -4.308582    
  2.959839     -4.311180    
  2.959926     -4.319865    
  2.960694     -4.239411    
  2.960781     -4.230733    
  2.961122     -4.216547    
  2.961209     -4.325990    
  2.965318     -4.343907    
  2.965405     -4.493535    
  2.969227     -4.036440    
  2.969314     -4.251527    
  2.972533     -4.310239    
  2.975728     -4.223954    
  2.975815     -4.169629    
  2.976166     -4.171713    
  2.976253     -4.246763    
  2.979351     -4.388539    
  2.982423     -4.387380    
  2.982509     -4.327017    
  2.982872     -4.240930    
  2.982959     -4.181730    
  2.987037     -4.326915    
  2.991078     -4.650053    
  2.995081     -4.377336    
  2.999047     -4.163320    
  3.002978     -4.354991    
  3.006874     -4.306368    
  3.010734     -4.454978    
  3.014561     -4.212371    
  3.018354     -4.346193    
  3.022115     -4.336241    
  3.025843     -4.345125    
  3.029540     -4.346457    
  3.033205     -4.412643    
  3.036840     -4.284947    
  3.040444     -4.442472    
  3.044019     -4.364727    
  3.044106     -4.446018    
  3.046417     -4.351777    
  3.046504     -4.409390    
  3.047266     -4.459648    
  3.047353     -4.433268    
  3.050503     -4.387826    
  3.053630     -4.438581    
  3.056735     -4.442795    
  3.059819     -4.416329    
  3.062880     -4.430624    
  3.065920     -4.401660    
  3.068939     -4.592331    
  3.071937     -4.497806    
  3.072024     -4.285863    
  3.074515     -4.573936    
  3.074602     -4.195651    
  3.078033     -4.457244    
  3.081436     -4.374192    
  3.084813     -4.473564    
  3.088164     -4.086410    
  3.088251     -4.327684    
  3.089222     -4.508293    
  3.089309     -4.497089    
  3.091849     -4.532324    
  3.091936     -4.604174    
  3.095352     -4.592144    
  3.095438     -4.435788    
  3.097710     -4.513190    
  3.099969     -4.467323    
  3.100056     -4.473532    
  3.102791     -4.543257    
  3.105509     -4.556348    
  3.105596     -4.535940    
  3.108813     -4.580483    
  3.112005     -4.523110    
  3.112092     -4.520699    
  3.114687     -4.595315    
  3.114774     -4.578350    
  3.116978     -4.644819    
  3.117065     -4.586931    
  3.118223     -4.594900    
  3.118310     -4.576821    
  3.120853     -4.678388    
  3.123381     -4.556458    
  3.123468     -4.608834    
  3.125997     -4.552362    
  3.126084     -4.575889    
  3.127687     -4.560293    
  3.127774     -4.474551    
  3.129225     -4.659638    
  3.129312     -4.529000    
  3.132455     -4.632478    
  3.135577     -4.708612    
  3.135664     -4.706916    
  3.136182     -4.571934    
  3.136269     -4.451124    
  3.138696     -4.898265    
  3.141109     -4.572514    
  3.141196     -4.711235    
  3.144101     -4.638053    
  3.144188     -4.463614    
  3.144956     -4.791744    
  3.145043     -4.886605    
  3.146758     -4.593428    
  3.146845     -4.665928    
  3.147795     -4.547360    
  3.147882     -4.478898    
  3.148729     -4.893740    
  3.148816     -5.258331    
  3.150639     -4.473187    
  3.150726     -4.482901    
  3.151276     -4.596778    
  3.151363     -4.620148    
  3.153068     -4.793331    
  3.153155     -4.580212    
  3.153381     -4.559500    
  3.153434     -4.548455    
  3.153521     -4.529079    
  3.155016     -4.810742    
  3.155103     -4.587358    
  3.156074     -4.918357    
  3.156161     -4.461726    
  3.160418     -4.692187    
  3.164633     -4.611395    
  3.164720     -4.694685    
  3.165979     -4.666144    
  3.166066     -4.579054    
  3.169710     -4.698760    
  3.173324     -4.251941    
  3.176908     -4.667074    
  3.180463     -4.565796    
  3.180550     -4.649686    
  3.181960     -4.605292    
  3.182047     -4.734292    
  3.184770     -4.908079    
  3.187477     -4.797400    
  3.187564     -4.380989    
  3.188338    -100.00000    
  3.188425     -5.096986    
  3.189356     -4.784498    
  3.189443    -100.00000    
  3.192224     -4.668568    
  3.192311     -4.829861    
  3.194885     -4.921688    
  3.194972     -5.364986    
  3.196916     -4.587358    
  3.197003     -4.695105    
  3.200855     -4.599902    
  3.204674     -4.795006    
  3.204761     -4.887303    
  3.207365     -4.882496    
  3.207452     -4.791762    
  3.209994     -4.859645    
  3.212521     -4.955890    
  3.215033     -4.661390    
  3.217531     -4.650590    
  3.217618     -4.571672    
  3.218164     -5.557286    
  3.218251     -5.121959    
  3.222514     -4.798757    
  3.226736     -4.602639    
  3.230917     -4.730605    
  3.235058     -4.997341    
  3.239160     -4.546983    
  3.243224     -4.594407    
  3.247249     -4.636962    
  3.251238     -4.853147    
  3.251325     -4.794533    
  3.255235     -4.783668    
  3.259111     -4.756114    
  3.262951     -4.711352    
  3.266759     -4.742887    
  3.270533     -4.805416    
  3.274275     -4.762015    
  3.277984     -4.828026    
  3.281662     -4.937481    
  3.281749     -4.888545    
  3.285833     -5.030791    
  3.285920     -4.982897    
  3.289028     -4.945768    
  3.289115     -4.951279    
  3.292150     -4.973583    
  3.295165     -4.935397    
  3.298158     -5.014631    
  3.301132     -4.928026    
  3.301219     -4.982262    
  3.305074     -5.086559    
  3.305161     -5.067533    
  3.305985     -5.079924    
  3.306072     -5.077909    
  3.306887     -5.091157    
  3.306974     -5.067968    
  3.309850     -5.033484    
  3.309937     -5.061700    
  3.310624     -5.081448    
  3.310710     -5.082069    
  3.311825     -5.097306    
  3.311912     -5.092648    
  3.312012     -5.091092    
  3.312099     -5.108805    
  3.314648     -5.088021    
  3.317181     -4.959113    
  3.319700     -5.097511    
  3.322204     -5.157493    
  3.324695     -4.973085    
  3.327170     -5.129826    
  3.329632     -5.141611    
  3.332080     -5.153780    
  3.334514     -5.141034    
  3.336935     -5.170779    
  3.339342     -5.194481    
  3.341736     -5.160474    
  3.344117     -5.212593    
  3.346485     -5.217460    
  3.348840     -5.032270    
  3.351182     -5.244445    
  3.351269     -5.220747    
  3.355367     -5.170026    
  3.359427     -5.265013    
  3.363449     -5.190958    
  3.367434     -5.262470    
  3.367521     -5.278436    
  3.370066     -5.284685    
  3.372596     -5.295083    
  3.375111     -5.293628    
  3.377612     -5.309711    
  3.377699     -5.279666    
  3.380754     -5.230388    
  3.383787     -5.324887    
  3.386800     -5.339171    
  3.389792     -5.342418    
  3.389879     -5.349813    
  3.392466     -5.348172    
  3.395039     -5.347978    
  3.395126     -5.341542    
  3.397959     -5.357173    
  3.398046     -5.360877    
  3.398416     -5.365542    
  3.398503     -5.380579    
  3.400855     -5.361759    
  3.400942     -5.144747    
  3.402428     -5.195193    
  3.402515     -5.295257    
  3.405655     -5.406600    
  3.408773     -5.395239    
  3.411869     -5.411669    
  3.414942     -5.422233    
  3.415029     -5.426630    
  3.419186     -5.437272    
  3.423303     -5.444072    
  3.427382     -5.453907    
  3.431422     -5.446635    
  3.431509     -5.520776    
  3.434904     -5.362192    
  3.438273     -5.200759    
  3.441616     -5.566237    
  3.444934     -5.521370    
  3.445021     -5.515187    
  3.447484     -5.528579    
  3.449934     -5.535324    
  3.450021     -5.537442    
  3.452474     -5.544111    
  3.454914     -5.551944    
  3.455001     -5.557472    
  3.458672     -5.548573    
  3.462313     -5.575174    
  3.465924     -5.573575    
  3.469505     -5.606313    
  3.469592     -5.588475    
  3.469843     -5.590081    
  3.469930     -5.591101    
  3.471179     -5.590955    
  3.471266     -5.589721    
  3.474100     -5.608365    
  3.474187     -5.602401    
  3.476423     -5.567957    
  3.478648     -5.609397    
  3.480861     -5.628514    
  3.483063     -5.632739    
  3.483150     -5.628477    
  3.485959     -5.643608    
  3.488749     -5.633358    
  3.491522     -5.658041    
  3.494277     -5.672400    
  3.494364     -5.665000    
  3.496766     -5.637875    
  3.499154     -5.683304    
  3.501530     -5.715943    
  3.503893     -5.692279    
  3.506243     -5.425308    
  3.508580     -5.439090    
  3.510905     -5.721632    
  3.513217     -5.727616    
  3.513304     -5.727282    
  3.515963     -5.736602    
  3.518606     -5.744739    
  3.521233     -5.753110    
  3.523845     -5.715661    
  3.526440     -5.776264    
  3.529020     -5.682440    
  3.531585     -5.792807    
  3.534135     -5.794436    
  3.534222     -5.795147    
  3.536649     -5.801585    
  3.539062     -5.804935    
  3.541462     -5.830091    
  3.543849     -5.665295    
  3.543936     -5.749224    
  3.547053     -5.840654    
  3.550148     -5.842184    
  3.550235     -5.844505    
  3.552940     -5.848473    
  3.555627     -5.857150    
  3.555714     -5.853821    
  3.556728     -5.854194    
  3.556815     -5.854736    
  3.558846     -5.869493    
  3.558933     -5.868964    
  3.559110     -5.867086    
  3.559197     -5.861727    
  3.560851     -5.881051    
  3.560938     -5.877820    
  3.561019     -5.875242    
  3.561106     -5.873057    
  3.561368     -5.870018    
  3.561455     -5.869772    
  3.561549     -5.869648    
  3.561702     -5.870071    
  3.561789     -5.870154    
  3.561899     -5.869937    
  3.561986     -5.869822    
  3.562293     -5.868474    
  3.565681     -5.898755    
  3.565768     -5.899290    
  3.568672     -5.903671    
  3.571556     -5.917562    
  3.574422     -5.925480    
  3.577268     -5.858965    
  3.580096     -5.929147    
  3.582906     -5.937722    
  3.585698     -5.931306    
  3.588471     -5.989088    
  3.591228     -5.884448    
  3.593966     -6.002088    
  3.596688     -5.893215    
  3.599393     -6.004269    
  3.602081     -5.971141    
  3.604752     -6.015729    
  3.607407     -5.984267    
  3.610046     -5.902742    
  3.610133     -5.931210    
  3.612394     -6.211878    
  3.614642     -5.811562    
  3.616880     -6.055037    
  3.619105     -6.056370    
  3.621319     -6.075220    
  3.623523     -6.085603    
  3.625715     -5.985187    
  3.627896     -6.107417    
  3.627982     -6.094225    
  3.630428     -6.104979    
  3.632092     -6.110537    
  3.636162     -6.143285    
  3.640195     -6.016811    
  3.644191     -6.075062    
  3.644278     -6.106084    
  3.646967     -6.157604    
  3.649640     -6.164597    
  3.652297     -6.159566    
  3.654938     -6.068606    
  3.655025     -6.184161    
  3.657211     -6.082087    
  3.659385     -6.017299    
  3.659472     -6.117003    
  3.663615     -6.180112    
  3.663702     -6.184951    
  3.666466     -5.944695    
  3.669212     -5.862737    
  3.671940     -5.483987    
  3.674652     -6.133776    
  3.677347     -6.265250    
  3.680026     -6.261355    
  3.682687     -6.261601    
  3.685333     -6.270783    
  3.685420     -6.417495    
  3.688862     -5.983339    
  3.688948     -6.051455    
  3.690731     -6.288511    
  3.690818     -6.253831    
  3.691459     -6.256726    
  3.691546     -6.254346    
  3.694812     -6.265559    
  3.694898     -6.270465    
  3.695365     -6.278171    
  3.695452     -6.279543    
  3.695518     -6.280838    
  3.695605     -6.290100    
  3.698701     -6.316887    
  3.701776     -6.299371    
  3.704828     -6.316183    
  3.707860     -6.342888    
  3.710870     -6.355130    
  3.712650     -6.344376    
  3.713860     -6.352107    
  3.716830     -6.369625    
  3.719779     -6.353434    
  3.719866     -6.376570    
  3.723198     -6.389679    
  3.726504     -6.354763    
  3.729786     -6.389842    
  3.733043     -6.423889    
  3.733130     -6.503957    
  3.735507     -6.199057    
  3.737872     -6.445847    
  3.740223     -6.441656    
  3.742563     -6.451340    
  3.744889     -6.457004    
  3.747203     -6.465136    
  3.749505     -6.473178    
  3.751794     -6.479962    
  3.751881     -6.486334    
  3.755217     -6.472683    
  3.755304     -6.467443    
  3.755522     -6.469558    
  3.755609     -6.464332    
  3.758467     -6.503043    
  3.761306     -6.513159    
  3.764127     -6.497740    
  3.766929     -6.478088    
  3.769713     -6.466184    
  3.772480     -6.417794    
  3.775229     -6.544117    
  3.777961     -6.561790    
  3.778048     -6.553497    
  3.778151     -6.560377    
  3.781161     -6.565145    
  3.784252     -6.577685    
  3.787320     -6.587297    
  3.790368     -6.598984    
  3.793394     -6.597932    
  3.796399     -6.594236    
  3.799384     -6.585791    
  3.802348     -6.623654    
  3.802435     -6.631456    
  3.806009     -6.637802    
  3.806096     -6.560266    
  3.809815     -6.657004    
  3.809902     -6.687957    
  3.811377     -6.569982    
  3.811464     -6.537138    
  3.811517     -6.533267    
  3.811568     -6.530348    
  3.811655     -6.522345    
  3.814154     -6.674999    
  3.816638     -6.691189    
  3.819108     -6.160999    
  3.821564     -6.766816    
  3.821651     -6.724304    
  3.825835     -5.967335    
  3.829979     -6.476085    
  3.834084     -6.774527    
  3.838150     -6.751339    
  3.838237     -6.762685    
  3.840994     -6.710773    
  3.843735     -6.771098    
  3.846458     -6.777524    
  3.849164     -6.796911    
  3.851853     -6.711346    
  3.854526     -6.665027    
  3.857182     -6.764091    
  3.859823     -6.810605    
  3.859910     -6.815850    
  3.862754     -6.815182    
  3.865581     -6.823570    
  3.868389     -6.844042    
  3.871179     -6.848893    
  3.871266     -6.854760    
  3.873695     -6.858760    
  3.876111     -6.867412    
  3.878513     -6.875892    
  3.880902     -6.879084    
  3.880989     -6.807163    
  3.884377     -6.873735    
  3.887739     -6.877456    
  3.891076     -6.910778    
  3.894387     -6.924340    
  3.894474     -6.923012    
  3.898660     -6.935756    
  3.898747     -6.938289    
  3.902078     -6.948263    
  3.905384     -6.945825    
  3.905471     -6.927138    
  3.908472     -6.972101    
  3.908559     -6.968944    
  3.912193     -6.978156    
  3.912280     -6.973762    
  3.913068     -6.970616    
  3.913155     -6.972941    
  3.913273     -6.973877    
  3.913714     -6.976751    
  3.913769     -6.977039    
  3.913842     -6.977466    
  3.913889     -6.977756    
  3.913972     -6.978478    
  3.914081     -6.979769    
  3.914168     -7.003285    
  3.916915     -6.943676    
  3.917002     -6.801841    
  3.919240     -6.978683    
  3.921466     -7.006953    
  3.923680     -6.996724    
  3.925884     -7.007193    
  3.928076     -7.021035    
  3.930258     -7.040888    
  3.934588     -7.043503    
  3.938875     -7.064325    
  3.943121     -7.067211    
  3.947325     -7.089057    
  3.951490     -7.102878    
  3.955614     -7.102775    
  3.959700     -7.126284    
  3.963748     -7.145033    
  3.967758     -7.133519    
  3.971732     -7.036102    
  3.975669     -7.136102    
  3.979571     -7.184722    
  3.983439     -7.158747    
  3.983526     -7.199731    
  3.987126     -7.220994    
  3.990697     -7.211671    
  3.994239     -7.252768    
  3.997752     -7.205434    
  3.997838     -7.208969    
  4.000147     -7.259460    
  4.002444     -7.230450    
  4.004728     -7.267338    
  4.007001     -6.854567    
  4.009262     -7.245584    
  4.011511     -7.298154    
  4.013748     -7.304769    
  4.015974     -7.286641    
  4.018189     -7.315780    
  4.020392     -7.271868    
  4.022585     -7.330479    
  4.024766     -7.336931    
  4.029096     -7.348590    
  4.033383     -7.359594    
  4.033470     -7.273290    
  4.034774     -7.751730    
  4.034861     -6.887022    
  4.038126     -6.981920    
  4.041367     -7.342917    
  4.044585     -7.377815    
  4.047778     -7.406534    
  4.047865     -7.402762    
  4.051277     -7.422150    
  4.054632     -7.431048    
  4.057962     -7.441008    
  4.061267     -7.452476    
  4.061354     -7.453468    
  4.065579     -7.308132    
  4.069764     -7.364914    
  4.073909     -7.497767    
  4.078015     -7.501251    
  4.078102     -7.494905    
  4.080241     -7.522644    
  4.080328     -7.522972    
  4.080857     -7.464470    
  4.080944     -7.468088    
  4.081009     -7.466853    
  4.081054     -7.465153    
  4.082194     -7.454592    
  4.082281     -7.467565    
  4.084738     -7.513960    
  4.087181     -7.528957    
  4.089611     -7.534183    
  4.092028     -7.529095    
  4.094430     -7.551090    
  4.096820     -7.549124    
  4.099197     -7.551406    
  4.101560     -7.555439    
  4.101647     -7.565883    
  4.104844     -7.588844    
  4.108018     -7.454234    
  4.111169     -7.396889    
  4.114297     -7.607188    
  4.117403     -7.625217    
  4.120486     -7.617604    
  4.123548     -7.630922    
  4.126589     -7.646370    
  4.129608     -7.644442    
  4.132606     -7.661070    
  4.135584     -7.675481    
  4.138542     -7.623529    
  4.141479     -7.675913    
  4.144397     -7.697495    
  4.147296     -7.700911    
  4.150175     -7.719386    
  4.150262     -7.715699    
  4.153103     -7.733014    
  4.155926     -7.723186    
  4.156013     -7.696324    
  4.158103     -7.737997    
  4.158190     -7.741820    
  4.161727     -7.751423    
  4.161814     -7.738502    
  4.163762     -7.756908    
  4.163849     -7.757598    
  4.163959     -7.758408    
  4.164046     -7.758933    
  4.166389     -7.776709    
  4.168720     -7.816077    
  4.171039     -7.611986    
  4.173345     -7.797232    
  4.175640     -7.774827    
  4.177922     -7.818134    
  4.180192     -7.818544    
  4.182450     -7.828853    
  4.184697     -7.824011    
  4.186932     -7.837025    
  4.189156     -7.844773    
  4.191369     -7.852802    
  4.193570     -7.845528    
  4.195760     -7.875926    
  4.197939     -7.815648    
  4.200107     -7.871475    
  4.204411     -7.889575    
  4.208673     -7.890196    
  4.212894     -7.921163    
  4.217074     -7.920903    
  4.221214     -7.940720    
  4.225315     -7.947992    
  4.229377     -7.919849    
  4.233402     -7.959664    
  4.233489     -7.941704    
  4.235773     -7.980436    
  4.238044     -8.027070    
  4.240303     -7.891820    
  4.242551     -7.965219    
  4.244787     -8.018603    
  4.247012     -8.024388    
  4.249225     -8.022700    
  4.251427     -8.011372    
  4.251514     -8.021552    
  4.255198     -8.048170    
  4.258852     -8.050618    
  4.262474     -8.025503    
  4.266067     -8.085841    
  4.266154     -8.081570    
  4.268659     -8.158664    
  4.271149     -7.784614    
  4.273626     -7.602032    
  4.276088     -7.786398    
  4.278536     -8.114396    
  4.280971     -8.114433    
  4.283392     -7.881307    
  4.285800     -8.133676    
  4.288194     -8.160351    
  4.290575     -8.051805    
  4.292943     -8.166097    
  4.295299     -8.170196    
  4.297641     -8.179456    
  4.299971     -8.184505    
  4.302289     -8.189538    
  4.304595     -8.198727    
  4.306888     -8.207247    
  4.309169     -8.212758    
  4.311438     -8.161031    
  4.313695     -8.378386    
  4.315941     -8.203811    
  4.318175     -8.233226    
  4.320398     -8.243182    
  4.322610     -8.245493    
  4.324810     -8.237319    
  4.326999     -8.178429    
  4.329177     -8.248318    
  4.331345     -8.277505    
  4.335647     -8.214494    
  4.339907     -8.262231    
  4.339994     -8.267796    
  4.343342     -8.241621    
  4.346664     -8.319909    
  4.349961     -8.332844    
  4.353233     -8.331955    
  4.353320     -8.340609    
  4.356074     -8.338153    
  4.356161     -8.338239    
  4.357582     -8.350834    
  4.357669     -8.351921    
  4.357779     -8.353274    
  4.357865     -8.354191    
  4.360696     -8.374573    
  4.363507     -8.383969    
  4.366301     -8.359605    
  4.369077     -8.400747    
  4.371835     -8.329342    
  4.374576     -8.416483    
  4.377300     -8.412944    
  4.380006     -8.422244    
  4.382696     -8.436481    
  4.385369     -8.444632    
  4.388026     -8.449916    
  4.390667     -8.461125    
  4.393292     -8.445622    
  4.395901     -8.471899    
  4.398495     -8.479913    
  4.401073     -8.494412    
  4.403636     -8.490530    
  4.406183     -8.508597    
  4.408716     -8.449888    
  4.411235     -8.455843    
  4.413739     -8.532624    
  4.416228     -8.539218    
  4.418703     -8.506208    
  4.421164     -8.302976    
  4.423612     -8.570057    
  4.426045     -8.571034    
  4.428465     -8.553679    
  4.430872     -8.580095    
  4.433266     -8.554732    
  4.435646     -8.583150    
  4.438013     -8.603039    
  4.440368     -8.610484    
  4.440455     -8.600830    
  4.442834     -8.586972    
  4.445201     -8.625040    
  4.445288     -8.626893    
  4.447569     -8.636434    
  4.449839     -8.643501    
  4.452097     -8.521635    
  4.454343     -8.587893    
  4.456578     -8.663983    
  4.458801     -8.645287    
  4.461013     -8.614745    
  4.463213     -8.671278    
  4.465403     -8.689248    
  4.467581     -8.693594    
  4.471906     -8.686030    
  4.476188     -8.717849    
  4.480428     -8.603897    
  4.512937     -8.811778    
  4.513024     -8.808842    
  4.514610     -8.822446    
  4.514697     -8.825452    
  4.515945     -8.838344    
  4.516032     -8.837233    
  4.516141     -8.837574    
  4.516228     -8.835706    
  4.585469     -9.025908    
  4.585556     -8.980507    
  4.648489     -9.181099    
  4.648576     -9.197073    
  4.649548     -9.227049    
  4.649635     -9.228010    
  4.649838     -9.230731    
  4.649925     -9.230826    
  4.650035     -9.230638    
  4.650122     -9.195289    
  4.709765     -9.409923    
  4.709852     -9.404004    
  4.765753     -9.568813    
  4.765822     -9.579645    
  4.765909     -9.581838    
  4.766019     -9.586174    
  4.766106     -9.558363    
  4.818480     -9.755342    
  4.818567     -9.723980    
  4.868094     -9.846167    
  4.868152     -9.840450    
  4.868214     -9.840660    
  4.868324     -9.845636    
  4.868411     -9.726925    
  4.915089     -10.11830    
  4.915176     -10.03184    
  4.959449     -10.14597    
  4.959536     -10.15989    
  4.959642     -10.15860    
  4.959729     -10.15355    
  4.959839     -10.13615    
  4.959925     -10.14207    
  5.002021     -10.25383    
  5.002108     -10.28485    
  5.041986     -10.40090    
  5.042072     -10.41864    
  5.042428     -10.41448    
  5.042515     -10.41365    
  5.042624     -10.41272    
  5.042711     -10.36872    
  5.081038     -10.51641    
  5.081125     -10.39877    
  5.117569     -10.64252    
  5.117655     -10.62648    
  5.118005     -10.62557    
  5.118092     -10.62342    
  5.118201     -10.59741    
  5.118288     -10.56193    
  5.153462     -10.75105    
  5.153549     -10.72213    
  5.187204     -10.82782    
  5.187290     -10.81762    
  5.187529     -10.81909    
  5.187616     -10.81972    
  5.187725     -10.82055    
  5.187812     -10.80745    
  5.251180     -10.98184    
  5.251266     -11.00693    
  5.251931     -11.01029    
  5.252018     -11.00890    
  5.252095     -11.00841    
  5.252182     -10.98409    
  5.311750     -11.15288    
  5.311837     -11.19173    
  5.311944     -11.19381    
  5.312021     -11.19461    
  5.312108     -11.18332    
  5.368079     -11.30171    
  5.368165     -11.32636    
  5.420736     -11.48425    
  5.420823     -11.46144    
  5.470384     -11.58145    
  5.470471     -11.59814    
  5.517346     -11.75708    
  5.517433     -11.74414    
  5.561899     -11.86609    
  5.561985     -11.86451    
  5.604277     -11.93035    
  5.604364     -11.98575    
  5.644684     -12.09075    
  5.644771     -12.08295    
  6.101351     -13.31253    
  6.318972     -13.94320    
  6.571403     -14.67410    
  6.845929     -15.50407    
  7.133075     -16.43907    
  7.426993     -17.55704    
  7.724423     -19.06977    
  8.023641    -100.00000    
  8.323763    -100.00000    
  8.624338    -100.00000    
  8.925140    -100.00000    
