 0.6989700    -100.00000    
 0.7247828    -100.00000    
 0.7491470    -100.00000    
 0.7722168    -100.00000    
 0.7941226    -100.00000    
 0.8348744    -100.00000    
 0.8721282    -100.00000    
 0.9064373     -55.87985    
 0.9382333     -54.77075    
 0.9678594     -54.60142    
 0.9955930     -55.04655    
  1.021661     -55.99520    
  1.046253     -57.46759    
  1.069527    -100.00000    
  1.091616    -100.00000    
  1.132686    -100.00000    
  1.170205    -100.00000    
  1.204739    -100.00000    
  1.236728    -100.00000    
  1.266522    -100.00000    
  1.294403    -100.00000    
  1.320601     -78.64160    
  1.345308     -78.04431    
  1.368685     -77.77779    
  1.390867    -100.00000    
  1.390954     -38.20349    
  1.416604    -100.00000    
  1.416691     -33.15620    
  1.442990    -100.00000    
  1.443077     -34.35814    
  1.465932    -100.00000    
  1.466019     -35.58027    
  1.485843    -100.00000    
  1.485930     -36.77849    
  1.517406     -37.43215    
  1.546755     -37.16222    
  1.546842     -37.12171    
  1.576102     -37.10268    
  1.576189     -37.08511    
  1.604747     -37.20472    
  1.604834     -37.18307    
  1.638223     -37.53511    
  1.669228     -38.06321    
  1.698166     -38.70697    
  1.725295     -39.15195    
  1.725382     -38.88455    
  1.731758     -38.61765    
  1.731845    -100.00000    
  1.759983     -38.03354    
  1.786409     -37.35567    
  1.786495     -37.46735    
  1.816265    -100.00000    
  1.844125     -40.30004    
  1.844212     -38.96023    
  1.873424    -100.00000    
  1.873511     -35.26975    
  1.905821    -100.00000    
  1.905908    -100.00000    
  1.913955    -100.00000    
  1.914042     -33.01641    
  1.926709    -100.00000    
  1.926796    -100.00000    
  1.927461    -100.00000    
  1.927548     -29.53368    
  1.962158     -27.14282    
  1.994212    -100.00000    
  1.994299    -100.00000    
  1.996552    -100.00000    
  1.996639    -100.00000    
  1.997939    -100.00000    
  1.998026    -100.00000    
  2.007421    -100.00000    
  2.007508     -24.60911    
  2.028108    -100.00000    
  2.028195    -100.00000    
  2.061043     -20.78651    
  2.061130    -100.00000    
  2.097304     -18.01766    
  2.097391     -18.38961    
  2.101519     -18.18074    
  2.101605     -18.15690    
  2.102584     -18.08722    
  2.102671     -17.88878    
  2.106101     -17.63849    
  2.106187     -17.78151    
  2.111508     -17.24226    
  2.111595     -17.55988    
  2.111941     -17.19771    
  2.112028    -100.00000    
  2.126973     -15.85895    
  2.127060     -16.89675    
  2.127658     -16.44158    
  2.127745     -16.25956    
  2.137486     -15.73774    
  2.137573     -15.71869    
  2.149371     -15.21308    
  2.149458     -14.95882    
  2.156741     -15.36293    
  2.156827     -15.32777    
  2.158960     -15.13777    
  2.159047     -14.06710    
  2.177604     -14.00698    
  2.177690     -14.16391    
  2.181731     -13.85911    
  2.181818     -12.87486    
  2.188445    -100.00000    
  2.188532     -13.30433    
  2.204170     -12.92883    
  2.204257     -12.97560    
  2.211100     -12.60161    
  2.217837     -14.21071    
  2.217924     -12.93414    
  2.218030     -13.02077    
  2.218315     -13.35592    
  2.218402     -13.50073    
  2.218688     -13.78115    
  2.218775     -13.18871    
  2.226808     -12.75061    
  2.234695    -100.00000    
  2.234781     -13.14611    
  2.239617     -13.39424    
  2.239704     -12.40654    
  2.245345     -13.01224    
  2.245432     -12.92123    
  2.250721     -12.26594    
  2.250808     -12.06995    
  2.253696    -100.00000    
  2.253782     -12.15983    
  2.257129    -100.00000    
  2.260450     -11.75116    
  2.263745     -14.17219    
  2.267016     -12.70830    
  2.267103     -13.27723    
  2.270490     -12.53944    
  2.270577     -12.41066    
  2.271628     -12.67525    
  2.271715     -13.30143    
  2.275818     -12.99739    
  2.275905     -12.99744    
  2.277893     -13.63922    
  2.279873     -12.68145    
  2.281843     -12.62565    
  2.283804     -12.26387    
  2.283891     -13.19152    
  2.286288     -13.57733    
  2.286375     -13.37222    
  2.286786     -14.14053    
  2.286873     -12.80375    
  2.289459     -13.21476    
  2.292031     -13.33793    
  2.294586     -13.14534    
  2.297128     -13.37609    
  2.297214     -13.95679    
  2.297982     -13.16035    
  2.298069    -100.00000    
  2.300085     -12.49853    
  2.302092     -13.42064    
  2.304090     -13.28738    
  2.306078     -13.47734    
  2.306165     -13.52261    
  2.308268     -14.35454    
  2.309316     -12.81062    
  2.310361     -13.99036    
  2.311404     -13.30803    
  2.312444     -13.41398    
  2.313482     -13.66141    
  2.314517     -13.56198    
  2.314604     -13.61699    
  2.315597     -13.44480    
  2.315684     -13.68818    
  2.316612     -13.43411    
  2.317538     -13.25523    
  2.318463     -12.87802    
  2.319385     -12.83587    
  2.320305     -12.72918    
  2.321224     -13.92108    
  2.322140     -12.43287    
  2.323055     -13.32096    
  2.323141     -13.29375    
  2.324295     -13.37400    
  2.325445     -13.26994    
  2.326592     -13.86098    
  2.327736     -13.07728    
  2.327823     -13.42661    
  2.328799     -13.44216    
  2.329773     -13.22222    
  2.330745     -14.03822    
  2.331714     -12.88719    
  2.331801     -13.42288    
  2.333101     -13.16506    
  2.333188     -13.23367    
  2.334187     -13.48161    
  2.335184     -13.45075    
  2.336179     -13.52048    
  2.337171     -13.26246    
  2.338161     -13.32442    
  2.339149     -13.25462    
  2.340135     -13.29555    
  2.341118     -13.25961    
  2.341205     -13.26447    
  2.341283     -13.29497    
  2.341370     -13.37856    
  2.341472     -13.25065    
  2.342320     -13.26195    
  2.343166     -13.25398    
  2.344011     -13.14611    
  2.344853     -13.25046    
  2.344940     -13.17051    
  2.345621     -13.14048    
  2.346301     -12.97203    
  2.346979     -13.14541    
  2.347657     -13.05342    
  2.348333     -13.02707    
  2.349009     -12.93525    
  2.349683     -12.88231    
  2.350356     -12.86071    
  2.350443     -12.96851    
  2.351331     -12.84689    
  2.352217     -12.93555    
  2.352659     -12.61112    
  2.353101     -12.76795    
  2.353542     -13.26457    
  2.353983     -12.37773    
  2.354070     -12.43121    
  2.354511     -12.74794    
  2.354951     -12.73572    
  2.355390     -12.92883    
  2.355830     -12.29809    
  2.356269     -12.41490    
  2.356707     -12.64242    
  2.357145     -12.25460    
  2.357582    -100.00000    
  2.357669    -100.00000    
  2.367290     -6.199815    
  2.376702     -5.739158    
  2.376789     -5.452362    
  2.381401     -5.676852    
  2.381488     -5.358334    
  2.381574     -5.327020    
  2.381660     -4.992290    
  2.384670     -4.787393    
  2.384757     -5.315974    
  2.387126    -100.00000    
  2.387213     -5.435635    
  2.396615     -4.401550    
  2.405819     -4.294814    
  2.405905     -4.187383    
  2.409345     -6.088616    
  2.409431    -100.00000    
  2.409967     -4.862112    
  2.410054     -4.636869    
  2.411501     -3.777855    
  2.411588     -3.807839    
  2.413098     -3.865992    
  2.413185     -3.869860    
  2.417228    -100.00000    
  2.417315     -4.555797    
  2.417448     -4.499074    
  2.417535     -4.215315    
  2.429911     -4.392669    
  2.429998     -4.199046    
  2.433514     -4.446381    
  2.433601     -4.587830    
  2.434762     -4.029432    
  2.434849     -3.939640    
  2.435570     -3.935434    
  2.435657     -3.913844    
  2.438099     -4.157931    
  2.438186     -4.036852    
  2.443115     -4.169966    
  2.443202    -100.00000    
  2.448046     -4.321072    
  2.448133     -4.441362    
  2.449372     -4.084851    
  2.449459     -4.006596    
  2.456026     -4.596359    
  2.456113     -4.417098    
  2.457105     -4.314918    
  2.457192     -4.145477    
  2.461170     -4.413856    
  2.461257     -5.467947    
  2.466286     -4.725200    
  2.466372     -5.391802    
  2.466976     -5.184315    
  2.467064     -5.528198    
  2.471828     -4.743694    
  2.471915     -4.979707    
  2.476442     -4.055646    
  2.476529     -4.513606    
  2.476628     -4.829196    
  2.476715     -5.533376    
  2.476977     -5.539250    
  2.477064     -4.343677    
  2.483465     -4.605521    
  2.483551     -4.582445    
  2.483824     -4.647440    
  2.483911     -4.509443    
  2.484130     -4.256455    
  2.484217     -4.047078    
  2.487220     -4.156485    
  2.490203     -4.135811    
  2.493165     -4.347157    
  2.496107     -4.143686    
  2.496194     -4.072419    
  2.500074     -4.060647    
  2.503920     -3.934739    
  2.504007     -3.937134    
  2.504069     -3.947371    
  2.504156     -3.928808    
  2.506191     -3.754948    
  2.506278     -3.883698    
  2.508598     -4.226746    
  2.510906     -3.642646    
  2.513202     -3.877480    
  2.515486     -3.840425    
  2.515573     -3.684618    
  2.515719     -3.671538    
  2.515805     -3.673774    
  2.515872     -3.674090    
  2.515959     -3.662696    
  2.516943     -3.689631    
  2.517030     -3.668969    
  2.517941     -3.710760    
  2.518028     -3.701552    
  2.521727     -3.703934    
  2.525387     -4.112699    
  2.529016     -3.657751    
  2.532615     -3.623730    
  2.532701     -3.660088    
  2.536032     -3.648218    
  2.539337     -4.002278    
  2.539424     -3.725154    
  2.543132     -3.826967    
  2.546808     -3.675671    
  2.546895     -3.701827    
  2.547329     -3.756294    
  2.547416     -3.936172    
  2.551118     -3.735891    
  2.551204     -3.718107    
  2.554808     -3.669922    
  2.558382     -3.905599    
  2.558469     -3.854077    
  2.558869     -3.786791    
  2.558956     -3.721455    
  2.562079     -3.738753    
  2.565180     -3.747318    
  2.568258     -3.735315    
  2.571315     -3.715436    
  2.571402     -3.752167    
  2.571490     -3.787510    
  2.571576     -3.905620    
  2.574740     -3.710643    
  2.577880     -3.732837    
  2.580998     -3.770442    
  2.584094     -3.823611    
  2.587168     -3.914128    
  2.590220     -3.825787    
  2.593250     -3.877626    
  2.596260     -3.785532    
  2.596347     -3.813526    
  2.597646     -3.805373    
  2.597733     -3.797117    
  2.600542     -3.773532    
  2.603333     -3.786782    
  2.603420     -3.814954    
  2.606239     -3.883753    
  2.606324     -3.791764    
  2.606411     -3.793212    
  2.607237     -3.789528    
  2.607324     -3.786313    
  2.610441     -3.800367    
  2.613536     -3.797651    
  2.616608     -3.797222    
  2.619659     -3.813583    
  2.619746     -3.808161    
  2.620859     -3.829229    
  2.620946     -3.818998    
  2.621962     -3.834077    
  2.622049     -3.802287    
  2.625471     -3.917645    
  2.625557     -3.899737    
  2.626297     -3.838331    
  2.626384     -3.829303    
  2.627024     -3.829301    
  2.627111     -3.778988    
  2.630159     -3.932233    
  2.633186     -3.817441    
  2.633273     -3.831514    
  2.633585     -3.832143    
  2.633672     -3.831863    
  2.636750     -3.840579    
  2.639805     -3.840595    
  2.642840     -3.938251    
  2.645853     -3.914330    
  2.645940     -3.878690    
  2.646436     -3.872994    
  2.646523     -3.864967    
  2.648513     -3.878459    
  2.648600     -3.870219    
  2.650581     -3.871654    
  2.650668     -3.866956    
  2.652023     -3.870881    
  2.652110     -3.880748    
  2.653758     -3.876906    
  2.653845     -3.865914    
  2.654514     -4.105079    
  2.654601     -4.063296    
  2.655848     -3.896834    
  2.655935     -3.901329    
  2.656856     -3.881802    
  2.656943     -3.882685    
  2.659789     -3.897605    
  2.659876     -3.902522    
  2.661632     -3.902890    
  2.661711     -3.916962    
  2.661798     -3.912532    
  2.662838     -3.889757    
  2.662925     -3.890852    
  2.664288     -3.894215    
  2.665620     -3.895904    
  2.666947     -3.912456    
  2.668270     -3.922088    
  2.668357     -3.894821    
  2.669554     -3.910146    
  2.670748     -3.911424    
  2.670835     -3.916405    
  2.671974     -3.932258    
  2.673109     -3.911501    
  2.674242     -3.913567    
  2.675371     -3.915417    
  2.675458     -3.915752    
  2.676606     -3.922268    
  2.677751     -3.920670    
  2.677838     -3.919748    
  2.679282     -3.931800    
  2.680721     -3.926742    
  2.682155     -3.930880    
  2.683585     -3.933776    
  2.683672     -3.933893    
  2.684694     -3.936253    
  2.685714     -3.938262    
  2.685801     -3.938249    
  2.685988     -3.938840    
  2.686075     -3.939476    
  2.686520     -3.940197    
  2.686607     -3.940856    
  2.687604     -3.942118    
  2.688599     -3.945206    
  2.688686     -3.947973    
  2.689315     -3.947647    
  2.689943     -3.947565    
  2.690571     -3.947035    
  2.691198     -3.949326    
  2.691823     -3.950638    
  2.692448     -3.951975    
  2.693072     -3.954561    
  2.693695     -3.957440    
  2.694317     -3.958858    
  2.694939     -3.954906    
  2.695559     -3.997630    
  2.696179     -4.235929    
  2.696797     -4.021906    
  2.697415     -3.965985    
  2.698032     -3.968694    
  2.698648     -3.968568    
  2.698717     -3.968451    
  2.698803     -3.968197    
  2.699142     -3.970290    
  2.699229     -3.967857    
  2.700077     -3.999001    
  2.700500     -3.981838    
  2.700923     -3.973667    
  2.701345     -3.972458    
  2.701767     -3.973422    
  2.702189     -3.973953    
  2.702610     -3.974565    
  2.702697     -3.979317    
  2.706323     -3.998335    
  2.706410     -3.969953    
  2.708352     -4.036739    
  2.708438     -4.102994    
  2.709271     -4.093135    
  2.709358     -4.174071    
  2.712230     -4.012585    
  2.712317     -4.013329    
  2.714595     -4.001610    
  2.716861     -4.006595    
  2.719116     -4.021748    
  2.721359     -4.016910    
  2.721446     -4.017964    
  2.721792     -4.018787    
  2.721879     -4.019906    
  2.725135     -4.030548    
  2.728368     -4.033929    
  2.728455     -4.033973    
  2.728556     -4.034215    
  2.728643     -4.033618    
  2.730036     -4.039145    
  2.730123     -4.041027    
  2.733067     -4.044729    
  2.735992     -4.051070    
  2.736079     -4.051358    
  2.737059     -4.053267    
  2.737146     -4.053588    
  2.740300     -4.060980    
  2.740387     -4.061112    
  2.744215     -4.070011    
  2.748009     -4.079704    
  2.751770     -4.088447    
  2.755499     -4.097228    
  2.755586     -4.112393    
  2.758474     -4.102408    
  2.758561     -4.104285    
  2.759027     -4.105169    
  2.759113     -4.105675    
  2.760747     -4.108728    
  2.760833     -4.109084    
  2.763123     -4.114360    
  2.765400     -4.120131    
  2.765487     -4.120029    
  2.765755     -4.120654    
  2.765842     -4.118968    
  2.768363     -4.130968    
  2.770870     -4.129871    
  2.773363     -4.147923    
  2.775841     -4.143624    
  2.775928     -4.144051    
  2.777541     -4.147870    
  2.777628     -4.147551    
  2.780082     -4.154992    
  2.782523     -4.159222    
  2.784950     -4.168141    
  2.787363     -4.171802    
  2.787450     -4.171694    
  2.789348     -4.177138    
  2.789435     -4.177507    
  2.792054     -4.183286    
  2.792141     -4.183256    
  2.795962     -4.193981    
  2.796049     -4.193731    
  2.798395     -4.223066    
  2.800729     -4.239287    
  2.803050     -4.211567    
  2.805359     -4.216750    
  2.807656     -4.219470    
  2.809941     -4.249304    
  2.812213     -4.231551    
  2.814474     -4.241657    
  2.814561     -4.242417    
  2.815775     -4.256450    
  2.815862     -4.248367    
  2.818570     -4.250174    
  2.818657     -4.249624    
  2.821422     -4.266957    
  2.824169     -4.272355    
  2.826900     -4.300058    
  2.829613     -4.279724    
  2.829700     -4.296548    
  2.832139     -4.293046    
  2.834565     -4.314597    
  2.836978     -4.334796    
  2.839377     -4.276499    
  2.839464     -4.297235    
  2.842740     -4.327276    
  2.845992     -4.328439    
  2.846054     -4.327315    
  2.846141     -4.327311    
  2.846320     -4.326890    
  2.846407     -4.326480    
  2.846929     -4.327379    
  2.847016     -4.325715    
  2.850284     -4.340116    
  2.850371     -4.335435    
  2.851107     -4.338676    
  2.851194     -4.339949    
  2.851272     -4.339623    
  2.851359     -4.339220    
  2.851605     -4.339642    
  2.851692     -4.343984    
  2.852969     -4.348652    
  2.853056     -4.417446    
  2.856721     -4.359644    
  2.856808     -4.361202    
  2.860014     -4.356319    
  2.863196     -4.383901    
  2.863283     -4.382502    
  2.866961     -4.374165    
  2.867048     -4.377904    
  2.867158     -4.370593    
  2.871477     -4.426190    
  2.871560     -4.401157    
  2.871647     -4.397471    
  2.874394     -4.509055    
  2.877123     -4.367039    
  2.877210     -4.446583    
  2.879769     -4.409777    
  2.882313     -4.421755    
  2.882400     -4.431191    
  2.882670     -4.430700    
  2.882757     -5.042063    
  2.885337     -4.587751    
  2.885423     -4.198946    
  2.886380     -4.265420    
  2.886467     -4.283040    
  2.886654     -4.310978    
  2.886741     -4.349856    
  2.889314     -4.452964    
  2.889401     -4.422384    
  2.891964     -4.482482    
  2.892051     -4.538437    
  2.893704     -4.430238    
  2.893791     -4.451303    
  2.894071     -4.455144    
  2.894158     -4.460033    
  2.895095     -4.463718    
  2.895182     -4.465007    
  2.896767     -4.473460    
  2.896854     -4.465831    
  2.897787     -4.464806    
  2.897874     -4.461904    
  2.900589     -4.490386    
  2.900676     -4.485312    
  2.902856     -4.486958    
  2.905026     -4.483456    
  2.905113     -4.505871    
  2.908098     -4.504875    
  2.908185     -4.490627    
  2.908477     -4.490425    
  2.908564     -4.490486    
  2.910090     -4.492994    
  2.910176     -4.494335    
  2.913363     -4.502289    
  2.916527     -4.520821    
  2.916614     -4.510702    
  2.916785     -4.510856    
  2.916872     -4.511174    
  2.917171     -4.511964    
  2.917258     -4.513128    
  2.919518     -4.519630    
  2.921765     -4.523998    
  2.921852     -4.524450    
  2.925029     -4.536032    
  2.925116     -4.536892    
  2.925941     -4.539354    
  2.926028     -4.543375    
  2.927554     -4.544361    
  2.927641     -4.542663    
  2.927950     -4.547645    
  2.928037     -4.557351    
  2.928671     -4.559952    
  2.928758     -4.559184    
  2.929127     -4.552966    
  2.929213     -4.551121    
  2.929524     -4.549971    
  2.929611     -4.549351    
  2.930245     -4.551149    
  2.930332     -4.553326    
  2.930604     -4.553464    
  2.930691     -4.553073    
  2.930963     -4.554341    
  2.931050     -4.553042    
  2.934646     -4.559837    
  2.934733     -4.561559    
  2.936807     -4.565345    
  2.936894     -4.565805    
  2.937412     -4.568993    
  2.937499     -4.566385    
  2.937612     -4.565336    
  2.939332     -4.599521    
  2.939418     -4.579328    
  2.941608     -4.577321    
  2.943787     -4.586667    
  2.943874     -4.584314    
  2.945266     -4.588680    
  2.945353     -4.588638    
  2.946273     -4.592284    
  2.946360     -4.592459    
  2.946687     -4.594174    
  2.946774     -4.598606    
  2.949036     -4.604387    
  2.951287     -4.605184    
  2.951374     -4.604614    
  2.953319     -4.614379    
  2.953406     -4.613415    
  2.953750     -4.612896    
  2.953837     -4.611222    
  2.955739     -4.616568    
  2.955826     -4.617215    
  2.956162     -4.618813    
  2.956249     -4.618598    
  2.957620     -4.627682    
  2.957703     -4.628007    
  2.957790     -4.627961    
  2.959196     -4.625144    
  2.959269     -4.626565    
  2.959356     -4.627118    
  2.959520     -4.625601    
  2.959575     -4.624597    
  2.959642     -4.623999    
  2.959729     -4.623902    
  2.959839     -4.624397    
  2.959926     -4.625142    
  2.960694     -4.628305    
  2.960781     -4.628019    
  2.961122     -4.588057    
  2.961209     -4.488279    
  2.965318     -4.858149    
  2.965405     -5.081023    
  2.969227     -4.431112    
  2.969314     -4.605491    
  2.972533     -4.604913    
  2.975728     -4.602911    
  2.975815     -4.627357    
  2.976166     -4.594852    
  2.976253     -4.555307    
  2.979351     -4.810757    
  2.982423     -4.565677    
  2.982509     -4.521538    
  2.982872     -4.636435    
  2.982959     -4.595956    
  2.987037     -4.616015    
  2.991078     -4.622100    
  2.995081     -4.663320    
  2.999047     -4.647958    
  3.002978     -4.649131    
  3.006874     -4.663355    
  3.010734     -4.760313    
  3.014561     -4.677898    
  3.018354     -4.716875    
  3.022115     -4.736332    
  3.025843     -4.718081    
  3.029540     -4.735931    
  3.033205     -4.779775    
  3.036840     -4.815916    
  3.040444     -4.802218    
  3.044019     -4.770178    
  3.044106     -4.798074    
  3.046417     -4.789197    
  3.046504     -4.783466    
  3.047266     -4.783054    
  3.047353     -4.780689    
  3.050503     -4.834614    
  3.053630     -4.832412    
  3.056735     -4.863791    
  3.059819     -4.872175    
  3.062880     -4.888156    
  3.065920     -4.917673    
  3.068939     -4.887419    
  3.071937     -4.865027    
  3.072024     -4.873147    
  3.074515     -4.927237    
  3.074602     -4.901819    
  3.078033     -4.905581    
  3.081436     -4.895009    
  3.084813     -5.021937    
  3.088164     -4.842526    
  3.088251     -4.917537    
  3.089222     -4.841356    
  3.089309     -5.172611    
  3.091849     -4.901113    
  3.091936     -5.458915    
  3.095352     -4.672044    
  3.095438     -4.455055    
  3.097710     -5.061943    
  3.099969     -4.903691    
  3.100056     -5.132732    
  3.102791     -4.929460    
  3.105509     -5.176540    
  3.105596     -5.031249    
  3.108813     -5.062914    
  3.112005     -4.834842    
  3.112092     -5.198379    
  3.114687     -4.951356    
  3.114774     -4.977908    
  3.116978     -4.962721    
  3.117065     -5.304163    
  3.118223     -4.980837    
  3.118310     -4.879141    
  3.120853     -5.032534    
  3.123381     -5.052656    
  3.123468     -5.117313    
  3.125997     -4.975206    
  3.126084     -5.089578    
  3.127687     -5.069688    
  3.127774     -4.963836    
  3.129225     -5.029954    
  3.129312     -5.052821    
  3.132455     -5.057374    
  3.135577     -5.097535    
  3.135664     -4.973051    
  3.136182     -4.987969    
  3.136269     -5.069364    
  3.138696     -5.111135    
  3.141109     -5.009626    
  3.141196     -5.071661    
  3.144101     -5.103291    
  3.144188     -5.089129    
  3.144956     -5.083165    
  3.145043     -5.092592    
  3.146758     -5.106822    
  3.146845     -5.114022    
  3.147795     -5.107328    
  3.147882     -5.115542    
  3.148729     -5.124141    
  3.148816     -5.135317    
  3.150639     -5.101155    
  3.150726     -5.114803    
  3.151276     -5.117515    
  3.151363     -5.121588    
  3.153068     -5.137663    
  3.153155     -5.128888    
  3.153381     -5.126581    
  3.153434     -5.126563    
  3.153521     -5.122261    
  3.155016     -5.120940    
  3.155103     -5.137616    
  3.156074     -5.148203    
  3.156161     -5.132839    
  3.160418     -5.155908    
  3.164633     -5.160565    
  3.164720     -5.156723    
  3.165979     -5.175902    
  3.166066     -5.165957    
  3.169710     -5.199019    
  3.173324     -5.115090    
  3.176908     -5.206643    
  3.180463     -5.223765    
  3.180550     -5.227996    
  3.181960     -5.222732    
  3.182047     -5.223617    
  3.184770     -5.235613    
  3.187477     -5.246166    
  3.187564     -5.248113    
  3.188338     -5.243472    
  3.188425     -5.243846    
  3.189356     -5.244817    
  3.189443    -100.00000    
  3.192224     -5.105379    
  3.192311     -5.053299    
  3.194885     -5.282146    
  3.194972     -5.261025    
  3.196916     -5.254267    
  3.197003     -5.271066    
  3.200855     -5.282041    
  3.204674     -5.307787    
  3.204761     -5.302486    
  3.207365     -5.312189    
  3.207452     -5.298246    
  3.209994     -5.341527    
  3.212521     -5.295999    
  3.215033     -5.467278    
  3.217531     -4.823793    
  3.217618     -5.076221    
  3.218164     -5.199321    
  3.218251     -5.255825    
  3.222514     -5.381052    
  3.226736     -5.375206    
  3.230917     -5.389303    
  3.235058     -5.539617    
  3.239160     -5.305279    
  3.243224     -5.428284    
  3.247249     -5.448745    
  3.251238     -5.462454    
  3.251325     -5.463215    
  3.255235     -5.477040    
  3.259111     -5.487765    
  3.262951     -5.504402    
  3.266759     -5.517683    
  3.270533     -5.520852    
  3.274275     -5.544063    
  3.277984     -5.555912    
  3.281662     -5.569513    
  3.281749     -5.569708    
  3.285833     -5.584096    
  3.285920     -5.584245    
  3.289028     -5.594669    
  3.289115     -5.595739    
  3.292150     -5.605710    
  3.295165     -5.616927    
  3.298158     -5.627686    
  3.301132     -5.637146    
  3.301219     -5.637927    
  3.305074     -5.651902    
  3.305161     -5.652071    
  3.305985     -5.655040    
  3.306072     -5.655561    
  3.306887     -5.657467    
  3.306974     -5.657974    
  3.309850     -5.668617    
  3.309937     -5.668849    
  3.310624     -5.671394    
  3.310710     -5.677134    
  3.311825     -5.657303    
  3.311912     -5.657006    
  3.312012     -5.658849    
  3.312099     -5.672718    
  3.314648     -5.663265    
  3.317181     -5.669731    
  3.319700     -5.700657    
  3.322204     -5.708645    
  3.324695     -5.719816    
  3.327170     -5.723137    
  3.329632     -5.731290    
  3.332080     -5.736587    
  3.334514     -5.740715    
  3.336935     -5.766702    
  3.339342     -5.741362    
  3.341736     -5.780467    
  3.344117     -5.765504    
  3.346485     -5.804545    
  3.348840     -5.774723    
  3.351182     -5.792302    
  3.351269     -5.791521    
  3.355367     -5.816541    
  3.359427     -5.825291    
  3.363449     -5.849876    
  3.367434     -5.839016    
  3.367521     -5.850062    
  3.370066     -5.860222    
  3.372596     -5.849201    
  3.375111     -5.879909    
  3.377612     -5.885967    
  3.377699     -5.910673    
  3.380754     -5.890687    
  3.383787     -5.905438    
  3.386800     -5.920102    
  3.389792     -5.933317    
  3.389879     -5.936949    
  3.392466     -5.938065    
  3.395039     -5.948405    
  3.395126     -5.948581    
  3.397959     -5.958889    
  3.398046     -5.959188    
  3.398416     -5.960805    
  3.398503     -5.959503    
  3.400855     -5.971884    
  3.400942     -6.025771    
  3.402428     -5.922743    
  3.402515     -5.965051    
  3.405655     -5.986015    
  3.408773     -5.996892    
  3.411869     -6.007463    
  3.414942     -6.018872    
  3.415029     -6.019057    
  3.419186     -6.034019    
  3.423303     -6.049149    
  3.427382     -6.063305    
  3.431422     -6.077494    
  3.431509     -6.073795    
  3.434904     -6.090442    
  3.438273     -6.046368    
  3.441616     -6.127374    
  3.444934     -6.126908    
  3.445021     -6.126661    
  3.447484     -6.136692    
  3.449934     -6.143917    
  3.450021     -6.144482    
  3.452474     -6.153299    
  3.454914     -6.161883    
  3.455001     -6.162051    
  3.458672     -6.175108    
  3.462313     -6.188568    
  3.465924     -6.201442    
  3.469505     -6.214562    
  3.469592     -6.214828    
  3.469843     -6.215769    
  3.469930     -6.216028    
  3.471179     -6.220437    
  3.471266     -6.220931    
  3.474100     -6.231760    
  3.474187     -6.238837    
  3.476423     -6.216246    
  3.478648     -6.170198    
  3.480861     -6.260593    
  3.483063     -6.263503    
  3.483150     -6.263528    
  3.485959     -6.274272    
  3.488749     -6.282701    
  3.491522     -6.293954    
  3.494277     -6.303617    
  3.494364     -6.303980    
  3.496766     -6.313306    
  3.499154     -6.323190    
  3.501530     -6.330760    
  3.503893     -6.342040    
  3.506243     -6.275266    
  3.508580     -6.258634    
  3.510905     -6.364311    
  3.513217     -6.374609    
  3.513304     -6.374735    
  3.515963     -6.383084    
  3.518606     -6.391665    
  3.521233     -6.401101    
  3.523845     -6.410486    
  3.526440     -6.419888    
  3.529020     -6.429134    
  3.531585     -6.438567    
  3.534135     -6.447837    
  3.534222     -6.448189    
  3.536649     -6.456958    
  3.539062     -6.464057    
  3.541462     -6.485157    
  3.543849     -6.258752    
  3.543936     -6.364982    
  3.547053     -6.511108    
  3.550148     -6.503281    
  3.550235     -6.504455    
  3.552940     -6.521477    
  3.555627     -6.533313    
  3.555714     -6.537025    
  3.556728     -6.535882    
  3.556815     -6.540647    
  3.558846     -6.536061    
  3.558933     -6.538443    
  3.559110     -6.539004    
  3.559197     -6.539344    
  3.560851     -6.544842    
  3.560938     -6.544889    
  3.561019     -6.545141    
  3.561106     -6.545416    
  3.561368     -6.546431    
  3.561455     -6.546836    
  3.561549     -6.547249    
  3.561702     -6.547876    
  3.561789     -6.548260    
  3.561899     -6.548699    
  3.561986     -6.549069    
  3.562293     -6.549384    
  3.565681     -6.549906    
  3.565768     -6.553072    
  3.568672     -6.568693    
  3.571556     -6.576216    
  3.574422     -6.587239    
  3.577268     -6.602271    
  3.580096     -6.609386    
  3.582906     -6.615997    
  3.585698     -6.632476    
  3.588471     -6.635321    
  3.591228     -6.659560    
  3.593966     -6.653787    
  3.596688     -6.664163    
  3.599393     -6.686111    
  3.602081     -6.676095    
  3.604752     -6.695079    
  3.607407     -6.715326    
  3.610046     -6.641680    
  3.610133     -6.666501    
  3.612394     -6.718246    
  3.614642     -6.737576    
  3.616880     -6.733503    
  3.619105     -6.743595    
  3.621319     -6.751855    
  3.623523     -6.755818    
  3.625715     -6.765268    
  3.627896     -6.777428    
  3.627982     -6.775753    
  3.630428     -6.784528    
  3.632092     -6.791303    
  3.636162     -6.808713    
  3.640195     -6.808069    
  3.644191     -6.835552    
  3.644278     -6.833551    
  3.646967     -6.844241    
  3.649640     -6.855499    
  3.652297     -6.849098    
  3.654938     -6.873879    
  3.655025     -6.799774    
  3.657211     -6.886748    
  3.659385     -6.877170    
  3.659472     -6.876220    
  3.663615     -6.900492    
  3.663702     -6.955216    
  3.666466     -6.798746    
  3.669212     -7.032695    
  3.671940     -6.475724    
  3.674652     -6.886718    
  3.677347     -6.960235    
  3.680026     -6.964688    
  3.682687     -6.973018    
  3.685333     -6.982496    
  3.685420     -7.009761    
  3.688862     -6.906773    
  3.688948     -6.928055    
  3.690731     -7.005950    
  3.690818     -6.994652    
  3.691459     -7.000939    
  3.691546     -7.004516    
  3.694812     -6.921008    
  3.694898     -7.013963    
  3.695365     -6.987539    
  3.695452     -6.980950    
  3.695518     -6.980626    
  3.695605     -6.996964    
  3.698701     -7.035633    
  3.701776     -7.042195    
  3.704828     -7.053346    
  3.707860     -7.064431    
  3.710870     -7.075254    
  3.712650     -7.081559    
  3.713860     -7.085954    
  3.716830     -7.091751    
  3.719779     -7.089411    
  3.719866     -7.105767    
  3.723198     -7.120448    
  3.726504     -7.132023    
  3.729786     -7.143906    
  3.733043     -7.155845    
  3.733130     -7.169408    
  3.735507     -7.064468    
  3.737872     -7.178259    
  3.740223     -7.181963    
  3.742563     -7.190155    
  3.744889     -7.198573    
  3.747203     -7.206945    
  3.749505     -7.215228    
  3.751794     -7.223553    
  3.751881     -7.223850    
  3.755217     -7.235901    
  3.755304     -7.236265    
  3.755522     -7.237050    
  3.755609     -7.237714    
  3.758467     -7.246175    
  3.761306     -7.259091    
  3.764127     -7.228391    
  3.766929     -7.250421    
  3.769713     -7.283970    
  3.772480     -7.297792    
  3.775229     -7.307273    
  3.777961     -7.318920    
  3.778048     -7.318750    
  3.778151     -7.317623    
  3.781161     -7.329374    
  3.784252     -7.340415    
  3.787320     -7.350539    
  3.790368     -7.361193    
  3.793394     -7.370337    
  3.796399     -7.383071    
  3.799384     -7.392272    
  3.802348     -7.405513    
  3.802435     -7.401126    
  3.806009     -7.418784    
  3.806096     -7.412764    
  3.809815     -7.429061    
  3.809902     -7.430442    
  3.811377     -7.437199    
  3.811464     -7.436822    
  3.811517     -7.436710    
  3.811568     -7.436506    
  3.811655     -7.382689    
  3.814154     -7.446099    
  3.816638     -7.470104    
  3.819108     -7.109939    
  3.821564     -7.529402    
  3.821651     -7.461067    
  3.825835     -7.488862    
  3.829979     -7.493841    
  3.834084     -7.521680    
  3.838150     -7.533484    
  3.838237     -7.537457    
  3.840994     -7.530826    
  3.843735     -7.554361    
  3.846458     -7.563431    
  3.849164     -7.572365    
  3.851853     -7.640863    
  3.854526     -7.330717    
  3.857182     -7.610913    
  3.859823     -7.606943    
  3.859910     -7.609656    
  3.862754     -7.621891    
  3.865581     -7.631979    
  3.868389     -7.642294    
  3.871179     -7.650670    
  3.871266     -7.648892    
  3.873695     -7.661458    
  3.876111     -7.669695    
  3.878513     -7.679639    
  3.880902     -7.679925    
  3.880989     -7.580662    
  3.884377     -7.687246    
  3.887739     -7.710580    
  3.891076     -7.723300    
  3.894387     -7.735094    
  3.894474     -7.735397    
  3.898660     -7.750379    
  3.898747     -7.750643    
  3.902078     -7.762613    
  3.905384     -7.773922    
  3.905471     -7.774300    
  3.908472     -7.785340    
  3.908559     -7.785648    
  3.912193     -7.798608    
  3.912280     -7.798862    
  3.913068     -7.801714    
  3.913155     -7.802002    
  3.913273     -7.802399    
  3.913714     -7.804009    
  3.913769     -7.804205    
  3.913842     -7.804464    
  3.913889     -7.804627    
  3.913972     -7.804971    
  3.914081     -7.805371    
  3.914168     -7.816110    
  3.916915     -7.784681    
  3.917002     -7.729549    
  3.919240     -7.813957    
  3.921466     -7.834333    
  3.923680     -7.838710    
  3.925884     -7.848922    
  3.928076     -7.856585    
  3.930258     -7.864567    
  3.934588     -7.879816    
  3.938875     -7.893950    
  3.943121     -7.908004    
  3.947325     -7.924418    
  3.951490     -7.923217    
  3.955614     -7.955707    
  3.959700     -7.967464    
  3.963748     -7.985945    
  3.967758     -7.999231    
  3.971732     -7.906737    
  3.975669     -8.041898    
  3.979571     -8.036808    
  3.983439     -8.037823    
  3.983526     -8.052814    
  3.987126     -8.067757    
  3.990697     -8.071027    
  3.994239     -8.091978    
  3.997752     -8.104684    
  3.997838     -8.104941    
  4.000147     -8.113935    
  4.002444     -8.113054    
  4.004728     -8.201845    
  4.007001     -7.556996    
  4.009262     -8.113553    
  4.011511     -8.152269    
  4.013748     -8.161911    
  4.015974     -8.169056    
  4.018189     -8.174663    
  4.020392     -8.159371    
  4.022585     -8.193005    
  4.024766     -8.199575    
  4.029096     -8.214803    
  4.033383     -8.229759    
  4.033470     -8.216020    
  4.034774     -8.274919    
  4.034861     -8.216805    
  4.038126     -8.238913    
  4.041367     -8.197848    
  4.044585     -8.266622    
  4.047778     -8.176228    
  4.047865     -8.276000    
  4.051277     -8.295574    
  4.054632     -8.288282    
  4.057962     -8.299336    
  4.061267     -8.330173    
  4.061354     -8.332432    
  4.065579     -8.200156    
  4.069764     -8.282792    
  4.073909     -8.381687    
  4.078015     -8.372172    
  4.078102     -8.380162    
  4.080241     -8.397690    
  4.080328     -8.394832    
  4.080857     -8.396277    
  4.080944     -8.396126    
  4.081009     -8.396200    
  4.081054     -8.397914    
  4.082194     -8.397103    
  4.082281     -8.400267    
  4.084738     -8.407853    
  4.087181     -8.417407    
  4.089611     -8.427624    
  4.092028     -8.431358    
  4.094430     -8.443565    
  4.096820     -8.449552    
  4.099197     -8.459199    
  4.101560     -8.461410    
  4.101647     -8.468452    
  4.104844     -8.479283    
  4.108018     -8.417494    
  4.111169     -8.438281    
  4.114297     -8.511851    
  4.117403     -8.525480    
  4.120486     -8.522448    
  4.123548     -8.546805    
  4.126589     -8.556413    
  4.129608     -8.554220    
  4.132606     -8.576166    
  4.135584     -8.586826    
  4.138542     -8.594291    
  4.141479     -8.588403    
  4.144397     -8.618984    
  4.147296     -8.626499    
  4.150175     -8.636636    
  4.150262     -8.636963    
  4.153103     -8.648620    
  4.155926     -8.642860    
  4.156013     -8.619218    
  4.158103     -8.663071    
  4.158190     -8.661854    
  4.161727     -8.676816    
  4.161814     -8.676513    
  4.163762     -8.683241    
  4.163849     -8.683563    
  4.163959     -8.683935    
  4.164046     -8.683737    
  4.166389     -8.696341    
  4.168720     -8.720110    
  4.171039     -8.548515    
  4.173345     -8.709421    
  4.175640     -8.710654    
  4.177922     -8.736581    
  4.180192     -8.751636    
  4.182450     -8.685215    
  4.184697     -8.761221    
  4.186932     -8.764936    
  4.189156     -8.773005    
  4.191369     -8.768982    
  4.193570     -8.757843    
  4.195760     -8.800426    
  4.197939     -8.751713    
  4.200107     -8.809455    
  4.204411     -8.826604    
  4.208673     -8.832888    
  4.212894     -8.854544    
  4.217074     -8.858350    
  4.221214     -8.877747    
  4.225315     -8.896572    
  4.229377     -8.860639    
  4.233402     -8.927808    
  4.233489     -8.910541    
  4.235773     -8.932832    
  4.238044     -8.941177    
  4.240303     -8.930338    
  4.242551     -8.940068    
  4.244787     -8.962775    
  4.247012     -8.970743    
  4.249225     -8.968571    
  4.251427     -8.971386    
  4.251514     -8.981464    
  4.255198     -8.997782    
  4.258852     -9.007032    
  4.262474     -8.998091    
  4.266067     -9.035438    
  4.266154     -9.033496    
  4.268659     -9.223586    
  4.271149     -8.485087    
  4.273626     -8.553688    
  4.276088     -8.869945    
  4.278536     -9.080317    
  4.280971     -9.085865    
  4.283392     -9.091433    
  4.285800     -9.101966    
  4.288194     -9.117276    
  4.290575     -9.052142    
  4.292943     -9.128682    
  4.295299     -9.133817    
  4.297641     -9.141590    
  4.299971     -9.149308    
  4.302289     -9.156915    
  4.304595     -9.164568    
  4.306888     -9.172317    
  4.309169     -9.176294    
  4.311438     -9.148376    
  4.313695     -9.197489    
  4.315941     -9.202923    
  4.318175     -9.210160    
  4.320398     -9.218766    
  4.322610     -9.202714    
  4.324810     -9.228422    
  4.326999     -9.226124    
  4.329177     -9.240249    
  4.331345     -9.250191    
  4.335647     -9.219780    
  4.339907     -9.253996    
  4.339994     -9.190412    
  4.343342     -9.210181    
  4.346664     -9.295983    
  4.349961     -9.314682    
  4.353233     -9.324308    
  4.353320     -9.330461    
  4.356074     -9.305324    
  4.356161     -9.318974    
  4.357582     -9.338902    
  4.357669     -9.336947    
  4.357779     -9.337521    
  4.357865     -9.338035    
  4.360696     -9.352886    
  4.363507     -9.363727    
  4.366301     -9.353070    
  4.369077     -9.386526    
  4.371835     -9.315133    
  4.374576     -9.403501    
  4.377300     -9.391949    
  4.380006     -9.411850    
  4.382696     -9.423188    
  4.385369     -9.431443    
  4.388026     -9.440579    
  4.390667     -9.448146    
  4.393292     -9.432697    
  4.395901     -9.468937    
  4.398495     -9.472021    
  4.401073     -9.484875    
  4.403636     -9.488067    
  4.406183     -9.500611    
  4.408716     -9.505843    
  4.411235     -9.480156    
  4.413739     -9.527129    
  4.416228     -9.534035    
  4.418703     -9.536826    
  4.421164     -9.362072    
  4.423612     -9.562767    
  4.426045     -9.566626    
  4.428465     -9.555390    
  4.430872     -9.583314    
  4.433266     -9.542217    
  4.435646     -9.590562    
  4.438013     -9.603091    
  4.440368     -9.610476    
  4.440455     -9.607374    
  4.442834     -9.591938    
  4.445201     -9.631306    
  4.445288     -9.628091    
  4.447569     -9.637360    
  4.449839     -9.678787    
  4.452097     -9.376339    
  4.454343     -9.578633    
  4.456578     -9.665024    
  4.458801     -9.659142    
  4.461013     -9.614029    
  4.463213     -9.676117    
  4.465403     -9.692969    
  4.467581     -9.701859    
  4.471906     -9.702814    
  4.476188     -9.727758    
  4.480428     -9.589384    
  4.512937     -9.817533    
  4.513024     -9.843392    
  4.514610     -9.848440    
  4.514697     -9.848653    
  4.515945     -9.852793    
  4.516032     -9.853173    
  4.516141     -9.853497    
  4.516228     -9.847616    
  4.585469     -10.05583    
  4.585556     -10.02855    
  4.648489     -10.22823    
  4.648576     -10.25658    
  4.649548     -10.26521    
  4.649635     -10.26567    
  4.649838     -10.26706    
  4.649925     -10.26763    
  4.650035     -10.26831    
  4.650122     -10.21770    
  4.709765     -10.40653    
  4.709852     -10.44068    
  4.765753     -10.58052    
  4.765822     -10.62443    
  4.765909     -10.62650    
  4.766019     -10.62958    
  4.766106     -10.60261    
  4.818480     -10.78432    
  4.818567     -10.74133    
  4.868094     -10.84462    
  4.868152     -10.92775    
  4.868214     -10.92774    
  4.868324     -10.92963    
  4.868411     -10.80277    
  4.915089     -11.12015    
  4.915176     -11.07129    
  4.959449     -11.18829    
  4.959536     -11.19612    
  4.959642     -11.17458    
  4.959729     -11.11460    
  4.959839     -11.10003    
  4.959925     -11.16284    
  5.002021     -11.19158    
  5.002108     -11.32105    
  5.041986     -11.43671    
  5.042072     -11.45028    
  5.042428     -11.44659    
  5.042515     -11.44617    
  5.042624     -11.44562    
  5.042711     -11.40221    
  5.081038     -11.54026    
  5.081125     -11.48082    
  5.117569     -11.65205    
  5.117655     -11.65920    
  5.118005     -11.65144    
  5.118092     -11.62251    
  5.118201     -11.55604    
  5.118288     -11.48191    
  5.153462     -11.83348    
  5.153549     -11.75200    
  5.187204     -11.85324    
  5.187290     -11.83550    
  5.187529     -11.83986    
  5.187616     -11.84128    
  5.187725     -11.84260    
  5.187812     -11.82682    
  5.251180     -11.96847    
  5.251266     -12.02434    
  5.251931     -12.03082    
  5.252018     -12.03160    
  5.252095     -12.03202    
  5.252182     -12.01553    
  5.311750     -12.16032    
  5.311837     -12.21767    
  5.311944     -12.22035    
  5.312021     -12.22211    
  5.312108     -12.21312    
  5.368079     -12.28521    
  5.368165     -12.34224    
  5.420736     -12.50720    
  5.420823     -12.47748    
  5.470384     -12.59283    
  5.470471     -12.63585    
  5.517346     -12.77335    
  5.517433     -12.73358    
  5.561899     -12.89377    
  5.561985     -12.89414    
  5.604277     -12.98935    
  5.604364     -13.01600    
  5.644684     -13.10264    
  5.644771     -13.11865    
  6.101351     -14.41327    
  6.318972     -15.04965    
  6.571403     -15.77791    
  6.845929     -16.57499    
  7.133075     -17.41187    
  7.426993     -18.27615    
  7.724423     -19.17373    
  8.023641     -20.14245    
  8.323763     -21.28464    
  8.624338     -23.05476    
  8.925140    -100.00000    
