 0.6989700     -125.1635    
 0.7243402     -125.5724    
 0.7483098     -126.3676    
 0.7710253     -127.3001    
 0.7926116     -128.2552    
 0.8328096    -100.00000    
 0.8696002    -100.00000    
 0.9035159    -100.00000    
 0.9349739    -100.00000    
 0.9643063    -100.00000    
 0.9917824     -131.6954    
 0.9918693    -100.00000    
  1.017734    -100.00000    
  1.042145     -126.3247    
  1.042232    -100.00000    
  1.060679     -124.0839    
  1.060766    -100.00000    
  1.080039     -121.8742    
  1.080126    -100.00000    
  1.098980     -119.7087    
  1.099067    -100.00000    
  1.116489     -117.9908    
  1.116576    -100.00000    
  1.132827     -92.13388    
  1.132914     -93.61836    
  1.147337    -100.00000    
  1.147424     -103.2158    
  1.177890    -100.00000    
  1.206358    -100.00000    
  1.233074    -100.00000    
  1.258242     -103.7187    
  1.258328    -100.00000    
  1.281053     -101.3574    
  1.281140    -100.00000    
  1.305129     -97.84462    
  1.305216    -100.00000    
  1.326885     -93.02353    
  1.326972     -55.02727    
  1.346664     -54.45685    
  1.346750     -62.58156    
  1.372011    -100.00000    
  1.372098    -100.00000    
  1.395435     -82.15709    
  1.395522    -100.00000    
  1.407231     -79.86666    
  1.407318    -100.00000    
  1.434239     -75.60740    
  1.434325     -75.68400    
  1.437957     -74.34524    
  1.438044     -74.33241    
  1.438732     -74.22746    
  1.438819     -61.55310    
  1.466567     -61.26418    
  1.466654    -100.00000    
  1.485460     -62.06805    
  1.485547    -100.00000    
  1.499937     -58.18732    
  1.500023     -60.46405    
  1.502811    -100.00000    
  1.502898     -17.01620    
  1.515152     -16.92416    
  1.515239     -16.19759    
  1.521830    -100.00000    
  1.521916     -16.40289    
  1.538911    -100.00000    
  1.538998     -40.11587    
  1.541754    -100.00000    
  1.541841     -15.96716    
  1.544410    -100.00000    
  1.544497     -16.70674    
  1.546755    -100.00000    
  1.546842     -20.55975    
  1.568094    -100.00000    
  1.568181     -27.37449    
  1.576102    -100.00000    
  1.576189     -31.06958    
  1.577032     -32.61834    
  1.577119     -32.62787    
  1.586189    -100.00000    
  1.586276     -36.68827    
  1.587530     -36.66011    
  1.587617     -37.48634    
  1.602078    -100.00000    
  1.602165    -100.00000    
  1.604747     -16.75619    
  1.604834     -14.97641    
  1.633100    -100.00000    
  1.633187     -25.22437    
  1.643761    -100.00000    
  1.643848     -31.07713    
  1.646889    -100.00000    
  1.646976     -32.77646    
  1.653070    -100.00000    
  1.653157     -37.07595    
  1.667964    -100.00000    
  1.668051     -46.63274    
  1.673067    -100.00000    
  1.673154     -50.47765    
  1.673452     -50.85401    
  1.673539     -51.01921    
  1.683736    -100.00000    
  1.683823     -57.49794    
  1.689301    -100.00000    
  1.689388     -59.28262    
  1.690173     -59.28868    
  1.690260     -59.29834    
  1.691919     -59.34565    
  1.692006     -59.31348    
  1.709636     -59.19694    
  1.709723     -59.58836    
  1.714748     -59.51149    
  1.714835     -59.53361    
  1.714933     -59.65379    
  1.717233     -59.41663    
  1.717320     -59.57650    
  1.717576     -59.71653    
  1.717663     -59.80015    
  1.718527     -60.14467    
  1.718614     -60.10242    
  1.721805     -59.72813    
  1.721892    -100.00000    
  1.725295     -52.86314    
  1.725382     -52.16979    
  1.730438     -52.09709    
  1.730525     -52.42426    
  1.731758     -51.76835    
  1.731845     -51.59873    
  1.732294     -52.27582    
  1.732381     -52.44212    
  1.735217     -52.14122    
  1.735304     -52.31304    
  1.744878     -52.41311    
  1.744965     -52.86553    
  1.746841     -53.07371    
  1.746929     -52.99129    
  1.747807     -52.98297    
  1.747894     -53.92424    
  1.753972     -52.11181    
  1.754058     -52.28316    
  1.756978    -100.00000    
  1.757065     -52.57701    
  1.762907     -53.11752    
  1.762994     -53.83311    
  1.763503     -53.05594    
  1.763590     -53.52772    
  1.765957     -54.43334    
  1.766044     -53.64319    
  1.768505     -54.01917    
  1.768592     -53.38364    
  1.776113     -53.66633    
  1.776200     -54.70982    
  1.776785     -54.10965    
  1.776872     -53.83546    
  1.781285     -54.37868    
  1.781372     -54.24277    
  1.781946     -55.29327    
  1.782033     -54.29857    
  1.786409     -53.99363    
  1.786495     -54.20723    
  1.788161     -54.81064    
  1.788248     -54.92347    
  1.789372     -54.51823    
  1.789459     -53.96427    
  1.792246     -54.14993    
  1.792333     -54.53422    
  1.800765     -54.50965    
  1.800851    -100.00000    
  1.806960     -54.96451    
  1.807047     -54.28934    
  1.809708    -100.00000    
  1.809795     -55.38172    
  1.810144     -55.71317    
  1.810231     -54.83023    
  1.814042     -55.29764    
  1.814129     -55.13811    
  1.834747     -55.98738    
  1.834834     -55.28954    
  1.836557     -56.53310    
  1.836644     -56.75019    
  1.838907     -56.93739    
  1.838994     -56.93761    
  1.840414     -56.54823    
  1.840501     -56.61604    
  1.842703     -56.16411    
  1.842790     -56.07591    
  1.844125     -55.84684    
  1.844212    -100.00000    
  1.857265     -53.41406    
  1.857352     -53.24466    
  1.859614     -52.41410    
  1.859700    -100.00000    
  1.868320     -51.18499    
  1.868407     -51.21206    
  1.870233    -100.00000    
  1.870320    -100.00000    
  1.871306     -50.16925    
  1.871393    -100.00000    
  1.872072     -50.11456    
  1.872158    -100.00000    
  1.873424     -49.72261    
  1.873511    -100.00000    
  1.880831     -47.00388    
  1.880918     -48.64808    
  1.887368     -45.94008    
  1.887455     -45.49938    
  1.893213     -44.40128    
  1.893300    -100.00000    
  1.899003     -42.77823    
  1.899090    -100.00000    
  1.905503     -41.34477    
  1.905590     -41.16734    
  1.905821     -41.12785    
  1.905908    -100.00000    
  1.911657     -40.02180    
  1.911744     -39.87199    
  1.912227     -39.75344    
  1.912313    -100.00000    
  1.913955     -26.79477    
  1.914042     -20.84109    
  1.924238     -20.14716    
  1.924325    -100.00000    
  1.925539     -20.03724    
  1.925626     -20.58440    
  1.926709     -20.38423    
  1.926796     -21.05217    
  1.926846     -20.77995    
  1.926932     -20.53504    
  1.927461     -21.01609    
  1.927548     -21.44583    
  1.930771     -20.46290    
  1.930858    -100.00000    
  1.933612     -19.95029    
  1.933699     -19.68121    
  1.936983     -20.29287    
  1.937070     -19.86373    
  1.938051     -20.59880    
  1.938138     -20.63142    
  1.940777     -20.70007    
  1.940864     -20.15945    
  1.941974     -20.22760    
  1.942061    -100.00000    
  1.953088     -19.14845    
  1.953175     -19.21488    
  1.955697     -19.19063    
  1.955784     -19.56901    
  1.959855     -19.37207    
  1.959942     -19.35539    
  1.963545     -19.11119    
  1.963632     -19.46133    
  1.972680     -19.26896    
  1.972767     -18.95216    
  1.974225    -100.00000    
  1.974312     -19.79717    
  1.974387     -20.00481    
  1.974474     -20.04527    
  1.977192     -20.49132    
  1.977279    -100.00000    
  1.992052     -19.45459    
  1.992139     -19.65712    
  1.992538     -19.51144    
  1.992625     -18.57943    
  1.994212     -19.31739    
  1.994299    -100.00000    
  1.994360    -100.00000    
  1.994447     -19.77879    
  1.996552    -100.00000    
  1.996639     -20.28366    
  1.997939     -19.73117    
  1.998026     -19.04573    
  2.000182    -100.00000    
  2.000268     -19.57703    
  2.002574     -19.74167    
  2.002661     -19.73317    
  2.004835     -19.63827    
  2.004922     -19.57378    
  2.007421    -100.00000    
  2.007508     -20.02571    
  2.009100     -20.41640    
  2.009187     -20.17841    
  2.009352     -20.12294    
  2.009439     -20.34315    
  2.009543     -19.97673    
  2.017372     -19.88569    
  2.017459    -100.00000    
  2.019860     -18.72136    
  2.019947    -100.00000    
  2.026471     -19.61270    
  2.026558     -18.74954    
  2.028108    -100.00000    
  2.028195     -19.22727    
  2.031137    -100.00000    
  2.031224     -19.39793    
  2.035128     -19.62865    
  2.035214    -100.00000    
  2.036585     -17.92848    
  2.036672    -100.00000    
  2.053379     -19.01984    
  2.053466     -19.55917    
  2.061043     -19.86545    
  2.061130     -18.98755    
  2.067104     -19.54506    
  2.067191     -20.33027    
  2.068339     -19.74718    
  2.068426     -20.16281    
  2.074002     -19.84307    
  2.074089    -100.00000    
  2.076209     -17.89059    
  2.076296    -100.00000    
  2.076824    -100.00000    
  2.076911     -18.91284    
  2.077291     -19.37298    
  2.077378     -19.73181    
  2.081631     -18.70619    
  2.081718    -100.00000    
  2.090954     -17.55737    
  2.091041     -17.60199    
  2.095729     -16.82343    
  2.095816     -16.76979    
  2.097304     -16.55779    
  2.097391    -100.00000    
  2.100294     -17.02048    
  2.100380     -17.93463    
  2.100528     -17.53616    
  2.100615     -17.78114    
  2.101519     -17.35366    
  2.101605    -100.00000    
  2.104539     -15.34897    
  2.104626     -15.02835    
  2.105570    -100.00000    
  2.105657    -100.00000    
  2.106101     -16.57770    
  2.106187     -16.40897    
  2.107298     -16.28397    
  2.107385     -16.91420    
  2.107538     -16.36292    
  2.107625     -15.15098    
  2.110312    -100.00000    
  2.110399     -15.25233    
  2.111508     -14.99521    
  2.111595     -16.19979    
  2.111941     -16.12024    
  2.112028     -14.90332    
  2.118960     -14.75206    
  2.119047     -14.33771    
  2.124229     -15.35444    
  2.124316     -14.57376    
  2.124942     -13.74841    
  2.125029     -14.14754    
  2.125725    -100.00000    
  2.125812     -14.46645    
  2.126973     -14.82603    
  2.127060     -14.77821    
  2.127658     -14.94676    
  2.127745     -14.51308    
  2.129084    -100.00000    
  2.129171     -14.66669    
  2.130872     -14.38129    
  2.130959     -14.36964    
  2.131986     -14.24079    
  2.132073     -14.02210    
  2.137486    -100.00000    
  2.137573    -100.00000    
  2.137863     -14.66735    
  2.137949     -14.58744    
  2.141450     -14.42579    
  2.141537    -100.00000    
  2.141651    -100.00000    
  2.141738     -14.24959    
  2.145467     -13.89110    
  2.145554     -14.78215    
  2.150293     -14.22414    
  2.150380     -15.05546    
  2.150508     -14.06594    
  2.154246     -15.04011    
  2.154333    -100.00000    
  2.156640     -13.22101    
  2.156727    -100.00000    
  2.156827     -14.69101    
  2.158942     -13.48487    
  2.159028     -12.15758    
  2.168055     -12.69386    
  2.168141     -13.33200    
  2.171576     -12.55749    
  2.171663     -12.22134    
  2.177080     -12.61354    
  2.177167     -12.93128    
  2.177604     -12.85768    
  2.177690     -12.37242    
  2.181731     -12.68551    
  2.181818     -12.00797    
  2.184881    -100.00000    
  2.184967     -12.90262    
  2.188445     -12.85092    
  2.188532    -100.00000    
  2.189637     -11.96725    
  2.189724     -12.01014    
  2.191670    -100.00000    
  2.191757     -11.91882    
  2.202361     -12.31029    
  2.202448     -12.89216    
  2.209411     -12.09273    
  2.209498    -100.00000    
  2.209936     -12.31686    
  2.210023     -12.71200    
  2.213352     -11.98837    
  2.213439     -12.31654    
  2.217445     -12.99450    
  2.217532     -13.73167    
  2.217837    -100.00000    
  2.217924     -12.89208    
  2.218030     -13.19762    
  2.218315    -100.00000    
  2.218402    -100.00000    
  2.218688     -13.10622    
  2.218775    -100.00000    
  2.221924     -12.08105    
  2.222011     -12.95359    
  2.231931     -11.74917    
  2.232018     -12.85154    
  2.234632     -12.77062    
  2.234695    -100.00000    
  2.234781     -13.23668    
  2.239617     -13.05702    
  2.239704     -12.75641    
  2.242429     -12.13057    
  2.242516     -12.14699    
  2.245345     -12.04569    
  2.245432     -12.82773    
  2.250721     -11.57395    
  2.250808     -11.88369    
  2.252069    -100.00000    
  2.252156    -100.00000    
  2.255687     -11.80436    
  2.259191     -12.67847    
  2.259278     -12.72290    
  2.260545     -11.25078    
  2.260632     -12.49780    
  2.263836     -11.94289    
  2.267016     -12.44783    
  2.267103     -12.60415    
  2.270490     -12.23619    
  2.270577     -11.89405    
  2.271628    -100.00000    
  2.271715     -13.60129    
  2.271807     -14.44272    
  2.271894     -13.01076    
  2.273319     -12.95236    
  2.273406     -12.92716    
  2.275710     -12.93019    
  2.275797     -13.31575    
  2.278310     -12.99618    
  2.280809     -12.25948    
  2.280896     -12.18548    
  2.281369     -12.73787    
  2.281456     -12.84348    
  2.282921     -12.17911    
  2.283008     -12.16777    
  2.283804     -12.92456    
  2.283891     -12.45043    
  2.284781     -13.68275    
  2.284868     -13.28682    
  2.285091     -14.05297    
  2.285178     -13.86048    
  2.285231     -13.79354    
  2.285318     -12.89937    
  2.286288     -12.88762    
  2.286375     -13.30576    
  2.287075     -13.73863    
  2.287162     -12.78969    
  2.289257     -12.93569    
  2.291343     -12.80097    
  2.291430     -12.64274    
  2.293524     -13.04912    
  2.295609    -100.00000    
  2.295696     -14.02846    
  2.297128     -12.99870    
  2.297214     -13.23884    
  2.297982     -13.56966    
  2.298069    -100.00000    
  2.299703     -13.05248    
  2.301330     -12.68780    
  2.301417     -12.76035    
  2.302809     -12.91836    
  2.304196     -11.63848    
  2.305579     -12.17477    
  2.306958     -12.47727    
  2.307045     -13.05500    
  2.308274    -100.00000    
  2.308361    -100.00000    
  2.309467     -12.57313    
  2.310569    -100.00000    
  2.311669     -12.85452    
  2.312767     -12.80967    
  2.312854     -13.35455    
  2.313586    -100.00000    
  2.313673     -13.40136    
  2.314517     -13.52716    
  2.314604     -13.05214    
  2.314729     -13.57163    
  2.314817    -100.00000    
  2.315597    -100.00000    
  2.315684     -12.98503    
  2.316612    -100.00000    
  2.317538     -12.44165    
  2.318463     -12.24680    
  2.319385     -11.55283    
  2.320305     -11.51022    
  2.321224    -100.00000    
  2.322140     -11.79894    
  2.323055     -11.35056    
  2.323141     -12.57639    
  2.324253     -12.14237    
  2.324340     -12.71190    
  2.325648     -12.83976    
  2.325735     -13.45629    
  2.326487     -13.07696    
  2.327238    -100.00000    
  2.327987     -12.80340    
  2.328735     -12.50466    
  2.329482     -13.86589    
  2.330227     -12.33583    
  2.330971    -100.00000    
  2.331714     -10.99880    
  2.331801     -12.15842    
  2.331944     -12.86223    
  2.332031     -12.48243    
  2.333101     -13.43088    
  2.333188     -13.01646    
  2.333638     -12.87962    
  2.333725     -12.88042    
  2.334874     -12.85257    
  2.336020     -12.75426    
  2.337163     -12.68037    
  2.338303     -12.50959    
  2.338390     -12.51818    
  2.339301     -12.52077    
  2.339388     -12.41204    
  2.340254     -12.44016    
  2.341118     -12.20843    
  2.341191     -12.24429    
  2.341278     -12.30406    
  2.341370     -12.29772    
  2.341472     -12.17807    
  2.342517     -12.49332    
  2.342604     -11.83597    
  2.343168     -12.18296    
  2.343730     -12.75722    
  2.344292     -12.21308    
  2.344853     -12.26953    
  2.344940     -12.20227    
  2.345941     -12.13604    
  2.346441     -11.99830    
  2.346940     -12.12040    
  2.347438     -11.70909    
  2.347936     -13.82010    
  2.348434    -100.00000    
  2.348930     -11.77116    
  2.349017     -12.07078    
  2.349687     -11.51975    
  2.350356    -100.00000    
  2.350443    -100.00000    
  2.351314     -11.44670    
  2.352184    -100.00000    
  2.352270    -100.00000    
  2.352846     -10.87455    
  2.353421    -100.00000    
  2.353508    -100.00000    
  2.353983     -11.67205    
  2.354070     -10.76002    
  2.354494    -100.00000    
  2.354917     -11.40034    
  2.355340     -10.99756    
  2.355762    -100.00000    
  2.355849     -11.05634    
  2.356520     -11.53242    
  2.357189     -10.90693    
  2.357276     -11.19530    
  2.357498     -11.15959    
  2.357582    -100.00000    
  2.357669     -9.218626    
  2.362936     -9.997195    
  2.363023     -6.850997    
  2.368963     -6.149395    
  2.369050    -100.00000    
  2.373546     -5.122644    
  2.373633     -5.110216    
  2.374597     -5.168061    
  2.374684     -5.585432    
  2.376702     -6.562533    
  2.376789    -100.00000    
  2.381401     -4.533485    
  2.381488     -4.878325    
  2.381574     -4.882821    
  2.381660     -4.994591    
  2.383081     -4.522804    
  2.383168     -4.027345    
  2.387126    -100.00000    
  2.387213     -5.449549    
  2.387778     -5.049383    
  2.387865    -100.00000    
  2.397727     -4.446078    
  2.397814     -3.734457    
  2.403706     -3.658071    
  2.403793     -3.599911    
  2.409345     -5.421883    
  2.409431    -100.00000    
  2.409967     -5.355976    
  2.410054    -100.00000    
  2.411603     -3.902741    
  2.411690     -3.774182    
  2.412778     -3.521533    
  2.412865     -3.545943    
  2.413098     -3.548749    
  2.413185     -3.443664    
  2.414109     -4.539765    
  2.414195     -6.365218    
  2.415338     -5.467146    
  2.415425    -100.00000    
  2.419545     -4.128736    
  2.419632    -100.00000    
  2.422480     -3.921542    
  2.422566     -3.759128    
  2.424108     -3.608162    
  2.424195     -5.281220    
  2.428391     -4.334214    
  2.428478     -3.803263    
  2.429013     -3.651004    
  2.429100     -3.635460    
  2.429244     -3.601894    
  2.429331     -3.535322    
  2.432147     -3.562082    
  2.432234     -3.561176    
  2.434375     -3.556431    
  2.434462     -3.549247    
  2.434951    -100.00000    
  2.435038     -5.054495    
  2.435182     -4.973803    
  2.435269     -4.908946    
  2.435570     -4.584860    
  2.435657     -5.052712    
  2.437397     -3.683975    
  2.437484     -3.674438    
  2.438099     -3.657929    
  2.438186     -3.533895    
  2.440535     -3.561753    
  2.440622     -3.543125    
  2.441592     -3.796272    
  2.441679     -3.767750    
  2.443115     -3.628302    
  2.443202     -4.096868    
  2.446266     -3.804934    
  2.446353     -4.169955    
  2.447958    -100.00000    
  2.448045     -4.498937    
  2.448133     -4.412974    
  2.448892     -3.867078    
  2.448979     -3.653297    
  2.450924     -3.595776    
  2.451011     -3.995572    
  2.454202     -3.750833    
  2.454289     -3.561666    
  2.456026     -3.547478    
  2.456113     -3.954190    
  2.461170     -3.802116    
  2.461257     -6.173577    
  2.463251     -4.678443    
  2.463338     -4.415575    
  2.464468     -4.738352    
  2.464555    -100.00000    
  2.466286     -3.685727    
  2.466372     -4.212451    
  2.467492     -3.999576    
  2.467579     -4.167513    
  2.467685     -4.175588    
  2.467772     -4.787203    
  2.470538     -4.147151    
  2.470625     -4.242349    
  2.470751     -4.023065    
  2.471828     -4.179607    
  2.471915     -3.845587    
  2.473313    -100.00000    
  2.473400     -4.317599    
  2.476442     -3.612047    
  2.476529     -3.998671    
  2.476628     -3.795939    
  2.476715     -3.820529    
  2.478943     -4.163392    
  2.479030     -4.825667    
  2.480895     -3.495872    
  2.480982     -3.450625    
  2.482813    -100.00000    
  2.482900    -100.00000    
  2.483465     -4.789171    
  2.483551     -4.568977    
  2.483824     -4.507797    
  2.483911     -4.374150    
  2.484268     -3.927361    
  2.484355     -3.847976    
  2.484517     -3.764138    
  2.484589     -3.751663    
  2.484656     -3.737726    
  2.484743     -4.533372    
  2.486424     -3.898617    
  2.486511     -3.931055    
  2.490779     -3.914421    
  2.490866     -3.543871    
  2.490956     -3.530786    
  2.491043     -3.503125    
  2.491443     -3.480675    
  2.491530     -3.862125    
  2.492836     -3.692556    
  2.492923     -3.585356    
  2.493176     -3.576658    
  2.493263     -3.755183    
  2.495735    -100.00000    
  2.495822    -100.00000    
  2.496605     -5.514645    
  2.496692     -4.587025    
  2.497050     -4.310074    
  2.497137     -4.514128    
  2.498024     -3.721029    
  2.498111     -3.839969    
  2.500649     -3.672576    
  2.500736     -3.571479    
  2.503920     -3.737127    
  2.504007     -3.813254    
  2.504069     -3.784536    
  2.504156     -3.601506    
  2.506403     -3.778503    
  2.506490     -6.692266    
  2.506598     -6.625082    
  2.506685    -100.00000    
  2.506857     -5.244228    
  2.506943     -4.471874    
  2.507203     -3.765948    
  2.507290     -3.658768    
  2.511107     -3.547130    
  2.511194     -3.547127    
  2.511697     -3.546501    
  2.511784     -3.548890    
  2.512876     -3.620538    
  2.512963     -3.664896    
  2.513523     -3.623084    
  2.513610     -3.713177    
  2.515498     -3.622434    
  2.515585     -3.598893    
  2.515719     -3.599330    
  2.515805     -3.599431    
  2.515872     -3.599416    
  2.515959     -3.599389    
  2.516021     -3.598885    
  2.516107     -3.763421    
  2.516706    -100.00000    
  2.516793     -4.132184    
  2.517769     -3.524103    
  2.517856     -3.585755    
  2.517941     -3.580371    
  2.518028     -3.574905    
  2.518445     -3.555559    
  2.518532     -3.555133    
  2.518680     -3.555308    
  2.518767     -3.623079    
  2.521283     -3.569014    
  2.523785     -3.612770    
  2.523871     -3.641365    
  2.524535     -3.659157    
  2.524622     -3.694266    
  2.526468     -3.670955    
  2.526555     -3.739567    
  2.527825     -3.652855    
  2.527912     -3.673975    
  2.530010     -3.650336    
  2.530097     -3.585655    
  2.532615     -3.900765    
  2.532701     -3.795364    
  2.535293     -3.658194    
  2.535380     -3.690488    
  2.536082     -3.696639    
  2.536169     -3.695444    
  2.539337     -3.944360    
  2.539424     -4.053158    
  2.543132     -3.570847    
  2.546808     -3.677432    
  2.546895     -3.685522    
  2.547076     -3.688188    
  2.547163     -3.689421    
  2.547329     -3.691815    
  2.547416     -3.693074    
  2.547523     -3.705764    
  2.551049     -3.738126    
  2.551118     -3.728970    
  2.551204     -3.729332    
  2.551316     -3.729584    
  2.551403     -3.645062    
  2.554923    -100.00000    
  2.558382     -3.697466    
  2.558469     -3.613548    
  2.558869     -3.613121    
  2.558956     -3.600983    
  2.561154     -3.723410    
  2.561240     -3.724240    
  2.561557     -3.706125    
  2.561644     -3.674199    
  2.564817    -100.00000    
  2.564904     -4.192515    
  2.567815     -3.646520    
  2.570708     -4.054505    
  2.570794     -3.813479    
  2.571315     -3.742195    
  2.571402     -3.739099    
  2.571490     -3.736522    
  2.571576     -3.737254    
  2.572470     -3.745974    
  2.572557     -4.394663    
  2.576787     -3.583585    
  2.580976     -3.902409    
  2.581063     -3.667070    
  2.582880     -3.699447    
  2.582967     -3.689002    
  2.583821     -3.711403    
  2.583908     -4.038525    
  2.584933    -100.00000    
  2.585020    -100.00000    
  2.586210     -3.848412    
  2.586262     -3.778262    
  2.586349     -4.019514    
  2.588885     -3.576868    
  2.588972     -4.388090    
  2.590598     -3.871338    
  2.590685     -3.717908    
  2.593482     -3.650182    
  2.596260     -3.845441    
  2.596347     -3.788893    
  2.597094     -4.075473    
  2.597181    -100.00000    
  2.597646     -4.158845    
  2.597733     -3.825120    
  2.600152     -3.790110    
  2.600239     -3.805431    
  2.601008     -3.779475    
  2.601094     -3.769482    
  2.604131     -4.056830    
  2.607145     -4.079112    
  2.607232     -3.858470    
  2.607324     -3.843556    
  2.607480     -3.825427    
  2.607567     -3.817111    
  2.607898     -3.801441    
  2.607985     -3.792306    
  2.608789     -3.858355    
  2.608876     -3.888360    
  2.609811     -3.876698    
  2.609898     -3.849302    
  2.612121     -3.916785    
  2.614332     -3.869469    
  2.614419     -3.892574    
  2.615617     -3.854544    
  2.615704     -3.861587    
  2.616177     -3.864337    
  2.616264     -3.863784    
  2.617793     -3.862231    
  2.617880     -3.792786    
  2.620859    -100.00000    
  2.620946     -4.315248    
  2.623214     -4.227516    
  2.625471     -3.557615    
  2.625557     -3.740912    
  2.626297     -3.493645    
  2.626384     -3.400579    
  2.629798     -3.445491    
  2.633186     -3.820962    
  2.633273     -3.758729    
  2.634349     -3.803481    
  2.634435     -3.810735    
  2.634827     -3.833540    
  2.634914     -3.843975    
  2.636215     -4.053099    
  2.636302     -4.039385    
  2.637231     -4.035063    
  2.637318     -3.971034    
  2.639844     -4.410972    
  2.642355     -3.824650    
  2.642442     -3.892805    
  2.644205     -3.969560    
  2.644292     -3.978295    
  2.644578     -3.982103    
  2.644665     -3.977981    
  2.646436     -4.417759    
  2.646523     -4.244719    
  2.648315     -3.977281    
  2.648402     -3.973286    
  2.648476     -3.969948    
  2.648563     -3.965250    
  2.649502     -3.957338    
  2.649589     -3.957497    
  2.650015     -3.955131    
  2.650101     -3.924217    
  2.652023     -4.182957    
  2.652110     -4.160738    
  2.653477     -4.150518    
  2.653564     -4.171034    
  2.653758     -4.143067    
  2.653845     -4.023650    
  2.656371     -3.959673    
  2.656458     -3.947740    
  2.657291     -4.039575    
  2.657378     -4.319476    
  2.659033     -4.216304    
  2.660682     -3.931737    
  2.660769     -3.864547    
  2.662838     -4.929227    
  2.662925     -4.037755    
  2.664361     -3.907164    
  2.664448     -3.952123    
  2.664909     -3.966850    
  2.664996     -3.951447    
  2.667441     -3.917170    
  2.668659     -3.928165    
  2.669873     -4.320707    
  2.669960     -4.265641    
  2.671570     -4.204945    
  2.673175    -100.00000    
  2.674773     -3.959437    
  2.676365     -3.884675    
  2.676452     -3.908461    
  2.677193     -3.948033    
  2.677280     -3.959121    
  2.678402     -4.104324    
  2.679522     -3.982716    
  2.680638     -4.060867    
  2.681752     -4.000398    
  2.681839     -4.001940    
  2.682994     -4.134409    
  2.684147    -100.00000    
  2.684233     -4.698086    
  2.684319     -4.638890    
  2.684406     -4.774817    
  2.685617     -4.158025    
  2.685704     -4.101030    
  2.685988     -4.000414    
  2.686075     -3.919837    
  2.687275     -3.946370    
  2.688471     -4.013669    
  2.689665     -6.048163    
  2.690854     -4.587559    
  2.690941     -4.236913    
  2.691662     -3.873982    
  2.692382     -3.849603    
  2.693100     -3.918905    
  2.693817     -3.937807    
  2.693904     -3.940645    
  2.694490     -3.935823    
  2.695075     -3.949529    
  2.695162     -3.957359    
  2.695331     -3.968158    
  2.695418     -3.976682    
  2.696036     -3.995132    
  2.696123     -3.989058    
  2.697045     -4.013426    
  2.697132     -4.016856    
  2.697891     -4.046752    
  2.698648     -4.016715    
  2.698717     -4.029905    
  2.698803     -4.030295    
  2.699667     -4.246507    
  2.700098     -4.143285    
  2.700529     -4.043195    
  2.700616     -4.038735    
  2.701097     -4.033385    
  2.701577     -4.050109    
  2.702057     -4.100371    
  2.702537     -4.140283    
  2.702610     -4.133028    
  2.702697     -4.081488    
  2.704230     -4.046805    
  2.704317     -4.067993    
  2.704748     -4.044989    
  2.704835     -3.988242    
  2.706154    -100.00000    
  2.706241     -6.297095    
  2.706290     -5.896516    
  2.706377     -4.486521    
  2.707629     -4.027332    
  2.707716     -4.244801    
  2.709271     -4.021922    
  2.709358     -3.994426    
  2.709449     -3.983008    
  2.709536     -3.972936    
  2.709681     -3.961276    
  2.709768     -3.958560    
  2.709828     -3.958460    
  2.709915     -3.960709    
  2.710033     -3.966495    
  2.710119     -4.003614    
  2.713272     -4.063443    
  2.716402     -3.984590    
  2.716489     -4.021559    
  2.718816    -100.00000    
  2.718903     -4.345723    
  2.720712     -4.067664    
  2.720799    -100.00000    
  2.721478     -4.375491    
  2.721565     -4.098657    
  2.721792     -4.003939    
  2.721879     -3.910567    
  2.725251     -4.018844    
  2.725338     -4.090858    
  2.727078     -4.072641    
  2.727165     -4.009201    
  2.730036     -4.151997    
  2.730123     -4.256063    
  2.733151     -4.111337    
  2.733238     -4.088028    
  2.733842     -4.134345    
  2.733929     -4.716431    
  2.737074     -4.472453    
  2.737161     -4.143929    
  2.737825     -3.951121    
  2.737912     -3.930810    
  2.740300     -4.090657    
  2.740387     -4.061154    
  2.741710     -4.132172    
  2.741797     -3.971411    
  2.744319    -100.00000    
  2.746826     -4.045472    
  2.746913     -3.954477    
  2.748474     -3.981736    
  2.748561     -4.051876    
  2.752296     -4.541084    
  2.752383     -4.117176    
  2.754509     -4.117993    
  2.754596     -4.179493    
  2.754850     -4.185628    
  2.754937     -4.192605    
  2.755686     -4.211118    
  2.755773     -4.198120    
  2.755894     -4.192149    
  2.758471    -100.00000    
  2.758558     -4.728980    
  2.759027     -4.426131    
  2.759113     -4.372994    
  2.759268     -4.306902    
  2.759355     -4.259936    
  2.759981     -4.041524    
  2.760067     -4.032230    
  2.760747     -4.042573    
  2.760833     -4.065113    
  2.762305     -4.123321    
  2.762392     -4.127005    
  2.763491     -4.228711    
  2.763577     -4.187548    
  2.764577     -4.192856    
  2.764664     -4.205026    
  2.765524     -4.226773    
  2.765611     -4.163617    
  2.767568     -4.123290    
  2.767655     -4.139032    
  2.768842     -4.150226    
  2.768929     -4.150146    
  2.771196     -4.169426    
  2.771283     -4.172013    
  2.771358     -4.171778    
  2.771445     -4.175823    
  2.773649     -4.213832    
  2.775841     -4.250442    
  2.775928     -4.444113    
  2.777541     -4.479022    
  2.777628    -100.00000    
  2.778824     -4.251779    
  2.778910     -4.063937    
  2.782300     -4.379323    
  2.782387     -4.177352    
  2.783749     -4.263731    
  2.783836     -4.812194    
  2.787507     -4.334622    
  2.787594     -3.947611    
  2.790506     -4.474293    
  2.793400     -4.171358    
  2.796274     -4.509781    
  2.799129     -4.629919    
  2.799216    -100.00000    
  2.799875     -5.816658    
  2.799961     -5.468398    
  2.800228     -5.154701    
  2.800315     -5.802405    
  2.802759     -4.078270    
  2.805189     -4.188232    
  2.805276     -4.178365    
  2.807759     -4.439550    
  2.810229     -4.210358    
  2.810316     -4.238037    
  2.813524     -4.272018    
  2.813611     -4.265492    
  2.814474     -4.288836    
  2.814561     -4.305311    
  2.817018     -4.300480    
  2.817105     -4.357280    
  2.819648     -4.295473    
  2.822177     -4.628069    
  2.822264     -4.492341    
  2.826003     -4.229686    
  2.826090     -4.296043    
  2.829167     -4.324095    
  2.829254     -4.329511    
  2.829613     -4.331404    
  2.829700     -4.299437    
  2.832781     -4.437450    
  2.832867     -4.528507    
  2.832995     -4.533773    
  2.833082     -4.467134    
  2.836249     -4.823992    
  2.836336     -4.480776    
  2.839377     -4.189131    
  2.839464     -4.265064    
  2.840558     -4.292576    
  2.840645     -4.347078    
  2.842706     -4.374319    
  2.842793     -4.361237    
  2.843374     -4.386065    
  2.843461     -4.387208    
  2.843577     -4.388592    
  2.843663     -4.380729    
  2.844722     -4.396708    
  2.844809     -4.421800    
  2.845992     -4.423532    
  2.846079     -4.399973    
  2.846320     -4.391165    
  2.846407     -4.286549    
  2.846929     -5.395589    
  2.847016     -6.009191    
  2.850284     -4.142894    
  2.850371     -4.270643    
  2.851272     -4.277238    
  2.851359     -4.262698    
  2.851605     -4.254512    
  2.851692     -4.249473    
  2.853657     -4.324305    
  2.853744     -4.317395    
  2.856721     -4.407621    
  2.856808     -4.448667    
  2.859953     -4.392661    
  2.863077     -4.431914    
  2.863164     -4.424109    
  2.864011     -4.594632    
  2.864097     -4.646134    
  2.864929     -4.582855    
  2.865016     -4.399481    
  2.868335     -4.503526    
  2.868422     -4.443894    
  2.870319     -4.440971    
  2.870406     -4.455226    
  2.871477     -4.500569    
  2.871560     -4.498854    
  2.871647     -4.499127    
  2.871746     -4.499128    
  2.871833     -4.390745    
  2.875793     -4.594059    
  2.879716     -4.549094    
  2.879803     -4.543867    
  2.880314     -4.508445    
  2.880401     -4.602093    
  2.882313    -100.00000    
  2.882400     -5.050952    
  2.882670     -4.852949    
  2.882757     -4.537691    
  2.885708     -4.207109    
  2.885795     -4.266299    
  2.887555     -4.977472    
  2.887642     -4.763112    
  2.891964     -4.510938    
  2.892051     -6.031760    
  2.893704     -4.700153    
  2.893791     -4.585592    
  2.894071     -4.477381    
  2.894158     -4.441578    
  2.895095     -4.251064    
  2.895182     -4.173345    
  2.897787    -100.00000    
  2.897874    -100.00000    
  2.900589     -4.320759    
  2.900676     -4.302718    
  2.904168     -4.766673    
  2.904255     -4.820821    
  2.905026     -5.233157    
  2.905113     -4.811901    
  2.908003     -4.314403    
  2.908090     -4.420374    
  2.908185     -4.426649    
  2.908477     -4.434992    
  2.908564     -4.437922    
  2.909361     -4.441609    
  2.909448     -4.427382    
  2.910383     -4.459764    
  2.910470     -4.483575    
  2.911970     -4.544594    
  2.912057     -4.546810    
  2.914427     -4.591847    
  2.916785     -4.572721    
  2.916872     -4.582522    
  2.917171     -4.584149    
  2.917258     -4.584929    
  2.920236     -4.598865    
  2.920323     -4.596695    
  2.920418     -4.568398    
  2.922032    -100.00000    
  2.922118     -4.650291    
  2.925029     -4.419682    
  2.925116     -4.483968    
  2.925353     -4.481952    
  2.925440     -4.480074    
  2.925683     -4.475674    
  2.925770     -4.474724    
  2.925849     -4.474227    
  2.925936     -4.470040    
  2.927554     -4.533462    
  2.927641     -4.530709    
  2.927759     -4.533363    
  2.927950     -4.537717    
  2.928037     -4.539326    
  2.929127     -4.568656    
  2.929213     -4.565367    
  2.929524     -4.558231    
  2.929611     -4.553549    
  2.930245     -4.543810    
  2.930332     -4.546017    
  2.930644     -4.550054    
  2.930731     -4.551426    
  2.931247     -4.557022    
  2.931334     -4.558784    
  2.932296     -4.570789    
  2.932383     -4.562762    
  2.934646     -4.617796    
  2.934733     -4.621818    
  2.935353     -4.632055    
  2.935440     -4.639964    
  2.939332     -4.643296    
  2.939418     -4.650765    
  2.943758     -4.668350    
  2.943845     -4.657773    
  2.944467     -4.665754    
  2.944554     -4.666170    
  2.945191     -4.675200    
  2.945278     -4.679937    
  2.946273     -4.649998    
  2.946360     -4.657767    
  2.946687     -4.642097    
  2.946774     -4.630095    
  2.949861     -4.639023    
  2.949948     -4.629119    
  2.950064     -4.629434    
  2.950137     -4.629953    
  2.950211     -4.630509    
  2.950298     -4.631204    
  2.950637     -4.634576    
  2.950724     -4.635966    
  2.950770     -4.636698    
  2.950857     -4.638138    
  2.951287     -4.634171    
  2.951374     -4.636047    
  2.952601     -4.660135    
  2.952688     -4.658636    
  2.952960     -4.659871    
  2.953047     -4.660514    
  2.953706     -4.665886    
  2.953793     -4.666863    
  2.954344     -4.669922    
  2.954431     -4.670213    
  2.955685     -4.682133    
  2.955739     -4.683244    
  2.955826     -4.684103    
  2.956162     -4.686500    
  2.956249     -4.686989    
  2.956346     -4.687555    
  2.956433     -4.688033    
  2.956797     -4.689857    
  2.956884     -4.690325    
  2.956929     -4.690583    
  2.957016     -4.691298    
  2.958622     -4.706516    
  2.958708     -4.706357    
  2.958913     -4.707714    
  2.959000     -4.708276    
  2.959196     -4.709334    
  2.959283     -4.709705    
  2.959385     -4.710074    
  2.959471     -4.710325    
  2.959520     -4.710446    
  2.959575     -4.710575    
  2.959642     -4.710722    
  2.959686     -4.707844    
  2.960694     -4.715855    
  2.960781     -4.733340    
  2.961021     -4.812144    
  2.961108     -4.857948    
  2.961209     -5.097961    
  2.963780     -4.616237    
  2.963867     -4.721908    
  2.966863     -4.845111    
  2.969838     -4.558286    
  2.972793     -4.759387    
  2.975728     -4.938962    
  2.975815     -4.844926    
  2.976171     -4.752484    
  2.976258     -5.057762    
  2.979351     -4.439778    
  2.982423     -4.606231    
  2.982509     -4.635102    
  2.982872     -4.673316    
  2.982959     -4.687098    
  2.985659     -4.729538    
  2.988343     -4.926340    
  2.991011     -4.761584    
  2.993662     -4.570838    
  2.996297     -4.710657    
  2.998916     -4.754570    
  3.001519     -4.757159    
  3.004107     -4.814687    
  3.004194     -4.804795    
  3.007954     -4.812444    
  3.008041     -4.793442    
  3.011581     -4.879892    
  3.015092     -5.320694    
  3.018574     -4.513840    
  3.022029     -4.930696    
  3.022116     -4.835878    
  3.025489     -4.876006    
  3.025575     -4.992379    
  3.029166     -4.868083    
  3.032728     -4.909194    
  3.036260     -5.059355    
  3.039764     -4.822886    
  3.043240     -5.043857    
  3.046688     -4.534676    
  3.050109     -4.704939    
  3.053504     -4.945784    
  3.053591     -4.871408    
  3.056570     -4.828308    
  3.059529     -4.981294    
  3.059616     -4.980344    
  3.061712     -4.955127    
  3.061799     -5.025509    
  3.061872     -5.045291    
  3.061959     -5.061478    
  3.062919     -5.006329    
  3.063006     -4.990891    
  3.065043     -5.044603    
  3.065130     -4.976716    
  3.067491     -5.033661    
  3.067578     -6.034004    
  3.069763     -5.075233    
  3.071937     -4.565581    
  3.072024     -4.607426    
  3.074321     -4.866087    
  3.074408     -4.803454    
  3.077730     -4.980638    
  3.081028     -4.907905    
  3.081115     -4.785067    
  3.083823     -5.108960    
  3.086515     -4.930935    
  3.089190     -4.813800    
  3.091849     -4.766985    
  3.091936     -4.653909    
  3.093217     -4.580509    
  3.093303     -4.604344    
  3.096155     -4.903108    
  3.096242     -4.886053    
  3.099969     -5.129539    
  3.100056     -5.185176    
  3.102484     -5.026062    
  3.102571     -5.050132    
  3.104805     -5.087322    
  3.104892     -5.205724    
  3.105931     -5.006673    
  3.106018     -5.025935    
  3.106079     -5.043800    
  3.106166     -5.127674    
  3.106856     -5.176570    
  3.106943     -5.035811    
  3.109794     -5.149937    
  3.109881     -5.123088    
  3.110486     -5.036804    
  3.110573     -5.028049    
  3.112005     -5.027182    
  3.112092     -5.026479    
  3.112365     -5.062646    
  3.112452     -5.155301    
  3.114687     -5.106159    
  3.114774     -5.147381    
  3.114901     -5.133773    
  3.114988     -5.063309    
  3.117740     -5.152995    
  3.117827     -5.132474    
  3.118223     -5.098052    
  3.118310     -5.091283    
  3.122171     -5.118544    
  3.125997     -5.188001    
  3.126084     -5.233109    
  3.127687     -5.226831    
  3.127774    -100.00000    
  3.131268     -4.916275    
  3.131355     -5.007121    
  3.133775     -5.048700    
  3.136182     -5.117377    
  3.136269     -5.221124    
  3.138689     -5.373041    
  3.141096     -4.783922    
  3.143489     -5.119651    
  3.145869     -5.251762    
  3.145956     -5.208127    
  3.146758     -5.989334    
  3.146845     -5.278631    
  3.149072     -5.165530    
  3.151287     -5.160098    
  3.151374     -5.124686    
  3.153068     -5.219116    
  3.153155     -5.222812    
  3.153248     -5.225629    
  3.153335     -5.228395    
  3.153381     -5.229752    
  3.153425     -5.230998    
  3.153479     -5.238526    
  3.156074     -5.279123    
  3.156161     -5.239967    
  3.160418     -5.292105    
  3.164633     -5.333054    
  3.164720     -5.331549    
  3.167983     -5.349288    
  3.168070     -5.349141    
  3.170695     -5.370781    
  3.173303     -5.360400    
  3.173390     -5.364814    
  3.174167     -5.364184    
  3.174254     -5.363351    
  3.176868     -5.377347    
  3.179466     -5.383221    
  3.179553     -5.384299    
  3.182832     -5.397310    
  3.186087     -5.407082    
  3.186174     -5.411697    
  3.188338     -5.417387    
  3.188425    -100.00000    
  3.191899     -5.134507    
  3.191986     -4.663322    
  3.192224     -4.578928    
  3.192311     -4.501647    
  3.194885     -4.498892    
  3.194972     -4.561285    
  3.196916     -4.899204    
  3.197003     -4.917091    
  3.199617     -5.219937    
  3.202215     -5.258889    
  3.204798     -5.267327    
  3.207365     -5.389176    
  3.207452     -5.408289    
  3.209491     -5.487084    
  3.209578     -5.479514    
  3.213892     -5.875769    
  3.218164     -4.874827    
  3.218251     -4.838618    
  3.221052     -5.209607    
  3.223835     -5.442481    
  3.226600     -5.525516    
  3.229347     -5.436204    
  3.229434     -5.401574    
  3.231857     -5.565384    
  3.234265     -5.569234    
  3.234352     -5.560638    
  3.236049     -5.576159    
  3.236136     -5.575232    
  3.236180     -5.575356    
  3.236267     -5.577047    
  3.238739     -5.544974    
  3.241164     -5.552155    
  3.243575     -5.604873    
  3.245973     -5.593271    
  3.246060     -5.595631    
  3.246189     -5.602003    
  3.247464     -5.612934    
  3.247551     -5.610886    
  3.248152     -5.610325    
  3.248239     -5.608512    
  3.249187     -5.608533    
  3.249274     -5.613050    
  3.251523     -5.624679    
  3.251610     -5.630879    
  3.255359     -5.629423    
  3.259075     -5.613703    
  3.262760     -5.649132    
  3.266414     -5.682281    
  3.266501     -5.680838    
  3.269936     -5.679349    
  3.273344     -5.674886    
  3.276725     -5.703730    
  3.280080     -5.674515    
  3.283409     -5.671698    
  3.286714     -5.678350    
  3.289993     -5.684805    
  3.293247     -5.733110    
  3.293334     -5.727361    
  3.296691     -5.767037    
  3.300022     -5.785599    
  3.303327     -5.793725    
  3.306608     -5.801690    
  3.306694     -5.787606    
  3.310624     -5.783521    
  3.310710     -5.771765    
  3.310941     -5.766970    
  3.311027     -5.764582    
  3.311634     -5.774705    
  3.311721     -5.777718    
  3.311773     -5.778836    
  3.311825     -5.779881    
  3.311868     -5.794726    
  3.315460     -5.720433    
  3.318980     -5.790415    
  3.322472     -5.891076    
  3.325936     -5.738460    
  3.329372     -5.831272    
  3.332782     -5.839021    
  3.336165     -5.896647    
  3.339521     -5.908451    
  3.342852     -5.920437    
  3.346158     -5.880884    
  3.349439     -5.926761    
  3.352695     -5.950325    
  3.355927     -5.968017    
  3.359135     -6.001590    
  3.362319     -5.692179    
  3.365480     -5.770918    
  3.365567     -5.739057    
  3.367462     -5.846025    
  3.367549     -5.868195    
  3.371229     -5.831375    
  3.374878     -6.009980    
  3.378497     -6.053464    
  3.382086     -5.959683    
  3.382173     -5.747912    
  3.385882     -5.679699    
  3.385969     -5.831862    
  3.388254     -6.023638    
  3.390528     -6.086407    
  3.392789     -6.095316    
  3.395039     -6.111674    
  3.395126     -6.113021    
  3.398000     -6.129276    
  3.400855     -6.223326    
  3.400942     -6.067921    
  3.403656     -6.071315    
  3.403743     -5.885357    
  3.406570     -5.534988    
  3.409379     -6.008948    
  3.412170     -6.144253    
  3.414942     -6.177984    
  3.415029     -6.125004    
  3.419186     -6.106578    
  3.423303     -6.217627    
  3.427382     -6.232626    
  3.431422     -6.231664    
  3.431509     -6.085292    
  3.434904     -5.889559    
  3.438273     -6.131246    
  3.441616     -6.124710    
  3.444934     -6.285082    
  3.445021     -6.588691    
  3.447515     -5.943493    
  3.449995     -6.211506    
  3.452462     -6.228198    
  3.454914     -6.171538    
  3.455001     -6.230740    
  3.458181     -6.272029    
  3.461337     -6.345777    
  3.464472     -6.321768    
  3.467583     -5.932920    
  3.467670     -6.013460    
  3.469453     -6.168651    
  3.469540     -6.178564    
  3.471179     -6.321273    
  3.471266     -6.319188    
  3.474100     -6.343213    
  3.474187     -6.327568    
  3.477329     -6.341765    
  3.480449     -6.214032    
  3.483547     -6.160103    
  3.486623     -6.223821    
  3.486710     -6.614338    
  3.490510     -6.241349    
  3.494277     -6.423976    
  3.494364     -6.437072    
  3.496959     -6.248301    
  3.499539     -6.195583    
  3.502104     -6.294234    
  3.504653     -6.446880    
  3.507188     -6.265621    
  3.509708     -6.209085    
  3.512213     -6.458168    
  3.514705     -6.414708    
  3.517181     -6.403642    
  3.519644     -6.475646    
  3.522093     -6.469341    
  3.524529     -6.478275    
  3.526950     -6.519354    
  3.529358     -6.490627    
  3.531753     -6.714573    
  3.534135     -6.218717    
  3.534222     -6.127223    
  3.536956     -6.188874    
  3.539673     -6.464142    
  3.542373     -6.571231    
  3.545057     -6.606683    
  3.547724     -6.633406    
  3.550374     -6.648717    
  3.553009     -6.637719    
  3.555627     -6.624435    
  3.555714     -6.636204    
  3.558846     -6.675948    
  3.558933     -6.671551    
  3.559291     -6.670407    
  3.559378     -6.668213    
  3.560973     -6.673958    
  3.561019     -6.675035    
  3.561106     -6.675652    
  3.561702     -6.683090    
  3.561789     -6.683709    
  3.562293     -6.688630    
  3.562360     -6.689370    
  3.562447     -6.692268    
  3.565681     -6.705930    
  3.565768     -6.699239    
  3.568672     -6.503182    
  3.571556     -6.386751    
  3.574422     -6.495583    
  3.577268     -6.429719    
  3.580096     -6.568657    
  3.582906     -6.695608    
  3.585698     -6.657097    
  3.588471     -6.769263    
  3.591228     -6.763884    
  3.593966     -6.774753    
  3.596688     -6.727632    
  3.599393     -6.769153    
  3.602081     -6.725626    
  3.604752     -6.747941    
  3.607407     -6.801145    
  3.610046     -6.821860    
  3.610133     -6.835317    
  3.612945     -6.828251    
  3.615738     -6.854482    
  3.618514     -6.794533    
  3.621272     -6.838373    
  3.624013     -6.866078    
  3.626737     -6.838294    
  3.629443     -6.834423    
  3.630428     -6.886030    
  3.632133     -6.911476    
  3.632220     -6.920608    
  3.634575     -6.948389    
  3.636918     -6.958134    
  3.639248     -6.966890    
  3.641565     -6.917435    
  3.643871     -6.953028    
  3.646164     -6.975950    
  3.648445     -6.999448    
  3.650714     -6.986509    
  3.650801     -6.794245    
  3.654938     -6.874865    
  3.655025     -6.919267    
  3.659341     -7.015189    
  3.663615     -6.956148    
  3.663702     -6.938655    
  3.666928     -7.029954    
  3.670130     -6.952673    
  3.673309     -6.164335    
  3.676464     -6.532810    
  3.679597     -6.951921    
  3.682707     -7.070662    
  3.685795     -7.109249    
  3.688862     -7.108979    
  3.688948     -7.084978    
  3.691459     -7.038730    
  3.691546     -7.009381    
  3.694107     -7.141178    
  3.696652     -7.162741    
  3.696739     -7.162215    
  3.700634     -7.176527    
  3.704495     -7.178769    
  3.708321     -7.210236    
  3.712114     -7.224240    
  3.712650     -7.155873    
  3.715873     -7.227053    
  3.719601     -7.241553    
  3.723297     -7.243490    
  3.726962     -7.248887    
  3.730596     -7.268948    
  3.734200     -7.233810    
  3.737774     -7.093017    
  3.741319     -7.133079    
  3.744836     -7.322923    
  3.748324     -7.298296    
  3.751784     -7.148848    
  3.755217     -7.364425    
  3.755304     -7.335902    
  3.755522     -7.338371    
  3.755609     -7.342185    
  3.756737     -7.346019    
  3.756824     -7.351284    
  3.760554    -100.00000    
  3.764252     -6.844776    
  3.767919     -5.900365    
  3.771555     -5.717251    
  3.775161     -6.164076    
  3.778151     -6.464497    
  3.778737     -6.609056    
  3.782284     -7.685804    
  3.785802     -6.936265    
  3.789292     -7.227853    
  3.792754     -7.520384    
  3.796189     -7.501788    
  3.799596     -7.505066    
  3.802978     -7.506627    
  3.806333     -7.515215    
  3.809662     -7.533595    
  3.812966     -7.552046    
  3.813053     -7.550396    
  3.815257     -7.368356    
  3.817449     -7.511485    
  3.817536     -7.384700    
  3.821296     -7.260240    
  3.821383     -7.335118    
  3.821564     -7.353822    
  3.821651     -7.389219    
  3.825332     -7.574042    
  3.828982     -7.578481    
  3.832602     -7.619940    
  3.836192     -7.605504    
  3.836279     -7.582418    
  3.838150     -7.641041    
  3.838237     -7.626176    
  3.840853     -7.631916    
  3.843453     -7.633856    
  3.846037     -7.662582    
  3.848607     -7.578777    
  3.848694     -7.351299    
  3.853036     -7.492299    
  3.857335     -7.693734    
  3.861592     -7.680063    
  3.865808     -7.732609    
  3.865895     -7.735942    
  3.868545     -7.743210    
  3.871179     -7.749691    
  3.871266     -7.762724    
  3.874225     -7.732978    
  3.877163     -7.767539    
  3.880081     -7.778100    
  3.882980     -7.727417    
  3.885860     -7.678021    
  3.888721     -7.122358    
  3.891563     -7.470750    
  3.894387     -7.791763    
  3.894474     -7.764172    
  3.896842     -7.775739    
  3.899197     -7.790303    
  3.901540     -7.832599    
  3.903870     -7.859745    
  3.906188     -7.773600    
  3.908494     -7.798252    
  3.910787     -7.840965    
  3.913068     -7.857667    
  3.913155     -7.860483    
  3.913273     -7.861892    
  3.913769     -7.868804    
  3.913856     -7.869846    
  3.913972     -7.872082    
  3.915648     -7.883252    
  3.915735     -7.885704    
  3.916915     -7.793968    
  3.917002     -7.795624    
  3.920011     -7.775224    
  3.923000     -7.896361    
  3.925968     -7.923555    
  3.928916     -7.940627    
  3.931844     -7.948848    
  3.934752     -7.952862    
  3.937641     -7.960417    
  3.940511     -7.982021    
  3.943362     -7.980420    
  3.946195     -7.994754    
  3.949009     -7.915846    
  3.951805     -7.974712    
  3.954584     -7.999687    
  3.957344     -8.027693    
  3.960087     -8.040497    
  3.962813     -8.047912    
  3.962900     -8.048349    
  3.965521     -8.051084    
  3.968126     -8.056391    
  3.970716     -8.039610    
  3.973291     -7.889445    
  3.975850     -7.973265    
  3.978394     -8.081247    
  3.980924     -8.095647    
  3.983439     -8.097874    
  3.983526     -8.104508    
  3.986607     -8.129838    
  3.989666     -8.126774    
  3.992704     -8.118325    
  3.995722     -8.143724    
  3.998718     -8.165888    
  4.001693     -8.181657    
  4.004649     -8.096702    
  4.007584     -7.594206    
  4.007671     -7.594071    
  4.010289     -7.746750    
  4.012892     -8.066262    
  4.015479     -8.164030    
  4.018051     -8.208042    
  4.020607     -8.199226    
  4.023149     -8.209846    
  4.025675     -8.097397    
  4.028187     -8.212231    
  4.030685     -8.267400    
  4.033169     -8.300327    
  4.035638     -8.268270    
  4.038093     -8.236807    
  4.040535     -8.222516    
  4.042963     -8.236507    
  4.045377     -8.280809    
  4.047778     -8.309431    
  4.047865     -8.311239    
  4.050191     -8.333326    
  4.050278     -8.333144    
  4.052927     -8.348134    
  4.055559     -8.350661    
  4.058176     -8.354008    
  4.060777     -8.365300    
  4.063363     -8.382714    
  4.065933     -8.278434    
  4.068489     -8.040879    
  4.071029     -8.190784    
  4.073555     -8.397880    
  4.076066     -8.165847    
  4.078562     -7.706010    
  4.081044     -8.065733    
  4.083513     -8.483592    
  4.085967     -8.303118    
  4.088407     -8.445374    
  4.090834     -8.450617    
  4.090921     -8.450301    
  4.093448     -8.466741    
  4.095961     -8.470444    
  4.098459     -8.478425    
  4.100943     -8.485737    
  4.103413     -8.488337    
  4.105869     -8.497876    
  4.108311     -8.453200    
  4.110740     -8.404465    
  4.113155     -8.468293    
  4.115556     -8.503149    
  4.117944     -8.547547    
  4.120320     -8.546693    
  4.122682     -8.551195    
  4.125032     -8.570387    
  4.127369     -8.512684    
  4.129693     -8.525721    
  4.129780     -8.520210    
  4.133136     -8.562376    
  4.136466     -8.593201    
  4.139770     -8.611147    
  4.143050     -8.641182    
  4.146305     -8.363428    
  4.149536     -8.527290    
  4.152743     -8.647932    
  4.155926     -8.645689    
  4.156013     -8.772222    
  4.158880     -8.445488    
  4.161727     -8.583673    
  4.161814     -8.577355    
  4.163762     -8.646487    
  4.163849     -8.657044    
  4.166924     -8.705686    
  4.167011     -8.700235    
  4.169326     -8.677749    
  4.171629     -8.540568    
  4.173920     -8.589252    
  4.176198     -8.634370    
  4.178465     -8.720321    
  4.180720     -8.740104    
  4.182963     -8.750977    
  4.185195     -8.759042    
  4.187415     -8.766550    
  4.189624     -8.770912    
  4.191822     -8.775938    
  4.194009     -8.792629    
  4.198350     -8.754404    
  4.202647     -8.763914    
  4.202734     -8.767720    
  4.204957     -8.800169    
  4.207168     -8.818095    
  4.209369     -8.826441    
  4.211558     -8.834822    
  4.213736     -8.835481    
  4.215903     -8.836435    
  4.220205     -8.853932    
  4.224465     -8.870071    
  4.228684     -8.855614    
  4.232862     -8.843305    
  4.237000     -8.881476    
  4.237088     -9.189664    
  4.240818     -8.295997    
  4.244516     -8.794243    
  4.248183     -8.933922    
  4.251819     -8.942511    
  4.255425     -8.966074    
  4.259002     -8.889467    
  4.262549     -8.954593    
  4.266067     -8.995353    
  4.266154     -8.999653    
  4.270079     -9.022300    
  4.270166     -8.751204    
  4.274271     -8.365989    
  4.278338     -8.802800    
  4.282367     -9.011762    
  4.286359     -9.065508    
  4.290314     -9.051792    
  4.294234     -9.070371    
  4.298119     -9.095398    
  4.301969     -9.119978    
  4.302056     -9.118786    
  4.306016     -9.128352    
  4.309939     -9.116942    
  4.313828     -9.160259    
  4.317682     -9.038288    
  4.321502     -8.805666    
  4.325289     -9.050402    
  4.329043     -9.162490    
  4.332765     -9.205314    
  4.332852     -9.198907    
  4.335453     -9.199002    
  4.338038     -9.181461    
  4.340608     -9.122815    
  4.343162     -9.051074    
  4.345702     -9.167769    
  4.348227     -9.224955    
  4.350737     -9.253330    
  4.353233     -9.267494    
  4.353320     -9.270001    
  4.356074     -9.267108    
  4.356161     -9.270299    
  4.357582     -9.272913    
  4.357669     -9.273131    
  4.360115     -9.285315    
  4.362547     -9.288996    
  4.362634     -9.296050    
  4.365286     -9.287734    
  4.367922     -9.300232    
  4.370542     -9.302745    
  4.373146     -9.262628    
  4.375735     -9.309226    
  4.378308     -9.307615    
  4.380867     -9.328055    
  4.383410     -9.458533    
  4.385938     -8.964575    
  4.388452     -8.949780    
  4.390952     -9.248671    
  4.393437     -9.330958    
  4.395908     -9.381058    
  4.398365     -9.400415    
  4.400808     -9.411419    
  4.403238     -9.418789    
  4.405653     -9.427256    
  4.408056     -9.434276    
  4.410445     -9.418677    
  4.412822     -9.431127    
  4.415185     -9.442326    
  4.417536     -9.458944    
  4.419874     -9.434159    
  4.422199     -9.347637    
  4.424512     -9.417342    
  4.426813     -9.470969    
  4.429102     -9.487736    
  4.431378     -9.492000    
  4.433643     -9.476381    
  4.435896     -9.492550    
  4.438138     -9.507751    
  4.440368     -9.506393    
  4.440455     -9.513023    
  4.442913     -9.532709    
  4.445357     -9.544382    
  4.447787     -9.553416    
  4.450204     -9.604534    
  4.452608     -9.278207    
  4.454999     -9.341682    
  4.457376     -9.581439    
  4.459740     -9.597010    
  4.462092     -9.527688    
  4.464431     -9.568153    
  4.466757     -9.601609    
  4.469071     -9.613824    
  4.471373     -9.609410    
  4.473663     -9.626729    
  4.475940     -9.629003    
  4.478206     -9.477808    
  4.512937     -9.614349    
  4.513024     -9.746272    
  4.514610     -9.752269    
  4.514697     -9.746811    
  4.515945     -9.850554    
  4.516032     -9.686722    
  4.585469     -9.970358    
  4.585556     -9.940580    
  4.648489     -10.04070    
  4.648576     -10.13287    
  4.649548     -10.13952    
  4.649635     -10.14104    
  4.649838     -10.14359    
  4.649925     -10.08455    
  4.709765     -10.22290    
  4.709852     -10.31531    
  4.765753     -10.39013    
  4.765822     -10.49681    
  4.765909     -10.46197    
  4.818480     -10.64983    
  4.818567     -10.58210    
  4.868094     -10.67623    
  4.868152     -10.77529    
  4.868214     -10.70106    
  4.915089     -10.94150    
  4.915176     -10.92634    
  4.959449     -11.04278    
  4.959536     -11.04964    
  4.959642     -11.02293    
  4.959729     -11.03723    
  5.002021     -10.95878    
  5.002108     -11.17045    
  5.041986     -11.28947    
  5.042072     -11.28674    
  5.042428     -11.28712    
  5.042515     -11.26044    
  5.081038     -11.37914    
  5.081125     -11.35803    
  5.117569     -11.49725    
  5.117655     -11.52051    
  5.118005     -11.51989    
  5.118092     -11.29828    
  5.153462     -11.69544    
  5.153549     -11.59600    
  5.187204     -11.71310    
  5.187290     -11.69379    
  5.187529     -11.69349    
  5.187616     -11.67755    
  5.251180     -11.80710    
  5.251266     -11.88090    
  5.251931     -11.88572    
  5.252018     -11.87334    
  5.311750     -12.01489    
  5.311837     -12.05774    
  5.311944     -12.02842    
  5.712950     -13.19514    
  5.917833     -13.80343    
  6.161415     -14.51165    
  6.430595     -15.29019    
  6.714779     -16.09017    
  7.007134     -16.91183    
  7.303761     -17.75090    
  7.602573     -18.61216    
  7.902489     -19.51947    
  8.202961     -20.52637    
  8.503712     -21.77388    
  8.804602     -24.10658    
  9.105563    -100.00000    
  9.406558    -100.00000    
  9.707570    -100.00000    
