 0.6989700     -107.9482    
 0.7243402    -100.00000    
 0.7483098     -111.9023    
 0.7710253     -112.1809    
 0.7926116    -100.00000    
 0.8328096     -108.9957    
 0.8696002    -100.00000    
 0.9035159     -112.0791    
 0.9349739     -112.6079    
 0.9643063    -100.00000    
 0.9917824     -108.5754    
 0.9918693     -108.5168    
  1.017734     -108.8095    
  1.042145     -108.8785    
  1.042232     -108.7928    
  1.060679     -109.1251    
  1.060766     -108.9602    
  1.080039     -109.6869    
  1.080126     -109.7989    
  1.098980     -110.3233    
  1.099067     -110.1502    
  1.116489     -110.2114    
  1.116576     -78.68188    
  1.132827    -100.00000    
  1.132914     -81.11608    
  1.147337    -100.00000    
  1.147424     -110.1008    
  1.177890     -110.9123    
  1.206358     -111.2523    
  1.233074     -111.6611    
  1.258242     -111.8269    
  1.258328    -100.00000    
  1.281053     -110.8429    
  1.281140    -100.00000    
  1.305129    -100.00000    
  1.305216    -100.00000    
  1.326885     -102.6708    
  1.326972     -75.52103    
  1.346664     -75.10132    
  1.346750    -100.00000    
  1.372011     -97.93827    
  1.372098    -100.00000    
  1.395435     -94.67729    
  1.395522    -100.00000    
  1.407231     -92.75027    
  1.407318    -100.00000    
  1.434239     -89.65449    
  1.434325     -89.22145    
  1.437957     -88.92275    
  1.438044     -88.82468    
  1.438732     -88.96036    
  1.438819     -77.82650    
  1.466567     -77.59092    
  1.466654    -100.00000    
  1.485460     -83.48726    
  1.485547    -100.00000    
  1.499937     -81.86796    
  1.500023     -82.47173    
  1.502811     -98.06859    
  1.502898    -100.00000    
  1.515152     -18.89296    
  1.515239    -100.00000    
  1.521830     -18.38198    
  1.521916    -100.00000    
  1.538911     -19.03671    
  1.538998     -100.2975    
  1.541754     -100.7476    
  1.541841     -17.85319    
  1.544410    -100.00000    
  1.544497    -100.00000    
  1.546755     -24.61867    
  1.546842     -61.53568    
  1.568094    -100.00000    
  1.568181     -68.78692    
  1.576102     -69.10940    
  1.576189     -69.50576    
  1.577032     -68.95593    
  1.577119     -69.17215    
  1.586189     -70.41275    
  1.586276     -69.83375    
  1.587530     -69.95086    
  1.587617     -70.00545    
  1.602078     -70.84862    
  1.602165    -100.00000    
  1.604747     -16.42253    
  1.604834     -16.65793    
  1.633100    -100.00000    
  1.633187     -72.73851    
  1.643761     -73.21836    
  1.643848     -72.99747    
  1.646889     -73.41853    
  1.646976     -73.23676    
  1.653070     -73.57770    
  1.653157     -73.63443    
  1.667964     -74.41778    
  1.668051     -74.36791    
  1.673067     -74.47514    
  1.673154     -73.70123    
  1.673452     -75.22824    
  1.673539     -74.46574    
  1.683736     -75.59961    
  1.683823     -75.27291    
  1.689301     -75.56579    
  1.689388     -78.07712    
  1.690173     -75.72893    
  1.690260     -75.86721    
  1.691919     -75.73661    
  1.692006     -75.67389    
  1.709636    -100.00000    
  1.709723     -76.79719    
  1.714748     -77.07547    
  1.714835    -100.00000    
  1.714933     -76.07209    
  1.717233    -100.00000    
  1.717320     -77.14780    
  1.717576     -77.22764    
  1.717663     -77.22917    
  1.718527     -78.28234    
  1.718614     -77.49466    
  1.721805     -77.38692    
  1.721892    -100.00000    
  1.725295    -100.00000    
  1.725382     -74.04705    
  1.730438     -73.98026    
  1.730525     -73.85359    
  1.731758     -73.70040    
  1.731845    -100.00000    
  1.732294     -74.73844    
  1.732381     -74.54537    
  1.735217     -74.28394    
  1.735304     -74.56960    
  1.744878     -74.58450    
  1.744965     -75.51257    
  1.746841     -75.53318    
  1.746929    -100.00000    
  1.747807     -74.72170    
  1.747894     -75.29760    
  1.753972     -75.12220    
  1.754058     -75.46054    
  1.756978     -75.63581    
  1.757065     -75.52014    
  1.762907    -100.00000    
  1.762994    -100.00000    
  1.763503     -76.09707    
  1.763590     -76.56853    
  1.765957    -100.00000    
  1.766044     -77.32059    
  1.768505     -78.49367    
  1.768592     -79.88329    
  1.776113     -77.38121    
  1.776200     -77.01884    
  1.776785     -76.84487    
  1.776872    -100.00000    
  1.781285     -75.64595    
  1.781372     -75.49320    
  1.781946     -75.32960    
  1.782033    -100.00000    
  1.786409     -74.16669    
  1.786495     -74.08537    
  1.788161     -73.56917    
  1.788248     -73.53915    
  1.789372     -73.21105    
  1.789459     -73.56536    
  1.792246     -72.44732    
  1.792333    -100.00000    
  1.800765     -70.27248    
  1.800851    -100.00000    
  1.806960     -68.48713    
  1.807047     -68.55427    
  1.809708     -67.61459    
  1.809795     -67.53720    
  1.810144     -67.44321    
  1.810231    -100.00000    
  1.814042     -66.48773    
  1.814129    -100.00000    
  1.824560    -100.00000    
  1.834747     -61.28334    
  1.834834     -61.01752    
  1.836557     -60.54712    
  1.836644     -60.62344    
  1.838907     -59.96652    
  1.838994     -59.93857    
  1.840414     -59.56562    
  1.840501     -59.63649    
  1.842703     -59.01058    
  1.842790     -58.98008    
  1.844125     -58.63422    
  1.844212    -100.00000    
  1.857265     -55.75733    
  1.857352     -55.47980    
  1.859614     -54.86517    
  1.859700    -100.00000    
  1.868320     -52.99126    
  1.868407     -52.79298    
  1.870233     -52.33439    
  1.870320     -52.30062    
  1.871306     -52.06780    
  1.871393     -52.04242    
  1.872072     -51.88614    
  1.872158     -51.88059    
  1.873424     -51.57872    
  1.873511    -100.00000    
  1.880831     -50.04488    
  1.880918    -100.00000    
  1.887368     -48.53384    
  1.887455    -100.00000    
  1.893213     -47.20502    
  1.893300    -100.00000    
  1.899003     -45.92634    
  1.899090    -100.00000    
  1.905503     -44.53473    
  1.905590     -44.37114    
  1.905821     -44.32200    
  1.905908    -100.00000    
  1.911657     -43.19742    
  1.911744     -43.05574    
  1.912227     -42.95533    
  1.912313     -42.95717    
  1.913955     -42.62377    
  1.914042    -100.00000    
  1.924238     -40.66384    
  1.924325     -39.89462    
  1.925539    -100.00000    
  1.925626     -40.04648    
  1.926709     -39.92365    
  1.926796     -39.85964    
  1.926846     -39.73015    
  1.926932     -39.83539    
  1.927461     -39.72272    
  1.927548     -39.97727    
  1.930771     -39.11747    
  1.930858     -39.21881    
  1.933612     -38.57273    
  1.933699     -38.56666    
  1.936983     -37.92052    
  1.937070     -37.79869    
  1.938051     -38.08638    
  1.938138     -37.56858    
  1.940777     -37.15557    
  1.940864     -37.06889    
  1.941974     -36.88121    
  1.942061    -100.00000    
  1.953088     -34.98397    
  1.953175     -34.88116    
  1.955697     -34.21347    
  1.955784     -29.27894    
  1.959855    -100.00000    
  1.959942     -24.45112    
  1.963545     -22.18189    
  1.963632     -21.88340    
  1.972680     -24.40091    
  1.972767    -100.00000    
  1.974225     -22.68165    
  1.974312     -30.71687    
  1.974387     -30.70755    
  1.974474     -30.78887    
  1.977192     -30.46264    
  1.977279    -100.00000    
  1.992052    -100.00000    
  1.992139     -27.50263    
  1.992538     -27.63058    
  1.992625     -27.40977    
  1.994212     -27.19860    
  1.994299     -27.16118    
  1.994360     -27.15083    
  1.994447    -100.00000    
  1.996552     -24.36732    
  1.996639    -100.00000    
  1.997939    -100.00000    
  1.998026    -100.00000    
  2.000182     -22.46699    
  2.000268     -23.35613    
  2.002574    -100.00000    
  2.002661    -100.00000    
  2.004835    -100.00000    
  2.004922    -100.00000    
  2.007421    -100.00000    
  2.007508    -100.00000    
  2.009100    -100.00000    
  2.009187    -100.00000    
  2.009352    -100.00000    
  2.009439    -100.00000    
  2.009543    -100.00000    
  2.017372    -100.00000    
  2.017459    -100.00000    
  2.019860     -22.73768    
  2.019947    -100.00000    
  2.026471     -22.05753    
  2.026558    -100.00000    
  2.028108     -22.32909    
  2.028195    -100.00000    
  2.031137     -22.58460    
  2.031224     -22.99196    
  2.035128    -100.00000    
  2.035214    -100.00000    
  2.036585    -100.00000    
  2.036672    -100.00000    
  2.045106    -100.00000    
  2.053379    -100.00000    
  2.053466    -100.00000    
  2.061043    -100.00000    
  2.061130    -100.00000    
  2.067104    -100.00000    
  2.067191     -21.96324    
  2.068339    -100.00000    
  2.068426    -100.00000    
  2.074002     -21.64124    
  2.074089     -20.69755    
  2.076209    -100.00000    
  2.076296    -100.00000    
  2.076824     -20.19781    
  2.076911     -21.78456    
  2.077291    -100.00000    
  2.077378     -21.52248    
  2.081631     -20.66752    
  2.081718    -100.00000    
  2.090954     -19.48262    
  2.091041     -19.65203    
  2.095729     -18.64711    
  2.095816     -18.80290    
  2.097304     -18.22016    
  2.097391    -100.00000    
  2.100294     -19.69994    
  2.100380     -19.44156    
  2.100528     -19.41018    
  2.100615     -19.80556    
  2.101519     -19.08155    
  2.101605    -100.00000    
  2.104539     -17.37959    
  2.104626     -17.11147    
  2.105570    -100.00000    
  2.105657     -19.05983    
  2.106101     -18.50943    
  2.106187     -18.38462    
  2.107298    -100.00000    
  2.107385     -18.46249    
  2.107538     -18.15103    
  2.107625     -17.73861    
  2.110312    -100.00000    
  2.110399     -17.16016    
  2.111508    -100.00000    
  2.111595     -17.65185    
  2.111941     -17.64257    
  2.112028     -17.15686    
  2.118960    -100.00000    
  2.119047    -100.00000    
  2.124229     -17.02119    
  2.124316     -17.15067    
  2.124942     -16.07190    
  2.125029    -100.00000    
  2.125725    -100.00000    
  2.125812    -100.00000    
  2.126973    -100.00000    
  2.127060     -16.54267    
  2.127658    -100.00000    
  2.127745    -100.00000    
  2.129084    -100.00000    
  2.129171     -16.73715    
  2.130872     -16.92606    
  2.130959     -16.35650    
  2.131986     -16.35392    
  2.132073    -100.00000    
  2.137486     -17.59980    
  2.137573     -18.73829    
  2.137863     -16.82892    
  2.137949     -16.99795    
  2.141450    -100.00000    
  2.141537    -100.00000    
  2.141651    -100.00000    
  2.141738     -17.28749    
  2.145467    -100.00000    
  2.145554    -100.00000    
  2.150293    -100.00000    
  2.150380    -100.00000    
  2.150508    -100.00000    
  2.154246    -100.00000    
  2.154333     -16.32648    
  2.156640    -100.00000    
  2.156727    -100.00000    
  2.156827     -16.23721    
  2.158942    -100.00000    
  2.159028    -100.00000    
  2.168055    -100.00000    
  2.168141     -15.39902    
  2.171576    -100.00000    
  2.171663    -100.00000    
  2.177080    -100.00000    
  2.177167     -14.99656    
  2.177604    -100.00000    
  2.177690    -100.00000    
  2.181731    -100.00000    
  2.181818    -100.00000    
  2.184881    -100.00000    
  2.184967     -15.69521    
  2.188445    -100.00000    
  2.188532    -100.00000    
  2.189637     -14.06198    
  2.189724    -100.00000    
  2.191670     -14.90914    
  2.191757    -100.00000    
  2.202361    -100.00000    
  2.202448    -100.00000    
  2.209411    -100.00000    
  2.209498    -100.00000    
  2.209936     -15.70350    
  2.210023    -100.00000    
  2.213352     -14.80145    
  2.213439    -100.00000    
  2.217445    -100.00000    
  2.217532    -100.00000    
  2.217837    -100.00000    
  2.217924    -100.00000    
  2.218030    -100.00000    
  2.218315     -15.75513    
  2.218402    -100.00000    
  2.218688     -16.20289    
  2.218775     -14.59467    
  2.221924    -100.00000    
  2.222011     -15.09031    
  2.231931    -100.00000    
  2.232018     -14.74293    
  2.234632     -15.14563    
  2.234695    -100.00000    
  2.234781    -100.00000    
  2.239617     -14.26105    
  2.239704    -100.00000    
  2.242429    -100.00000    
  2.242516    -100.00000    
  2.245345    -100.00000    
  2.245432    -100.00000    
  2.250721    -100.00000    
  2.250808    -100.00000    
  2.252069     -14.96456    
  2.252156     -14.93690    
  2.255687    -100.00000    
  2.259191    -100.00000    
  2.259278     -14.03871    
  2.260545    -100.00000    
  2.260632    -100.00000    
  2.263836    -100.00000    
  2.267016    -100.00000    
  2.267103    -100.00000    
  2.270490    -100.00000    
  2.270577     -14.09675    
  2.271628    -100.00000    
  2.271715    -100.00000    
  2.271807    -100.00000    
  2.271894    -100.00000    
  2.273319    -100.00000    
  2.273406    -100.00000    
  2.275710     -15.37341    
  2.275797    -100.00000    
  2.278310    -100.00000    
  2.280809    -100.00000    
  2.280896    -100.00000    
  2.281369    -100.00000    
  2.281456    -100.00000    
  2.282921     -15.57942    
  2.283008    -100.00000    
  2.283804     -14.14438    
  2.283891    -100.00000    
  2.284781     -14.41909    
  2.284868    -100.00000    
  2.285091     -14.98021    
  2.285178     -15.28385    
  2.285231     -15.38901    
  2.285318     -14.44693    
  2.286288    -100.00000    
  2.286375    -100.00000    
  2.287075    -100.00000    
  2.287162    -100.00000    
  2.289257    -100.00000    
  2.291343     -14.36934    
  2.291430    -100.00000    
  2.293524     -14.05730    
  2.295609    -100.00000    
  2.295696    -100.00000    
  2.297128    -100.00000    
  2.297214    -100.00000    
  2.297982    -100.00000    
  2.298069     -14.52292    
  2.299703    -100.00000    
  2.301330     -14.38562    
  2.301417    -100.00000    
  2.302809    -100.00000    
  2.304196    -100.00000    
  2.305579    -100.00000    
  2.306958    -100.00000    
  2.307045    -100.00000    
  2.308274    -100.00000    
  2.308361     -16.10781    
  2.309467    -100.00000    
  2.310569     -14.97017    
  2.311669    -100.00000    
  2.312767    -100.00000    
  2.312854    -100.00000    
  2.313586    -100.00000    
  2.313673    -100.00000    
  2.314517    -100.00000    
  2.314604    -100.00000    
  2.314729    -100.00000    
  2.314817     -15.20545    
  2.315597    -100.00000    
  2.315684    -100.00000    
  2.316612    -100.00000    
  2.317538     -13.72617    
  2.318463     -14.64919    
  2.319385     -15.97790    
  2.320305    -100.00000    
  2.321224     -14.72664    
  2.322140    -100.00000    
  2.323055    -100.00000    
  2.323141     -14.28765    
  2.324253    -100.00000    
  2.324340    -100.00000    
  2.325648    -100.00000    
  2.325735    -100.00000    
  2.326487    -100.00000    
  2.327238    -100.00000    
  2.327987    -100.00000    
  2.328735    -100.00000    
  2.329482    -100.00000    
  2.330227    -100.00000    
  2.330971     -13.76194    
  2.331714    -100.00000    
  2.331801     -14.34812    
  2.331944    -100.00000    
  2.332031    -100.00000    
  2.333101     -13.89105    
  2.333188     -13.97568    
  2.333638    -100.00000    
  2.333725     -14.80250    
  2.334874     -14.49669    
  2.336020     -14.62457    
  2.337163     -14.38582    
  2.338303     -14.71940    
  2.338390     -14.37435    
  2.339301     -14.28741    
  2.339388     -14.40966    
  2.340254     -14.03571    
  2.341118    -100.00000    
  2.341191     -14.72114    
  2.341278     -14.57326    
  2.341370     -14.14398    
  2.341472     -14.05603    
  2.342517     -13.83388    
  2.342604    -100.00000    
  2.343168     -13.79079    
  2.343730     -13.96478    
  2.344292     -13.67732    
  2.344853     -13.61862    
  2.344940     -13.68788    
  2.345941     -14.18742    
  2.346441     -13.71537    
  2.346940     -13.37397    
  2.347438     -13.34975    
  2.347936     -15.57885    
  2.348434     -13.43780    
  2.348930     -13.40079    
  2.349017     -14.45206    
  2.349687     -13.22438    
  2.350356    -100.00000    
  2.350443     -13.32342    
  2.351314     -14.42496    
  2.352184     -12.67683    
  2.352270     -12.43314    
  2.352846     -12.84342    
  2.353421    -100.00000    
  2.353508    -100.00000    
  2.353983    -100.00000    
  2.354070    -100.00000    
  2.354494     -12.93408    
  2.354917     -13.58016    
  2.355340     -13.26855    
  2.355762    -100.00000    
  2.355849     -13.07649    
  2.356520     -12.93382    
  2.357189     -13.26299    
  2.357276     -13.01376    
  2.357498     -13.45121    
  2.357582    -100.00000    
  2.357669     -8.985798    
  2.362936    -100.00000    
  2.363023    -100.00000    
  2.368963     -6.807615    
  2.369050     -7.178011    
  2.373546     -6.348170    
  2.373633     -6.002797    
  2.374597     -4.922554    
  2.374684    -100.00000    
  2.376702     -4.602528    
  2.376789     -5.824972    
  2.381401     -4.694969    
  2.381488     -4.984748    
  2.381574     -4.885920    
  2.381660     -4.415037    
  2.383081     -4.140541    
  2.383168     -4.233778    
  2.387126    -100.00000    
  2.387213     -4.705958    
  2.387778     -4.960945    
  2.387865    -100.00000    
  2.397727     -4.254233    
  2.397814     -3.852093    
  2.403706     -3.982418    
  2.403793     -3.853322    
  2.409345     -5.300992    
  2.409431     -4.919894    
  2.409967     -3.971956    
  2.410054     -3.825423    
  2.411603     -3.569464    
  2.411690     -3.576333    
  2.412778     -3.620262    
  2.412865     -3.643114    
  2.413098     -3.685169    
  2.413185     -3.546347    
  2.414109    -100.00000    
  2.414195    -100.00000    
  2.415338     -4.344498    
  2.415425     -4.306568    
  2.419545     -4.260528    
  2.419632     -4.485114    
  2.422480     -3.858589    
  2.422566     -4.208512    
  2.424108     -3.934126    
  2.424195     -5.015128    
  2.428391     -4.134877    
  2.428478     -3.957661    
  2.429013     -3.680499    
  2.429100     -3.678990    
  2.429244     -3.702050    
  2.429331     -3.771213    
  2.432147     -3.811884    
  2.432234     -3.785990    
  2.434375     -3.871556    
  2.434462     -4.389906    
  2.434951    -100.00000    
  2.435038     -5.408324    
  2.435182     -5.328416    
  2.435269     -5.268198    
  2.435570     -4.281300    
  2.435657     -4.244761    
  2.437397     -3.871349    
  2.437484     -3.800153    
  2.438099     -3.773293    
  2.438186     -3.693294    
  2.440535     -3.833104    
  2.440622     -3.652413    
  2.441592     -3.789761    
  2.441679     -3.896879    
  2.443115     -4.131964    
  2.443202     -5.542204    
  2.446266     -4.444529    
  2.446353     -5.131268    
  2.447958    -100.00000    
  2.448045     -4.556389    
  2.448133     -4.303940    
  2.448892     -4.074456    
  2.448979     -3.928626    
  2.450924     -4.053340    
  2.451011     -4.764290    
  2.454202     -4.056098    
  2.454289     -3.874800    
  2.456026     -3.974690    
  2.456113     -3.938833    
  2.461170     -4.121337    
  2.461257     -5.319228    
  2.463251     -5.127502    
  2.463338     -5.060725    
  2.464468     -5.536035    
  2.464555    -100.00000    
  2.466286     -4.089954    
  2.466372     -5.306727    
  2.467492     -4.949997    
  2.467579     -5.206482    
  2.467685     -5.203233    
  2.467772     -5.938230    
  2.470538     -5.060139    
  2.470625     -4.876813    
  2.470751     -4.830241    
  2.471828     -4.622268    
  2.471915     -4.079983    
  2.473313    -100.00000    
  2.473400     -3.967494    
  2.476442     -3.656786    
  2.476529     -4.857245    
  2.476628     -4.711186    
  2.476715     -4.246853    
  2.478943     -4.447471    
  2.479030    -100.00000    
  2.480895     -3.840056    
  2.480982     -3.675026    
  2.482813    -100.00000    
  2.482900    -100.00000    
  2.483465     -5.408235    
  2.483551     -5.297763    
  2.483824     -5.355784    
  2.483911    -100.00000    
  2.484268     -3.501317    
  2.484355     -3.531923    
  2.484517     -3.806979    
  2.484589     -4.017921    
  2.484656     -4.108408    
  2.484743    -100.00000    
  2.486424     -3.718325    
  2.486511    -100.00000    
  2.490779     -4.078644    
  2.490866     -3.895002    
  2.490956     -3.865651    
  2.491043     -3.616960    
  2.491443     -4.022425    
  2.491530    -100.00000    
  2.492836     -4.081750    
  2.492923     -3.805293    
  2.493176     -4.055701    
  2.493263     -4.261386    
  2.495735    -100.00000    
  2.495822    -100.00000    
  2.496605     -4.021445    
  2.496692     -3.705341    
  2.497050    -100.00000    
  2.497137    -100.00000    
  2.498024     -3.534279    
  2.498111     -4.384096    
  2.500649     -3.842385    
  2.500736     -3.774726    
  2.503920     -3.975238    
  2.504007     -4.108109    
  2.504069     -3.887710    
  2.504156     -3.727529    
  2.506403     -4.170573    
  2.506490     -7.626836    
  2.506598     -7.353730    
  2.506685    -100.00000    
  2.506857     -5.831316    
  2.506943     -4.049112    
  2.507203     -3.827519    
  2.507290     -3.868857    
  2.511107     -3.748800    
  2.511194     -3.756582    
  2.511697     -3.768202    
  2.511784     -3.795518    
  2.512876     -3.945237    
  2.512963     -4.004947    
  2.513523     -3.735239    
  2.513610     -4.273534    
  2.515498     -3.666476    
  2.515585     -3.642500    
  2.515719     -3.639398    
  2.515805     -3.640800    
  2.515872     -3.642956    
  2.515959     -3.647514    
  2.516021     -3.652870    
  2.516107     -4.567054    
  2.516706    -100.00000    
  2.516793     -4.091820    
  2.517769     -3.633662    
  2.517856     -3.679235    
  2.517941     -3.671049    
  2.518028     -3.660512    
  2.518445     -3.641109    
  2.518532     -3.642137    
  2.518680     -3.648612    
  2.518767     -3.872715    
  2.521283     -3.601810    
  2.523785     -3.739019    
  2.523871     -3.861433    
  2.524535     -3.855116    
  2.524622     -3.836771    
  2.526468     -3.738840    
  2.526555     -4.008176    
  2.527825     -3.662341    
  2.527912     -3.778607    
  2.530010     -3.843841    
  2.530097     -3.672421    
  2.532615     -4.274008    
  2.532701     -3.826124    
  2.535293     -3.815756    
  2.535380     -3.837435    
  2.536082     -3.843164    
  2.536169     -3.895672    
  2.539337     -4.206633    
  2.539424     -4.065962    
  2.543132     -3.599659    
  2.546808     -3.771360    
  2.546895     -3.774858    
  2.547076     -3.785108    
  2.547163     -3.792809    
  2.547329     -3.808212    
  2.547416     -3.815399    
  2.547523     -3.876113    
  2.551049     -3.903817    
  2.551118     -3.853696    
  2.551204     -3.849852    
  2.551316     -3.844814    
  2.551403     -3.845927    
  2.554923     -4.814599    
  2.558382     -3.556771    
  2.558469     -3.651921    
  2.558869     -3.670848    
  2.558956     -3.592315    
  2.561154     -4.171109    
  2.561240     -3.849731    
  2.561557     -3.765299    
  2.561644     -3.783325    
  2.564817     -4.419870    
  2.564904     -3.839514    
  2.567815     -3.896716    
  2.570708     -4.366554    
  2.570794     -3.914797    
  2.571315     -3.909133    
  2.571402     -3.906634    
  2.571490     -3.901041    
  2.571576     -3.890166    
  2.572470     -3.863715    
  2.572557     -4.451504    
  2.576787     -3.632771    
  2.580976     -4.182196    
  2.581063     -3.840578    
  2.582880     -3.857094    
  2.582967     -3.863887    
  2.583821     -3.872381    
  2.583908     -4.580492    
  2.584933    -100.00000    
  2.585020    -100.00000    
  2.586210     -3.453861    
  2.586262     -3.418671    
  2.586349     -3.812150    
  2.588885     -3.665094    
  2.588972     -4.192720    
  2.590598     -3.796266    
  2.590685     -3.565079    
  2.593482     -3.654768    
  2.596260     -3.828134    
  2.596347     -3.702136    
  2.597094     -4.957539    
  2.597181    -100.00000    
  2.597646     -4.539409    
  2.597733     -3.940486    
  2.600152     -3.816237    
  2.600239     -3.891502    
  2.601008     -3.922990    
  2.601094     -3.881795    
  2.604131     -4.221796    
  2.607145     -3.916117    
  2.607232     -3.942614    
  2.607324     -3.934303    
  2.607480     -3.934915    
  2.607567     -3.941518    
  2.607898     -3.968851    
  2.607985     -3.979294    
  2.608789     -3.960840    
  2.608876     -3.939335    
  2.609811     -3.966233    
  2.609898     -4.038519    
  2.612121     -3.994087    
  2.614332     -3.966254    
  2.614419     -4.010669    
  2.615617     -3.947220    
  2.615704     -3.965707    
  2.616177     -3.983539    
  2.616264     -3.985873    
  2.617793     -4.025821    
  2.617880     -4.120446    
  2.620859     -4.968854    
  2.620946     -3.998502    
  2.623214     -4.011688    
  2.625471     -3.797145    
  2.625557     -3.835230    
  2.626297     -3.491112    
  2.626384     -3.426603    
  2.629798     -3.584448    
  2.633186     -3.938580    
  2.633273     -3.839934    
  2.634349     -3.916383    
  2.634435     -3.925511    
  2.634827     -3.937389    
  2.634914     -4.066356    
  2.636215     -4.053292    
  2.636302     -4.233871    
  2.637231     -4.038343    
  2.637318     -4.170403    
  2.639844     -4.037595    
  2.642355     -3.940958    
  2.642442     -3.883583    
  2.644205     -4.058097    
  2.644292     -4.210011    
  2.644578     -4.233582    
  2.644665     -4.194610    
  2.646436     -4.099733    
  2.646523     -4.109038    
  2.648315     -4.040118    
  2.648402     -4.050842    
  2.648476     -4.052285    
  2.648563     -4.076931    
  2.649502     -4.065565    
  2.649589     -4.068599    
  2.650015     -4.319613    
  2.650101     -4.124804    
  2.652023     -4.256070    
  2.652110     -4.042958    
  2.653477     -3.916273    
  2.653564     -3.900778    
  2.653758     -3.902751    
  2.653845     -3.903189    
  2.656371     -4.090049    
  2.656458     -4.320466    
  2.657291     -4.381005    
  2.657378     -4.170566    
  2.659033     -4.034954    
  2.660682     -4.032376    
  2.660769     -3.938671    
  2.662838    -100.00000    
  2.662925     -4.072705    
  2.664361     -3.842791    
  2.664448     -3.861686    
  2.664909     -3.863345    
  2.664996     -3.867811    
  2.667441     -3.981016    
  2.668659     -4.220903    
  2.669873     -4.002149    
  2.669960     -4.057413    
  2.671570     -4.328679    
  2.673175     -4.299283    
  2.674773     -4.032567    
  2.676365     -4.111185    
  2.676452     -4.090697    
  2.677193     -4.103531    
  2.677280     -4.107281    
  2.678402     -4.132099    
  2.679522     -4.124212    
  2.680638     -4.147866    
  2.681752     -4.130443    
  2.681839     -4.086053    
  2.682994     -4.413483    
  2.684147     -4.526907    
  2.684233     -4.325597    
  2.684319     -4.282770    
  2.684406     -4.219027    
  2.685617     -4.024584    
  2.685704     -4.023091    
  2.685988     -4.125575    
  2.686075     -4.236638    
  2.687275     -4.016663    
  2.688471     -4.215999    
  2.689665    -100.00000    
  2.690854     -4.047366    
  2.690941     -4.060386    
  2.691662     -3.999582    
  2.692382     -3.912162    
  2.693100     -3.970853    
  2.693817     -3.994353    
  2.693904     -4.004628    
  2.694490     -4.029785    
  2.695075     -4.049774    
  2.695162     -4.052884    
  2.695331     -4.061880    
  2.695418     -4.069796    
  2.696036     -4.092232    
  2.696123     -4.094175    
  2.697045     -4.113878    
  2.697132     -4.092802    
  2.697891     -4.243447    
  2.698648     -4.164591    
  2.698717     -4.129149    
  2.698803     -3.977317    
  2.699667     -4.083932    
  2.700098     -3.962185    
  2.700529     -3.924965    
  2.700616     -3.913196    
  2.701097     -3.889374    
  2.701577     -3.900800    
  2.702057     -3.924856    
  2.702537     -3.943647    
  2.702610     -3.948163    
  2.702697     -3.960418    
  2.704230     -4.056472    
  2.704317     -4.049981    
  2.704748     -4.066554    
  2.704835     -4.053199    
  2.706154    -100.00000    
  2.706241     -6.579467    
  2.706290     -4.955924    
  2.706377     -4.570283    
  2.707629     -4.185506    
  2.707716     -4.219266    
  2.709271     -4.179890    
  2.709358     -4.095987    
  2.709449     -4.092073    
  2.709536     -4.082097    
  2.709681     -4.074940    
  2.709768     -4.075869    
  2.709828     -4.076683    
  2.709915     -4.078042    
  2.710033     -4.079896    
  2.710119     -4.082668    
  2.713272     -4.156637    
  2.716402     -4.401857    
  2.716489     -4.359652    
  2.718816     -4.481764    
  2.718903     -3.993871    
  2.720712     -4.290662    
  2.720799    -100.00000    
  2.721478     -4.256810    
  2.721565     -4.380932    
  2.721792     -4.478342    
  2.721879     -4.143592    
  2.725251     -4.088925    
  2.725338     -4.057209    
  2.727078     -4.084586    
  2.727165     -3.961741    
  2.730036     -4.227061    
  2.730123     -4.462785    
  2.733151     -3.866685    
  2.733238     -4.002886    
  2.733842     -3.860426    
  2.733929     -4.495300    
  2.737074     -3.983849    
  2.737161     -4.048459    
  2.737825     -4.119383    
  2.737912     -4.079590    
  2.740300     -4.075594    
  2.740387     -4.021732    
  2.741710     -4.433681    
  2.741797     -4.075860    
  2.744319     -5.107000    
  2.746826     -3.968593    
  2.746913     -4.054141    
  2.748474     -4.098151    
  2.748561     -4.551742    
  2.752296     -4.162486    
  2.752383     -4.135042    
  2.754509     -4.110360    
  2.754596     -4.117439    
  2.754850     -4.131977    
  2.754937     -4.138057    
  2.755686     -4.170201    
  2.755773     -4.173455    
  2.755894     -4.393307    
  2.758471     -4.611096    
  2.758558     -4.303903    
  2.759027     -4.436198    
  2.759113     -4.773454    
  2.759268     -4.692487    
  2.759355     -4.306973    
  2.759981     -4.170196    
  2.760067     -4.166231    
  2.760747     -4.678872    
  2.760833     -4.313715    
  2.762305     -4.124851    
  2.762392     -4.191217    
  2.763491     -4.574757    
  2.763577     -4.221276    
  2.764577     -4.158709    
  2.764664     -4.164292    
  2.765524     -4.157718    
  2.765611     -4.191057    
  2.767568     -4.330211    
  2.767655     -4.217960    
  2.768842     -4.245769    
  2.768929     -4.264898    
  2.771196     -4.324738    
  2.771283     -4.305525    
  2.771358     -4.305720    
  2.771445     -4.269151    
  2.773649     -4.469905    
  2.775841     -4.476705    
  2.775928     -4.631760    
  2.777541     -4.435243    
  2.777628    -100.00000    
  2.778824     -4.156170    
  2.778910     -4.163878    
  2.782300     -4.101925    
  2.782387     -4.272067    
  2.783749     -4.187593    
  2.783836     -4.929739    
  2.787507     -4.054667    
  2.787594     -3.980833    
  2.790506     -4.435619    
  2.793400     -4.248190    
  2.796274     -4.628602    
  2.799129     -4.605147    
  2.799216    -100.00000    
  2.799875     -5.300942    
  2.799961     -4.865296    
  2.800228     -4.464371    
  2.800315     -4.224380    
  2.802759     -4.045597    
  2.805189     -4.167887    
  2.805276     -4.202270    
  2.807759     -4.469668    
  2.810229     -4.243024    
  2.810316     -4.250549    
  2.813524     -4.356317    
  2.813611     -4.376217    
  2.814474     -4.400879    
  2.814561     -4.420563    
  2.817018     -4.472483    
  2.817105     -4.493370    
  2.819648     -4.566109    
  2.822177     -4.348915    
  2.822264     -4.382326    
  2.826003     -4.213377    
  2.826090     -4.325056    
  2.829167     -4.489072    
  2.829254     -4.477593    
  2.829613     -4.482445    
  2.829700     -4.511507    
  2.832781     -4.625872    
  2.832867     -4.548248    
  2.832995     -4.560729    
  2.833082     -4.714645    
  2.836249     -4.753592    
  2.836336     -4.206930    
  2.839377     -4.099274    
  2.839464     -4.155841    
  2.840558     -4.203386    
  2.840645     -4.224045    
  2.842706     -4.374464    
  2.842793     -4.370870    
  2.843374     -4.397097    
  2.843461     -4.396548    
  2.843577     -4.402548    
  2.843663     -4.411630    
  2.844722     -4.434622    
  2.844809     -4.429559    
  2.845992     -4.482395    
  2.846079     -4.476531    
  2.846320     -4.480541    
  2.846407     -4.391458    
  2.846929    -100.00000    
  2.847016     -5.279512    
  2.850284     -4.190978    
  2.850371     -4.317766    
  2.851272     -4.335222    
  2.851359     -4.337392    
  2.851605     -4.349749    
  2.851692     -4.386023    
  2.853657     -4.369498    
  2.853744     -4.383368    
  2.856721     -4.359185    
  2.856808     -4.352919    
  2.859953     -4.471979    
  2.863077     -4.670008    
  2.863164     -4.652618    
  2.864011     -4.478714    
  2.864097     -4.465286    
  2.864929     -4.316625    
  2.865016     -4.299813    
  2.868335     -4.342310    
  2.868422     -4.369795    
  2.870319     -4.499563    
  2.870406     -4.485108    
  2.871477     -4.526853    
  2.871560     -4.530311    
  2.871647     -4.544673    
  2.871746     -4.569856    
  2.871833     -4.560032    
  2.875793     -4.643226    
  2.879716     -4.570845    
  2.879803     -4.540598    
  2.880314     -4.537031    
  2.880401     -5.005029    
  2.882313     -4.825848    
  2.882400     -4.494590    
  2.882670     -4.382156    
  2.882757     -4.271825    
  2.885708     -4.302744    
  2.885795     -4.359616    
  2.887555     -4.951287    
  2.887642     -4.488870    
  2.891964     -4.446065    
  2.892051    -100.00000    
  2.893704     -4.281962    
  2.893791     -4.327729    
  2.894071     -4.294521    
  2.894158     -4.278988    
  2.895095     -4.269912    
  2.895182     -4.172969    
  2.897787    -100.00000    
  2.897874     -4.745583    
  2.900589     -4.291013    
  2.900676     -4.388376    
  2.904168     -4.823895    
  2.904255    -100.00000    
  2.905026     -4.673644    
  2.905113     -4.492537    
  2.908003     -4.394233    
  2.908090     -4.357195    
  2.908185     -4.356660    
  2.908477     -4.363116    
  2.908564     -4.365584    
  2.909361     -4.413155    
  2.909448     -4.420849    
  2.910383     -4.480768    
  2.910470     -4.487617    
  2.911970     -4.562928    
  2.912057     -4.566075    
  2.914427     -4.600607    
  2.916785     -4.665809    
  2.916872     -4.664206    
  2.917171     -4.666728    
  2.917258     -4.666083    
  2.920236     -4.724288    
  2.920323     -4.717755    
  2.920418     -4.759396    
  2.922032    -100.00000    
  2.922118     -4.636999    
  2.925029     -4.480735    
  2.925116     -4.518693    
  2.925353     -4.517446    
  2.925440     -4.518134    
  2.925683     -4.522032    
  2.925770     -4.524605    
  2.925849     -4.527357    
  2.925936     -4.535362    
  2.927554     -4.602323    
  2.927641     -4.602383    
  2.927759     -4.605696    
  2.927950     -4.609964    
  2.928037     -4.667617    
  2.929127     -4.398053    
  2.929213     -4.418727    
  2.929524     -4.398950    
  2.929611     -4.391257    
  2.930245     -4.385708    
  2.930332     -4.391611    
  2.930644     -4.407476    
  2.930731     -4.412527    
  2.931247     -4.451377    
  2.931334     -4.461684    
  2.932296     -4.544706    
  2.932383     -4.538142    
  2.934646     -4.597519    
  2.934733     -4.613629    
  2.935353     -4.638720    
  2.935440     -4.637492    
  2.939332     -4.734703    
  2.939418     -4.747039    
  2.943758     -4.756449    
  2.943845     -4.740501    
  2.944467     -4.742999    
  2.944554     -4.748569    
  2.945191     -4.741807    
  2.945278     -4.739555    
  2.946273     -4.738592    
  2.946360     -4.764863    
  2.946687     -4.604675    
  2.946774     -4.490459    
  2.949861     -4.566200    
  2.949948     -4.574884    
  2.950064     -4.574430    
  2.950137     -4.575015    
  2.950211     -4.577291    
  2.950298     -4.583326    
  2.950637     -4.592823    
  2.950724     -4.587868    
  2.950770     -4.585349    
  2.950857     -4.578605    
  2.951287     -4.556413    
  2.951374     -4.551786    
  2.952601     -4.612397    
  2.952688     -4.612243    
  2.952960     -4.615633    
  2.953047     -4.615298    
  2.953706     -4.634256    
  2.953793     -4.638762    
  2.954344     -4.648929    
  2.954431     -4.647690    
  2.955685     -4.675488    
  2.955739     -4.680870    
  2.955826     -4.684285    
  2.956162     -4.696903    
  2.956249     -4.700280    
  2.956346     -4.704208    
  2.956433     -4.707686    
  2.956797     -4.718931    
  2.956884     -4.720798    
  2.956929     -4.721867    
  2.957016     -4.725309    
  2.958622     -4.758194    
  2.958708     -4.758158    
  2.958913     -4.761081    
  2.959000     -4.761586    
  2.959196     -4.762620    
  2.959283     -4.763003    
  2.959385     -4.762855    
  2.959471     -4.763294    
  2.959520     -4.765568    
  2.959575     -4.774268    
  2.959642     -4.799928    
  2.959686     -4.886265    
  2.960694     -4.867947    
  2.960781     -4.797060    
  2.961021     -4.749113    
  2.961108     -4.736787    
  2.961209     -4.714618    
  2.963780     -4.738807    
  2.963867     -4.940320    
  2.966863     -4.679782    
  2.969838     -4.672962    
  2.972793     -4.760493    
  2.975728     -4.727765    
  2.975815     -4.676211    
  2.976171     -4.675072    
  2.976258    -100.00000    
  2.979351     -4.190986    
  2.982423     -4.568751    
  2.982509     -4.459192    
  2.982872     -4.466294    
  2.982959     -4.440843    
  2.985659     -4.668601    
  2.988343     -5.056484    
  2.991011     -4.401346    
  2.993662     -4.268755    
  2.996297     -4.648057    
  2.998916     -4.619379    
  3.001519     -4.722051    
  3.004107     -4.744146    
  3.004194     -4.771287    
  3.007954     -4.927081    
  3.008041     -4.904084    
  3.011581     -4.866611    
  3.015092     -4.920036    
  3.018574     -4.481817    
  3.022029     -4.819582    
  3.022116     -4.690905    
  3.025489     -4.892288    
  3.025575     -4.800061    
  3.029166     -4.848216    
  3.032728     -4.993502    
  3.036260     -4.876521    
  3.039764     -4.571055    
  3.043240     -5.088313    
  3.046688     -4.285080    
  3.050109     -4.495088    
  3.053504     -4.772994    
  3.053591     -4.523465    
  3.056570     -4.548783    
  3.059529     -4.639987    
  3.059616     -4.699227    
  3.061712     -4.909850    
  3.061799     -5.043974    
  3.061872     -5.063352    
  3.061959     -4.960934    
  3.062919     -4.968126    
  3.063006     -4.993189    
  3.065043     -4.994497    
  3.065130     -4.967545    
  3.067491     -5.142787    
  3.067578    -100.00000    
  3.069763     -4.669396    
  3.071937     -4.463760    
  3.072024     -4.422109    
  3.074321     -4.472124    
  3.074408     -4.527811    
  3.077730     -4.966790    
  3.081028     -4.578093    
  3.081115     -4.603563    
  3.083823     -5.023831    
  3.086515     -4.559981    
  3.089190     -4.683272    
  3.091849     -4.520737    
  3.091936     -4.461541    
  3.093217     -4.464238    
  3.093303     -4.467854    
  3.096155     -4.701888    
  3.096242     -4.664408    
  3.099969     -5.094893    
  3.100056     -5.049857    
  3.102484     -4.895694    
  3.102571     -4.906795    
  3.104805     -5.065726    
  3.104892     -5.033022    
  3.105931     -4.915744    
  3.106018     -4.983278    
  3.106079     -5.046622    
  3.106166     -5.171153    
  3.106856     -5.082156    
  3.106943     -4.934367    
  3.109794     -5.128642    
  3.109881     -4.948620    
  3.110486     -4.847562    
  3.110573     -4.855837    
  3.112005     -4.914890    
  3.112092     -4.945086    
  3.112365     -5.034961    
  3.112452     -5.076321    
  3.114687     -4.933108    
  3.114774     -5.015273    
  3.114901     -4.957093    
  3.114988     -4.902233    
  3.117740     -5.108559    
  3.117827     -5.001923    
  3.118223     -4.991186    
  3.118310     -5.022781    
  3.122171     -4.973467    
  3.125997     -5.077535    
  3.126084     -5.136003    
  3.127687     -5.268780    
  3.127774     -5.502512    
  3.131268     -4.807128    
  3.131355     -4.936787    
  3.133775     -4.816125    
  3.136182     -4.879847    
  3.136269     -5.064994    
  3.138689     -4.972150    
  3.141096     -4.725250    
  3.143489     -4.947353    
  3.145869     -5.162662    
  3.145956     -5.257086    
  3.146758     -5.838410    
  3.146845     -4.896231    
  3.149072     -4.714896    
  3.151287     -4.939492    
  3.151374     -4.917862    
  3.153068     -4.957321    
  3.153155     -4.971554    
  3.153248     -4.982480    
  3.153335     -4.993636    
  3.153381     -4.998676    
  3.153425     -5.002941    
  3.153479     -5.031265    
  3.156074     -5.154027    
  3.156161     -5.069806    
  3.160418     -5.275020    
  3.164633     -5.424683    
  3.164720     -5.411420    
  3.167983     -5.446945    
  3.168070     -5.453801    
  3.170695     -5.418370    
  3.173303     -5.426087    
  3.173390     -5.433687    
  3.174167     -5.440143    
  3.174254     -5.440753    
  3.176868     -5.460318    
  3.179466     -5.479694    
  3.179553     -5.477521    
  3.182832     -5.485161    
  3.186087     -5.488944    
  3.186174     -5.487547    
  3.188338     -5.493080    
  3.188425    -100.00000    
  3.191899     -4.924118    
  3.191986     -4.544257    
  3.192224     -4.500400    
  3.192311     -4.427532    
  3.194885     -4.436400    
  3.194972     -4.478897    
  3.196916     -4.741738    
  3.197003     -4.765442    
  3.199617     -5.261006    
  3.202215     -5.063932    
  3.204798     -5.053314    
  3.207365     -5.213821    
  3.207452     -5.228358    
  3.209491     -5.389138    
  3.209578     -5.321244    
  3.213892     -6.490472    
  3.218164     -4.531423    
  3.218251     -4.602124    
  3.221052     -4.843107    
  3.223835     -5.267703    
  3.226600     -5.422103    
  3.229347     -5.361739    
  3.229434     -5.367382    
  3.231857     -5.518932    
  3.234265     -5.557947    
  3.234352     -5.563064    
  3.236049     -5.580681    
  3.236136     -5.568361    
  3.236180     -5.566431    
  3.236267     -5.546942    
  3.238739     -5.472136    
  3.241164     -5.521573    
  3.243575     -5.556589    
  3.245973     -5.572251    
  3.246060     -5.565668    
  3.246189     -5.568240    
  3.247464     -5.560943    
  3.247551     -5.556849    
  3.248152     -5.562610    
  3.248239     -5.564608    
  3.249187     -5.577639    
  3.249274     -5.576548    
  3.251523     -5.607629    
  3.251610     -5.654642    
  3.255359     -5.522278    
  3.259075     -5.503553    
  3.262760     -5.602358    
  3.266414     -5.642680    
  3.266501     -5.620900    
  3.269936     -5.637428    
  3.273344     -5.589264    
  3.276725     -5.655911    
  3.280080     -5.437832    
  3.283409     -5.465884    
  3.286714     -5.479242    
  3.289993     -5.578978    
  3.293247     -5.646439    
  3.293334     -5.649181    
  3.296691     -5.713006    
  3.300022     -5.701998    
  3.303327     -5.672209    
  3.306608     -5.613914    
  3.306694     -5.629854    
  3.310624     -5.664253    
  3.310710     -5.652499    
  3.310941     -5.658233    
  3.311027     -5.653252    
  3.311634     -5.705435    
  3.311721     -5.725911    
  3.311773     -5.731289    
  3.311825     -5.735930    
  3.311868     -5.901205    
  3.315460     -5.418259    
  3.318980     -5.506630    
  3.322472     -5.676472    
  3.325936     -5.472087    
  3.329372     -5.472145    
  3.332782     -5.613658    
  3.336165     -5.721116    
  3.339521     -5.831630    
  3.342852     -5.772126    
  3.346158     -5.743030    
  3.349439     -5.749443    
  3.352695     -5.793336    
  3.355927     -5.797867    
  3.359135     -5.945664    
  3.362319     -5.300965    
  3.365480     -5.375990    
  3.365567     -5.393899    
  3.367462     -5.494574    
  3.367549     -5.623095    
  3.371229     -5.510393    
  3.374878     -5.746297    
  3.378497     -5.885718    
  3.382086     -5.693143    
  3.382173     -5.395827    
  3.385882     -5.445211    
  3.385969     -5.490794    
  3.388254     -5.741816    
  3.390528     -5.880092    
  3.392789     -5.981909    
  3.395039     -6.030454    
  3.395126     -6.028772    
  3.398000     -6.135407    
  3.400855     -5.963742    
  3.400942     -5.801972    
  3.403656     -5.755896    
  3.403743     -5.479223    
  3.406570     -5.231891    
  3.409379     -5.542881    
  3.412170     -5.934753    
  3.414942     -5.997904    
  3.415029     -5.778584    
  3.419186     -5.869878    
  3.423303     -6.073381    
  3.427382     -6.147598    
  3.431422     -6.136458    
  3.431509     -5.868571    
  3.434904     -5.809626    
  3.438273     -5.763641    
  3.441616     -5.810828    
  3.444934     -6.083565    
  3.445021     -6.069427    
  3.447515     -5.804779    
  3.449995     -5.949848    
  3.452462     -5.912133    
  3.454914     -5.927298    
  3.455001     -5.965608    
  3.458181     -6.095204    
  3.461337     -6.265760    
  3.464472     -5.915214    
  3.467583     -5.585572    
  3.467670     -5.690160    
  3.469453     -5.784429    
  3.469540     -5.809766    
  3.471179     -5.934665    
  3.471266     -5.863484    
  3.474100     -6.110548    
  3.474187     -6.023758    
  3.477329     -6.030225    
  3.480449     -5.981670    
  3.483547     -5.971959    
  3.486623     -5.997814    
  3.486710     -6.288358    
  3.490510     -6.086127    
  3.494277     -6.283167    
  3.494364     -6.239646    
  3.496959     -5.853137    
  3.499539     -5.897873    
  3.502104     -6.032724    
  3.504653     -6.199184    
  3.507188     -5.807880    
  3.509708     -5.828684    
  3.512213     -6.098751    
  3.514705     -6.166715    
  3.517181     -6.218817    
  3.519644     -6.315109    
  3.522093     -6.283455    
  3.524529     -6.239217    
  3.526950     -6.281277    
  3.529358     -6.311741    
  3.531753     -6.650987    
  3.534135     -5.366298    
  3.534222     -5.605143    
  3.536956     -6.172760    
  3.539673     -5.875007    
  3.542373     -6.113954    
  3.545057     -6.301532    
  3.547724     -6.394209    
  3.550374     -6.451393    
  3.553009     -6.367572    
  3.555627     -6.396497    
  3.555714     -6.405620    
  3.558846     -6.460959    
  3.558933     -6.466332    
  3.559291     -6.471165    
  3.559378     -6.473764    
  3.560973     -6.485111    
  3.561019     -6.486121    
  3.561106     -6.486210    
  3.561702     -6.493174    
  3.561789     -6.493517    
  3.562293     -6.501845    
  3.562360     -6.504517    
  3.562447     -6.539560    
  3.565681     -6.486587    
  3.565768     -6.235311    
  3.568672     -6.196171    
  3.571556     -6.084472    
  3.574422     -6.337756    
  3.577268     -6.228877    
  3.580096     -6.386695    
  3.582906     -6.373518    
  3.585698     -6.300346    
  3.588471     -6.417098    
  3.591228     -6.464004    
  3.593966     -6.459262    
  3.596688     -6.416261    
  3.599393     -6.372433    
  3.602081     -6.332557    
  3.604752     -6.444536    
  3.607407     -6.488944    
  3.610046     -6.601791    
  3.610133     -6.590814    
  3.612945     -6.582293    
  3.615738     -6.579756    
  3.618514     -6.590910    
  3.621272     -6.539822    
  3.624013     -6.590795    
  3.626737     -6.472403    
  3.629443     -6.566015    
  3.630428     -6.613401    
  3.632133     -6.670475    
  3.632220     -6.681981    
  3.634575     -6.741385    
  3.636918     -6.777382    
  3.639248     -6.652345    
  3.641565     -6.668462    
  3.643871     -6.703202    
  3.646164     -6.751754    
  3.648445     -6.862272    
  3.650714     -6.519744    
  3.650801     -6.419373    
  3.654938     -6.496762    
  3.655025     -6.590820    
  3.659341     -6.639368    
  3.663615     -6.717415    
  3.663702     -6.724833    
  3.666928     -6.605081    
  3.670130     -6.452475    
  3.673309     -5.779616    
  3.676464     -6.090930    
  3.679597     -6.701448    
  3.682707     -6.776917    
  3.685795     -6.896237    
  3.688862     -6.669416    
  3.688948     -6.697476    
  3.691459     -6.735092    
  3.691546     -6.747914    
  3.694107     -6.829796    
  3.696652     -6.926164    
  3.696739     -6.921010    
  3.700634     -6.913327    
  3.704495     -6.920466    
  3.708321     -6.981029    
  3.712114     -6.963506    
  3.712650     -6.943491    
  3.715873     -6.966522    
  3.719601     -6.997000    
  3.723297     -6.940922    
  3.726962     -6.926704    
  3.730596     -7.037642    
  3.734200     -6.861503    
  3.737774     -6.653932    
  3.741319     -6.732513    
  3.744836     -7.027165    
  3.748324     -6.900132    
  3.751784     -6.840028    
  3.755217     -7.056737    
  3.755304     -7.015000    
  3.755522     -7.024308    
  3.755609     -7.046070    
  3.756737     -7.065496    
  3.756824     -7.084473    
  3.760554     -7.380970    
  3.764252     -6.484399    
  3.767919     -5.835770    
  3.771555     -6.369163    
  3.775161     -7.044492    
  3.778151     -7.742494    
  3.778737     -7.028834    
  3.782284     -7.123964    
  3.785802     -7.188339    
  3.789292     -7.214080    
  3.792754     -7.186896    
  3.796189     -7.191620    
  3.799596     -7.231518    
  3.802978     -7.218845    
  3.806333     -7.251827    
  3.809662     -7.329432    
  3.812966     -6.981736    
  3.813053     -7.213441    
  3.815257     -7.318724    
  3.817449     -7.144868    
  3.817536     -6.964245    
  3.821296     -6.885411    
  3.821383     -6.935713    
  3.821564     -6.947087    
  3.821651     -6.976884    
  3.825332     -7.209659    
  3.828982     -7.229177    
  3.832602     -7.311539    
  3.836192     -7.333548    
  3.836279     -7.339162    
  3.838150     -7.353995    
  3.838237     -7.328469    
  3.840853     -7.285139    
  3.843453     -7.334559    
  3.846037     -7.388708    
  3.848607     -7.079519    
  3.848694     -6.907161    
  3.853036     -7.054580    
  3.857335     -7.318544    
  3.861592     -7.347210    
  3.865808     -7.437536    
  3.865895     -7.429775    
  3.868545     -7.444800    
  3.871179     -7.453458    
  3.871266     -7.475430    
  3.874225     -7.463762    
  3.877163     -7.459194    
  3.880081     -7.457965    
  3.882980     -7.341547    
  3.885860     -7.150028    
  3.888721     -6.763849    
  3.891563     -7.000536    
  3.894387     -7.383804    
  3.894474     -7.366350    
  3.896842     -7.374084    
  3.899197     -7.431909    
  3.901540     -7.481104    
  3.903870     -7.468000    
  3.906188     -7.298199    
  3.908494     -7.475018    
  3.910787     -7.319331    
  3.913068     -7.460397    
  3.913155     -7.464952    
  3.913273     -7.468306    
  3.913769     -7.479743    
  3.913856     -7.481866    
  3.913972     -7.489057    
  3.915648     -7.545863    
  3.915735     -7.544041    
  3.916915     -7.314453    
  3.917002     -7.297312    
  3.920011     -7.364050    
  3.923000     -7.513555    
  3.925968     -7.590005    
  3.928916     -7.619165    
  3.931844     -7.620855    
  3.934752     -7.627350    
  3.937641     -7.641685    
  3.940511     -7.639403    
  3.943362     -7.643646    
  3.946195     -7.653409    
  3.949009     -7.519108    
  3.951805     -7.591085    
  3.954584     -7.647013    
  3.957344     -7.655886    
  3.960087     -7.682586    
  3.962813     -7.695563    
  3.962900     -7.703773    
  3.965521     -7.694043    
  3.968126     -7.705609    
  3.970716     -7.631056    
  3.973291     -7.442134    
  3.975850     -7.535589    
  3.978394     -7.693505    
  3.980924     -7.700867    
  3.983439     -7.737224    
  3.983526     -7.740813    
  3.986607     -7.768732    
  3.989666     -7.731493    
  3.992704     -7.724112    
  3.995722     -7.777895    
  3.998718     -7.815880    
  4.001693     -7.832456    
  4.004649     -7.622531    
  4.007584     -7.256730    
  4.007671     -7.243293    
  4.010289     -7.373149    
  4.012892     -7.688630    
  4.015479     -7.777871    
  4.018051     -7.807003    
  4.020607     -7.806230    
  4.023149     -7.732668    
  4.025675     -7.707668    
  4.028187     -7.809882    
  4.030685     -7.875454    
  4.033169     -7.989491    
  4.035638     -7.526212    
  4.038093     -7.507916    
  4.040535     -7.616501    
  4.042963     -7.769068    
  4.045377     -7.854572    
  4.047778     -7.909761    
  4.047865     -7.911065    
  4.050191     -7.952591    
  4.050278     -7.952671    
  4.052927     -7.975595    
  4.055559     -7.985614    
  4.058176     -7.982971    
  4.060777     -7.988031    
  4.063363     -8.062050    
  4.065933     -7.777453    
  4.068489     -7.549736    
  4.071029     -7.691918    
  4.073555     -7.985161    
  4.076066     -7.503274    
  4.078562     -7.511421    
  4.081044     -7.735304    
  4.083513     -7.969640    
  4.085967     -7.993197    
  4.088407     -8.036456    
  4.090834     -8.043172    
  4.090921     -8.039493    
  4.093448     -8.068262    
  4.095961     -8.054725    
  4.098459     -8.075757    
  4.100943     -8.080164    
  4.103413     -8.098653    
  4.105869     -8.107708    
  4.108311     -7.956174    
  4.110740     -7.903276    
  4.113155     -7.982697    
  4.115556     -8.081305    
  4.117944     -8.128072    
  4.120320     -8.118378    
  4.122682     -8.136661    
  4.125032     -8.195164    
  4.127369     -7.940862    
  4.129693     -8.017663    
  4.129780     -7.992062    
  4.133136     -8.083117    
  4.136466     -8.172749    
  4.139770     -8.187541    
  4.143050     -8.203388    
  4.146305     -7.901633    
  4.149536     -8.054426    
  4.152743     -8.206927    
  4.155926     -8.193192    
  4.156013     -8.237291    
  4.158880     -8.058946    
  4.161727     -8.491425    
  4.161814     -8.271272    
  4.163762     -8.175536    
  4.163849     -8.215791    
  4.166924     -8.268334    
  4.167011     -8.423263    
  4.169326     -8.094627    
  4.171629     -8.189076    
  4.173920     -7.996674    
  4.176198     -8.150796    
  4.178465     -8.242054    
  4.180720     -8.294868    
  4.182963     -8.320760    
  4.185195     -8.330368    
  4.187415     -8.336766    
  4.189624     -8.339502    
  4.191822     -8.344055    
  4.194009     -8.358784    
  4.198350     -8.283798    
  4.202647     -8.344684    
  4.202734     -8.347270    
  4.204957     -8.352799    
  4.207168     -8.376045    
  4.209369     -8.390320    
  4.211558     -8.391778    
  4.213736     -8.398981    
  4.215903     -8.393629    
  4.220205     -8.402204    
  4.224465     -8.423977    
  4.228684     -8.370210    
  4.232862     -8.364700    
  4.237000     -8.428965    
  4.237088     -8.490551    
  4.240818     -7.937618    
  4.244516     -8.282995    
  4.248183     -8.466556    
  4.251819     -8.479217    
  4.255425     -8.489138    
  4.259002     -8.441204    
  4.262549     -8.503414    
  4.266067     -8.527034    
  4.266154     -8.520407    
  4.270079     -8.565419    
  4.270166     -8.434484    
  4.274271     -7.948346    
  4.278338     -8.146334    
  4.282367     -8.495183    
  4.286359     -8.489595    
  4.290314     -8.540640    
  4.294234     -8.605857    
  4.298119     -8.617894    
  4.301969     -8.656077    
  4.302056     -8.653491    
  4.306016     -8.666305    
  4.309939     -8.607212    
  4.313828     -8.757206    
  4.317682     -8.368190    
  4.321502     -8.250864    
  4.325289     -8.569161    
  4.329043     -8.685265    
  4.332765     -8.722535    
  4.332852     -8.721068    
  4.335453     -8.699231    
  4.338038     -8.792245    
  4.340608     -8.505981    
  4.343162     -8.647027    
  4.345702     -8.564484    
  4.348227     -8.694172    
  4.350737     -8.749986    
  4.353233     -8.786185    
  4.353320     -8.783508    
  4.356074     -8.772922    
  4.356161     -8.780435    
  4.357582     -8.790940    
  4.357669     -8.790308    
  4.360115     -8.803740    
  4.362547     -8.799613    
  4.362634     -8.806152    
  4.365286     -8.807235    
  4.367922     -8.816209    
  4.370542     -8.800650    
  4.373146     -8.760148    
  4.375735     -8.788192    
  4.378308     -8.820498    
  4.380867     -8.856220    
  4.383410     -8.929170    
  4.385938     -8.516711    
  4.388452     -8.564901    
  4.390952     -8.758234    
  4.393437     -8.838810    
  4.395908     -8.887178    
  4.398365     -8.908048    
  4.400808     -8.918557    
  4.403238     -8.926907    
  4.405653     -8.912723    
  4.408056     -8.956722    
  4.410445     -8.853170    
  4.412822     -8.912746    
  4.415185     -8.938685    
  4.417536     -8.952876    
  4.419874     -8.926963    
  4.422199     -8.869327    
  4.424512     -8.859816    
  4.426813     -8.948065    
  4.429102     -8.980244    
  4.431378     -8.978658    
  4.433643     -8.970833    
  4.435896     -8.985734    
  4.438138     -8.983853    
  4.440368     -9.024190    
  4.440455     -9.015940    
  4.442913     -9.032291    
  4.445357     -9.041680    
  4.447787     -9.050577    
  4.450204     -8.816876    
  4.452608     -9.047516    
  4.454999     -8.745785    
  4.457376     -8.915996    
  4.459740     -8.949131    
  4.462092     -8.991694    
  4.464431     -9.052486    
  4.466757     -9.064121    
  4.469071     -9.098885    
  4.471373     -9.102981    
  4.473663     -9.116765    
  4.475940     -9.126174    
  4.478206     -8.937053    
  4.512937     -9.087036    
  4.513024     -9.215201    
  4.514610     -9.211883    
  4.514697     -9.245185    
  4.515945     -9.212082    
  4.516032     -9.187917    
  4.585469     -9.421796    
  4.585556     -9.380090    
  4.648489     -9.523224    
  4.648576     -9.595538    
  4.649548     -9.600702    
  4.649635     -9.601265    
  4.649838     -9.602499    
  4.649925     -9.523721    
  4.709765     -9.682261    
  4.709852     -9.765772    
  4.765753     -9.875523    
  4.765822     -9.955819    
  4.765909     -9.910477    
  4.818480     -10.10692    
  4.818567     -10.01431    
  4.868094     -10.15664    
  4.868152     -10.16867    
  4.868214     -10.14060    
  4.915089     -10.42262    
  4.915176     -10.38499    
  4.959449     -10.50273    
  4.959536     -10.49423    
  4.959642     -10.22266    
  4.959729     -10.45725    
  5.002021     -10.50600    
  5.002108     -10.63939    
  5.041986     -10.75821    
  5.042072     -10.75988    
  5.042428     -10.76100    
  5.042515     -10.72165    
  5.081038     -10.86358    
  5.081125     -10.77724    
  5.117569     -11.01198    
  5.117655     -11.09128    
  5.118005     -10.75422    
  5.118092     -10.79257    
  5.153462     -11.21309    
  5.153549     -11.07980    
  5.187204     -11.20049    
  5.187290     -11.18283    
  5.187529     -11.18297    
  5.187616     -11.15838    
  5.251180     -11.30779    
  5.251266     -11.38057    
  5.251931     -11.38331    
  5.252018     -11.35709    
  5.311750     -11.53350    
  5.311837     -11.56121    
  5.311944     -11.52834    
  5.712950     -12.72389    
  5.917833     -13.32324    
  6.161415     -14.03924    
  6.430595     -14.88490    
  6.714779     -15.85754    
  7.007134     -17.00497    
  7.303761     -18.39578    
  7.602573     -20.64601    
  7.902489    -100.00000    
  8.202961    -100.00000    
  8.503712    -100.00000    
  8.804602     -27.92510    
  9.105563     -29.58629    
  9.406558     -30.94601    
  9.707570    -100.00000    
