 0.6989700     -105.9396    
 0.7243402     -106.7548    
 0.7483098     -106.9348    
 0.7710253    -100.00000    
 0.7926116     -110.0925    
 0.8328096     -107.9280    
 0.8696002    -100.00000    
 0.9035159     -112.7277    
 0.9349739     -112.7128    
 0.9643063    -100.00000    
 0.9917824     -109.7856    
 0.9918693     -109.5131    
  1.017734     -109.1494    
  1.042145     -109.7903    
  1.042232     -109.5923    
  1.060679     -109.8352    
  1.060766     -109.6396    
  1.080039     -109.8077    
  1.080126     -110.0668    
  1.098980     -110.7805    
  1.099067     -110.4736    
  1.116489     -110.5936    
  1.116576     -74.93567    
  1.132827    -100.00000    
  1.132914     -75.27787    
  1.147337    -100.00000    
  1.147424     -110.5993    
  1.177890     -110.8857    
  1.206358     -110.4640    
  1.233074    -100.00000    
  1.258242     -109.0540    
  1.258328    -100.00000    
  1.281053    -100.00000    
  1.281140     -105.0848    
  1.305129    -100.00000    
  1.305216    -100.00000    
  1.326885     -101.1814    
  1.326972    -100.00000    
  1.346664    -100.00000    
  1.346750    -100.00000    
  1.372011     -96.29312    
  1.372098    -100.00000    
  1.395435     -93.61211    
  1.395522    -100.00000    
  1.407231     -92.12211    
  1.407318    -100.00000    
  1.434239     -89.03943    
  1.434325     -88.64929    
  1.437957     -88.30155    
  1.438044     -88.36470    
  1.438732     -88.34394    
  1.438819     -79.10330    
  1.466567     -78.85065    
  1.466654    -100.00000    
  1.485460     -82.70983    
  1.485547    -100.00000    
  1.499937     -81.05068    
  1.500023    -100.00000    
  1.502811     -91.00014    
  1.502898    -100.00000    
  1.515152     -18.46485    
  1.515239    -100.00000    
  1.521830     -18.03158    
  1.521916    -100.00000    
  1.538911     -18.76853    
  1.538998     -94.35415    
  1.541754     -94.92193    
  1.541841     -17.47289    
  1.544410    -100.00000    
  1.544497     -22.66655    
  1.546755     -24.57704    
  1.546842     -50.06759    
  1.568094    -100.00000    
  1.568181     -61.93437    
  1.576102     -62.46144    
  1.576189     -62.40558    
  1.577032     -63.95369    
  1.577119     -62.56170    
  1.586189     -63.34129    
  1.586276     -63.10374    
  1.587530     -63.45120    
  1.587617     -63.36827    
  1.602078     -65.05850    
  1.602165    -100.00000    
  1.604747     -16.33242    
  1.604834     -17.68396    
  1.633100    -100.00000    
  1.633187     -65.67868    
  1.643761    -100.00000    
  1.643848     -66.82665    
  1.646889     -66.99563    
  1.646976     -67.00748    
  1.653070     -67.45575    
  1.653157     -67.39179    
  1.667964     -67.99510    
  1.668051     -67.94466    
  1.673067     -68.03396    
  1.673154     -67.18171    
  1.673452     -67.12500    
  1.673539     -68.10072    
  1.683736     -68.38704    
  1.683823     -68.44334    
  1.689301     -68.58790    
  1.689388     -69.15933    
  1.690173     -68.82375    
  1.690260     -68.67662    
  1.691919     -68.96052    
  1.692006     -68.78296    
  1.709636     -69.21843    
  1.709723     -69.66286    
  1.714748     -69.42037    
  1.714835    -100.00000    
  1.714933     -69.32208    
  1.717233     -69.72856    
  1.717320     -69.61980    
  1.717576     -69.71670    
  1.717663     -69.95894    
  1.718527     -69.75207    
  1.718614     -69.77581    
  1.721805     -69.95108    
  1.721892    -100.00000    
  1.725295     -65.75185    
  1.725382     -65.07189    
  1.730438     -65.14421    
  1.730525     -65.16182    
  1.731758     -64.82202    
  1.731845    -100.00000    
  1.732294     -65.52304    
  1.732381     -65.66256    
  1.735217     -65.14122    
  1.735304     -65.54679    
  1.744878     -65.62102    
  1.744965     -66.32417    
  1.746841     -66.48247    
  1.746929     -66.57908    
  1.747807     -66.00010    
  1.747894     -66.04484    
  1.753972     -65.68368    
  1.754058     -66.49667    
  1.756978     -66.53235    
  1.757065     -66.15396    
  1.762907     -67.41289    
  1.762994    -100.00000    
  1.763503     -66.61416    
  1.763590     -67.05877    
  1.765957     -68.56357    
  1.766044     -67.25245    
  1.768505     -68.18223    
  1.768592     -67.09984    
  1.776113     -68.00544    
  1.776200     -67.94734    
  1.776785     -68.15386    
  1.776872     -67.53707    
  1.781285     -68.69818    
  1.781372    -100.00000    
  1.781946     -68.31606    
  1.782033     -68.33687    
  1.786409     -68.32820    
  1.786495     -68.64991    
  1.788161    -100.00000    
  1.788248     -69.51803    
  1.789372     -70.36375    
  1.789459     -69.35085    
  1.792246    -100.00000    
  1.792333    -100.00000    
  1.800765     -68.02621    
  1.800851    -100.00000    
  1.806960     -66.23792    
  1.807047     -66.30767    
  1.809708     -65.36408    
  1.809795     -65.28754    
  1.810144     -65.19202    
  1.810231    -100.00000    
  1.814042     -64.23593    
  1.814129    -100.00000    
  1.834747     -59.27152    
  1.834834     -58.76207    
  1.836557     -58.29016    
  1.836644     -58.36811    
  1.838907     -57.70938    
  1.838994     -57.68290    
  1.840414     -57.30812    
  1.840501     -57.38067    
  1.842703     -56.75322    
  1.842790     -56.72404    
  1.844125     -56.37661    
  1.844212    -100.00000    
  1.857265     -53.50087    
  1.857352     -53.22446    
  1.859614     -52.60900    
  1.859700    -100.00000    
  1.868320     -50.73736    
  1.868407     -50.54023    
  1.870233     -50.08111    
  1.870320     -50.04896    
  1.871306     -49.81462    
  1.871393     -49.79114    
  1.872072     -49.63321    
  1.872158     -49.62932    
  1.873424     -49.32665    
  1.873511    -100.00000    
  1.880831     -47.79647    
  1.880918    -100.00000    
  1.887368     -46.28968    
  1.887455    -100.00000    
  1.893213     -44.96553    
  1.893300    -100.00000    
  1.899003     -43.69238    
  1.899090    -100.00000    
  1.905503     -42.30808    
  1.905590     -42.14607    
  1.905821     -42.09666    
  1.905908    -100.00000    
  1.911657     -40.97924    
  1.911744     -40.84045    
  1.912227     -40.73800    
  1.912313    -100.00000    
  1.913955     -27.42421    
  1.914042    -100.00000    
  1.924238    -100.00000    
  1.924325    -100.00000    
  1.925539     -22.11238    
  1.925626    -100.00000    
  1.926709    -100.00000    
  1.926796     -22.48709    
  1.926846     -22.37090    
  1.926932    -100.00000    
  1.927461    -100.00000    
  1.927548     -22.96230    
  1.930771    -100.00000    
  1.930858     -23.71262    
  1.933612    -100.00000    
  1.933699    -100.00000    
  1.936983    -100.00000    
  1.937070     -22.38326    
  1.938051    -100.00000    
  1.938138     -23.17216    
  1.940777    -100.00000    
  1.940864     -22.22713    
  1.941974    -100.00000    
  1.942061     -22.43122    
  1.953088    -100.00000    
  1.953175    -100.00000    
  1.955697    -100.00000    
  1.955784    -100.00000    
  1.959855    -100.00000    
  1.959942    -100.00000    
  1.963545    -100.00000    
  1.963632    -100.00000    
  1.972680    -100.00000    
  1.972767    -100.00000    
  1.974225    -100.00000    
  1.974312    -100.00000    
  1.974387    -100.00000    
  1.974474    -100.00000    
  1.977192     -22.67636    
  1.977279     -24.04491    
  1.992052    -100.00000    
  1.992139    -100.00000    
  1.992538    -100.00000    
  1.992625     -21.14822    
  1.994212    -100.00000    
  1.994299     -22.85535    
  1.994360     -21.66476    
  1.994447    -100.00000    
  1.996552     -22.17380    
  1.996639    -100.00000    
  1.997939     -22.50383    
  1.998026    -100.00000    
  2.000182     -22.75305    
  2.000268    -100.00000    
  2.002574    -100.00000    
  2.002661    -100.00000    
  2.004835     -21.83408    
  2.004922    -100.00000    
  2.007421    -100.00000    
  2.007508    -100.00000    
  2.009100    -100.00000    
  2.009187     -22.19920    
  2.009352    -100.00000    
  2.009439    -100.00000    
  2.009543    -100.00000    
  2.017372    -100.00000    
  2.017459    -100.00000    
  2.019860     -21.17443    
  2.019947    -100.00000    
  2.026471     -21.71134    
  2.026558    -100.00000    
  2.028108     -22.62760    
  2.028195    -100.00000    
  2.031137     -22.92614    
  2.031224    -100.00000    
  2.035128    -100.00000    
  2.035214    -100.00000    
  2.036585     -20.58403    
  2.036672    -100.00000    
  2.045106    -100.00000    
  2.053379    -100.00000    
  2.053466    -100.00000    
  2.061043    -100.00000    
  2.061130    -100.00000    
  2.067104    -100.00000    
  2.067191    -100.00000    
  2.068339     -21.10232    
  2.068426    -100.00000    
  2.074002     -20.43949    
  2.074089     -20.28252    
  2.076209    -100.00000    
  2.076296    -100.00000    
  2.076824     -20.49791    
  2.076911     -19.60589    
  2.077291     -19.81957    
  2.077378     -20.17173    
  2.081631     -19.54908    
  2.081718    -100.00000    
  2.090954     -18.43332    
  2.091041     -18.97841    
  2.095729     -17.69670    
  2.095816     -18.10550    
  2.097304     -17.50389    
  2.097391     -17.98323    
  2.100294    -100.00000    
  2.100380    -100.00000    
  2.100528     -18.18341    
  2.100615     -18.48023    
  2.101519     -18.07636    
  2.101605     -17.95121    
  2.104539     -16.88259    
  2.104626     -15.99112    
  2.105570     -16.23170    
  2.105657     -17.60626    
  2.106101     -17.53450    
  2.106187     -17.51173    
  2.107298     -17.04571    
  2.107385    -100.00000    
  2.107538     -16.64645    
  2.107625     -16.43012    
  2.110312     -16.33752    
  2.110399     -16.22407    
  2.111508     -16.17341    
  2.111595     -16.33665    
  2.111941     -15.95156    
  2.112028     -15.85406    
  2.118960     -15.65849    
  2.119047     -16.20516    
  2.124229     -15.55868    
  2.124316     -15.53891    
  2.124942     -14.82820    
  2.125029     -14.68764    
  2.125725    -100.00000    
  2.125812    -100.00000    
  2.126973     -15.48882    
  2.127060     -15.14720    
  2.127658    -100.00000    
  2.127745     -15.64843    
  2.129084    -100.00000    
  2.129171     -15.74648    
  2.130872     -15.26174    
  2.130959     -15.15567    
  2.131986     -15.03521    
  2.132073     -15.32998    
  2.137486     -15.55834    
  2.137573     -16.07015    
  2.137863     -15.88128    
  2.137949     -15.82775    
  2.141450     -15.38989    
  2.141537     -16.50833    
  2.141651     -15.99226    
  2.141738    -100.00000    
  2.145467     -14.83778    
  2.145554     -15.50690    
  2.150293     -15.43576    
  2.150380     -15.36766    
  2.150508     -15.10682    
  2.154246     -16.21996    
  2.154333     -15.86706    
  2.156640     -14.95360    
  2.156727     -14.50621    
  2.156827     -15.55620    
  2.158942     -14.56075    
  2.159028     -13.70632    
  2.168055     -14.26761    
  2.168141     -14.73401    
  2.171576     -14.00264    
  2.171663     -13.91326    
  2.177080     -16.50539    
  2.177167     -13.88297    
  2.177604    -100.00000    
  2.177690     -13.94660    
  2.181731    -100.00000    
  2.181818     -13.81487    
  2.184881    -100.00000    
  2.184967     -14.02471    
  2.188445     -15.46666    
  2.188532    -100.00000    
  2.189637     -13.29352    
  2.189724     -13.35184    
  2.191670    -100.00000    
  2.191757     -13.67408    
  2.202361     -14.31612    
  2.202448     -14.46703    
  2.209411     -14.00650    
  2.209498    -100.00000    
  2.209936     -14.31632    
  2.210023    -100.00000    
  2.213352     -13.10918    
  2.213439     -13.77781    
  2.217445    -100.00000    
  2.217532     -13.18565    
  2.217837    -100.00000    
  2.217924     -14.60283    
  2.218030     -13.83623    
  2.218315     -14.02735    
  2.218402     -14.51634    
  2.218688     -16.00179    
  2.218775     -14.28160    
  2.221924     -13.60124    
  2.222011     -13.75528    
  2.231931    -100.00000    
  2.232018     -13.89061    
  2.234632     -13.74153    
  2.234695     -14.28710    
  2.234781     -15.55547    
  2.239617     -13.99700    
  2.239704     -13.75966    
  2.242429     -14.50844    
  2.242516     -14.30033    
  2.245345     -13.67992    
  2.245432     -14.33974    
  2.250721     -13.36967    
  2.250808     -13.87136    
  2.252069     -14.79447    
  2.252156    -100.00000    
  2.255687     -14.05155    
  2.259191     -14.20074    
  2.259278     -13.40026    
  2.260545     -14.53953    
  2.260632     -13.55459    
  2.263836     -13.84687    
  2.267016     -13.61196    
  2.267103     -13.97619    
  2.270490     -13.89058    
  2.270577     -13.52491    
  2.271628     -13.35653    
  2.271715     -14.03387    
  2.271807     -14.42260    
  2.271894     -14.49333    
  2.273319     -14.22107    
  2.273406     -13.82447    
  2.275710     -14.31150    
  2.275797     -14.77414    
  2.278310     -14.44072    
  2.280809     -13.60650    
  2.280896     -13.94035    
  2.281369    -100.00000    
  2.281456    -100.00000    
  2.282921     -13.61752    
  2.283008    -100.00000    
  2.283804     -13.37128    
  2.283891    -100.00000    
  2.284781     -13.95337    
  2.284868     -14.18056    
  2.285091     -14.58360    
  2.285178     -14.98650    
  2.285231     -15.39528    
  2.285318     -14.02657    
  2.286288     -14.64587    
  2.286375     -14.68150    
  2.287075     -14.92581    
  2.287162     -13.69551    
  2.289257     -14.00832    
  2.291343     -14.21744    
  2.291430     -13.99362    
  2.293524     -14.11949    
  2.295609     -14.14103    
  2.295696    -100.00000    
  2.297128     -14.19952    
  2.297214     -15.11085    
  2.297982     -15.06947    
  2.298069    -100.00000    
  2.299703     -14.09010    
  2.301330     -13.98852    
  2.301417     -14.32127    
  2.302809     -14.10039    
  2.304196     -12.94280    
  2.305579    -100.00000    
  2.306958     -13.94705    
  2.307045     -14.33044    
  2.308274    -100.00000    
  2.308361     -14.50843    
  2.309467     -14.19104    
  2.310569     -14.70223    
  2.311669     -13.69195    
  2.312767    -100.00000    
  2.312854     -15.09572    
  2.313586     -14.51070    
  2.313673     -14.46662    
  2.314517     -14.61646    
  2.314604    -100.00000    
  2.314729     -16.22796    
  2.314817    -100.00000    
  2.315597     -14.33414    
  2.315684     -14.39888    
  2.316612    -100.00000    
  2.317538     -13.03275    
  2.318463     -12.79048    
  2.319385     -12.81309    
  2.320305     -13.43224    
  2.321224     -13.97602    
  2.322140     -12.76544    
  2.323055    -100.00000    
  2.323141     -13.35592    
  2.324253     -13.39571    
  2.324340     -13.62570    
  2.325648     -14.65209    
  2.325735     -13.94436    
  2.326487     -13.99704    
  2.327238     -14.99401    
  2.327987     -13.67531    
  2.328735     -13.26398    
  2.329482     -13.73320    
  2.330227     -13.57281    
  2.330971     -12.80211    
  2.331714     -13.01949    
  2.331801     -13.61403    
  2.331944     -13.53748    
  2.332031     -13.84051    
  2.333101     -13.48469    
  2.333188     -13.33634    
  2.333638     -13.54815    
  2.333725     -13.97315    
  2.334874     -13.37424    
  2.336020     -13.70082    
  2.337163     -13.34915    
  2.338303    -100.00000    
  2.338390     -13.70514    
  2.339301     -13.27431    
  2.339388     -14.21241    
  2.340254     -13.27166    
  2.341118     -13.14534    
  2.341191     -13.71700    
  2.341278     -13.88967    
  2.341370     -14.12479    
  2.341472     -13.11530    
  2.342517     -13.00165    
  2.342604     -13.08781    
  2.343168     -12.95698    
  2.343730     -13.36564    
  2.344292     -13.30457    
  2.344853     -12.77434    
  2.344940     -13.11205    
  2.345941     -13.17837    
  2.346441     -14.39339    
  2.346940     -12.53075    
  2.347438    -100.00000    
  2.347936     -14.06497    
  2.348434     -13.00009    
  2.348930     -13.02207    
  2.349017    -100.00000    
  2.349687     -12.78313    
  2.350356    -100.00000    
  2.350443     -12.60514    
  2.351314    -100.00000    
  2.352184     -12.40562    
  2.352270     -12.80485    
  2.352846     -11.86325    
  2.353421    -100.00000    
  2.353508    -100.00000    
  2.353983    -100.00000    
  2.354070    -100.00000    
  2.354494     -12.48172    
  2.354917     -12.79282    
  2.355340     -12.33213    
  2.355762    -100.00000    
  2.355849     -12.64901    
  2.356520     -12.36373    
  2.357189     -12.14644    
  2.357276     -12.03181    
  2.357498    -100.00000    
  2.357582    -100.00000    
  2.357669     -8.809573    
  2.362936    -100.00000    
  2.363023     -6.951991    
  2.368963     -6.005447    
  2.369050    -100.00000    
  2.373546     -4.720029    
  2.373633     -6.573554    
  2.374597     -4.348966    
  2.374684    -100.00000    
  2.376702     -4.395478    
  2.376789     -5.589243    
  2.381401     -4.272696    
  2.381488     -4.457620    
  2.381574     -4.369823    
  2.381660     -4.102532    
  2.383081     -3.788478    
  2.383168     -3.851886    
  2.387126    -100.00000    
  2.387213     -4.343631    
  2.387778     -4.390067    
  2.387865    -100.00000    
  2.397727     -3.922209    
  2.397814     -3.673234    
  2.403706     -3.798778    
  2.403793     -3.682432    
  2.409345     -4.784995    
  2.409431     -4.890943    
  2.409967     -3.876020    
  2.410054     -3.708424    
  2.411603     -3.372827    
  2.411690     -3.391114    
  2.412778     -3.443705    
  2.412865     -3.466196    
  2.413098     -3.504478    
  2.413185     -3.426441    
  2.414109    -100.00000    
  2.414195    -100.00000    
  2.415338     -4.383907    
  2.415425     -4.150903    
  2.419545     -4.025304    
  2.419632     -4.595284    
  2.422480     -3.663720    
  2.422566     -3.872866    
  2.424108     -3.810068    
  2.424195     -4.568652    
  2.428391     -3.928447    
  2.428478     -3.753729    
  2.429013     -3.529632    
  2.429100     -3.533161    
  2.429244     -3.551336    
  2.429331     -3.626732    
  2.432147     -3.701635    
  2.432234     -3.682116    
  2.434375     -3.853552    
  2.434462     -4.184479    
  2.434951    -100.00000    
  2.435038     -5.308742    
  2.435182     -5.236708    
  2.435269     -5.035388    
  2.435570     -3.982761    
  2.435657     -4.142867    
  2.437397     -3.697727    
  2.437484     -3.671277    
  2.438099     -3.661174    
  2.438186     -3.596497    
  2.440535     -3.759312    
  2.440622     -3.600126    
  2.441592     -3.654152    
  2.441679     -3.712409    
  2.443115     -4.031011    
  2.443202     -4.861368    
  2.446266     -4.108579    
  2.446353     -4.750468    
  2.447958     -5.601951    
  2.448045     -4.201003    
  2.448133     -4.041685    
  2.448892     -3.911938    
  2.448979     -3.814453    
  2.450924     -3.859607    
  2.451011     -4.495962    
  2.454202     -3.845527    
  2.454289     -3.678008    
  2.456026     -3.814329    
  2.456113     -3.840835    
  2.461170     -3.914233    
  2.461257     -5.188650    
  2.463251     -4.852033    
  2.463338     -4.766624    
  2.464468     -5.248482    
  2.464555    -100.00000    
  2.466286     -3.807317    
  2.466372     -4.982781    
  2.467492     -4.514968    
  2.467579     -4.861467    
  2.467685     -4.846994    
  2.467772     -5.555655    
  2.470538     -4.708035    
  2.470625     -4.582310    
  2.470751     -4.483864    
  2.471828     -4.390784    
  2.471915     -3.904838    
  2.473313    -100.00000    
  2.473400     -3.820381    
  2.476442     -3.536425    
  2.476529     -4.057208    
  2.476628     -4.111731    
  2.476715     -3.960538    
  2.478943     -4.243977    
  2.479030    -100.00000    
  2.480895     -3.655889    
  2.480982     -3.517679    
  2.482813    -100.00000    
  2.482900    -100.00000    
  2.483465     -4.889559    
  2.483551     -4.789895    
  2.483824     -4.904283    
  2.483911     -4.552832    
  2.484268     -3.301206    
  2.484355     -3.321795    
  2.484517     -3.490436    
  2.484589     -3.638050    
  2.484656     -3.702023    
  2.484743     -5.278297    
  2.486424     -3.510394    
  2.486511     -4.649991    
  2.490779     -3.884158    
  2.490866     -3.658402    
  2.490956     -3.640393    
  2.491043     -3.496235    
  2.491443     -3.663435    
  2.491530    -100.00000    
  2.492836     -3.789197    
  2.492923     -3.618202    
  2.493176     -3.764174    
  2.493263     -3.984781    
  2.495735    -100.00000    
  2.495822    -100.00000    
  2.496605     -3.873521    
  2.496692     -3.545871    
  2.497050    -100.00000    
  2.497137    -100.00000    
  2.498024     -3.384891    
  2.498111     -4.021221    
  2.500649     -3.611074    
  2.500736     -3.638578    
  2.503920     -3.867057    
  2.504007     -3.790615    
  2.504069     -3.727658    
  2.504156     -3.608473    
  2.506403     -3.933802    
  2.506490     -6.725141    
  2.506598     -6.616667    
  2.506685    -100.00000    
  2.506857     -4.545478    
  2.506943     -3.873696    
  2.507203     -3.737790    
  2.507290     -3.774397    
  2.511107     -3.706713    
  2.511194     -3.729875    
  2.511697     -3.740203    
  2.511784     -3.743773    
  2.512876     -3.871617    
  2.512963     -3.902229    
  2.513523     -3.693977    
  2.513610     -4.154137    
  2.515498     -3.626881    
  2.515585     -3.642190    
  2.515719     -3.650488    
  2.515805     -3.655980    
  2.515872     -3.659955    
  2.515959     -3.664978    
  2.516021     -3.666333    
  2.516107     -4.046572    
  2.516706    -100.00000    
  2.516793     -3.911437    
  2.517769     -3.602844    
  2.517856     -3.639425    
  2.517941     -3.632506    
  2.518028     -3.623610    
  2.518445     -3.598667    
  2.518532     -3.602290    
  2.518680     -3.615549    
  2.518767     -3.862821    
  2.521283     -3.607655    
  2.523785     -3.715059    
  2.523871     -3.839467    
  2.524535     -3.851802    
  2.524622     -3.804940    
  2.526468     -3.722085    
  2.526555     -3.949187    
  2.527825     -3.640859    
  2.527912     -3.749523    
  2.530010     -3.855756    
  2.530097     -3.702911    
  2.532615     -4.067016    
  2.532701     -3.759197    
  2.535293     -3.836025    
  2.535380     -3.849097    
  2.536082     -3.836361    
  2.536169     -3.883781    
  2.539337     -4.171065    
  2.539424     -4.072548    
  2.543132     -3.600583    
  2.546808     -3.752295    
  2.546895     -3.754648    
  2.547076     -3.762308    
  2.547163     -3.766235    
  2.547329     -3.774932    
  2.547416     -3.780021    
  2.547523     -3.812104    
  2.551049     -3.880009    
  2.551118     -3.849988    
  2.551204     -3.845632    
  2.551316     -3.839858    
  2.551403     -3.874558    
  2.554923     -4.884056    
  2.558382     -3.500354    
  2.558469     -3.596632    
  2.558869     -3.616604    
  2.558956     -3.570090    
  2.561154     -3.991167    
  2.561240     -3.849150    
  2.561557     -3.795560    
  2.561644     -3.784144    
  2.564817     -4.427123    
  2.564904     -3.835768    
  2.567815     -3.826581    
  2.570708     -4.304946    
  2.570794     -3.855062    
  2.571315     -3.866871    
  2.571402     -3.854847    
  2.571490     -3.849834    
  2.571576     -3.845264    
  2.572470     -3.842293    
  2.572557     -4.230256    
  2.576787     -3.657419    
  2.580976     -4.040127    
  2.581063     -3.808441    
  2.582880     -3.837485    
  2.582967     -3.834551    
  2.583821     -3.845491    
  2.583908     -4.543544    
  2.584933    -100.00000    
  2.585020    -100.00000    
  2.586210     -3.327887    
  2.586262     -3.304575    
  2.586349     -3.590253    
  2.588885     -3.474830    
  2.588972     -3.972792    
  2.590598     -3.543394    
  2.590685     -3.420567    
  2.593482     -3.595117    
  2.596260     -3.791359    
  2.596347     -3.688777    
  2.597094     -4.302431    
  2.597181    -100.00000    
  2.597646     -4.076739    
  2.597733     -3.831427    
  2.600152     -3.851851    
  2.600239     -3.864077    
  2.601008     -3.903004    
  2.601094     -3.851029    
  2.604131     -4.310198    
  2.607145     -3.863186    
  2.607232     -3.905734    
  2.607324     -3.896893    
  2.607480     -3.888001    
  2.607567     -3.885567    
  2.607898     -3.908561    
  2.607985     -3.930724    
  2.608789     -3.942504    
  2.608876     -3.924163    
  2.609811     -3.935915    
  2.609898     -3.970524    
  2.612121     -3.987604    
  2.614332     -3.923732    
  2.614419     -3.978818    
  2.615617     -3.947897    
  2.615704     -3.952743    
  2.616177     -3.966279    
  2.616264     -3.962062    
  2.617793     -4.014258    
  2.617880     -4.100356    
  2.620859     -5.983359    
  2.620946     -3.946537    
  2.623214     -3.903391    
  2.625471     -3.596955    
  2.625557     -3.625481    
  2.626297     -3.349678    
  2.626384     -3.268718    
  2.629798     -3.427443    
  2.633186     -3.947952    
  2.633273     -3.809985    
  2.634349     -3.858410    
  2.634435     -3.882061    
  2.634827     -3.921387    
  2.634914     -4.056228    
  2.636215     -3.996899    
  2.636302     -4.145625    
  2.637231     -4.066480    
  2.637318     -4.083456    
  2.639844     -4.182520    
  2.642355     -3.926999    
  2.642442     -3.878798    
  2.644205     -4.119588    
  2.644292     -4.353116    
  2.644578     -4.385238    
  2.644665     -4.310626    
  2.646436     -4.206790    
  2.646523     -4.094591    
  2.648315     -3.989970    
  2.648402     -4.008176    
  2.648476     -4.010135    
  2.648563     -4.020421    
  2.649502     -4.049099    
  2.649589     -4.037196    
  2.650015     -4.212865    
  2.650101     -4.071038    
  2.652023     -4.335197    
  2.652110     -4.134633    
  2.653477     -3.838503    
  2.653564     -3.835059    
  2.653758     -3.825601    
  2.653845     -3.794717    
  2.656371     -4.144887    
  2.656458     -4.395883    
  2.657291     -4.510613    
  2.657378     -4.315492    
  2.659033     -3.981321    
  2.660682     -3.995934    
  2.660769     -3.920126    
  2.662838     -5.308028    
  2.662925     -4.071824    
  2.664361     -3.914964    
  2.664448     -3.938430    
  2.664909     -3.948636    
  2.664996     -3.965351    
  2.667441     -4.015855    
  2.668659     -4.387981    
  2.669873     -4.096365    
  2.669960     -4.081459    
  2.671570     -4.288288    
  2.673175     -4.265438    
  2.674773     -3.988778    
  2.676365     -4.120092    
  2.676452     -4.091876    
  2.677193     -4.087908    
  2.677280     -4.092170    
  2.678402     -4.116524    
  2.679522     -4.122922    
  2.680638     -4.130945    
  2.681752     -4.145004    
  2.681839     -4.088511    
  2.682994     -4.440590    
  2.684147     -4.704150    
  2.684233     -4.424406    
  2.684319     -4.355664    
  2.684406     -4.250127    
  2.685617     -3.995948    
  2.685704     -4.000774    
  2.685988     -4.054491    
  2.686075     -4.160750    
  2.687275     -3.971646    
  2.688471     -4.160688    
  2.689665    -100.00000    
  2.690854     -4.002616    
  2.690941     -4.048069    
  2.691662     -3.931281    
  2.692382     -3.884719    
  2.693100     -3.982598    
  2.693817     -4.007481    
  2.693904     -4.005934    
  2.694490     -4.027660    
  2.695075     -4.063241    
  2.695162     -4.067786    
  2.695331     -4.076765    
  2.695418     -4.083075    
  2.696036     -4.103564    
  2.696123     -4.103723    
  2.697045     -4.119856    
  2.697132     -4.083646    
  2.697891     -4.328252    
  2.698648     -4.146508    
  2.698717     -4.102769    
  2.698803     -4.019345    
  2.699667     -4.057809    
  2.700098     -3.890782    
  2.700529     -3.847016    
  2.700616     -3.846389    
  2.701097     -3.855028    
  2.701577     -3.879140    
  2.702057     -3.913984    
  2.702537     -3.942883    
  2.702610     -3.948599    
  2.702697     -3.960728    
  2.704230     -4.085020    
  2.704317     -4.072430    
  2.704748     -4.084750    
  2.704835     -4.049365    
  2.706154    -100.00000    
  2.706241     -5.146333    
  2.706290     -4.505537    
  2.706377     -4.354809    
  2.707629     -4.221783    
  2.707716     -4.208646    
  2.709271     -4.177553    
  2.709358     -4.126162    
  2.709449     -4.120243    
  2.709536     -4.112096    
  2.709681     -4.101462    
  2.709768     -4.097414    
  2.709828     -4.095187    
  2.709915     -4.092946    
  2.710033     -4.091986    
  2.710119     -4.093943    
  2.713272     -4.159235    
  2.716402     -4.463517    
  2.716489     -4.509334    
  2.718816     -4.273103    
  2.718903     -3.946823    
  2.720712     -4.103884    
  2.720799    -100.00000    
  2.721478     -4.100131    
  2.721565     -4.193705    
  2.721792     -4.252712    
  2.721879     -4.041972    
  2.725251     -4.166481    
  2.725338     -4.099149    
  2.727078     -4.022007    
  2.727165     -3.961747    
  2.730036     -4.224404    
  2.730123     -4.361104    
  2.733151     -3.822746    
  2.733238     -3.923450    
  2.733842     -3.831809    
  2.733929     -4.460647    
  2.737074     -4.018682    
  2.737161     -4.061774    
  2.737825     -4.083776    
  2.737912     -4.062794    
  2.740300     -4.148325    
  2.740387     -4.088741    
  2.741710     -4.358158    
  2.741797     -4.110489    
  2.744319     -5.160674    
  2.746826     -3.984485    
  2.746913     -4.064261    
  2.748474     -4.118633    
  2.748561     -4.571376    
  2.752296     -4.199598    
  2.752383     -4.107719    
  2.754509     -4.125915    
  2.754596     -4.146333    
  2.754850     -4.160099    
  2.754937     -4.162996    
  2.755686     -4.215183    
  2.755773     -4.222468    
  2.755894     -4.472064    
  2.758471     -4.721997    
  2.758558     -4.367071    
  2.759027     -4.324867    
  2.759113     -4.392970    
  2.759268     -4.360857    
  2.759355     -4.257300    
  2.759981     -4.216321    
  2.760067     -4.181137    
  2.760747     -4.539856    
  2.760833     -4.276684    
  2.762305     -4.200112    
  2.762392     -4.239760    
  2.763491     -4.536614    
  2.763577     -4.274562    
  2.764577     -4.222851    
  2.764664     -4.213231    
  2.765524     -4.213788    
  2.765611     -4.235345    
  2.767568     -4.327724    
  2.767655     -4.288041    
  2.768842     -4.318958    
  2.768929     -4.337705    
  2.771196     -4.382566    
  2.771283     -4.358425    
  2.771358     -4.356636    
  2.771445     -4.312710    
  2.773649     -4.502454    
  2.775841     -4.458105    
  2.775928     -4.642098    
  2.777541     -4.377359    
  2.777628    -100.00000    
  2.778824     -4.184417    
  2.778910     -4.272970    
  2.782300     -4.206649    
  2.782387     -4.258133    
  2.783749     -4.169866    
  2.783836     -4.909842    
  2.787507     -4.101718    
  2.787594     -4.009411    
  2.790506     -4.464810    
  2.793400     -4.275224    
  2.796274     -4.665601    
  2.799129     -4.586735    
  2.799216    -100.00000    
  2.799875     -5.584372    
  2.799961     -5.114923    
  2.800228     -4.578099    
  2.800315     -4.301954    
  2.802759     -4.048417    
  2.805189     -4.235523    
  2.805276     -4.243487    
  2.807759     -4.611587    
  2.810229     -4.246996    
  2.810316     -4.285475    
  2.813524     -4.406447    
  2.813611     -4.420043    
  2.814474     -4.446927    
  2.814561     -4.460826    
  2.817018     -4.503247    
  2.817105     -4.518148    
  2.819648     -4.584364    
  2.822177     -4.426130    
  2.822264     -4.381300    
  2.826003     -4.298047    
  2.826090     -4.407794    
  2.829167     -4.549950    
  2.829254     -4.539331    
  2.829613     -4.545987    
  2.829700     -4.568495    
  2.832781     -4.644716    
  2.832867     -4.576065    
  2.832995     -4.576462    
  2.833082     -4.788928    
  2.836249     -4.709099    
  2.836336     -4.209997    
  2.839377     -4.148873    
  2.839464     -4.217056    
  2.840558     -4.264999    
  2.840645     -4.293572    
  2.842706     -4.437189    
  2.842793     -4.428854    
  2.843374     -4.470522    
  2.843461     -4.471962    
  2.843577     -4.478758    
  2.843663     -4.491309    
  2.844722     -4.504394    
  2.844809     -4.495459    
  2.845992     -4.547603    
  2.846079     -4.547157    
  2.846320     -4.545791    
  2.846407     -4.441517    
  2.846929    -100.00000    
  2.847016     -5.064153    
  2.850284     -4.227185    
  2.850371     -4.370283    
  2.851272     -4.421705    
  2.851359     -4.422270    
  2.851605     -4.427607    
  2.851692     -4.443436    
  2.853657     -4.428070    
  2.853744     -4.406821    
  2.856721     -4.397509    
  2.856808     -4.400786    
  2.859953     -4.535111    
  2.863077     -4.702115    
  2.863164     -4.695677    
  2.864011     -4.533751    
  2.864097     -4.502442    
  2.864929     -4.346649    
  2.865016     -4.297898    
  2.868335     -4.370219    
  2.868422     -4.421741    
  2.870319     -4.572871    
  2.870406     -4.559026    
  2.871477     -4.606113    
  2.871560     -4.608651    
  2.871647     -4.613782    
  2.871746     -4.621509    
  2.871833     -4.642597    
  2.875793     -4.664241    
  2.879716     -4.605834    
  2.879803     -4.585528    
  2.880314     -4.595168    
  2.880401     -5.058276    
  2.882313     -5.011601    
  2.882400     -4.597079    
  2.882670     -4.485129    
  2.882757     -4.360277    
  2.885708     -4.341133    
  2.885795     -4.424009    
  2.887555     -5.161852    
  2.887642     -4.576301    
  2.891964     -4.429967    
  2.892051    -100.00000    
  2.893704     -4.279600    
  2.893791     -4.342090    
  2.894071     -4.324933    
  2.894158     -4.316614    
  2.895095     -4.304180    
  2.895182     -4.214519    
  2.897787    -100.00000    
  2.897874     -4.743647    
  2.900589     -4.395695    
  2.900676     -4.475838    
  2.904168     -4.827311    
  2.904255    -100.00000    
  2.905026     -4.578011    
  2.905113     -4.443675    
  2.908003     -4.368633    
  2.908090     -4.401591    
  2.908185     -4.408336    
  2.908477     -4.427464    
  2.908564     -4.432427    
  2.909361     -4.479850    
  2.909448     -4.487081    
  2.910383     -4.559217    
  2.910470     -4.568891    
  2.911970     -4.637965    
  2.912057     -4.638375    
  2.914427     -4.678368    
  2.916785     -4.739309    
  2.916872     -4.736908    
  2.917171     -4.741820    
  2.917258     -4.750887    
  2.920236     -4.792860    
  2.920323     -4.784294    
  2.920418     -4.818851    
  2.922032    -100.00000    
  2.922118     -4.636305    
  2.925029     -4.560882    
  2.925116     -4.609023    
  2.925353     -4.614718    
  2.925440     -4.616468    
  2.925683     -4.617748    
  2.925770     -4.616695    
  2.925849     -4.615567    
  2.925936     -4.605462    
  2.927554     -4.648478    
  2.927641     -4.645826    
  2.927759     -4.647491    
  2.927950     -4.652522    
  2.928037     -4.681537    
  2.929127     -4.553253    
  2.929213     -4.567565    
  2.929524     -4.567965    
  2.929611     -4.566708    
  2.930245     -4.599154    
  2.930332     -4.609567    
  2.930644     -4.638657    
  2.930731     -4.648146    
  2.931247     -4.679644    
  2.931334     -4.681598    
  2.932296     -4.678948    
  2.932383     -4.679001    
  2.934646     -4.733063    
  2.934733     -4.728680    
  2.935353     -4.725997    
  2.935440     -4.722526    
  2.939332     -4.822752    
  2.939418     -4.827785    
  2.943758     -4.822332    
  2.943845     -4.800791    
  2.944467     -4.794225    
  2.944554     -4.797198    
  2.945191     -4.790226    
  2.945278     -4.788335    
  2.946273     -4.799969    
  2.946360     -4.829170    
  2.946687     -4.676075    
  2.946774     -4.557277    
  2.949861     -4.650905    
  2.949948     -4.654894    
  2.950064     -4.651808    
  2.950137     -4.649435    
  2.950211     -4.647782    
  2.950298     -4.648028    
  2.950637     -4.657930    
  2.950724     -4.656529    
  2.950770     -4.655710    
  2.950857     -4.653612    
  2.951287     -4.620085    
  2.951374     -4.607430    
  2.952601     -4.659608    
  2.952688     -4.664455    
  2.952960     -4.667811    
  2.953047     -4.668192    
  2.953706     -4.675011    
  2.953793     -4.675427    
  2.954344     -4.689534    
  2.954431     -4.696322    
  2.955685     -4.744636    
  2.955739     -4.743735    
  2.955826     -4.746596    
  2.956162     -4.757971    
  2.956249     -4.761102    
  2.956346     -4.764711    
  2.956433     -4.768052    
  2.956797     -4.778950    
  2.956884     -4.780836    
  2.956929     -4.781936    
  2.957016     -4.788886    
  2.958622     -4.806864    
  2.958708     -4.805350    
  2.958913     -4.809902    
  2.959000     -4.811838    
  2.959196     -4.815199    
  2.959283     -4.816581    
  2.959385     -4.818117    
  2.959471     -4.819774    
  2.959520     -4.821538    
  2.959575     -4.826714    
  2.959642     -4.848452    
  2.959686     -4.985154    
  2.960694     -5.065044    
  2.960781     -4.949084    
  2.961021     -4.879168    
  2.961108     -4.861682    
  2.961209     -4.816517    
  2.963780     -4.725858    
  2.963867     -4.949828    
  2.966863     -4.764283    
  2.969838     -4.797872    
  2.972793     -4.823317    
  2.975728     -4.788309    
  2.975815     -4.740100    
  2.976171     -4.737894    
  2.976258     -6.092442    
  2.979351     -4.268085    
  2.982423     -4.602470    
  2.982509     -4.507255    
  2.982872     -4.528975    
  2.982959     -4.523767    
  2.985659     -4.821170    
  2.988343     -5.130339    
  2.991011     -4.479857    
  2.993662     -4.419715    
  2.996297     -4.788701    
  2.998916     -4.714725    
  3.001519     -4.786266    
  3.004107     -4.836053    
  3.004194     -4.864135    
  3.007954     -5.032923    
  3.008041     -5.013443    
  3.011581     -4.942597    
  3.015092     -5.023956    
  3.018574     -4.486124    
  3.022029     -4.867876    
  3.022116     -4.787855    
  3.025489     -4.962307    
  3.025575     -4.847732    
  3.029166     -4.977785    
  3.032728     -5.095406    
  3.036260     -4.955539    
  3.039764     -4.611614    
  3.043240     -5.305559    
  3.046688     -4.328685    
  3.050109     -4.555219    
  3.053504     -4.903100    
  3.053591     -4.697553    
  3.056570     -4.668947    
  3.059529     -4.763511    
  3.059616     -4.812886    
  3.061712     -5.044944    
  3.061799     -5.238777    
  3.061872     -5.254503    
  3.061959     -5.092467    
  3.062919     -5.088932    
  3.063006     -5.123931    
  3.065043     -5.098494    
  3.065130     -5.064241    
  3.067491     -5.280804    
  3.067578    -100.00000    
  3.069763     -4.704875    
  3.071937     -4.483112    
  3.072024     -4.437454    
  3.074321     -4.606664    
  3.074408     -4.654137    
  3.077730     -5.080189    
  3.081028     -4.730968    
  3.081115     -4.779717    
  3.083823     -5.228148    
  3.086515     -4.655475    
  3.089190     -4.756390    
  3.091849     -4.571163    
  3.091936     -4.517853    
  3.093217     -4.545279    
  3.093303     -4.551654    
  3.096155     -4.762267    
  3.096242     -4.776240    
  3.099969     -5.249949    
  3.100056     -5.185306    
  3.102484     -5.009389    
  3.102571     -5.023224    
  3.104805     -5.210965    
  3.104892     -5.148390    
  3.105931     -5.011080    
  3.106018     -5.091703    
  3.106079     -5.168865    
  3.106166     -5.309654    
  3.106856     -5.187296    
  3.106943     -5.022833    
  3.109794     -5.249975    
  3.109881     -5.028317    
  3.110486     -4.919266    
  3.110573     -4.930126    
  3.112005     -4.993412    
  3.112092     -5.023528    
  3.112365     -5.116596    
  3.112452     -5.140467    
  3.114687     -5.016585    
  3.114774     -5.109422    
  3.114901     -5.039725    
  3.114988     -4.993050    
  3.117740     -5.235861    
  3.117827     -5.091629    
  3.118223     -5.085654    
  3.118310     -5.125897    
  3.122171     -5.113156    
  3.125997     -5.201288    
  3.126084     -5.316726    
  3.127687     -5.337269    
  3.127774     -5.555191    
  3.131268     -4.986239    
  3.131355     -5.080538    
  3.133775     -4.947468    
  3.136182     -4.989736    
  3.136269     -5.214562    
  3.138689     -5.049882    
  3.141096     -4.779281    
  3.143489     -5.035953    
  3.145869     -5.300117    
  3.145956     -5.374444    
  3.146758     -5.792083    
  3.146845     -5.042116    
  3.149072     -4.935263    
  3.151287     -5.120319    
  3.151374     -5.085906    
  3.153068     -5.161060    
  3.153155     -5.179462    
  3.153248     -5.188265    
  3.153335     -5.196084    
  3.153381     -5.198611    
  3.153425     -5.200108    
  3.153479     -5.215448    
  3.156074     -5.269864    
  3.156161     -5.217852    
  3.160418     -5.420972    
  3.164633     -5.538884    
  3.164720     -5.526728    
  3.167983     -5.553983    
  3.168070     -5.562064    
  3.170695     -5.528792    
  3.173303     -5.543003    
  3.173390     -5.543095    
  3.174167     -5.547100    
  3.174254     -5.542332    
  3.176868     -5.567292    
  3.179466     -5.580174    
  3.179553     -5.581450    
  3.182832     -5.582954    
  3.186087     -5.592385    
  3.186174     -5.592221    
  3.188338     -5.593104    
  3.188425    -100.00000    
  3.191899     -4.846468    
  3.191986     -4.476763    
  3.192224     -4.439996    
  3.192311     -4.388173    
  3.194885     -4.437423    
  3.194972     -4.470931    
  3.196916     -4.726048    
  3.197003     -4.780764    
  3.199617     -5.337145    
  3.202215     -5.208823    
  3.204798     -5.202474    
  3.207365     -5.383731    
  3.207452     -5.388363    
  3.209491     -5.536871    
  3.209578     -5.499112    
  3.213892    -100.00000    
  3.218164     -4.589910    
  3.218251     -4.657223    
  3.221052     -4.914648    
  3.223835     -5.392008    
  3.226600     -5.519918    
  3.229347     -5.485370    
  3.229434     -5.529429    
  3.231857     -5.634225    
  3.234265     -5.668461    
  3.234352     -5.673318    
  3.236049     -5.686570    
  3.236136     -5.664330    
  3.236180     -5.661892    
  3.236267     -5.636458    
  3.238739     -5.579812    
  3.241164     -5.638972    
  3.243575     -5.661849    
  3.245973     -5.670054    
  3.246060     -5.676602    
  3.246189     -5.685422    
  3.247464     -5.675527    
  3.247551     -5.669272    
  3.248152     -5.673841    
  3.248239     -5.676257    
  3.249187     -5.679212    
  3.249274     -5.676948    
  3.251523     -5.706752    
  3.251610     -5.737840    
  3.255359     -5.643042    
  3.259075     -5.642856    
  3.262760     -5.723570    
  3.266414     -5.765054    
  3.266501     -5.747293    
  3.269936     -5.752926    
  3.273344     -5.714112    
  3.276725     -5.764443    
  3.280080     -5.553123    
  3.283409     -5.608972    
  3.286714     -5.641563    
  3.289993     -5.720483    
  3.293247     -5.766804    
  3.293334     -5.770480    
  3.296691     -5.822211    
  3.300022     -5.818363    
  3.303327     -5.777164    
  3.306608     -5.743284    
  3.306694     -5.753145    
  3.310624     -5.775482    
  3.310710     -5.768202    
  3.310941     -5.777652    
  3.311027     -5.775130    
  3.311634     -5.823854    
  3.311721     -5.853296    
  3.311773     -5.861760    
  3.311825     -5.869148    
  3.311868     -6.127663    
  3.315460     -5.427395    
  3.318980     -5.555754    
  3.322472     -5.744192    
  3.325936     -5.625380    
  3.329372     -5.707283    
  3.332782     -5.794702    
  3.336165     -5.895931    
  3.339521     -5.951902    
  3.342852     -5.899103    
  3.346158     -5.914405    
  3.349439     -5.818695    
  3.352695     -5.910631    
  3.355927     -5.925415    
  3.359135     -6.043852    
  3.362319     -5.425625    
  3.365480     -5.540969    
  3.365567     -5.550049    
  3.367462     -5.627193    
  3.367549     -5.750746    
  3.371229     -5.631816    
  3.374878     -5.889721    
  3.378497     -6.044229    
  3.382086     -5.798859    
  3.382173     -5.538080    
  3.385882     -5.615104    
  3.385969     -5.633369    
  3.388254     -5.877752    
  3.390528     -6.010809    
  3.392789     -6.113657    
  3.395039     -6.156144    
  3.395126     -6.159384    
  3.398000     -6.246715    
  3.400855     -6.027523    
  3.400942     -5.954402    
  3.403656     -5.825931    
  3.403743     -5.505575    
  3.406570     -5.297643    
  3.409379     -5.637141    
  3.412170     -6.073764    
  3.414942     -6.097700    
  3.415029     -5.918019    
  3.419186     -6.009431    
  3.423303     -6.212881    
  3.427382     -6.276023    
  3.431422     -6.226236    
  3.431509     -5.945798    
  3.434904     -5.944653    
  3.438273     -5.863245    
  3.441616     -5.931343    
  3.444934     -6.234347    
  3.445021     -6.263672    
  3.447515     -5.837685    
  3.449995     -6.063865    
  3.452462     -6.014226    
  3.454914     -6.111189    
  3.455001     -6.120318    
  3.458181     -6.231488    
  3.461337     -6.408715    
  3.464472     -5.987207    
  3.467583     -5.715702    
  3.467670     -5.804557    
  3.469453     -5.915605    
  3.469540     -5.912978    
  3.471179     -6.097780    
  3.471266     -6.088433    
  3.474100     -6.288761    
  3.474187     -6.227617    
  3.477329     -6.259771    
  3.480449     -6.095076    
  3.483547     -5.995144    
  3.486623     -6.070085    
  3.486710     -6.353432    
  3.490510     -6.221731    
  3.494277     -6.409512    
  3.494364     -6.367247    
  3.496959     -5.924435    
  3.499539     -6.006757    
  3.502104     -6.159331    
  3.504653     -6.281239    
  3.507188     -5.908667    
  3.509708     -5.937582    
  3.512213     -6.234076    
  3.514705     -6.281052    
  3.517181     -6.360747    
  3.519644     -6.431685    
  3.522093     -6.382752    
  3.524529     -6.359950    
  3.526950     -6.391356    
  3.529358     -6.463104    
  3.531753     -6.458801    
  3.534135     -5.596208    
  3.534222     -6.082536    
  3.536956     -6.374134    
  3.539673     -5.969060    
  3.542373     -6.321533    
  3.545057     -6.454104    
  3.547724     -6.533070    
  3.550374     -6.580492    
  3.553009     -6.545053    
  3.555627     -6.571314    
  3.555714     -6.568121    
  3.558846     -6.602599    
  3.558933     -6.600067    
  3.559291     -6.600788    
  3.559378     -6.602024    
  3.560973     -6.614892    
  3.561019     -6.615180    
  3.561106     -6.615365    
  3.561702     -6.619409    
  3.561789     -6.619804    
  3.562293     -6.622144    
  3.562360     -6.623598    
  3.562447     -6.663792    
  3.565681     -6.602743    
  3.565768     -6.353263    
  3.568672     -6.321558    
  3.571556     -6.125491    
  3.574422     -6.380065    
  3.577268     -6.285062    
  3.580096     -6.503641    
  3.582906     -6.347021    
  3.585698     -6.061559    
  3.588471     -6.398480    
  3.591228     -6.641972    
  3.593966     -6.564452    
  3.596688     -6.531597    
  3.599393     -6.573546    
  3.602081     -6.520127    
  3.604752     -6.619065    
  3.607407     -6.633495    
  3.610046     -6.745178    
  3.610133     -6.738833    
  3.612945     -6.711058    
  3.615738     -6.697560    
  3.618514     -6.715470    
  3.621272     -6.710782    
  3.624013     -6.716162    
  3.626737     -6.616569    
  3.629443     -6.697594    
  3.630428     -6.744830    
  3.632133     -6.808584    
  3.632220     -6.819539    
  3.634575     -6.852639    
  3.636918     -6.902499    
  3.639248     -6.778038    
  3.641565     -6.797090    
  3.643871     -6.838128    
  3.646164     -6.894872    
  3.648445     -6.974063    
  3.650714     -6.694208    
  3.650801     -6.605937    
  3.654938     -6.668382    
  3.655025     -6.736207    
  3.659341     -6.766803    
  3.663615     -6.847332    
  3.663702     -6.856549    
  3.666928     -6.764552    
  3.670130     -6.648532    
  3.673309     -5.836902    
  3.676464     -6.148205    
  3.679597     -6.833548    
  3.682707     -6.975471    
  3.685795     -7.288353    
  3.688862     -6.755623    
  3.688948     -6.813838    
  3.691459     -6.832985    
  3.691546     -6.850725    
  3.694107     -6.974679    
  3.696652     -7.050736    
  3.696739     -7.043493    
  3.700634     -7.056930    
  3.704495     -7.067432    
  3.708321     -7.125464    
  3.712114     -7.057075    
  3.712650     -7.088412    
  3.715873     -7.085548    
  3.719601     -7.137480    
  3.723297     -7.027042    
  3.726962     -6.969157    
  3.730596     -7.184404    
  3.734200     -6.961490    
  3.737774     -6.756741    
  3.741319     -6.864173    
  3.744836     -7.180820    
  3.748324     -7.006772    
  3.751784     -6.975899    
  3.755217     -7.149473    
  3.755304     -7.153982    
  3.755522     -7.167018    
  3.755609     -7.185240    
  3.756737     -7.219005    
  3.756824     -7.224984    
  3.760554     -7.564582    
  3.764252     -6.647544    
  3.767919     -5.630938    
  3.771555     -6.319867    
  3.775161     -6.802732    
  3.778151     -7.513678    
  3.778737     -7.786597    
  3.782284     -7.046490    
  3.785802     -7.211706    
  3.789292     -7.327358    
  3.792754     -7.299248    
  3.796189     -7.282408    
  3.799596     -7.368944    
  3.802978     -7.362692    
  3.806333     -7.384108    
  3.809662     -7.423595    
  3.812966     -7.227928    
  3.813053     -7.391307    
  3.815257     -7.427436    
  3.817449     -7.171726    
  3.817536     -7.031754    
  3.821296     -6.982259    
  3.821383     -7.032884    
  3.821564     -7.044394    
  3.821651     -7.070365    
  3.825332     -7.340018    
  3.828982     -7.383272    
  3.832602     -7.456651    
  3.836192     -7.496897    
  3.836279     -7.493208    
  3.838150     -7.504941    
  3.838237     -7.452562    
  3.840853     -7.423092    
  3.843453     -7.460854    
  3.846037     -7.593836    
  3.848607     -7.154305    
  3.848694     -6.993020    
  3.853036     -7.182700    
  3.857335     -7.452751    
  3.861592     -7.495121    
  3.865808     -7.576526    
  3.865895     -7.571350    
  3.868545     -7.590034    
  3.871179     -7.593615    
  3.871266     -7.615669    
  3.874225     -7.601393    
  3.877163     -7.605200    
  3.880081     -7.598809    
  3.882980     -7.478960    
  3.885860     -7.211547    
  3.888721     -6.805074    
  3.891563     -7.050018    
  3.894387     -7.531916    
  3.894474     -7.519862    
  3.896842     -7.491027    
  3.899197     -7.574803    
  3.901540     -7.626378    
  3.903870     -7.600525    
  3.906188     -7.620094    
  3.908494     -7.510187    
  3.910787     -7.494875    
  3.913068     -7.622461    
  3.913155     -7.617474    
  3.913273     -7.623096    
  3.913769     -7.633763    
  3.913856     -7.633835    
  3.913972     -7.636834    
  3.915648     -7.676950    
  3.915735     -7.648697    
  3.916915     -7.430100    
  3.917002     -7.424741    
  3.920011     -7.484119    
  3.923000     -7.638470    
  3.925968     -7.729318    
  3.928916     -7.757445    
  3.931844     -7.758844    
  3.934752     -7.769644    
  3.937641     -7.781093    
  3.940511     -7.790682    
  3.943362     -7.790672    
  3.946195     -7.790584    
  3.949009     -7.652495    
  3.951805     -7.723694    
  3.954584     -7.781621    
  3.957344     -7.816095    
  3.960087     -7.826292    
  3.962813     -7.843300    
  3.962900     -7.851878    
  3.965521     -7.825463    
  3.968126     -7.851152    
  3.970716     -7.736860    
  3.973291     -7.574315    
  3.975850     -7.693124    
  3.978394     -7.830567    
  3.980924     -7.840480    
  3.983439     -7.878652    
  3.983526     -7.875060    
  3.986607     -7.922024    
  3.989666     -7.898174    
  3.992704     -7.888082    
  3.995722     -7.931466    
  3.998718     -7.952021    
  4.001693     -7.994575    
  4.004649     -7.684390    
  4.007584     -7.308829    
  4.007671     -7.315501    
  4.010289     -7.453641    
  4.012892     -7.801846    
  4.015479     -7.914052    
  4.018051     -7.940458    
  4.020607     -7.948000    
  4.023149     -7.860064    
  4.025675     -7.846419    
  4.028187     -7.941871    
  4.030685     -8.021494    
  4.033169     -8.068646    
  4.035638     -7.793686    
  4.038093     -7.807470    
  4.040535     -7.836584    
  4.042963     -7.945688    
  4.045377     -8.014723    
  4.047778     -8.072031    
  4.047865     -8.070342    
  4.050191     -8.104645    
  4.050278     -8.105474    
  4.052927     -8.113990    
  4.055559     -8.128864    
  4.058176     -8.130379    
  4.060777     -8.135793    
  4.063363     -8.234090    
  4.065933     -7.871479    
  4.068489     -7.639863    
  4.071029     -7.790797    
  4.073555     -8.222620    
  4.076066     -7.509076    
  4.078562     -7.551512    
  4.081044     -7.808588    
  4.083513     -8.110266    
  4.085967     -8.148281    
  4.088407     -8.180330    
  4.090834     -8.197199    
  4.090921     -8.190983    
  4.093448     -8.209028    
  4.095961     -8.217683    
  4.098459     -8.232280    
  4.100943     -8.218559    
  4.103413     -8.230849    
  4.105869     -8.249653    
  4.108311     -8.082196    
  4.110740     -8.058673    
  4.113155     -8.141048    
  4.115556     -8.225419    
  4.117944     -8.278577    
  4.120320     -8.266362    
  4.122682     -8.287515    
  4.125032     -8.320979    
  4.127369     -8.121744    
  4.129693     -8.200234    
  4.129780     -8.161860    
  4.133136     -8.254406    
  4.136466     -8.323555    
  4.139770     -8.325167    
  4.143050     -8.341609    
  4.146305     -7.993012    
  4.149536     -8.164682    
  4.152743     -8.370869    
  4.155926     -8.326328    
  4.156013     -8.052934    
  4.158880     -8.540124    
  4.161727     -8.385733    
  4.161814     -8.380222    
  4.163762     -8.359773    
  4.163849     -8.360430    
  4.166924     -8.397458    
  4.167011     -8.522799    
  4.169326     -8.240632    
  4.171629     -8.269654    
  4.173920     -8.106116    
  4.176198     -8.299478    
  4.178465     -8.397485    
  4.180720     -8.441773    
  4.182963     -8.469738    
  4.185195     -8.475771    
  4.187415     -8.473400    
  4.189624     -8.492885    
  4.191822     -8.498572    
  4.194009     -8.521411    
  4.198350     -8.413865    
  4.202647     -8.469533    
  4.202734     -8.479653    
  4.204957     -8.517302    
  4.207168     -8.532200    
  4.209369     -8.532629    
  4.211558     -8.533012    
  4.213736     -8.541587    
  4.215903     -8.532611    
  4.220205     -8.554170    
  4.224465     -8.575824    
  4.228684     -8.497807    
  4.232862     -8.503412    
  4.237000     -8.584236    
  4.237088     -8.622340    
  4.240818     -7.949731    
  4.244516     -8.370702    
  4.248183     -8.610105    
  4.251819     -8.623198    
  4.255425     -8.617789    
  4.259002     -8.571397    
  4.262549     -8.644270    
  4.266067     -8.668006    
  4.266154     -8.672564    
  4.270079     -8.719632    
  4.270166     -8.468509    
  4.274271     -8.022355    
  4.278338     -8.195321    
  4.282367     -8.702021    
  4.286359     -8.670557    
  4.290314     -8.704661    
  4.294234     -8.739011    
  4.298119     -8.777921    
  4.301969     -8.793539    
  4.302056     -8.792651    
  4.306016     -8.809516    
  4.309939     -8.751608    
  4.313828     -8.888250    
  4.317682     -8.573822    
  4.321502     -8.435963    
  4.325289     -8.731183    
  4.329043     -8.824303    
  4.332765     -8.864482    
  4.332852     -8.862076    
  4.335453     -8.835423    
  4.338038     -8.870993    
  4.340608     -8.717724    
  4.343162     -8.640269    
  4.345702     -8.723183    
  4.348227     -8.855837    
  4.350737     -8.902705    
  4.353233     -8.927031    
  4.353320     -8.926853    
  4.356074     -8.921049    
  4.356161     -8.924895    
  4.357582     -8.930524    
  4.357669     -8.932633    
  4.360115     -8.930400    
  4.362547     -8.939581    
  4.362634     -8.954169    
  4.365286     -8.949814    
  4.367922     -8.962137    
  4.370542     -8.931853    
  4.373146     -8.886410    
  4.375735     -8.919505    
  4.378308     -8.954836    
  4.380867     -8.989251    
  4.383410     -9.110396    
  4.385938     -8.520924    
  4.388452     -8.590640    
  4.390952     -8.844213    
  4.393437     -8.961627    
  4.395908     -9.008639    
  4.398365     -9.047871    
  4.400808     -9.050740    
  4.403238     -9.067913    
  4.405653     -9.078149    
  4.408056     -9.055962    
  4.410445     -9.039212    
  4.412822     -9.064384    
  4.415185     -9.069942    
  4.417536     -9.099587    
  4.419874     -9.079083    
  4.422199     -8.954844    
  4.424512     -9.009163    
  4.426813     -9.093593    
  4.429102     -9.120958    
  4.431378     -9.114026    
  4.433643     -9.103797    
  4.435896     -9.127079    
  4.438138     -9.114013    
  4.440368     -9.160515    
  4.440455     -9.152213    
  4.442913     -9.158561    
  4.445357     -9.182530    
  4.447787     -9.187470    
  4.450204     -8.876480    
  4.452608     -9.131529    
  4.454999     -9.014603    
  4.457376     -9.015388    
  4.459740     -9.113081    
  4.462092     -9.121036    
  4.464431     -9.176677    
  4.466757     -9.218667    
  4.469071     -9.238634    
  4.471373     -9.232817    
  4.473663     -9.253223    
  4.475940     -9.256304    
  4.478206     -9.048869    
  4.512937     -9.202080    
  4.513024     -9.358814    
  4.514610     -9.369765    
  4.514697     -9.416908    
  4.515945     -9.301789    
  4.516032     -9.294955    
  4.585469     -9.570464    
  4.585556     -9.522331    
  4.648489     -9.641136    
  4.648576     -9.722285    
  4.649548     -9.724396    
  4.649635     -9.725568    
  4.649838     -9.725492    
  4.649925     -9.656223    
  4.709765     -9.810787    
  4.709852     -9.901573    
  4.765753     -9.970846    
  4.765822     -10.09318    
  4.765909     -10.03866    
  4.818480     -10.22874    
  4.818567     -10.13294    
  4.868094     -10.25479    
  4.868152     -10.32313    
  4.868214     -10.25984    
  4.915089     -10.52484    
  4.915176     -10.49941    
  4.959449     -10.61064    
  4.959536     -10.57117    
  4.959642     -10.36367    
  4.959729     -10.55956    
  5.002021     -10.58847    
  5.002108     -10.74195    
  5.041986     -10.85753    
  5.042072     -10.86178    
  5.042428     -10.86250    
  5.042515     -10.82380    
  5.081038     -10.94879    
  5.081125     -10.89793    
  5.117569     -11.08418    
  5.117655     -11.14330    
  5.118005     -10.93699    
  5.118092     -10.86667    
  5.153462     -11.29111    
  5.153549     -11.16663    
  5.187204     -11.28488    
  5.187290     -11.26532    
  5.187529     -11.26661    
  5.187616     -11.24470    
  5.251180     -11.38167    
  5.251266     -11.45880    
  5.251931     -11.46238    
  5.252018     -11.44078    
  5.311750     -11.59998    
  5.311837     -11.63827    
  5.311944     -11.60303    
  5.712950     -12.80066    
  5.917833     -13.42153    
  6.161415     -14.13582    
  6.430595     -14.93993    
  6.714779     -15.82889    
  7.007134     -16.84575    
  7.303761     -18.07069    
  7.602573     -19.65385    
  7.902489    -100.00000    
  8.202961    -100.00000    
  8.503712    -100.00000    
  8.804602    -100.00000    
  9.105563     -29.45367    
  9.406558     -30.70664    
  9.707570    -100.00000    
