 0.6989700     -145.9753    
 0.7243402     -147.2346    
 0.7483098    -100.00000    
 0.7710253     -148.9229    
 0.7926116    -100.00000    
 0.8328096    -100.00000    
 0.8696002     -161.6639    
 0.9035159     -163.5241    
 0.9349739     -164.0066    
 0.9643063    -100.00000    
 0.9917824     -151.3331    
 0.9918693    -100.00000    
  1.017734    -100.00000    
  1.042145     -156.0357    
  1.042232    -100.00000    
  1.060679     -153.6915    
  1.060766    -100.00000    
  1.080039     -149.4393    
  1.080126    -100.00000    
  1.098980     -144.8081    
  1.099067    -100.00000    
  1.116489     -141.4897    
  1.116576    -100.00000    
  1.132827     -124.2885    
  1.132914    -100.00000    
  1.147337     -135.4998    
  1.147424    -100.00000    
  1.177890     -129.2886    
  1.206358     -128.7162    
  1.233074    -100.00000    
  1.258242     -126.0729    
  1.258328    -100.00000    
  1.281053     -123.7989    
  1.281140    -100.00000    
  1.305129     -121.8159    
  1.305216    -100.00000    
  1.326885     -117.5445    
  1.326972     -98.91664    
  1.346664     -98.51986    
  1.346750    -100.00000    
  1.372011     -112.7842    
  1.372098    -100.00000    
  1.395435     -110.0489    
  1.395522     -110.6199    
  1.407231     -108.8291    
  1.407318    -100.00000    
  1.434239     -106.1381    
  1.434325     -105.6392    
  1.437957     -105.5121    
  1.438044     -105.2236    
  1.438732     -106.1922    
  1.438819    -100.00000    
  1.466567     -101.7463    
  1.466654    -100.00000    
  1.485460     -99.71622    
  1.485547    -100.00000    
  1.499937     -98.50759    
  1.500023     -99.17146    
  1.502811     -152.3831    
  1.502898    -100.00000    
  1.515152     -17.98564    
  1.515239    -100.00000    
  1.521830     -17.88687    
  1.521916     -17.97155    
  1.538911    -100.00000    
  1.538998     -144.1567    
  1.541754     -144.3627    
  1.541841     -17.10800    
  1.544410    -100.00000    
  1.544497    -100.00000    
  1.546755     -22.07079    
  1.546842     -50.47667    
  1.568094    -100.00000    
  1.568181    -100.00000    
  1.576102     -100.4479    
  1.576189     -94.72065    
  1.577032     -95.53266    
  1.577119     -95.21044    
  1.586189     -95.18545    
  1.586276     -95.25588    
  1.587530     -95.18814    
  1.587617     -95.18529    
  1.602078     -95.06962    
  1.602165    -100.00000    
  1.604747     -15.28708    
  1.604834     -14.07296    
  1.633100    -100.00000    
  1.633187     -61.75422    
  1.643761    -100.00000    
  1.643848     -89.09903    
  1.646889    -100.00000    
  1.646976     -95.45581    
  1.653070     -95.08298    
  1.653157     -95.16583    
  1.667964     -95.39148    
  1.668051     -95.34810    
  1.673067     -95.49254    
  1.673154     -95.46079    
  1.673452     -95.69599    
  1.673539     -95.48614    
  1.683736     -95.70353    
  1.683823     -95.69995    
  1.689301     -95.85095    
  1.689388     -95.68886    
  1.690173     -95.75210    
  1.690260     -95.81483    
  1.691919     -95.85701    
  1.692006     -95.98073    
  1.709636     -96.39141    
  1.709723     -96.33532    
  1.714748     -96.47249    
  1.714835    -100.00000    
  1.714933     -96.43260    
  1.717233     -96.64048    
  1.717320     -96.07355    
  1.717576     -96.35907    
  1.717663     -96.53103    
  1.718527     -96.72619    
  1.718614     -96.50879    
  1.721805     -96.73492    
  1.721892     -96.65715    
  1.725295     -96.59080    
  1.725382     -96.67721    
  1.730438     -96.77153    
  1.730525     -96.95851    
  1.731758     -96.89020    
  1.731845     -96.65210    
  1.732294     -97.24590    
  1.732381     -96.85453    
  1.735217     -96.91190    
  1.735304     -96.93191    
  1.744878     -97.13902    
  1.744965     -97.10124    
  1.746841     -97.30077    
  1.746929     -97.01910    
  1.747807     -97.25036    
  1.747894     -97.10843    
  1.753972     -97.42406    
  1.754058     -97.25977    
  1.756978     -97.43776    
  1.757065     -97.43786    
  1.762907     -97.63532    
  1.762994     -97.65558    
  1.763503     -97.79298    
  1.763590     -97.71208    
  1.765957     -98.57253    
  1.766044     -98.32349    
  1.768505    -100.00000    
  1.768592     -99.73721    
  1.776113     -99.33417    
  1.776200     -98.80764    
  1.776785     -98.60174    
  1.776872    -100.00000    
  1.781285     -97.38247    
  1.781372     -97.22926    
  1.781946     -97.06062    
  1.782033    -100.00000    
  1.786409     -95.89741    
  1.786495     -95.81712    
  1.788161     -95.29908    
  1.788248     -95.27029    
  1.789372     -94.94045    
  1.789459     -95.29906    
  1.792246     -94.17628    
  1.792333    -100.00000    
  1.800765     -91.99975    
  1.800851    -100.00000    
  1.806960     -90.21330    
  1.807047     -90.28190    
  1.809708     -89.34017    
  1.809795     -89.26338    
  1.810144     -89.16842    
  1.810231    -100.00000    
  1.814042     -88.21283    
  1.814129    -100.00000    
  1.834747     -83.25041    
  1.834834     -82.74067    
  1.836557     -82.26920    
  1.836644     -82.34663    
  1.838907     -81.68843    
  1.838994     -81.66145    
  1.840414     -81.28722    
  1.840501     -81.35926    
  1.842703     -80.73218    
  1.842790     -80.70255    
  1.844125     -80.35557    
  1.844212    -100.00000    
  1.857265     -77.47848    
  1.857352     -77.20168    
  1.859614     -76.58611    
  1.859700    -100.00000    
  1.868320     -74.71245    
  1.868407     -74.51482    
  1.870233     -74.05545    
  1.870320     -74.02269    
  1.871306     -73.78868    
  1.871393     -73.76449    
  1.872072     -73.60702    
  1.872158     -73.60254    
  1.873424     -73.29986    
  1.873511    -100.00000    
  1.880831     -71.76667    
  1.880918    -100.00000    
  1.887368     -70.25618    
  1.887455    -100.00000    
  1.893213     -68.92796    
  1.893300    -100.00000    
  1.899003     -67.64999    
  1.899090    -100.00000    
  1.905503     -66.25930    
  1.905590     -66.09613    
  1.905821     -66.04665    
  1.905908    -100.00000    
  1.911657     -64.92298    
  1.911744     -64.78248    
  1.912227     -64.68039    
  1.912313     -64.69167    
  1.913955     -64.33050    
  1.914042    -100.00000    
  1.924238     -62.41439    
  1.924325     -62.16822    
  1.925539     -61.91501    
  1.925626     -61.89756    
  1.926709     -61.67385    
  1.926796     -61.64934    
  1.926846     -61.63917    
  1.926932     -61.62134    
  1.927461     -61.51483    
  1.927548     -61.68861    
  1.930771     -60.88858    
  1.930858     -60.93652    
  1.933612     -60.30383    
  1.933699     -60.44596    
  1.936983     -59.64062    
  1.937070     -59.58146    
  1.938051     -59.38445    
  1.938138     -59.45757    
  1.940777     -58.87179    
  1.940864     -58.83064    
  1.941974     -58.60962    
  1.942061    -100.00000    
  1.953088     -56.68553    
  1.953175     -56.50008    
  1.955697     -55.97147    
  1.955784     -56.29739    
  1.959855     -55.21633    
  1.959942     -55.35623    
  1.963545     -54.51107    
  1.963632    -100.00000    
  1.972680     -52.95334    
  1.972767     -52.76911    
  1.974225     -52.49707    
  1.974312     -52.47153    
  1.974387     -52.45769    
  1.974474     -52.52273    
  1.977192     -51.97814    
  1.977279    -100.00000    
  1.992052     -49.60688    
  1.992139     -49.28972    
  1.992538     -49.22050    
  1.992625     -49.22201    
  1.994212     -48.93924    
  1.994299     -48.91345    
  1.994360     -48.90276    
  1.994447     -48.92363    
  1.996552     -48.54026    
  1.996639     -48.51562    
  1.997939     -48.28727    
  1.998026     -48.30401    
  2.000182     -47.91211    
  2.000268     -47.92587    
  2.002574     -47.50539    
  2.002661     -47.50802    
  2.004835     -47.11925    
  2.004922     -47.13863    
  2.007421     -46.68891    
  2.007508     -46.66757    
  2.009100     -46.39394    
  2.009187     -46.36889    
  2.009352     -46.34126    
  2.009439     -46.32701    
  2.009543    -100.00000    
  2.017372     -45.14400    
  2.017459     -45.03991    
  2.019860     -44.62353    
  2.019947    -100.00000    
  2.026471     -43.63328    
  2.026558     -43.53723    
  2.028108     -43.27821    
  2.028195     -43.32620    
  2.031137     -42.81397    
  2.031224     -42.93686    
  2.035128     -42.19808    
  2.035214     -42.14667    
  2.036585     -41.93614    
  2.036672    -100.00000    
  2.053379     -39.64120    
  2.053466    -100.00000    
  2.061043     -38.31046    
  2.061130    -100.00000    
  2.067104    -100.00000    
  2.067191     -37.30067    
  2.068339     -37.13192    
  2.068426     -37.58146    
  2.074002     -36.37897    
  2.074089    -100.00000    
  2.076209    -100.00000    
  2.076296    -100.00000    
  2.076824     -34.25729    
  2.076911     -35.89464    
  2.077291     -35.84142    
  2.077378     -35.96997    
  2.081631     -35.27058    
  2.081718    -100.00000    
  2.090954     -34.06039    
  2.091041    -100.00000    
  2.095729    -100.00000    
  2.095816    -100.00000    
  2.097304     -27.97132    
  2.097391     -24.68924    
  2.100294    -100.00000    
  2.100380     -25.71219    
  2.100528    -100.00000    
  2.100615    -100.00000    
  2.101519     -25.55129    
  2.101605     -23.51148    
  2.104539    -100.00000    
  2.104626    -100.00000    
  2.105570    -100.00000    
  2.105657    -100.00000    
  2.106101     -24.32352    
  2.106187     -24.21135    
  2.107298    -100.00000    
  2.107385    -100.00000    
  2.107538     -21.02910    
  2.107625    -100.00000    
  2.110312     -20.49341    
  2.110399     -22.68411    
  2.111508    -100.00000    
  2.111595     -22.92969    
  2.111941    -100.00000    
  2.112028    -100.00000    
  2.118960    -100.00000    
  2.119047    -100.00000    
  2.124229     -20.80811    
  2.124316    -100.00000    
  2.124942    -100.00000    
  2.125029    -100.00000    
  2.125725    -100.00000    
  2.125812    -100.00000    
  2.126973    -100.00000    
  2.127060    -100.00000    
  2.127658    -100.00000    
  2.127745    -100.00000    
  2.129084    -100.00000    
  2.129171    -100.00000    
  2.130872    -100.00000    
  2.130959    -100.00000    
  2.131986     -19.24798    
  2.132073    -100.00000    
  2.137486     -19.69270    
  2.137573    -100.00000    
  2.137863     -23.97199    
  2.137949    -100.00000    
  2.141450    -100.00000    
  2.141537    -100.00000    
  2.141651    -100.00000    
  2.141738    -100.00000    
  2.145467    -100.00000    
  2.145554    -100.00000    
  2.150293    -100.00000    
  2.150380    -100.00000    
  2.150508    -100.00000    
  2.154246    -100.00000    
  2.154333    -100.00000    
  2.156640    -100.00000    
  2.156727    -100.00000    
  2.156827    -100.00000    
  2.158942    -100.00000    
  2.159028    -100.00000    
  2.168055    -100.00000    
  2.168141    -100.00000    
  2.171576    -100.00000    
  2.171663    -100.00000    
  2.177080    -100.00000    
  2.177167     -21.91927    
  2.177604    -100.00000    
  2.177690    -100.00000    
  2.181731    -100.00000    
  2.181818    -100.00000    
  2.184881     -20.89903    
  2.184967    -100.00000    
  2.188445    -100.00000    
  2.188532    -100.00000    
  2.189637     -21.13558    
  2.189724    -100.00000    
  2.191670     -21.80353    
  2.191757    -100.00000    
  2.202361    -100.00000    
  2.202448    -100.00000    
  2.209411     -23.51520    
  2.209498    -100.00000    
  2.209936     -22.85066    
  2.210023    -100.00000    
  2.213352    -100.00000    
  2.213439     -20.73519    
  2.217445    -100.00000    
  2.217532    -100.00000    
  2.217837    -100.00000    
  2.217924    -100.00000    
  2.218030    -100.00000    
  2.218315     -22.08773    
  2.218402     -20.16303    
  2.218688    -100.00000    
  2.218775    -100.00000    
  2.221924    -100.00000    
  2.222011    -100.00000    
  2.231931    -100.00000    
  2.232018     -21.71579    
  2.234632     -20.66544    
  2.234695    -100.00000    
  2.234781    -100.00000    
  2.239617     -20.43661    
  2.239704    -100.00000    
  2.242429     -20.25797    
  2.242516     -21.10342    
  2.245345     -20.74435    
  2.245432    -100.00000    
  2.250721     -20.52847    
  2.250808    -100.00000    
  2.252069     -20.14179    
  2.252156     -20.71643    
  2.255687     -20.95290    
  2.259191     -20.39903    
  2.259278     -21.46794    
  2.260545     -19.83519    
  2.260632     -19.25747    
  2.263836    -100.00000    
  2.267016     -20.30444    
  2.267103    -100.00000    
  2.270490     -20.50620    
  2.270577    -100.00000    
  2.271628     -20.22690    
  2.271715     -19.79133    
  2.271807     -20.91118    
  2.271894    -100.00000    
  2.273319     -18.35532    
  2.273406    -100.00000    
  2.275710     -19.52989    
  2.275797     -19.81969    
  2.278310    -100.00000    
  2.280809     -19.93987    
  2.280896     -19.49362    
  2.281369     -20.65855    
  2.281456     -19.69915    
  2.282921     -20.17232    
  2.283008    -100.00000    
  2.283804     -18.91657    
  2.283891    -100.00000    
  2.284781     -19.88373    
  2.284868    -100.00000    
  2.285091     -19.28133    
  2.285178    -100.00000    
  2.285231    -100.00000    
  2.285318    -100.00000    
  2.286288     -19.39273    
  2.286375     -19.98229    
  2.287075     -20.16862    
  2.287162     -18.23478    
  2.289257    -100.00000    
  2.291343     -19.47019    
  2.291430     -19.56732    
  2.293524     -19.15027    
  2.295609     -19.09218    
  2.295696     -19.42173    
  2.297128     -19.38716    
  2.297214     -20.14665    
  2.297982     -21.36814    
  2.298069     -19.16723    
  2.299703     -18.83864    
  2.301330     -19.44709    
  2.301417     -18.85875    
  2.302809    -100.00000    
  2.304196     -20.27536    
  2.305579     -19.23373    
  2.306958     -19.60193    
  2.307045     -19.83309    
  2.308274     -19.72036    
  2.308361     -19.13128    
  2.309467     -19.73526    
  2.310569     -19.15073    
  2.311669     -18.54560    
  2.312767    -100.00000    
  2.312854     -19.86052    
  2.313586     -20.95284    
  2.313673     -19.91640    
  2.314517     -20.20235    
  2.314604     -19.32702    
  2.314729    -100.00000    
  2.314817    -100.00000    
  2.315597     -19.76537    
  2.315684    -100.00000    
  2.316612     -19.35302    
  2.317538     -20.48188    
  2.318463     -19.27379    
  2.319385     -20.35473    
  2.320305    -100.00000    
  2.321224     -19.15668    
  2.322140     -19.21811    
  2.323055    -100.00000    
  2.323141     -18.33461    
  2.324253    -100.00000    
  2.324340     -19.47245    
  2.325648    -100.00000    
  2.325735     -18.96167    
  2.326487    -100.00000    
  2.327238     -19.11215    
  2.327987    -100.00000    
  2.328735    -100.00000    
  2.329482    -100.00000    
  2.330227    -100.00000    
  2.330971    -100.00000    
  2.331714     -18.84560    
  2.331801     -18.29925    
  2.331944    -100.00000    
  2.332031    -100.00000    
  2.333101    -100.00000    
  2.333188    -100.00000    
  2.333638    -100.00000    
  2.333725    -100.00000    
  2.334874    -100.00000    
  2.336020    -100.00000    
  2.337163    -100.00000    
  2.338303    -100.00000    
  2.338390    -100.00000    
  2.339301    -100.00000    
  2.339388    -100.00000    
  2.340254    -100.00000    
  2.341118    -100.00000    
  2.341191    -100.00000    
  2.341278    -100.00000    
  2.341370    -100.00000    
  2.341472    -100.00000    
  2.342517    -100.00000    
  2.342604    -100.00000    
  2.343168    -100.00000    
  2.343730    -100.00000    
  2.344292    -100.00000    
  2.344853    -100.00000    
  2.344940    -100.00000    
  2.345941    -100.00000    
  2.346441    -100.00000    
  2.346940    -100.00000    
  2.347438    -100.00000    
  2.347936     -18.08866    
  2.348434    -100.00000    
  2.348930    -100.00000    
  2.349017    -100.00000    
  2.349687    -100.00000    
  2.350356    -100.00000    
  2.350443    -100.00000    
  2.351314    -100.00000    
  2.352184    -100.00000    
  2.352270    -100.00000    
  2.352846    -100.00000    
  2.353421    -100.00000    
  2.353508    -100.00000    
  2.353983    -100.00000    
  2.354070    -100.00000    
  2.354494    -100.00000    
  2.354917    -100.00000    
  2.355340    -100.00000    
  2.355762    -100.00000    
  2.355849    -100.00000    
  2.356520    -100.00000    
  2.357189    -100.00000    
  2.357276    -100.00000    
  2.357498    -100.00000    
  2.357582    -100.00000    
  2.357669     -16.84917    
  2.362936     -16.13563    
  2.363023     -15.88953    
  2.368963     -15.25005    
  2.369050     -15.10631    
  2.373546     -14.87054    
  2.373633     -15.54101    
  2.374597     -14.31103    
  2.374684     -15.13884    
  2.376702     -14.61235    
  2.376789     -14.85837    
  2.381401     -14.31023    
  2.381488     -14.20393    
  2.381574     -14.29916    
  2.381660     -14.40920    
  2.383081     -14.40067    
  2.383168     -14.38633    
  2.387126     -14.15008    
  2.387213    -100.00000    
  2.387778     -14.33340    
  2.387865     -14.78164    
  2.397727     -14.60825    
  2.397814     -14.24753    
  2.403706     -13.92449    
  2.403793     -13.22278    
  2.409345    -100.00000    
  2.409431     -13.78246    
  2.409967     -14.08198    
  2.410054    -100.00000    
  2.411603     -14.17554    
  2.411690     -14.66867    
  2.412778     -14.14249    
  2.412865     -14.24977    
  2.413098    -100.00000    
  2.413185    -100.00000    
  2.414109     -9.643258    
  2.414195     -9.647108    
  2.415338     -9.125131    
  2.415425     -8.838055    
  2.419545     -9.407096    
  2.419632     -8.978686    
  2.422480     -8.298649    
  2.422566     -8.353781    
  2.424108     -8.504024    
  2.424195     -9.724993    
  2.428391     -9.255953    
  2.428478     -8.941793    
  2.429013     -8.932247    
  2.429100     -8.839923    
  2.429244     -8.655904    
  2.429331     -8.650538    
  2.432147     -8.080206    
  2.432234     -8.141744    
  2.434375     -7.739069    
  2.434462     -7.825405    
  2.434951     -7.874867    
  2.435038     -7.878975    
  2.435182     -7.892600    
  2.435269     -7.902426    
  2.435570     -7.935391    
  2.435657     -7.945975    
  2.437397    -100.00000    
  2.437484     -8.791490    
  2.438099     -8.078703    
  2.438186     -7.907821    
  2.440535     -7.622096    
  2.440622     -7.675982    
  2.441592     -7.579022    
  2.441679     -7.612003    
  2.443115     -7.667656    
  2.443202     -7.602610    
  2.446266    -100.00000    
  2.446353     -8.253814    
  2.447958    -100.00000    
  2.448045     -8.803401    
  2.448133     -8.730659    
  2.448892     -8.249513    
  2.448979     -8.527785    
  2.450924     -7.610120    
  2.451011     -7.754210    
  2.454202     -8.009895    
  2.454289     -7.758046    
  2.456026     -7.743526    
  2.456113     -7.329970    
  2.461170     -8.261547    
  2.461257     -8.074580    
  2.463251     -7.536143    
  2.463338     -7.503186    
  2.464468     -7.426333    
  2.464555     -7.447633    
  2.466286     -7.410939    
  2.466372     -7.378688    
  2.467492     -7.427982    
  2.467579     -7.453478    
  2.467685     -7.466985    
  2.467772     -7.522002    
  2.470538     -7.271507    
  2.470625     -7.229155    
  2.470751     -7.209010    
  2.471828     -7.269526    
  2.471915     -7.278668    
  2.473313     -7.410653    
  2.473400     -7.369154    
  2.476442     -7.485885    
  2.476529     -7.713851    
  2.476628     -7.604177    
  2.476715     -7.269807    
  2.478943     -7.199699    
  2.479030     -7.476065    
  2.480895     -8.440133    
  2.480982     -7.625828    
  2.482813    -100.00000    
  2.482900    -100.00000    
  2.483465     -8.017881    
  2.483551     -8.021650    
  2.483824     -7.857808    
  2.483911     -7.823940    
  2.484268     -7.688088    
  2.484355     -7.634690    
  2.484517     -7.537230    
  2.484589     -7.464974    
  2.484656     -7.373138    
  2.484743     -7.994377    
  2.486424     -7.763686    
  2.486511     -7.308544    
  2.490779     -7.423709    
  2.490866     -7.363445    
  2.490956     -7.331680    
  2.491043     -7.303451    
  2.491443    -100.00000    
  2.491530    -100.00000    
  2.492836     -7.683740    
  2.492923     -7.577076    
  2.493176     -7.404344    
  2.493263     -7.137922    
  2.495735     -7.666020    
  2.495822    -100.00000    
  2.496605     -7.455695    
  2.496692     -7.177732    
  2.497050     -7.129090    
  2.497137     -7.174152    
  2.498024     -6.867546    
  2.498111     -6.733110    
  2.500649     -6.708066    
  2.500736     -6.673183    
  2.503920     -7.395551    
  2.504007     -7.538351    
  2.504069     -7.511108    
  2.504156     -7.166173    
  2.506403     -7.766647    
  2.506490     -9.861052    
  2.506598     -9.588195    
  2.506685     -9.259809    
  2.506857     -8.195244    
  2.506943     -7.852495    
  2.507203     -7.244668    
  2.507290     -7.369317    
  2.511107     -7.422913    
  2.511194     -7.102187    
  2.511697     -6.859094    
  2.511784     -7.036775    
  2.512876     -6.643149    
  2.512963     -6.471920    
  2.513523     -6.549944    
  2.513610     -6.964357    
  2.515498     -7.025521    
  2.515585     -6.800181    
  2.515719     -6.785301    
  2.515805     -6.794527    
  2.515872     -6.808785    
  2.515959     -6.825951    
  2.516021     -6.848591    
  2.516107     -7.365812    
  2.516706    -100.00000    
  2.516793     -7.783894    
  2.517769     -7.274239    
  2.517856     -7.363397    
  2.517941     -7.331588    
  2.518028     -7.220496    
  2.518445     -7.056566    
  2.518532     -7.029529    
  2.518680     -6.973155    
  2.518767     -6.821453    
  2.521283     -6.591196    
  2.523785     -6.877111    
  2.523871     -6.888311    
  2.524535     -6.933655    
  2.524622     -7.355714    
  2.526468     -6.318385    
  2.526555     -6.215221    
  2.527825     -6.299340    
  2.527912     -6.648720    
  2.530010     -6.410187    
  2.530097     -6.405158    
  2.532615     -7.091525    
  2.532701    -100.00000    
  2.535293     -6.278441    
  2.535380     -6.279348    
  2.536082     -6.300507    
  2.536169     -6.231427    
  2.539337     -6.714348    
  2.539424     -6.268304    
  2.543132     -6.254092    
  2.546808     -6.441128    
  2.546895     -6.177215    
  2.547076     -5.992801    
  2.547163     -5.859787    
  2.547329     -5.941221    
  2.547416     -6.010018    
  2.547523     -5.632996    
  2.551049     -5.702193    
  2.551118     -5.769981    
  2.551204     -5.744191    
  2.551316     -5.634065    
  2.551403     -4.895780    
  2.554923    -100.00000    
  2.558382     -5.966268    
  2.558469     -6.266621    
  2.558869     -6.128988    
  2.558956     -5.899125    
  2.561154     -5.824266    
  2.561240     -7.494621    
  2.561557     -6.789415    
  2.561644    -100.00000    
  2.564817     -5.552888    
  2.564904     -5.438486    
  2.567815     -4.998256    
  2.570708     -5.633932    
  2.570794    -100.00000    
  2.571315     -5.078882    
  2.571402     -5.007002    
  2.571490     -5.034681    
  2.571576     -5.134760    
  2.572470     -4.843102    
  2.572557     -6.112151    
  2.576787     -5.104112    
  2.580976     -7.845974    
  2.581063     -5.781457    
  2.582880     -5.264229    
  2.582967     -5.452318    
  2.583821     -5.237204    
  2.583908     -5.583425    
  2.584933     -6.391638    
  2.585020     -6.091153    
  2.586210     -6.001399    
  2.586262     -6.131806    
  2.586349    -100.00000    
  2.588885     -6.862265    
  2.588972     -6.362920    
  2.590598     -7.260163    
  2.590685     -6.257918    
  2.593482     -5.804299    
  2.596260     -5.694570    
  2.596347     -5.500963    
  2.597094     -6.619530    
  2.597181    -100.00000    
  2.597646     -7.360417    
  2.597733    -100.00000    
  2.600152     -4.864914    
  2.600239     -5.331527    
  2.601008     -5.021052    
  2.601094     -5.060164    
  2.604131    -100.00000    
  2.607145     -4.591410    
  2.607232     -5.276664    
  2.607324     -5.285172    
  2.607480     -5.261328    
  2.607567     -5.294357    
  2.607898     -5.244605    
  2.607985     -5.243408    
  2.608789     -5.426617    
  2.608876     -5.301754    
  2.609811     -5.252902    
  2.609898    -100.00000    
  2.612121     -4.947983    
  2.614332     -4.995285    
  2.614419    -100.00000    
  2.615617     -4.918978    
  2.615704     -4.902870    
  2.616177     -4.745290    
  2.616264     -4.807237    
  2.617793     -4.202524    
  2.617880     -4.884403    
  2.620859     -6.154966    
  2.620946     -5.512377    
  2.623214     -5.434244    
  2.625471     -5.303395    
  2.625557     -5.512113    
  2.626297     -5.099894    
  2.626384     -5.112087    
  2.629798     -5.218751    
  2.633186     -5.088687    
  2.633273     -5.015868    
  2.634349     -4.558421    
  2.634435     -4.829503    
  2.634827     -4.384126    
  2.634914     -4.541396    
  2.636215     -5.091737    
  2.636302     -5.038433    
  2.637231    -100.00000    
  2.637318    -100.00000    
  2.639844     -4.552779    
  2.642355     -4.612229    
  2.642442     -4.821731    
  2.644205     -4.357174    
  2.644292     -4.462730    
  2.644578     -4.337568    
  2.644665     -4.362217    
  2.646436     -4.456207    
  2.646523     -4.266916    
  2.648315     -4.781707    
  2.648402     -4.739151    
  2.648476     -4.655999    
  2.648563     -4.643583    
  2.649502     -4.743787    
  2.649589     -4.686737    
  2.650015     -4.756945    
  2.650101     -5.223442    
  2.652023     -4.405887    
  2.652110     -4.222829    
  2.653477     -4.746567    
  2.653564     -4.581148    
  2.653758     -5.261685    
  2.653845     -5.310302    
  2.656371     -4.622085    
  2.656458     -4.457014    
  2.657291     -4.338410    
  2.657378     -4.629730    
  2.659033     -4.641268    
  2.660682     -4.962086    
  2.660769     -5.148238    
  2.662838    -100.00000    
  2.662925     -5.614885    
  2.664361     -5.965495    
  2.664448     -4.899538    
  2.664909     -4.303833    
  2.664996     -4.147342    
  2.667441     -4.646009    
  2.668659     -4.385702    
  2.669873     -5.250572    
  2.669960     -4.578115    
  2.671570     -6.559852    
  2.673175     -6.560591    
  2.674773     -4.446264    
  2.676365     -4.986127    
  2.676452     -4.278413    
  2.677193     -4.535349    
  2.677280     -5.220380    
  2.678402     -4.489685    
  2.679522     -5.203169    
  2.680638     -5.406782    
  2.681752     -4.894181    
  2.681839     -4.658564    
  2.682994     -5.240057    
  2.684147     -4.791756    
  2.684233     -4.934714    
  2.684319     -4.922354    
  2.684406     -4.501488    
  2.685617     -5.015024    
  2.685704     -4.732989    
  2.685988     -5.044198    
  2.686075     -5.297074    
  2.687275     -4.855136    
  2.688471     -4.874285    
  2.689665    -100.00000    
  2.690854     -4.770691    
  2.690941     -4.552020    
  2.691662     -4.290072    
  2.692382     -5.155676    
  2.693100     -4.448478    
  2.693817     -4.779794    
  2.693904     -4.587033    
  2.694490     -4.622588    
  2.695075     -4.348371    
  2.695162     -4.562657    
  2.695331     -4.516874    
  2.695418     -4.606666    
  2.696036     -4.355058    
  2.696123     -4.559341    
  2.697045     -4.515947    
  2.697132     -4.548409    
  2.697891     -4.601478    
  2.698648     -4.615026    
  2.698717     -4.746262    
  2.698803     -5.003189    
  2.699667     -4.463021    
  2.700098     -4.265116    
  2.700529     -4.478028    
  2.700616     -4.749946    
  2.701097     -5.525668    
  2.701577     -4.434195    
  2.702057     -4.298915    
  2.702537     -4.289133    
  2.702610     -4.709932    
  2.702697     -4.791970    
  2.704230     -4.745099    
  2.704317     -4.858014    
  2.704748     -4.965746    
  2.704835     -4.766475    
  2.706154    -100.00000    
  2.706241     -6.446172    
  2.706290     -6.181723    
  2.706377     -5.351432    
  2.707629     -4.489004    
  2.707716     -4.210204    
  2.709271     -4.729819    
  2.709358     -4.920846    
  2.709449     -4.897304    
  2.709536     -4.818719    
  2.709681     -4.631481    
  2.709768     -4.501622    
  2.709828     -4.405338    
  2.709915     -4.297528    
  2.710033     -4.202805    
  2.710119     -3.971380    
  2.713272     -4.447603    
  2.716402     -4.768303    
  2.716489     -4.505995    
  2.718816     -4.654611    
  2.718903     -4.205282    
  2.720712     -4.614951    
  2.720799    -100.00000    
  2.721478     -6.304374    
  2.721565     -6.304971    
  2.721792     -5.887989    
  2.721879     -5.169835    
  2.725251     -4.883662    
  2.725338     -5.100537    
  2.727078     -4.600805    
  2.727165     -4.565791    
  2.730036     -6.084639    
  2.730123     -6.508224    
  2.733151     -5.073477    
  2.733238     -5.051026    
  2.733842     -5.142108    
  2.733929     -5.667895    
  2.737074     -4.721004    
  2.737161     -5.174787    
  2.737825     -5.027929    
  2.737912     -7.443655    
  2.740300     -4.600145    
  2.740387     -5.101724    
  2.741710     -4.957950    
  2.741797     -5.185876    
  2.744319     -4.976335    
  2.746826     -4.785306    
  2.746913     -5.083581    
  2.748474     -4.325521    
  2.748561     -4.242526    
  2.752296     -4.626203    
  2.752383     -4.985435    
  2.754509     -4.740576    
  2.754596     -4.990674    
  2.754850     -4.223041    
  2.754937     -4.532224    
  2.755686     -4.858277    
  2.755773     -4.965740    
  2.755894     -4.305595    
  2.758471     -4.412355    
  2.758558     -4.205073    
  2.759027     -5.335544    
  2.759113     -5.361214    
  2.759268     -5.547755    
  2.759355     -5.552077    
  2.759981     -4.824061    
  2.760067     -4.438866    
  2.760747     -4.323294    
  2.760833     -5.072976    
  2.762305     -4.460793    
  2.762392     -4.571160    
  2.763491     -5.387282    
  2.763577     -4.985070    
  2.764577     -4.538680    
  2.764664     -5.084278    
  2.765524     -4.411089    
  2.765611     -4.954726    
  2.767568     -5.342687    
  2.767655     -4.985593    
  2.768842     -4.508242    
  2.768929     -5.318209    
  2.771196     -4.135399    
  2.771283     -4.744568    
  2.771358     -4.834152    
  2.771445     -4.415511    
  2.773649     -4.591813    
  2.775841     -4.517066    
  2.775928     -4.838743    
  2.777541     -5.074885    
  2.777628    -100.00000    
  2.778824     -4.785462    
  2.778910     -4.771775    
  2.782300     -4.310512    
  2.782387     -4.475220    
  2.783749     -4.954598    
  2.783836     -4.946324    
  2.787507     -4.673010    
  2.787594     -4.419303    
  2.790506     -4.327362    
  2.793400     -4.384223    
  2.796274     -4.324073    
  2.799129     -4.674728    
  2.799216     -5.278708    
  2.799875     -5.049674    
  2.799961     -5.210407    
  2.800228     -4.794656    
  2.800315     -5.568050    
  2.802759     -4.455878    
  2.805189     -4.333467    
  2.805276     -4.335065    
  2.807759     -4.038437    
  2.810229     -4.335008    
  2.810316     -4.359456    
  2.813524     -4.204967    
  2.813611     -4.127759    
  2.814474     -4.170560    
  2.814561     -4.006151    
  2.817018     -4.231815    
  2.817105     -4.058921    
  2.819648     -4.230980    
  2.822177     -4.438152    
  2.822264     -4.187040    
  2.826003     -4.544121    
  2.826090     -4.357099    
  2.829167     -3.780888    
  2.829254     -3.881730    
  2.829613     -3.917597    
  2.829700     -3.941869    
  2.832781     -4.157592    
  2.832867     -4.149272    
  2.832995     -4.220078    
  2.833082     -4.132557    
  2.836249     -4.607853    
  2.836336     -4.370298    
  2.839377     -4.142367    
  2.839464    -100.00000    
  2.840558     -3.926132    
  2.840645     -4.312300    
  2.842706     -4.269669    
  2.842793     -4.092516    
  2.843374     -4.379754    
  2.843461     -4.177561    
  2.843577     -4.333066    
  2.843663     -4.224181    
  2.844722     -3.836701    
  2.844809     -3.929867    
  2.845992     -3.940803    
  2.846079     -3.956462    
  2.846320     -3.974300    
  2.846407     -3.908511    
  2.846929    -100.00000    
  2.847016    -100.00000    
  2.850284     -3.990610    
  2.850371     -4.055257    
  2.851272     -4.055457    
  2.851359     -4.132630    
  2.851605     -4.087869    
  2.851692     -4.087723    
  2.853657     -4.149541    
  2.853744     -4.228197    
  2.856721     -4.096375    
  2.856808     -4.131383    
  2.859953     -4.115666    
  2.863077     -4.187868    
  2.863164     -4.176141    
  2.864011     -4.260262    
  2.864097     -4.206755    
  2.864929     -4.127059    
  2.865016     -4.157226    
  2.868335     -4.187814    
  2.868422     -4.106238    
  2.870319     -4.192732    
  2.870406     -4.184652    
  2.871477     -4.145845    
  2.871560     -4.169414    
  2.871647     -4.227739    
  2.871746     -4.349146    
  2.871833     -4.361445    
  2.875793     -4.155655    
  2.879716     -4.283411    
  2.879803     -4.290343    
  2.880314     -4.221142    
  2.880401     -4.265397    
  2.882313     -4.852723    
  2.882400     -4.361700    
  2.882670     -4.416799    
  2.882757     -4.247210    
  2.885708     -4.067338    
  2.885795     -4.100347    
  2.887555     -4.922437    
  2.887642     -4.245034    
  2.891964     -4.185036    
  2.892051     -4.712530    
  2.893704     -4.042700    
  2.893791     -3.977815    
  2.894071     -3.937035    
  2.894158     -3.937510    
  2.895095     -4.247839    
  2.895182     -3.846355    
  2.897787     -4.770168    
  2.897874     -4.633248    
  2.900589     -3.887596    
  2.900676     -3.930189    
  2.904168     -4.583534    
  2.904255     -4.559063    
  2.905026     -4.925101    
  2.905113     -4.461379    
  2.908003     -4.168267    
  2.908090     -4.140958    
  2.908185     -4.132704    
  2.908477     -4.106629    
  2.908564     -4.091673    
  2.909361     -4.054682    
  2.909448     -4.061460    
  2.910383     -4.112731    
  2.910470     -4.122720    
  2.911970     -4.208113    
  2.912057     -4.549780    
  2.914427     -3.820812    
  2.916785     -3.925749    
  2.916872     -3.950385    
  2.917171     -3.974052    
  2.917258     -3.957913    
  2.920236     -4.197571    
  2.920323     -4.360709    
  2.920418     -4.259586    
  2.922032    -100.00000    
  2.922118     -4.833630    
  2.925029     -4.041380    
  2.925116     -4.129883    
  2.925353     -4.165734    
  2.925440     -4.174570    
  2.925683     -4.160449    
  2.925770     -4.162405    
  2.925849     -4.166022    
  2.925936     -4.182258    
  2.927554     -4.229520    
  2.927641     -4.234498    
  2.927759     -4.239701    
  2.927950     -4.246617    
  2.928037     -4.248300    
  2.929127     -4.434877    
  2.929213     -4.322623    
  2.929524     -4.222102    
  2.929611     -4.198277    
  2.930245     -4.130822    
  2.930332     -4.118253    
  2.930644     -4.111953    
  2.930731     -4.099907    
  2.931247     -4.095158    
  2.931334     -4.098116    
  2.932296     -4.160379    
  2.932383     -4.180482    
  2.934646     -4.308774    
  2.934733     -4.296169    
  2.935353     -4.314729    
  2.935440     -4.311694    
  2.939332     -4.325255    
  2.939418     -4.336403    
  2.943758     -4.359488    
  2.943845     -4.370904    
  2.944467     -4.379388    
  2.944554     -4.371148    
  2.945191     -4.352618    
  2.945278     -4.355419    
  2.946273     -4.362854    
  2.946360     -4.321526    
  2.946687     -4.886142    
  2.946774     -4.522738    
  2.949861     -3.673964    
  2.949948     -3.784640    
  2.950064     -3.791665    
  2.950137     -3.796330    
  2.950211     -3.801529    
  2.950298     -3.808824    
  2.950637     -3.829251    
  2.950724     -3.834703    
  2.950770     -3.837831    
  2.950857     -3.843939    
  2.951287     -3.877063    
  2.951374     -3.893836    
  2.952601     -4.053995    
  2.952688     -4.042050    
  2.952960     -4.064888    
  2.953047     -4.073736    
  2.953706     -4.117965    
  2.953793     -4.138743    
  2.954344     -4.195290    
  2.954431     -4.192994    
  2.955685     -4.257491    
  2.955739     -4.262760    
  2.955826     -4.267765    
  2.956162     -4.280576    
  2.956249     -4.282422    
  2.956346     -4.285381    
  2.956433     -4.288665    
  2.956797     -4.302827    
  2.956884     -4.306154    
  2.956929     -4.308055    
  2.957016     -4.316833    
  2.958622     -4.354839    
  2.958708     -4.356500    
  2.958913     -4.360280    
  2.959000     -4.361511    
  2.959196     -4.364635    
  2.959283     -4.366535    
  2.959385     -4.369416    
  2.959471     -4.372134    
  2.959520     -4.373450    
  2.959575     -4.374637    
  2.959642     -4.375529    
  2.959686     -4.374410    
  2.960694     -4.362853    
  2.960781     -4.383102    
  2.961021     -4.396908    
  2.961108     -4.398955    
  2.961209     -4.317335    
  2.963780     -4.647671    
  2.963867     -4.596073    
  2.966863     -4.442810    
  2.969838     -4.258159    
  2.972793     -4.408620    
  2.975728     -4.469086    
  2.975815     -4.372678    
  2.976171     -4.343124    
  2.976258     -4.755968    
  2.979351     -4.090101    
  2.982423     -4.327402    
  2.982509     -4.387673    
  2.982872     -4.438448    
  2.982959     -4.490586    
  2.985659     -4.250745    
  2.988343     -4.498856    
  2.991011     -4.436676    
  2.993662     -3.998262    
  2.996297     -4.294422    
  2.998916     -4.302584    
  3.001519     -4.377563    
  3.004107     -4.424327    
  3.004194     -4.418382    
  3.007954     -4.455676    
  3.008041     -4.406241    
  3.011581     -4.560657    
  3.015092     -4.409655    
  3.018574     -4.377849    
  3.022029     -4.452598    
  3.022116     -4.335172    
  3.025489     -4.386118    
  3.025575     -4.471366    
  3.029166     -4.451109    
  3.032728     -4.574546    
  3.036260     -4.607354    
  3.039764     -4.339742    
  3.043240     -4.579108    
  3.046688     -4.199259    
  3.050109     -4.314409    
  3.053504     -4.605148    
  3.053591     -4.548444    
  3.056570     -4.316390    
  3.059529     -4.358870    
  3.059616     -4.382105    
  3.061712     -4.524178    
  3.061799     -4.505298    
  3.061872     -4.505758    
  3.061959     -4.506980    
  3.062919     -4.548264    
  3.063006     -4.520728    
  3.065043     -4.824523    
  3.065130     -4.530925    
  3.067491     -4.488299    
  3.067578     -5.256285    
  3.069763     -4.716117    
  3.071937     -4.359582    
  3.072024     -4.144551    
  3.074321     -4.120903    
  3.074408     -4.159838    
  3.077730     -4.434963    
  3.081028     -4.287149    
  3.081115     -4.162581    
  3.083823     -4.440947    
  3.086515     -4.374507    
  3.089190     -4.356345    
  3.091849     -4.546710    
  3.091936     -4.319274    
  3.093217     -4.203259    
  3.093303     -4.196169    
  3.096155     -4.930983    
  3.096242     -4.629339    
  3.099969     -4.276092    
  3.100056     -4.365396    
  3.102484     -4.400245    
  3.102571     -4.416950    
  3.104805     -4.528801    
  3.104892     -4.537433    
  3.105931     -4.563359    
  3.106018     -4.545011    
  3.106079     -4.544252    
  3.106166     -4.540261    
  3.106856     -4.596724    
  3.106943     -4.615485    
  3.109794     -4.622219    
  3.109881     -4.669624    
  3.110486     -4.651902    
  3.110573     -4.625873    
  3.112005     -4.610330    
  3.112092     -4.634023    
  3.112365     -4.622058    
  3.112452     -4.657241    
  3.114687     -4.642248    
  3.114774     -4.608770    
  3.114901     -4.608069    
  3.114988     -4.697531    
  3.117740     -4.513714    
  3.117827     -4.317065    
  3.118223     -4.219524    
  3.118310     -4.192297    
  3.122171     -4.391627    
  3.125997     -5.010442    
  3.126084     -4.681740    
  3.127687     -4.551044    
  3.127774     -4.912922    
  3.131268     -4.392767    
  3.131355     -4.538346    
  3.133775     -4.542711    
  3.136182     -4.582339    
  3.136269     -4.508272    
  3.138689     -4.842405    
  3.141096     -4.562565    
  3.143489     -4.584247    
  3.145869     -4.897068    
  3.145956     -4.666604    
  3.146758     -4.876780    
  3.146845     -4.630859    
  3.149072     -4.647873    
  3.151287     -4.525882    
  3.151374     -4.636712    
  3.153068     -4.803792    
  3.153155     -4.640953    
  3.153248     -4.634774    
  3.153335     -4.636236    
  3.153381     -4.634683    
  3.153425     -4.631063    
  3.153479     -4.736621    
  3.156074     -4.987361    
  3.156161     -4.457332    
  3.160418     -4.628913    
  3.164633     -4.574355    
  3.164720     -4.696778    
  3.167983     -4.371751    
  3.168070     -4.443992    
  3.170695     -4.531560    
  3.173303     -4.572151    
  3.173390     -4.542680    
  3.174167     -4.573205    
  3.174254     -4.624996    
  3.176868     -4.747366    
  3.179466     -4.709660    
  3.179553     -4.858964    
  3.182832     -4.724110    
  3.186087     -4.923877    
  3.186174     -4.693158    
  3.188338     -4.651801    
  3.188425     -5.007481    
  3.191899     -5.222356    
  3.191986     -4.617736    
  3.192224     -4.574511    
  3.192311     -4.661730    
  3.194885     -4.753416    
  3.194972     -5.028905    
  3.196916     -4.574220    
  3.197003     -4.757523    
  3.199617     -4.605836    
  3.202215     -4.629319    
  3.204798     -4.794634    
  3.207365     -4.952397    
  3.207452     -4.808548    
  3.209491     -4.995194    
  3.209578     -4.914658    
  3.213892     -4.707469    
  3.218164     -4.624617    
  3.218251     -4.717326    
  3.221052     -4.726140    
  3.223835     -4.797408    
  3.226600     -4.691489    
  3.229347     -4.844526    
  3.229434     -4.930987    
  3.231857     -4.831108    
  3.234265     -5.085951    
  3.234352     -4.849221    
  3.236049     -5.004399    
  3.236136     -4.935829    
  3.236180     -5.008089    
  3.236267     -5.310688    
  3.238739     -4.646167    
  3.241164     -4.758585    
  3.243575     -4.896948    
  3.245973     -5.022598    
  3.246060     -5.031352    
  3.246189     -4.968246    
  3.247464     -4.965883    
  3.247551     -4.901322    
  3.248152     -4.908128    
  3.248239     -4.886406    
  3.249187     -4.964870    
  3.249274     -4.976199    
  3.251523     -4.961740    
  3.251610     -4.927331    
  3.255359     -4.933248    
  3.259075     -4.888812    
  3.262760     -4.981096    
  3.266414     -5.047656    
  3.266501     -4.959711    
  3.269936     -5.044030    
  3.273344     -5.033127    
  3.276725     -4.998939    
  3.280080     -5.012236    
  3.283409     -4.258604    
  3.286714     -4.567448    
  3.289993     -4.757695    
  3.293247     -5.094566    
  3.293334     -5.051501    
  3.296691     -5.160417    
  3.300022     -5.195236    
  3.303327     -5.261258    
  3.306608     -4.771592    
  3.306694     -4.923853    
  3.310624     -5.059179    
  3.310710     -5.014710    
  3.310941     -5.015378    
  3.311027     -5.013052    
  3.311634     -5.037557    
  3.311721     -5.043159    
  3.311773     -5.045394    
  3.311825     -5.047947    
  3.311868     -5.109020    
  3.315460     -5.066130    
  3.318980     -5.158176    
  3.322472     -5.050803    
  3.325936     -4.903072    
  3.329372     -5.050536    
  3.332782     -5.083103    
  3.336165     -5.087317    
  3.339521     -4.986847    
  3.342852     -5.234752    
  3.346158     -5.243735    
  3.349439     -5.322094    
  3.352695     -5.432545    
  3.355927     -5.291711    
  3.359135     -5.337761    
  3.362319     -4.934966    
  3.365480     -4.615699    
  3.365567     -4.641229    
  3.367462     -4.939023    
  3.367549     -5.016377    
  3.371229     -5.082216    
  3.374878     -5.330717    
  3.378497     -5.419912    
  3.382086     -5.265875    
  3.382173     -5.132310    
  3.385882     -5.035729    
  3.385969     -5.163057    
  3.388254     -5.378024    
  3.390528     -5.540705    
  3.392789     -5.381771    
  3.395039     -5.472889    
  3.395126     -5.469943    
  3.398000     -5.507427    
  3.400855     -5.672784    
  3.400942     -5.451889    
  3.403656     -5.437204    
  3.403743     -5.422950    
  3.406570     -4.970145    
  3.409379     -5.318573    
  3.412170     -5.423552    
  3.414942     -5.645830    
  3.415029     -5.391848    
  3.419186     -5.336325    
  3.423303     -5.578677    
  3.427382     -5.636868    
  3.431422     -5.629791    
  3.431509     -5.676831    
  3.434904     -5.316626    
  3.438273     -5.476766    
  3.441616     -5.380673    
  3.444934     -5.578506    
  3.445021     -5.563037    
  3.447515     -5.504111    
  3.449995     -5.638987    
  3.452462     -5.518538    
  3.454914     -5.429233    
  3.455001     -5.463011    
  3.458181     -5.656269    
  3.461337     -5.725881    
  3.464472     -5.687391    
  3.467583     -5.256312    
  3.467670     -5.411807    
  3.469453     -5.471339    
  3.469540     -5.453994    
  3.471179     -5.618354    
  3.471266     -5.661103    
  3.474100     -5.516339    
  3.474187     -5.767960    
  3.477329     -5.475150    
  3.480449     -5.493011    
  3.483547     -5.945386    
  3.486623     -5.517493    
  3.486710     -5.717940    
  3.490510     -5.512172    
  3.494277     -5.777583    
  3.494364     -5.885773    
  3.496959     -5.483035    
  3.499539     -5.562779    
  3.502104     -5.758254    
  3.504653     -5.782223    
  3.507188     -5.615341    
  3.509708     -5.541568    
  3.512213     -5.744385    
  3.514705     -5.807963    
  3.517181     -5.534893    
  3.519644     -5.725342    
  3.522093     -5.996772    
  3.524529     -5.716417    
  3.526950     -5.884849    
  3.529358     -5.865733    
  3.531753     -5.997807    
  3.534135     -5.802549    
  3.534222     -5.545136    
  3.536956     -5.691956    
  3.539673     -5.602144    
  3.542373     -5.792977    
  3.545057     -5.832752    
  3.547724     -5.931747    
  3.550374     -5.960409    
  3.553009     -5.720262    
  3.555627     -5.792718    
  3.555714     -5.784851    
  3.558846     -5.957010    
  3.558933     -5.943825    
  3.559291     -5.950280    
  3.559378     -5.952898    
  3.560973     -6.015998    
  3.561019     -5.989031    
  3.561106     -5.986186    
  3.561702     -5.990774    
  3.561789     -5.992565    
  3.562293     -5.997768    
  3.562360     -5.998372    
  3.562447     -5.996152    
  3.565681     -6.055203    
  3.565768     -6.012372    
  3.568672     -5.766748    
  3.571556     -5.762552    
  3.574422     -5.967807    
  3.577268     -6.019126    
  3.580096     -5.883366    
  3.582906     -5.995194    
  3.585698     -6.052532    
  3.588471     -5.930052    
  3.591228     -5.938054    
  3.593966     -5.980615    
  3.596688     -5.773642    
  3.599393     -5.899846    
  3.602081     -5.844682    
  3.604752     -5.969920    
  3.607407     -6.011056    
  3.610046     -6.082320    
  3.610133     -6.063128    
  3.612945     -5.945889    
  3.615738     -6.018505    
  3.618514     -6.122641    
  3.621272     -5.894744    
  3.624013     -5.724044    
  3.626737     -5.827674    
  3.629443     -5.984299    
  3.630428     -6.082283    
  3.632133     -6.196320    
  3.632220     -6.197537    
  3.634575     -6.264706    
  3.636918     -6.168309    
  3.639248     -6.151732    
  3.641565     -6.149226    
  3.643871     -6.103507    
  3.646164     -6.177777    
  3.648445     -6.288640    
  3.650714     -6.159326    
  3.650801     -5.992646    
  3.654938     -5.987301    
  3.655025     -6.018041    
  3.659341     -6.213414    
  3.663615     -6.287379    
  3.663702     -6.296628    
  3.666928     -6.759617    
  3.670130     -5.606993    
  3.673309     -5.740140    
  3.676464     -5.976175    
  3.679597     -6.350294    
  3.682707     -6.363770    
  3.685795     -6.412560    
  3.688862     -6.388974    
  3.688948     -6.294169    
  3.691459     -6.339779    
  3.691546     -6.362557    
  3.694107     -6.378735    
  3.696652     -6.421237    
  3.696739     -6.385917    
  3.700634     -6.434772    
  3.704495     -6.330068    
  3.708321     -6.445136    
  3.712114     -6.495049    
  3.712650     -6.498016    
  3.715873     -6.443735    
  3.719601     -6.490319    
  3.723297     -6.367486    
  3.726962     -6.469837    
  3.730596     -6.472433    
  3.734200     -6.536491    
  3.737774     -6.373488    
  3.741319     -6.367439    
  3.744836     -6.502641    
  3.748324     -6.638114    
  3.751784     -6.457787    
  3.755217     -6.563851    
  3.755304     -6.620877    
  3.755522     -6.415554    
  3.755609     -5.194221    
  3.756737     -5.728121    
  3.756824     -6.505387    
  3.760554     -5.662785    
  3.764252     -6.851281    
  3.767919     -5.988335    
  3.771555     -6.185003    
  3.775161     -6.444803    
  3.778151     -6.609917    
  3.778737     -6.618366    
  3.782284     -6.696410    
  3.785802     -6.714221    
  3.789292     -6.719411    
  3.792754     -6.715127    
  3.796189     -6.728941    
  3.799596     -6.754602    
  3.802978     -6.746789    
  3.806333     -6.778285    
  3.809662     -6.761630    
  3.812966     -6.787739    
  3.813053     -6.765787    
  3.815257     -6.787041    
  3.817449     -6.796745    
  3.817536     -6.815044    
  3.821296     -6.604010    
  3.821383     -6.669962    
  3.821564     -6.677365    
  3.821651     -6.712486    
  3.825332     -6.723490    
  3.828982     -6.571228    
  3.832602     -6.556786    
  3.836192     -6.754886    
  3.836279     -6.774671    
  3.838150     -6.829705    
  3.838237     -6.844361    
  3.840853     -6.811035    
  3.843453     -6.856134    
  3.846037     -6.932826    
  3.848607     -6.740313    
  3.848694     -6.717519    
  3.853036     -6.590463    
  3.857335     -6.880003    
  3.861592     -6.893360    
  3.865808     -6.926872    
  3.865895     -6.925054    
  3.868545     -6.933519    
  3.871179     -6.938268    
  3.871266     -6.950876    
  3.874225     -6.941240    
  3.877163     -6.963959    
  3.880081     -7.003582    
  3.882980     -6.875243    
  3.885860     -6.929494    
  3.888721     -6.681083    
  3.891563     -6.778859    
  3.894387     -6.906603    
  3.894474     -6.927430    
  3.896842     -6.922929    
  3.899197     -6.973873    
  3.901540     -6.943951    
  3.903870     -6.895533    
  3.906188     -6.649610    
  3.908494     -6.628277    
  3.910787     -6.843922    
  3.913068     -6.995793    
  3.913155     -6.993617    
  3.913273     -6.999025    
  3.913769     -7.014059    
  3.913856     -7.015514    
  3.913972     -7.020189    
  3.915648     -7.062360    
  3.915735     -7.083914    
  3.916915     -7.079120    
  3.917002     -6.863037    
  3.920011     -6.794763    
  3.923000     -6.961804    
  3.925968     -6.995913    
  3.928916     -7.229002    
  3.931844     -6.794851    
  3.934752     -6.951403    
  3.937641     -7.092764    
  3.940511     -7.150154    
  3.943362     -7.165195    
  3.946195     -7.183105    
  3.949009     -7.109876    
  3.951805     -7.157059    
  3.954584     -7.192289    
  3.957344     -7.195279    
  3.960087     -7.205441    
  3.962813     -7.207512    
  3.962900     -7.219867    
  3.965521     -7.231982    
  3.968126     -7.228953    
  3.970716     -7.268355    
  3.973291     -7.096364    
  3.975850     -7.167007    
  3.978394     -7.221537    
  3.980924     -7.260312    
  3.983439     -7.259008    
  3.983526     -7.256021    
  3.986607     -7.064428    
  3.989666     -6.597897    
  3.992704     -6.285961    
  3.995722     -7.290676    
  3.998718     -6.541054    
  4.001693     -7.890948    
  4.004649     -7.083643    
  4.007584     -7.409374    
  4.007671     -7.178842    
  4.010289     -7.230971    
  4.012892     -7.338676    
  4.015479     -7.338698    
  4.018051     -7.367961    
  4.020607     -7.347131    
  4.023149     -7.412772    
  4.025675     -7.308745    
  4.028187     -7.397712    
  4.030685     -7.424974    
  4.033169     -7.561163    
  4.035638     -6.951766    
  4.038093     -6.701076    
  4.040535     -6.999619    
  4.042963     -7.226914    
  4.045377     -7.349002    
  4.047778     -7.439704    
  4.047865     -7.437857    
  4.050191     -7.482552    
  4.050278     -7.483745    
  4.052927     -7.506492    
  4.055559     -7.514762    
  4.058176     -7.523468    
  4.060777     -7.530196    
  4.063363     -7.529839    
  4.065933     -7.580451    
  4.068489     -7.420425    
  4.071029     -7.467268    
  4.073555     -7.558200    
  4.076066     -7.365117    
  4.078562     -7.026192    
  4.081044    -100.00000    
  4.083513     -7.285503    
  4.085967     -7.419922    
  4.088407     -7.472308    
  4.090834     -7.525456    
  4.090921     -7.548108    
  4.093448     -7.596906    
  4.095961     -7.615798    
  4.098459     -7.634620    
  4.100943     -7.640174    
  4.103413     -7.637050    
  4.105869     -7.648610    
  4.108311     -7.649946    
  4.110740     -7.474272    
  4.113155     -7.526407    
  4.115556     -7.603432    
  4.117944     -7.658070    
  4.120320     -7.693976    
  4.122682     -7.702067    
  4.125032     -7.720296    
  4.127369     -7.646064    
  4.129693     -7.464104    
  4.129780     -7.504113    
  4.133136     -7.643579    
  4.136466     -7.738736    
  4.139770     -7.768245    
  4.143050     -7.769378    
  4.146305     -7.643350    
  4.149536     -7.555338    
  4.152743     -7.723366    
  4.155926     -7.803206    
  4.156013     -7.759008    
  4.158880     -7.605823    
  4.161727     -7.686148    
  4.161814     -7.771391    
  4.163762     -7.791977    
  4.163849     -7.791289    
  4.166924     -7.834564    
  4.167011     -7.832996    
  4.169326     -7.846867    
  4.171629     -7.798581    
  4.173920     -7.813767    
  4.176198     -7.845586    
  4.178465     -7.864413    
  4.180720     -7.880007    
  4.182963     -7.893014    
  4.185195     -7.898235    
  4.187415     -7.903736    
  4.189624     -7.904227    
  4.191822     -7.910042    
  4.194009     -7.928059    
  4.198350     -7.924772    
  4.202647     -7.941278    
  4.202734     -7.947197    
  4.204957     -7.951548    
  4.207168     -7.958718    
  4.209369     -7.967625    
  4.211558     -7.974603    
  4.213736     -7.971208    
  4.215903     -7.992323    
  4.220205     -8.001998    
  4.224465     -8.008850    
  4.228684     -8.020250    
  4.232862     -8.014489    
  4.237000     -8.027054    
  4.237088     -8.108930    
  4.240818     -7.863233    
  4.244516     -7.960438    
  4.248183     -8.071355    
  4.251819     -8.083109    
  4.255425     -8.120359    
  4.259002     -8.090876    
  4.262549     -8.121391    
  4.266067     -8.137381    
  4.266154     -8.131260    
  4.270079     -8.161304    
  4.270166     -8.274162    
  4.274271     -7.824188    
  4.278338     -8.194449    
  4.282367     -7.937225    
  4.286359     -7.960070    
  4.290314     -8.149853    
  4.294234     -8.204887    
  4.298119     -8.230658    
  4.301969     -8.253086    
  4.302056     -8.251182    
  4.306016     -8.267159    
  4.309939     -8.246345    
  4.313828     -8.389610    
  4.317682     -7.981588    
  4.321502     -7.878843    
  4.325289     -8.326940    
  4.329043     -8.195777    
  4.332765     -8.369461    
  4.332852     -8.315740    
  4.335453     -8.350447    
  4.338038     -8.344792    
  4.340608     -8.341953    
  4.343162     -8.334681    
  4.345702     -8.358700    
  4.348227     -8.386586    
  4.350737     -8.386589    
  4.353233     -8.396615    
  4.353320     -8.404285    
  4.356074     -8.421253    
  4.356161     -8.417769    
  4.357582     -8.418211    
  4.357669     -8.419755    
  4.360115     -8.428937    
  4.362547     -8.431578    
  4.362634     -8.430289    
  4.365286     -8.446094    
  4.367922     -8.450878    
  4.370542     -8.457756    
  4.373146     -8.451337    
  4.375735     -8.458763    
  4.378308     -8.481054    
  4.380867     -8.489754    
  4.383410     -8.493539    
  4.385938     -8.515628    
  4.388452     -8.454356    
  4.390952     -8.504535    
  4.393437     -8.524919    
  4.395908     -8.531844    
  4.398365     -8.545047    
  4.400808     -8.549979    
  4.403238     -8.550175    
  4.405653     -8.561634    
  4.408056     -8.624251    
  4.410445     -8.409618    
  4.412822     -8.480952    
  4.415185     -8.557010    
  4.417536     -8.563072    
  4.419874     -8.576369    
  4.422199     -8.584187    
  4.424512     -8.599157    
  4.426813     -8.625649    
  4.429102     -8.633876    
  4.431378     -8.642122    
  4.433643     -8.646127    
  4.435896     -8.640429    
  4.438138     -8.691190    
  4.440368     -8.483383    
  4.440455     -8.581634    
  4.442913     -8.754561    
  4.445357     -8.663640    
  4.447787     -8.689495    
  4.450204     -8.700405    
  4.452608     -8.625044    
  4.454999     -8.719021    
  4.457376     -8.403373    
  4.459740     -9.013157    
  4.462092     -8.723530    
  4.464431     -8.730345    
  4.466757     -8.752175    
  4.469071     -8.759867    
  4.471373     -8.762671    
  4.473663     -8.762493    
  4.475940     -8.777654    
  4.478206     -8.757624    
  4.512937     -8.872459    
  4.513024     -8.859001    
  4.514610     -8.869971    
  4.514697     -8.872989    
  4.515945     -8.894899    
  4.516032     -8.891980    
  4.585469     -9.094220    
  4.585556     -9.054467    
  4.648489     -9.249980    
  4.648576     -9.292859    
  4.649548     -9.296301    
  4.649635     -9.295757    
  4.649838     -9.296500    
  4.649925     -9.261396    
  4.709765     -9.469378    
  4.709852     -9.473574    
  4.765753     -9.633229    
  4.765822     -9.622279    
  4.765909     -9.612215    
  4.818480     -9.809805    
  4.818567     -9.784370    
  4.868094     -9.928273    
  4.868152     -9.898883    
  4.868214     -9.849812    
  4.915089     -10.11303    
  4.915176     -10.06737    
  4.959449     -10.17186    
  4.959536     -10.20000    
  4.959642     -10.20150    
  4.959729     -10.18796    
  5.002021     -10.30664    
  5.002108     -10.31091    
  5.041986     -10.41918    
  5.042072     -10.42478    
  5.042428     -10.42596    
  5.042515     -10.39317    
  5.081038     -10.52955    
  5.081125     -10.38927    
  5.117569     -10.66687    
  5.117655     -10.64367    
  5.118005     -10.64896    
  5.118092     -10.63790    
  5.153462     -10.72592    
  5.153549     -10.71417    
  5.187204     -10.83567    
  5.187290     -10.82382    
  5.187529     -10.82371    
  5.187616     -10.80900    
  5.251180     -10.98291    
  5.251266     -10.99551    
  5.251931     -10.99742    
  5.252018     -10.97507    
  5.311750     -11.14823    
  5.311837     -11.16550    
  5.311944     -11.15093    
  5.712950     -12.22685    
  5.917833     -12.79659    
  6.161415     -13.46110    
  6.430595     -14.22767    
  6.714779     -15.05186    
  7.007134     -15.93635    
  7.303761     -16.91362    
  7.602573     -18.09280    
  7.902489     -19.80109    
  8.202961    -100.00000    
  8.503712    -100.00000    
  8.804602    -100.00000    
  9.105563     -28.86639    
  9.406558     -30.68499    
  9.707570    -100.00000    
