 0.6989700     -127.3656    
 0.7243402     -127.2316    
 0.7483098     -127.0659    
 0.7710253     -127.2958    
 0.7926116    -100.00000    
 0.8328096     -124.0169    
 0.8696002    -100.00000    
 0.9035159     -129.1218    
 0.9349739     -129.3263    
 0.9643063    -100.00000    
 0.9917824     -124.2336    
 0.9918693     -125.3178    
  1.017734    -100.00000    
  1.042145     -123.6021    
  1.042232    -100.00000    
  1.060679     -121.6762    
  1.060766    -100.00000    
  1.080039     -119.9889    
  1.080126    -100.00000    
  1.098980     -118.0774    
  1.099067    -100.00000    
  1.116489     -116.6342    
  1.116576    -100.00000    
  1.132827     -85.27260    
  1.132914     -100.8852    
  1.147337    -100.00000    
  1.147424     -113.0791    
  1.177890     -112.6163    
  1.206358     -112.2433    
  1.233074     -110.2779    
  1.258242     -108.9087    
  1.258328     -108.6672    
  1.281053     -107.9068    
  1.281140     -107.4247    
  1.305129    -100.00000    
  1.305216    -100.00000    
  1.326885     -102.8142    
  1.326972     -71.78982    
  1.346664     -71.32983    
  1.346750     -86.21648    
  1.372011    -100.00000    
  1.372098    -100.00000    
  1.395435     -93.24272    
  1.395522    -100.00000    
  1.407231     -90.90903    
  1.407318    -100.00000    
  1.434239     -85.02484    
  1.434325    -100.00000    
  1.437957     -83.69954    
  1.438044     -84.40731    
  1.438732    -100.00000    
  1.438819     -64.28067    
  1.466567     -63.97317    
  1.466654    -100.00000    
  1.485460     -74.64431    
  1.485547     -72.93635    
  1.499937     -72.43273    
  1.500023    -100.00000    
  1.502811     -71.31485    
  1.502898    -100.00000    
  1.515152     -17.37002    
  1.515239    -100.00000    
  1.521830     -17.47834    
  1.521916     -17.47655    
  1.538911    -100.00000    
  1.538998     -104.2627    
  1.541754     -104.3650    
  1.541841     -16.51989    
  1.544410    -100.00000    
  1.544497     -20.18789    
  1.546755    -100.00000    
  1.546842     -33.63768    
  1.568094    -100.00000    
  1.568181     -60.06876    
  1.576102    -100.00000    
  1.576189     -68.98251    
  1.577032     -68.69102    
  1.577119     -68.82166    
  1.586189     -69.40154    
  1.586276     -69.10429    
  1.587530     -69.42118    
  1.587617     -69.39834    
  1.602078     -70.33597    
  1.602165    -100.00000    
  1.604747     -15.93254    
  1.604834     -14.96458    
  1.633100    -100.00000    
  1.633187     -41.63154    
  1.643761    -100.00000    
  1.643848     -57.92195    
  1.646889    -100.00000    
  1.646976     -64.23378    
  1.653070    -100.00000    
  1.653157     -73.46562    
  1.667964     -73.10847    
  1.668051     -73.33311    
  1.673067     -73.39323    
  1.673154    -100.00000    
  1.673452     -73.03017    
  1.673539     -73.51412    
  1.683736     -73.79377    
  1.683823     -73.86207    
  1.689301     -73.94772    
  1.689388     -74.63717    
  1.690173     -73.90852    
  1.690260     -74.18402    
  1.691919     -74.02788    
  1.692006     -74.12841    
  1.709636     -74.76610    
  1.709723     -74.77486    
  1.714748     -74.79027    
  1.714835    -100.00000    
  1.714933     -74.88411    
  1.717233     -75.00562    
  1.717320     -75.13085    
  1.717576     -75.11581    
  1.717663     -75.80513    
  1.718527     -74.96104    
  1.718614     -75.19415    
  1.721805     -75.13521    
  1.721892    -100.00000    
  1.725295     -71.69898    
  1.725382     -71.38014    
  1.730438     -71.34333    
  1.730525    -100.00000    
  1.731758     -70.99265    
  1.731845    -100.00000    
  1.732294     -72.31723    
  1.732381     -71.94012    
  1.735217     -71.75520    
  1.735304     -71.91608    
  1.744878     -71.97222    
  1.744965     -72.89196    
  1.746841     -72.39166    
  1.746929    -100.00000    
  1.747807     -72.45228    
  1.747894     -72.05538    
  1.753972     -71.97512    
  1.754058     -73.03010    
  1.756978     -72.92615    
  1.757065     -72.25789    
  1.762907     -73.35369    
  1.762994     -72.80836    
  1.763503     -73.23972    
  1.763590     -73.42587    
  1.765957    -100.00000    
  1.766044     -73.58622    
  1.768505     -74.87615    
  1.768592     -73.10645    
  1.776113    -100.00000    
  1.776200     -76.26361    
  1.776785     -76.77062    
  1.776872     -75.72181    
  1.781285    -100.00000    
  1.781372    -100.00000    
  1.781946    -100.00000    
  1.782033     -75.28831    
  1.786409    -100.00000    
  1.786495    -100.00000    
  1.788161     -74.10892    
  1.788248     -74.07062    
  1.789372     -74.01930    
  1.789459    -100.00000    
  1.792246     -73.61147    
  1.792333    -100.00000    
  1.800765     -70.60875    
  1.800851    -100.00000    
  1.806960     -68.79436    
  1.807047     -68.83983    
  1.809708     -67.90113    
  1.809795     -67.81685    
  1.810144     -67.73699    
  1.810231    -100.00000    
  1.814042     -66.76699    
  1.814129    -100.00000    
  1.834747     -61.79421    
  1.834834     -61.28186    
  1.836557     -60.80874    
  1.836644     -60.88530    
  1.838907     -60.22772    
  1.838994     -60.20002    
  1.840414     -59.82432    
  1.840501     -59.89617    
  1.842703     -59.26866    
  1.842790     -59.23860    
  1.844125     -58.89043    
  1.844212    -100.00000    
  1.857265     -56.00640    
  1.857352     -55.72975    
  1.859614     -55.11207    
  1.859700    -100.00000    
  1.868320     -53.23417    
  1.868407     -53.03639    
  1.870233     -52.57563    
  1.870320     -52.54293    
  1.871306     -52.30820    
  1.871393     -52.28415    
  1.872072     -52.12598    
  1.872158     -52.12120    
  1.873424     -51.81846    
  1.873511    -100.00000    
  1.880831     -50.28188    
  1.880918    -100.00000    
  1.887368     -48.76817    
  1.887455    -100.00000    
  1.893213     -47.43725    
  1.893300    -100.00000    
  1.899003     -46.15686    
  1.899090    -100.00000    
  1.905503     -44.76356    
  1.905590     -44.60025    
  1.905821     -44.55042    
  1.905908    -100.00000    
  1.911657     -43.42488    
  1.911744     -43.28420    
  1.912227     -43.18171    
  1.912313     -43.19365    
  1.913955     -42.83063    
  1.914042    -100.00000    
  1.924238     -40.86952    
  1.924325     -40.65313    
  1.925539     -40.40806    
  1.925626     -40.38848    
  1.926709     -40.16890    
  1.926796     -40.14597    
  1.926846     -40.13585    
  1.926932     -40.11757    
  1.927461     -40.01112    
  1.927548     -40.18590    
  1.930771     -39.38434    
  1.930858     -39.43269    
  1.933612     -38.79891    
  1.933699     -38.94161    
  1.936983     -38.13497    
  1.937070     -38.07568    
  1.938051     -37.87850    
  1.938138     -37.95186    
  1.940777     -37.36527    
  1.940864     -37.32404    
  1.941974     -37.10284    
  1.942061    -100.00000    
  1.953088     -35.17690    
  1.953175     -34.99136    
  1.955697     -34.46229    
  1.955784    -100.00000    
  1.959855     -22.31825    
  1.959942     -22.14849    
  1.963545    -100.00000    
  1.963632    -100.00000    
  1.972680     -21.30159    
  1.972767    -100.00000    
  1.974225     -21.07668    
  1.974312     -30.17463    
  1.974387     -30.54492    
  1.974474     -31.19963    
  1.977192    -100.00000    
  1.977279     -21.91166    
  1.992052    -100.00000    
  1.992139     -27.77801    
  1.992538     -27.70889    
  1.992625     -27.71015    
  1.994212     -27.42770    
  1.994299     -27.40158    
  1.994360     -27.39089    
  1.994447    -100.00000    
  1.996552     -22.68441    
  1.996639    -100.00000    
  1.997939     -21.95000    
  1.998026     -20.57907    
  2.000182    -100.00000    
  2.000268     -22.37342    
  2.002574     -22.43258    
  2.002661    -100.00000    
  2.004835     -23.06134    
  2.004922    -100.00000    
  2.007421     -23.18563    
  2.007508    -100.00000    
  2.009100     -22.22013    
  2.009187     -21.99299    
  2.009352    -100.00000    
  2.009439     -21.53570    
  2.009543    -100.00000    
  2.017372     -21.74600    
  2.017459    -100.00000    
  2.019860     -19.72203    
  2.019947    -100.00000    
  2.026471     -20.49155    
  2.026558     -20.51457    
  2.028108    -100.00000    
  2.028195    -100.00000    
  2.031137    -100.00000    
  2.031224    -100.00000    
  2.035128     -21.70134    
  2.035214    -100.00000    
  2.036585     -18.98824    
  2.036672    -100.00000    
  2.053379     -22.04937    
  2.053466     -21.38802    
  2.061043    -100.00000    
  2.061130    -100.00000    
  2.067104    -100.00000    
  2.067191     -20.60736    
  2.068339    -100.00000    
  2.068426    -100.00000    
  2.074002     -21.12759    
  2.074089    -100.00000    
  2.076209     -18.92885    
  2.076296    -100.00000    
  2.076824     -18.66665    
  2.076911    -100.00000    
  2.077291    -100.00000    
  2.077378    -100.00000    
  2.081631     -20.98587    
  2.081718     -19.88991    
  2.090954    -100.00000    
  2.091041     -19.59789    
  2.095729     -18.80557    
  2.095816     -18.73835    
  2.097304     -18.51058    
  2.097391    -100.00000    
  2.100294    -100.00000    
  2.100380     -19.21949    
  2.100528     -19.40368    
  2.100615    -100.00000    
  2.101519     -18.98318    
  2.101605    -100.00000    
  2.104539     -17.13081    
  2.104626     -17.69284    
  2.105570    -100.00000    
  2.105657    -100.00000    
  2.106101     -18.11683    
  2.106187     -17.88290    
  2.107298    -100.00000    
  2.107385     -18.30662    
  2.107538     -17.73542    
  2.107625     -17.08157    
  2.110312    -100.00000    
  2.110399     -16.52681    
  2.111508    -100.00000    
  2.111595     -16.87188    
  2.111941    -100.00000    
  2.112028     -17.60847    
  2.118960     -17.34715    
  2.119047    -100.00000    
  2.124229    -100.00000    
  2.124316     -16.24942    
  2.124942     -15.68164    
  2.125029    -100.00000    
  2.125725    -100.00000    
  2.125812    -100.00000    
  2.126973    -100.00000    
  2.127060     -16.28883    
  2.127658    -100.00000    
  2.127745     -16.46981    
  2.129084    -100.00000    
  2.129171     -16.44372    
  2.130872    -100.00000    
  2.130959    -100.00000    
  2.131986     -16.17149    
  2.132073    -100.00000    
  2.137486    -100.00000    
  2.137573    -100.00000    
  2.137863     -16.21239    
  2.137949     -16.78922    
  2.141450    -100.00000    
  2.141537    -100.00000    
  2.141651    -100.00000    
  2.141738     -15.92942    
  2.145467    -100.00000    
  2.145554    -100.00000    
  2.150293    -100.00000    
  2.150380    -100.00000    
  2.150508    -100.00000    
  2.154246    -100.00000    
  2.154333     -15.83262    
  2.156640     -16.49718    
  2.156727    -100.00000    
  2.156827     -15.45769    
  2.158942    -100.00000    
  2.159028    -100.00000    
  2.168055    -100.00000    
  2.168141     -14.72560    
  2.171576    -100.00000    
  2.171663    -100.00000    
  2.177080    -100.00000    
  2.177167     -14.32975    
  2.177604    -100.00000    
  2.177690     -15.11305    
  2.181731    -100.00000    
  2.181818     -14.70050    
  2.184881    -100.00000    
  2.184967     -14.92032    
  2.188445    -100.00000    
  2.188532    -100.00000    
  2.189637     -13.38164    
  2.189724    -100.00000    
  2.191670     -14.21304    
  2.191757    -100.00000    
  2.202361    -100.00000    
  2.202448    -100.00000    
  2.209411    -100.00000    
  2.209498    -100.00000    
  2.209936     -14.48762    
  2.210023    -100.00000    
  2.213352    -100.00000    
  2.213439    -100.00000    
  2.217445     -15.16497    
  2.217532    -100.00000    
  2.217837    -100.00000    
  2.217924    -100.00000    
  2.218030    -100.00000    
  2.218315    -100.00000    
  2.218402    -100.00000    
  2.218688     -14.78273    
  2.218775     -14.19412    
  2.221924    -100.00000    
  2.222011     -14.50264    
  2.231931    -100.00000    
  2.232018    -100.00000    
  2.234632    -100.00000    
  2.234695    -100.00000    
  2.234781    -100.00000    
  2.239617    -100.00000    
  2.239704    -100.00000    
  2.242429    -100.00000    
  2.242516    -100.00000    
  2.245345    -100.00000    
  2.245432    -100.00000    
  2.250721    -100.00000    
  2.250808    -100.00000    
  2.252069     -14.78603    
  2.252156     -14.10379    
  2.255687    -100.00000    
  2.259191     -14.00828    
  2.259278     -13.20929    
  2.260545    -100.00000    
  2.260632    -100.00000    
  2.263836    -100.00000    
  2.267016    -100.00000    
  2.267103     -14.29940    
  2.270490    -100.00000    
  2.270577     -15.04638    
  2.271628    -100.00000    
  2.271715     -14.60962    
  2.271807    -100.00000    
  2.271894    -100.00000    
  2.273319     -13.61973    
  2.273406    -100.00000    
  2.275710     -14.55148    
  2.275797    -100.00000    
  2.278310    -100.00000    
  2.280809     -14.49616    
  2.280896     -14.73347    
  2.281369    -100.00000    
  2.281456    -100.00000    
  2.282921     -13.88767    
  2.283008    -100.00000    
  2.283804     -13.35802    
  2.283891    -100.00000    
  2.284781     -13.78401    
  2.284868    -100.00000    
  2.285091     -14.55771    
  2.285178     -14.53515    
  2.285231     -14.45692    
  2.285318     -13.84928    
  2.286288    -100.00000    
  2.286375    -100.00000    
  2.287075     -14.41620    
  2.287162     -13.57461    
  2.289257    -100.00000    
  2.291343     -13.99368    
  2.291430    -100.00000    
  2.293524     -13.54430    
  2.295609    -100.00000    
  2.295696     -14.44002    
  2.297128     -14.31366    
  2.297214     -14.53189    
  2.297982     -15.21955    
  2.298069     -14.08208    
  2.299703     -14.59375    
  2.301330     -14.16813    
  2.301417     -13.87462    
  2.302809     -14.20645    
  2.304196     -13.05367    
  2.305579    -100.00000    
  2.306958     -15.27140    
  2.307045     -14.80079    
  2.308274     -14.86724    
  2.308361     -13.85271    
  2.309467    -100.00000    
  2.310569     -13.85752    
  2.311669     -13.48140    
  2.312767    -100.00000    
  2.312854     -14.42946    
  2.313586     -14.47435    
  2.313673     -14.32835    
  2.314517     -14.63205    
  2.314604     -14.05374    
  2.314729    -100.00000    
  2.314817    -100.00000    
  2.315597     -14.90575    
  2.315684     -14.61174    
  2.316612    -100.00000    
  2.317538     -13.14847    
  2.318463     -13.45821    
  2.319385     -13.05213    
  2.320305     -14.04682    
  2.321224     -13.98402    
  2.322140     -12.90522    
  2.323055    -100.00000    
  2.323141     -13.17476    
  2.324253    -100.00000    
  2.324340     -13.96080    
  2.325648     -14.57422    
  2.325735     -13.75206    
  2.326487     -15.86423    
  2.327238     -13.79837    
  2.327987     -15.24574    
  2.328735     -13.90076    
  2.329482     -13.82790    
  2.330227     -14.23288    
  2.330971     -13.08178    
  2.331714    -100.00000    
  2.331801     -13.24823    
  2.331944    -100.00000    
  2.332031    -100.00000    
  2.333101     -13.35181    
  2.333188     -13.06990    
  2.333638    -100.00000    
  2.333725     -14.33571    
  2.334874     -14.24059    
  2.336020     -14.49791    
  2.337163     -13.97523    
  2.338303     -13.78802    
  2.338390     -14.22602    
  2.339301     -14.05349    
  2.339388     -13.75430    
  2.340254     -13.69912    
  2.341118     -13.83987    
  2.341191     -13.83560    
  2.341278     -13.73939    
  2.341370     -13.68504    
  2.341472     -14.68516    
  2.342517     -13.45096    
  2.342604     -13.02716    
  2.343168     -13.70114    
  2.343730     -14.05108    
  2.344292     -13.29586    
  2.344853     -14.61209    
  2.344940     -14.44772    
  2.345941     -13.32462    
  2.346441    -100.00000    
  2.346940     -12.86144    
  2.347438     -13.47478    
  2.347936    -100.00000    
  2.348434     -13.93558    
  2.348930     -13.20178    
  2.349017     -13.49226    
  2.349687     -12.83942    
  2.350356    -100.00000    
  2.350443    -100.00000    
  2.351314     -13.78018    
  2.352184     -13.11391    
  2.352270     -13.41628    
  2.352846     -12.39426    
  2.353421    -100.00000    
  2.353508    -100.00000    
  2.353983     -12.05824    
  2.354070     -13.33004    
  2.354494     -12.62856    
  2.354917     -12.94080    
  2.355340     -12.99753    
  2.355762    -100.00000    
  2.355849     -12.74409    
  2.356520     -12.54180    
  2.357189    -100.00000    
  2.357276     -13.14225    
  2.357498     -13.53148    
  2.357582    -100.00000    
  2.357669     -9.471224    
  2.362936     -9.834160    
  2.363023     -8.975281    
  2.368963     -6.746171    
  2.369050     -7.414413    
  2.373546     -6.159673    
  2.373633     -5.763312    
  2.374597     -5.328273    
  2.374684     -6.389229    
  2.376702     -5.635906    
  2.376789    -100.00000    
  2.381401     -4.763568    
  2.381488     -5.089672    
  2.381574     -5.072952    
  2.381660     -5.646549    
  2.383081     -4.382144    
  2.383168     -4.283414    
  2.387126    -100.00000    
  2.387213     -5.581045    
  2.387778     -5.235947    
  2.387865    -100.00000    
  2.397727     -4.470384    
  2.397814     -3.792149    
  2.403706     -4.020035    
  2.403793     -3.769684    
  2.409345    -100.00000    
  2.409431    -100.00000    
  2.409967     -4.942790    
  2.410054     -4.837103    
  2.411603     -3.717330    
  2.411690     -3.667461    
  2.412778     -3.665119    
  2.412865     -3.688804    
  2.413098     -3.708699    
  2.413185     -3.558641    
  2.414109    -100.00000    
  2.414195    -100.00000    
  2.415338     -5.336079    
  2.415425     -4.875374    
  2.419545     -4.400530    
  2.419632    -100.00000    
  2.422480     -3.957851    
  2.422566     -4.061697    
  2.424108     -3.821084    
  2.424195    -100.00000    
  2.428391     -4.192164    
  2.428478     -3.805906    
  2.429013     -3.712638    
  2.429100     -3.678985    
  2.429244     -3.659572    
  2.429331     -3.660599    
  2.432147     -3.691308    
  2.432234     -3.675110    
  2.434375     -3.694821    
  2.434462     -3.953818    
  2.434951    -100.00000    
  2.435038     -5.322544    
  2.435182     -5.247310    
  2.435269     -5.201570    
  2.435570     -4.706592    
  2.435657     -4.402410    
  2.437397     -3.952138    
  2.437484     -3.811760    
  2.438099     -3.711629    
  2.438186     -3.654037    
  2.440535     -3.833406    
  2.440622     -3.865384    
  2.441592     -3.783618    
  2.441679     -3.820832    
  2.443115     -3.876050    
  2.443202     -5.195905    
  2.446266     -4.367452    
  2.446353     -4.763811    
  2.447958    -100.00000    
  2.448045     -4.976063    
  2.448133     -4.642504    
  2.448892     -3.784280    
  2.448979     -3.785299    
  2.450924     -3.909685    
  2.451011     -4.647810    
  2.454202     -4.015384    
  2.454289     -3.862770    
  2.456026     -3.781251    
  2.456113     -4.018658    
  2.461170     -4.096736    
  2.461257     -5.563636    
  2.463251     -5.102311    
  2.463338     -4.991754    
  2.464468     -5.519224    
  2.464555    -100.00000    
  2.466286     -4.129297    
  2.466372     -5.152997    
  2.467492     -4.800069    
  2.467579     -5.052083    
  2.467685     -5.038387    
  2.467772     -5.726920    
  2.470538     -4.896023    
  2.470625     -4.792844    
  2.470751     -4.671589    
  2.471828     -4.669636    
  2.471915     -4.201906    
  2.473313    -100.00000    
  2.473400     -4.327698    
  2.476442     -3.673072    
  2.476529     -5.048233    
  2.476628     -4.794888    
  2.476715     -4.318725    
  2.478943     -4.425463    
  2.479030    -100.00000    
  2.480895     -3.809238    
  2.480982     -3.769386    
  2.482813    -100.00000    
  2.482900    -100.00000    
  2.483465     -5.342268    
  2.483551     -5.194862    
  2.483824     -5.211907    
  2.483911     -5.113077    
  2.484268     -4.274842    
  2.484355     -4.085836    
  2.484517     -3.974710    
  2.484589     -4.018060    
  2.484656     -4.049396    
  2.484743    -100.00000    
  2.486424     -3.976364    
  2.486511     -4.852752    
  2.490779     -4.241376    
  2.490866     -3.807946    
  2.490956     -3.795419    
  2.491043     -3.677409    
  2.491443     -3.853210    
  2.491530    -100.00000    
  2.492836     -4.132697    
  2.492923     -3.853474    
  2.493176     -3.856854    
  2.493263     -4.116018    
  2.495735    -100.00000    
  2.495822    -100.00000    
  2.496605     -5.481453    
  2.496692     -4.359044    
  2.497050     -4.768616    
  2.497137    -100.00000    
  2.498024     -3.836503    
  2.498111     -4.269317    
  2.500649     -3.922269    
  2.500736     -3.732859    
  2.503920     -4.002945    
  2.504007     -4.150266    
  2.504069     -3.969148    
  2.504156     -3.730932    
  2.506403     -4.125860    
  2.506490    -100.00000    
  2.506598    -100.00000    
  2.506685    -100.00000    
  2.506857     -6.236452    
  2.506943    -100.00000    
  2.507203     -3.930291    
  2.507290     -3.848462    
  2.511107     -3.607280    
  2.511194     -3.601246    
  2.511697     -3.612998    
  2.511784     -3.637393    
  2.512876     -3.741643    
  2.512963     -3.846876    
  2.513523     -3.691199    
  2.513610     -3.962246    
  2.515498     -3.713903    
  2.515585     -3.610686    
  2.515719     -3.597126    
  2.515805     -3.592363    
  2.515872     -3.590250    
  2.515959     -3.589445    
  2.516021     -3.585828    
  2.516107     -4.232836    
  2.516706    -100.00000    
  2.516793     -4.801942    
  2.517769     -3.565042    
  2.517856     -3.633348    
  2.517941     -3.623283    
  2.518028     -3.611801    
  2.518445     -3.573215    
  2.518532     -3.568349    
  2.518680     -3.560119    
  2.518767     -3.692404    
  2.521283     -3.593718    
  2.523785     -3.616996    
  2.523871     -3.671794    
  2.524535     -3.782952    
  2.524622     -3.852460    
  2.526468     -3.657971    
  2.526555     -3.904866    
  2.527825     -3.712915    
  2.527912     -3.747561    
  2.530010     -3.760345    
  2.530097     -3.648843    
  2.532615     -4.319253    
  2.532701     -3.810170    
  2.535293     -3.745023    
  2.535380     -3.808006    
  2.536082     -3.761012    
  2.536169     -3.744153    
  2.539337     -4.216501    
  2.539424     -4.285960    
  2.543132     -3.561296    
  2.546808     -3.692098    
  2.546895     -3.689901    
  2.547076     -3.687514    
  2.547163     -3.686420    
  2.547329     -3.686170    
  2.547416     -3.687495    
  2.547523     -3.741639    
  2.551049     -3.825741    
  2.551118     -3.814059    
  2.551204     -3.814650    
  2.551316     -3.811645    
  2.551403     -3.725706    
  2.554923    -100.00000    
  2.558382     -3.607474    
  2.558469     -3.618067    
  2.558869     -3.638459    
  2.558956     -3.584973    
  2.561154     -4.012553    
  2.561240     -3.800742    
  2.561557     -3.751463    
  2.561644     -3.782817    
  2.564817     -4.690658    
  2.564904     -3.930033    
  2.567815     -3.740706    
  2.570708     -4.430070    
  2.570794     -3.916842    
  2.571315     -3.835240    
  2.571402     -3.836572    
  2.571490     -3.826170    
  2.571576     -3.800493    
  2.572470     -3.753811    
  2.572557     -4.540581    
  2.576787     -3.581692    
  2.580976     -3.964575    
  2.581063     -3.702125    
  2.582880     -3.732155    
  2.582967     -3.755662    
  2.583821     -3.805441    
  2.583908     -4.263528    
  2.584933    -100.00000    
  2.585020    -100.00000    
  2.586210     -3.782266    
  2.586262     -3.739134    
  2.586349     -4.139049    
  2.588885     -3.751636    
  2.588972     -4.629683    
  2.590598     -3.966887    
  2.590685     -3.644269    
  2.593482     -3.650218    
  2.596260     -3.790269    
  2.596347     -3.665947    
  2.597094     -4.564266    
  2.597181    -100.00000    
  2.597646     -4.994120    
  2.597733     -3.918591    
  2.600152     -3.741639    
  2.600239     -3.797165    
  2.601008     -3.790394    
  2.601094     -3.789241    
  2.604131     -4.083012    
  2.607145     -3.895957    
  2.607232     -3.826723    
  2.607324     -3.827309    
  2.607480     -3.832684    
  2.607567     -3.836784    
  2.607898     -3.850269    
  2.607985     -3.860963    
  2.608789     -3.853602    
  2.608876     -3.854275    
  2.609811     -3.906932    
  2.609898     -3.904428    
  2.612121     -3.955726    
  2.614332     -3.858123    
  2.614419     -3.886329    
  2.615617     -3.897388    
  2.615704     -3.911930    
  2.616177     -3.914901    
  2.616264     -3.893346    
  2.617793     -3.879227    
  2.617880     -3.892888    
  2.620859    -100.00000    
  2.620946     -4.187886    
  2.623214     -4.264702    
  2.625471     -3.801589    
  2.625557     -3.964810    
  2.626297     -3.637363    
  2.626384     -3.501361    
  2.629798     -3.558283    
  2.633186     -3.896520    
  2.633273     -3.806182    
  2.634349     -3.829938    
  2.634435     -3.825738    
  2.634827     -3.828898    
  2.634914     -3.907650    
  2.636215     -4.064161    
  2.636302     -4.073984    
  2.637231     -4.093561    
  2.637318     -4.051263    
  2.639844     -4.201157    
  2.642355     -3.804350    
  2.642442     -3.850797    
  2.644205     -3.878201    
  2.644292     -3.894677    
  2.644578     -4.031711    
  2.644665     -4.198411    
  2.646436     -4.108047    
  2.646523     -4.105279    
  2.648315     -3.949079    
  2.648402     -3.964190    
  2.648476     -3.964812    
  2.648563     -3.970387    
  2.649502     -3.980827    
  2.649589     -3.974889    
  2.650015     -3.985232    
  2.650101     -4.138754    
  2.652023     -4.131144    
  2.652110     -4.231814    
  2.653477     -4.007382    
  2.653564     -3.964895    
  2.653758     -3.936574    
  2.653845     -3.919348    
  2.656371     -3.958755    
  2.656458     -4.017108    
  2.657291     -4.507724    
  2.657378     -4.479221    
  2.659033     -4.054734    
  2.660682     -3.929320    
  2.660769     -3.859185    
  2.662838    -100.00000    
  2.662925     -4.030834    
  2.664361     -3.844224    
  2.664448     -3.870945    
  2.664909     -3.852766    
  2.664996     -3.841880    
  2.667441     -3.879047    
  2.668659     -4.094775    
  2.669873     -4.132870    
  2.669960     -4.094022    
  2.671570     -4.150089    
  2.673175     -4.859155    
  2.674773     -3.893622    
  2.676365     -3.923524    
  2.676452     -3.971653    
  2.677193     -4.050305    
  2.677280     -4.040782    
  2.678402     -4.003453    
  2.679522     -4.021394    
  2.680638     -4.013813    
  2.681752     -4.006632    
  2.681839     -4.012977    
  2.682994     -4.156798    
  2.684147     -4.963752    
  2.684233     -4.500587    
  2.684319     -4.453241    
  2.684406     -4.487111    
  2.685617     -4.033779    
  2.685704     -3.972159    
  2.685988     -3.902805    
  2.686075     -3.886630    
  2.687275     -4.126734    
  2.688471     -3.980457    
  2.689665    -100.00000    
  2.690854     -4.298717    
  2.690941     -4.023300    
  2.691662     -3.877577    
  2.692382     -3.822242    
  2.693100     -3.885934    
  2.693817     -3.935311    
  2.693904     -3.930140    
  2.694490     -3.945722    
  2.695075     -3.965640    
  2.695162     -3.968805    
  2.695331     -3.974083    
  2.695418     -3.977134    
  2.696036     -3.989224    
  2.696123     -3.989688    
  2.697045     -4.021405    
  2.697132     -4.029528    
  2.697891     -3.977659    
  2.698648     -4.190747    
  2.698717     -4.225945    
  2.698803     -4.229554    
  2.699667     -4.048897    
  2.700098     -3.982858    
  2.700529     -3.968601    
  2.700616     -3.967800    
  2.701097     -3.943643    
  2.701577     -3.938399    
  2.702057     -3.964077    
  2.702537     -3.989964    
  2.702610     -3.992381    
  2.702697     -3.994165    
  2.704230     -4.025314    
  2.704317     -4.038940    
  2.704748     -4.058388    
  2.704835     -4.022136    
  2.706154    -100.00000    
  2.706241     -6.951090    
  2.706290     -6.308221    
  2.706377     -4.543694    
  2.707629     -4.217330    
  2.707716     -4.205399    
  2.709271     -4.026301    
  2.709358     -4.035379    
  2.709449     -4.036606    
  2.709536     -4.035782    
  2.709681     -4.032267    
  2.709768     -4.029424    
  2.709828     -4.026446    
  2.709915     -4.020499    
  2.710033     -4.009854    
  2.710119     -3.946074    
  2.713272     -4.065121    
  2.716402     -4.058556    
  2.716489     -4.307884    
  2.718816     -5.073859    
  2.718903     -4.043877    
  2.720712     -4.193345    
  2.720799    -100.00000    
  2.721478     -4.708709    
  2.721565     -4.259695    
  2.721792     -4.215445    
  2.721879     -4.045151    
  2.725251     -4.074913    
  2.725338     -4.096477    
  2.727078     -3.964542    
  2.727165     -3.951097    
  2.730036     -4.126301    
  2.730123     -4.563975    
  2.733151     -3.972945    
  2.733238     -4.048589    
  2.733842     -4.055243    
  2.733929     -4.830177    
  2.737074     -4.116585    
  2.737161     -3.932702    
  2.737825     -4.038197    
  2.737912     -4.001443    
  2.740300     -4.104788    
  2.740387     -4.004521    
  2.741710     -4.224777    
  2.741797     -4.034176    
  2.744319    -100.00000    
  2.746826     -3.849909    
  2.746913     -3.902743    
  2.748474     -3.964003    
  2.748561     -4.223268    
  2.752296     -4.284921    
  2.752383     -4.045356    
  2.754509     -4.118476    
  2.754596     -4.108669    
  2.754850     -4.094183    
  2.754937     -4.091140    
  2.755686     -4.094516    
  2.755773     -4.095260    
  2.755894     -4.185632    
  2.758471     -5.214161    
  2.758558     -4.478267    
  2.759027     -4.237858    
  2.759113     -4.335742    
  2.759268     -4.494633    
  2.759355     -4.272724    
  2.759981     -3.996713    
  2.760067     -3.988691    
  2.760747     -4.231606    
  2.760833     -4.252725    
  2.762305     -4.091155    
  2.762392     -4.057140    
  2.763491     -4.503039    
  2.763577     -4.296789    
  2.764577     -4.165056    
  2.764664     -4.162843    
  2.765524     -4.091678    
  2.765611     -4.098060    
  2.767568     -4.188980    
  2.767655     -4.140312    
  2.768842     -4.161537    
  2.768929     -4.171844    
  2.771196     -4.198539    
  2.771283     -4.210495    
  2.771358     -4.213680    
  2.771445     -4.204551    
  2.773649     -4.320829    
  2.775841     -4.424196    
  2.775928     -4.777488    
  2.777541     -4.499382    
  2.777628    -100.00000    
  2.778824     -4.243890    
  2.778910     -4.022710    
  2.782300     -4.189132    
  2.782387     -4.205187    
  2.783749     -4.225942    
  2.783836     -4.865351    
  2.787507     -4.049182    
  2.787594     -3.846538    
  2.790506     -4.447469    
  2.793400     -4.194576    
  2.796274     -4.463338    
  2.799129     -4.778571    
  2.799216    -100.00000    
  2.799875     -5.595305    
  2.799961     -5.220098    
  2.800228     -4.872672    
  2.800315     -4.629242    
  2.802759     -3.961634    
  2.805189     -4.168694    
  2.805276     -4.131051    
  2.807759     -4.493587    
  2.810229     -4.152689    
  2.810316     -4.187919    
  2.813524     -4.293648    
  2.813611     -4.287949    
  2.814474     -4.307640    
  2.814561     -4.306387    
  2.817018     -4.355292    
  2.817105     -4.338657    
  2.819648     -4.357875    
  2.822177     -4.586745    
  2.822264     -4.439602    
  2.826003     -4.162120    
  2.826090     -4.292433    
  2.829167     -4.362703    
  2.829254     -4.361313    
  2.829613     -4.364751    
  2.829700     -4.339602    
  2.832781     -4.595803    
  2.832867     -4.515635    
  2.832995     -4.510272    
  2.833082     -4.511593    
  2.836249     -5.124347    
  2.836336     -4.385971    
  2.839377     -4.037433    
  2.839464     -4.124731    
  2.840558     -4.232045    
  2.840645     -4.247395    
  2.842706     -4.314934    
  2.842793     -4.311973    
  2.843374     -4.333145    
  2.843461     -4.337419    
  2.843577     -4.344179    
  2.843663     -4.358916    
  2.844722     -4.380871    
  2.844809     -4.382189    
  2.845992     -4.366661    
  2.846079     -4.365687    
  2.846320     -4.371582    
  2.846407     -4.281072    
  2.846929    -100.00000    
  2.847016     -6.005062    
  2.850284     -4.159302    
  2.850371     -4.266313    
  2.851272     -4.290746    
  2.851359     -4.296496    
  2.851605     -4.304213    
  2.851692     -4.302867    
  2.853657     -4.353611    
  2.853744     -4.272656    
  2.856721     -4.443723    
  2.856808     -4.317278    
  2.859953     -4.380177    
  2.863077     -4.486587    
  2.863164     -4.649654    
  2.864011     -4.644470    
  2.864097     -4.565013    
  2.864929     -4.372733    
  2.865016     -4.278042    
  2.868335     -4.386480    
  2.868422     -4.332375    
  2.870319     -4.457232    
  2.870406     -4.474026    
  2.871477     -4.437774    
  2.871560     -4.436940    
  2.871647     -4.438372    
  2.871746     -4.446564    
  2.871833     -4.405021    
  2.875793     -4.517864    
  2.879716     -4.542642    
  2.879803     -4.430986    
  2.880314     -4.387484    
  2.880401     -4.595195    
  2.882313     -5.436405    
  2.882400     -4.635059    
  2.882670     -4.446604    
  2.882757     -4.206066    
  2.885708     -4.124656    
  2.885795     -4.179306    
  2.887555     -5.392911    
  2.887642     -4.627255    
  2.891964     -4.369827    
  2.892051    -100.00000    
  2.893704     -4.445413    
  2.893791     -4.346596    
  2.894071     -4.279677    
  2.894158     -4.262871    
  2.895095     -4.226844    
  2.895182     -4.118957    
  2.897787    -100.00000    
  2.897874     -4.976579    
  2.900589     -4.115068    
  2.900676     -4.185025    
  2.904168     -4.882004    
  2.904255     -5.097653    
  2.905026     -5.099464    
  2.905113     -4.591857    
  2.908003     -4.322555    
  2.908090     -4.349440    
  2.908185     -4.348066    
  2.908477     -4.351389    
  2.908564     -4.353628    
  2.909361     -4.382366    
  2.909448     -4.385965    
  2.910383     -4.426369    
  2.910470     -4.432303    
  2.911970     -4.509837    
  2.912057     -4.519476    
  2.914427     -4.545383    
  2.916785     -4.564732    
  2.916872     -4.575755    
  2.917171     -4.585083    
  2.917258     -4.595465    
  2.920236     -4.627256    
  2.920323     -4.620040    
  2.920418     -4.622803    
  2.922032    -100.00000    
  2.922118     -4.648890    
  2.925029     -4.409414    
  2.925116     -4.471252    
  2.925353     -4.480545    
  2.925440     -4.484687    
  2.925683     -4.495975    
  2.925770     -4.499506    
  2.925849     -4.502330    
  2.925936     -4.503201    
  2.927554     -4.519824    
  2.927641     -4.530309    
  2.927759     -4.534633    
  2.927950     -4.540815    
  2.928037     -4.590304    
  2.929127     -4.494691    
  2.929213     -4.447665    
  2.929524     -4.411984    
  2.929611     -4.401311    
  2.930245     -4.385416    
  2.930332     -4.390507    
  2.930644     -4.401736    
  2.930731     -4.406100    
  2.931247     -4.437139    
  2.931334     -4.445332    
  2.932296     -4.496178    
  2.932383     -4.498731    
  2.934646     -4.559775    
  2.934733     -4.555935    
  2.935353     -4.573176    
  2.935440     -4.573549    
  2.939332     -4.665081    
  2.939418     -4.678003    
  2.943758     -4.675143    
  2.943845     -4.690073    
  2.944467     -4.680543    
  2.944554     -4.673436    
  2.945191     -4.657039    
  2.945278     -4.657120    
  2.946273     -4.650905    
  2.946360     -4.662534    
  2.946687     -4.597630    
  2.946774     -4.499257    
  2.949861     -4.557789    
  2.949948     -4.569384    
  2.950064     -4.567672    
  2.950137     -4.566390    
  2.950211     -4.565053    
  2.950298     -4.563237    
  2.950637     -4.559451    
  2.950724     -4.559665    
  2.950770     -4.559793    
  2.950857     -4.559443    
  2.951287     -4.570216    
  2.951374     -4.582716    
  2.952601     -4.596799    
  2.952688     -4.590725    
  2.952960     -4.596323    
  2.953047     -4.601293    
  2.953706     -4.632974    
  2.953793     -4.633829    
  2.954344     -4.641333    
  2.954431     -4.643134    
  2.955685     -4.675598    
  2.955739     -4.675627    
  2.955826     -4.677229    
  2.956162     -4.681537    
  2.956249     -4.682302    
  2.956346     -4.683320    
  2.956433     -4.684186    
  2.956797     -4.689356    
  2.956884     -4.691010    
  2.956929     -4.691824    
  2.957016     -4.695029    
  2.958622     -4.715141    
  2.958708     -4.714836    
  2.958913     -4.716934    
  2.959000     -4.717783    
  2.959196     -4.719409    
  2.959283     -4.720087    
  2.959385     -4.720897    
  2.959471     -4.721547    
  2.959520     -4.721873    
  2.959575     -4.722227    
  2.959642     -4.722652    
  2.959686     -4.681584    
  2.960694     -4.885726    
  2.960781     -4.909183    
  2.961021     -4.911956    
  2.961108     -4.903285    
  2.961209     -4.814719    
  2.963780     -4.598920    
  2.963867     -4.836830    
  2.966863     -4.670453    
  2.969838     -4.578885    
  2.972793     -4.725592    
  2.975728     -4.752667    
  2.975815     -4.610065    
  2.976171     -4.584693    
  2.976258     -5.250157    
  2.979351     -4.251907    
  2.982423     -4.563900    
  2.982509     -4.544714    
  2.982872     -4.552536    
  2.982959     -4.542996    
  2.985659     -4.686141    
  2.988343     -4.910706    
  2.991011     -4.493973    
  2.993662     -4.301086    
  2.996297     -4.698132    
  2.998916     -4.594489    
  3.001519     -4.693154    
  3.004107     -4.720943    
  3.004194     -4.715154    
  3.007954     -4.823098    
  3.008041     -4.773832    
  3.011581     -4.934169    
  3.015092     -4.944129    
  3.018574     -4.366778    
  3.022029     -4.919660    
  3.022116     -4.684623    
  3.025489     -4.904627    
  3.025575     -4.796690    
  3.029166     -4.773158    
  3.032728     -4.928164    
  3.036260     -5.029725    
  3.039764     -4.613722    
  3.043240     -5.055901    
  3.046688     -4.345472    
  3.050109     -4.551769    
  3.053504     -4.810472    
  3.053591     -4.577301    
  3.056570     -4.587317    
  3.059529     -4.760281    
  3.059616     -4.783323    
  3.061712     -4.922605    
  3.061799     -4.977057    
  3.061872     -5.009366    
  3.061959     -5.031582    
  3.062919     -4.943584    
  3.063006     -5.000922    
  3.065043     -4.979775    
  3.065130     -4.920669    
  3.067491     -5.038088    
  3.067578    -100.00000    
  3.069763     -4.776535    
  3.071937     -4.506900    
  3.072024     -4.408060    
  3.074321     -4.521516    
  3.074408     -4.621910    
  3.077730     -4.897224    
  3.081028     -4.638743    
  3.081115     -4.584797    
  3.083823     -4.991791    
  3.086515     -4.679465    
  3.089190     -4.680139    
  3.091849     -4.648308    
  3.091936     -4.498818    
  3.093217     -4.475856    
  3.093303     -4.482125    
  3.096155     -4.718052    
  3.096242     -4.746901    
  3.099969     -5.054794    
  3.100056     -5.048644    
  3.102484     -4.884463    
  3.102571     -4.937978    
  3.104805     -4.999019    
  3.104892     -5.136154    
  3.105931     -4.901178    
  3.106018     -4.927956    
  3.106079     -4.951566    
  3.106166     -5.069373    
  3.106856     -5.123594    
  3.106943     -4.938393    
  3.109794     -5.108786    
  3.109881     -5.068261    
  3.110486     -4.941667    
  3.110573     -4.915357    
  3.112005     -4.903316    
  3.112092     -4.918402    
  3.112365     -4.978269    
  3.112452     -5.096571    
  3.114687     -4.972964    
  3.114774     -5.046703    
  3.114901     -5.032749    
  3.114988     -4.941346    
  3.117740     -5.107732    
  3.117827     -5.059287    
  3.118223     -5.009568    
  3.118310     -5.032351    
  3.122171     -4.970820    
  3.125997     -5.095340    
  3.126084     -5.136597    
  3.127687     -5.249249    
  3.127774     -5.957238    
  3.131268     -4.750845    
  3.131355     -4.932294    
  3.133775     -4.839273    
  3.136182     -4.886914    
  3.136269     -5.065447    
  3.138689     -5.050017    
  3.141096     -4.657413    
  3.143489     -4.983595    
  3.145869     -5.156267    
  3.145956     -5.176563    
  3.146758     -6.673696    
  3.146845     -5.055675    
  3.149072     -4.824644    
  3.151287     -4.948696    
  3.151374     -4.914683    
  3.153068     -4.991255    
  3.153155     -5.002309    
  3.153248     -5.010152    
  3.153335     -5.017827    
  3.153381     -5.021863    
  3.153425     -5.025791    
  3.153479     -5.047426    
  3.156074     -5.173528    
  3.156161     -5.097334    
  3.160418     -5.229355    
  3.164633     -5.344703    
  3.164720     -5.338209    
  3.167983     -5.359752    
  3.168070     -5.359122    
  3.170695     -5.357670    
  3.173303     -5.313533    
  3.173390     -5.337051    
  3.174167     -5.354712    
  3.174254     -5.356648    
  3.176868     -5.384086    
  3.179466     -5.395526    
  3.179553     -5.392352    
  3.182832     -5.401996    
  3.186087     -5.414224    
  3.186174     -5.415987    
  3.188338     -5.411115    
  3.188425    -100.00000    
  3.191899     -5.060370    
  3.191986     -4.576461    
  3.192224     -4.510160    
  3.192311     -4.458071    
  3.194885     -4.446019    
  3.194972     -4.488809    
  3.196916     -4.783499    
  3.197003     -4.838199    
  3.199617     -5.185810    
  3.202215     -5.091231    
  3.204798     -5.077540    
  3.207365     -5.256125    
  3.207452     -5.274588    
  3.209491     -5.426713    
  3.209578     -5.382925    
  3.213892     -6.123716    
  3.218164     -4.623310    
  3.218251     -4.646957    
  3.221052     -4.925703    
  3.223835     -5.327839    
  3.226600     -5.430767    
  3.229347     -5.307772    
  3.229434     -5.300370    
  3.231857     -5.476560    
  3.234265     -5.529979    
  3.234352     -5.520548    
  3.236049     -5.545284    
  3.236136     -5.549627    
  3.236180     -5.550455    
  3.236267     -5.550343    
  3.238739     -5.474468    
  3.241164     -5.460283    
  3.243575     -5.550543    
  3.245973     -5.535438    
  3.246060     -5.536831    
  3.246189     -5.549228    
  3.247464     -5.556115    
  3.247551     -5.551858    
  3.248152     -5.546573    
  3.248239     -5.543986    
  3.249187     -5.544530    
  3.249274     -5.545236    
  3.251523     -5.582547    
  3.251610     -5.601041    
  3.255359     -5.541534    
  3.259075     -5.489313    
  3.262760     -5.570876    
  3.266414     -5.629319    
  3.266501     -5.620404    
  3.269936     -5.612620    
  3.273344     -5.592318    
  3.276725     -5.647133    
  3.280080     -5.493320    
  3.283409     -5.491251    
  3.286714     -5.523782    
  3.289993     -5.586719    
  3.293247     -5.652935    
  3.293334     -5.644811    
  3.296691     -5.704640    
  3.300022     -5.697846    
  3.303327     -5.693446    
  3.306608     -5.655866    
  3.306694     -5.643990    
  3.310624     -5.703118    
  3.310710     -5.676985    
  3.310941     -5.681313    
  3.311027     -5.683410    
  3.311634     -5.694683    
  3.311721     -5.695805    
  3.311773     -5.696562    
  3.311825     -5.697290    
  3.311868     -5.791741    
  3.315460     -5.527020    
  3.318980     -5.622566    
  3.322472     -5.796291    
  3.325936     -5.507785    
  3.329372     -5.562277    
  3.332782     -5.639617    
  3.336165     -5.771834    
  3.339521     -5.831785    
  3.342852     -5.791345    
  3.346158     -5.747447    
  3.349439     -5.792991    
  3.352695     -5.845774    
  3.355927     -5.823722    
  3.359135     -5.938246    
  3.362319     -5.356893    
  3.365480     -5.419578    
  3.365567     -5.420146    
  3.367462     -5.552106    
  3.367549     -5.671860    
  3.371229     -5.565911    
  3.374878     -5.820138    
  3.378497     -5.930081    
  3.382086     -5.761700    
  3.382173     -5.479730    
  3.385882     -5.453601    
  3.385969     -5.545232    
  3.388254     -5.851090    
  3.390528     -5.946209    
  3.392789     -5.993019    
  3.395039     -6.025377    
  3.395126     -6.027840    
  3.398000     -6.101870    
  3.400855     -6.091799    
  3.400942     -5.899717    
  3.403656     -5.799300    
  3.403743     -5.586184    
  3.406570     -5.250051    
  3.409379     -5.671724    
  3.412170     -5.938975    
  3.414942     -6.077567    
  3.415029     -5.872887    
  3.419186     -5.901213    
  3.423303     -6.104936    
  3.427382     -6.155628    
  3.431422     -6.141554    
  3.431509     -5.950394    
  3.434904     -5.769763    
  3.438273     -5.872871    
  3.441616     -5.871744    
  3.444934     -6.100032    
  3.445021     -6.310810    
  3.447515     -5.760557    
  3.449995     -5.981915    
  3.452462     -5.983333    
  3.454914     -5.942201    
  3.455001     -5.994542    
  3.458181     -6.103742    
  3.461337     -6.242163    
  3.464472     -6.043304    
  3.467583     -5.615350    
  3.467670     -5.696180    
  3.469453     -5.839743    
  3.469540     -5.864729    
  3.471179     -6.044649    
  3.471266     -6.004195    
  3.474100     -6.070939    
  3.474187     -6.049837    
  3.477329     -6.049682    
  3.480449     -5.958675    
  3.483547     -5.952285    
  3.486623     -5.967413    
  3.486710     -6.289683    
  3.490510     -6.007672    
  3.494277     -6.287664    
  3.494364     -6.282959    
  3.496959     -5.912992    
  3.499539     -5.925093    
  3.502104     -6.009239    
  3.504653     -6.267368    
  3.507188     -5.916534    
  3.509708     -5.897679    
  3.512213     -6.210075    
  3.514705     -6.235985    
  3.517181     -6.253563    
  3.519644     -6.353356    
  3.522093     -6.317547    
  3.524529     -6.267052    
  3.526950     -6.327652    
  3.529358     -6.327071    
  3.531753     -6.803043    
  3.534135     -5.744619    
  3.534222     -5.689051    
  3.536956     -5.726288    
  3.539673     -6.100130    
  3.542373     -6.285321    
  3.545057     -6.385376    
  3.547724     -6.459179    
  3.550374     -6.497292    
  3.553009     -6.429990    
  3.555627     -6.440567    
  3.555714     -6.452372    
  3.558846     -6.501641    
  3.558933     -6.505122    
  3.559291     -6.509491    
  3.559378     -6.511996    
  3.560973     -6.523497    
  3.561019     -6.523826    
  3.561106     -6.524187    
  3.561702     -6.530412    
  3.561789     -6.531518    
  3.562293     -6.536930    
  3.562360     -6.537379    
  3.562447     -6.544060    
  3.565681     -6.536336    
  3.565768     -6.394524    
  3.568672     -6.240520    
  3.571556     -6.084160    
  3.574422     -6.317992    
  3.577268     -6.222302    
  3.580096     -6.400958    
  3.582906     -6.524517    
  3.585698     -6.465975    
  3.588471     -6.544300    
  3.591228     -6.549029    
  3.593966     -6.561791    
  3.596688     -6.491572    
  3.599393     -6.444319    
  3.602081     -6.403869    
  3.604752     -6.487422    
  3.607407     -6.549740    
  3.610046     -6.648507    
  3.610133     -6.649341    
  3.612945     -6.621688    
  3.615738     -6.647594    
  3.618514     -6.611815    
  3.621272     -6.591419    
  3.624013     -6.659759    
  3.626737     -6.557909    
  3.629443     -6.604177    
  3.630428     -6.669749    
  3.632133     -6.732243    
  3.632220     -6.734205    
  3.634575     -6.767267    
  3.636918     -6.803801    
  3.639248     -6.746489    
  3.641565     -6.719544    
  3.643871     -6.747937    
  3.646164     -6.799658    
  3.648445     -6.865063    
  3.650714     -6.675946    
  3.650801     -6.478584    
  3.654938     -6.562877    
  3.655025     -6.666411    
  3.659341     -6.744477    
  3.663615     -6.750315    
  3.663702     -6.752738    
  3.666928     -6.721061    
  3.670130     -6.559985    
  3.673309     -5.847821    
  3.676464     -6.167377    
  3.679597     -6.782277    
  3.682707     -6.800331    
  3.685795     -6.957331    
  3.688862     -6.811752    
  3.688948     -6.787865    
  3.691459     -6.802850    
  3.691546     -6.797798    
  3.694107     -6.885304    
  3.696652     -6.969102    
  3.696739     -6.962490    
  3.700634     -6.972971    
  3.704495     -6.962465    
  3.708321     -7.031129    
  3.712114     -7.018448    
  3.712650     -6.970087    
  3.715873     -7.018304    
  3.719601     -7.039616    
  3.723297     -7.018032    
  3.726962     -7.027276    
  3.730596     -7.068714    
  3.734200     -6.958818    
  3.737774     -6.756490    
  3.741319     -6.807413    
  3.744836     -7.095288    
  3.748324     -7.048278    
  3.751784     -6.903607    
  3.755217     -7.133347    
  3.755304     -7.107215    
  3.755522     -7.113365    
  3.755609     -7.126776    
  3.756737     -7.135220    
  3.756824     -7.137656    
  3.760554     -7.329216    
  3.764252     -6.644771    
  3.767919     -5.860304    
  3.771555     -6.539349    
  3.775161     -6.951852    
  3.778151     -7.794421    
  3.778737     -7.616270    
  3.782284     -7.074217    
  3.785802     -7.235384    
  3.789292     -7.254948    
  3.792754     -7.254584    
  3.796189     -7.261359    
  3.799596     -7.288048    
  3.802978     -7.275523    
  3.806333     -7.284194    
  3.809662     -7.308627    
  3.812966     -7.273787    
  3.813053     -7.043814    
  3.815257     -7.365406    
  3.817449     -7.182566    
  3.817536     -7.071594    
  3.821296     -6.946815    
  3.821383     -7.006245    
  3.821564     -7.020538    
  3.821651     -7.053518    
  3.825332     -7.294445    
  3.828982     -7.302522    
  3.832602     -7.360058    
  3.836192     -7.395132    
  3.836279     -7.387261    
  3.838150     -7.398490    
  3.838237     -7.382656    
  3.840853     -7.358462    
  3.843453     -7.389745    
  3.846037     -7.425212    
  3.848607     -7.220640    
  3.848694     -6.987593    
  3.853036     -7.146580    
  3.857335     -7.402270    
  3.861592     -7.422364    
  3.865808     -7.494077    
  3.865895     -7.483209    
  3.868545     -7.503023    
  3.871179     -7.510451    
  3.871266     -7.517121    
  3.874225     -7.503492    
  3.877163     -7.513573    
  3.880081     -7.526616    
  3.882980     -7.424621    
  3.885860     -7.223844    
  3.888721     -6.816734    
  3.891563     -7.066704    
  3.894387     -7.491798    
  3.894474     -7.474996    
  3.896842     -7.444756    
  3.899197     -7.501949    
  3.901540     -7.552827    
  3.903870     -7.581122    
  3.906188     -7.402053    
  3.908494     -7.461185    
  3.910787     -7.427525    
  3.913068     -7.552370    
  3.913155     -7.547142    
  3.913273     -7.553622    
  3.913769     -7.570188    
  3.913856     -7.570757    
  3.913972     -7.571942    
  3.915648     -7.609793    
  3.915735     -7.593761    
  3.916915     -7.470239    
  3.917002     -7.417870    
  3.920011     -7.455305    
  3.923000     -7.598596    
  3.925968     -7.655751    
  3.928916     -7.679908    
  3.931844     -7.677883    
  3.934752     -7.687381    
  3.937641     -7.688997    
  3.940511     -7.706461    
  3.943362     -7.712481    
  3.946195     -7.728395    
  3.949009     -7.599657    
  3.951805     -7.665513    
  3.954584     -7.710274    
  3.957344     -7.740668    
  3.960087     -7.753738    
  3.962813     -7.761577    
  3.962900     -7.768176    
  3.965521     -7.763715    
  3.968126     -7.770727    
  3.970716     -7.721450    
  3.973291     -7.523844    
  3.975850     -7.613944    
  3.978394     -7.765651    
  3.980924     -7.785246    
  3.983439     -7.806301    
  3.983526     -7.810685    
  3.986607     -7.840199    
  3.989666     -7.822942    
  3.992704     -7.812797    
  3.995722     -7.847931    
  3.998718     -7.880419    
  4.001693     -7.888622    
  4.004649     -7.741476    
  4.007584     -7.315764    
  4.007671     -7.307971    
  4.010289     -7.435211    
  4.012892     -7.755906    
  4.015479     -7.847455    
  4.018051     -7.895125    
  4.020607     -7.886580    
  4.023149     -7.845224    
  4.025675     -7.781071    
  4.028187     -7.883530    
  4.030685     -7.950585    
  4.033169     -8.045706    
  4.035638     -7.722721    
  4.038093     -7.709981    
  4.040535     -7.757791    
  4.042963     -7.862483    
  4.045377     -7.936119    
  4.047778     -7.990490    
  4.047865     -7.988643    
  4.050191     -8.020651    
  4.050278     -8.027332    
  4.052927     -8.042260    
  4.055559     -8.053172    
  4.058176     -8.059564    
  4.060777     -8.054317    
  4.063363     -8.111027    
  4.065933     -7.885562    
  4.068489     -7.651936    
  4.071029     -7.792133    
  4.073555     -8.117609    
  4.076066     -7.550071    
  4.078562     -7.535367    
  4.081044     -7.839912    
  4.083513     -8.034447    
  4.085967     -8.082890    
  4.088407     -8.117050    
  4.090834     -8.133807    
  4.090921     -8.128566    
  4.093448     -8.145010    
  4.095961     -8.146563    
  4.098459     -8.155688    
  4.100943     -8.150980    
  4.103413     -8.154693    
  4.105869     -8.187932    
  4.108311     -8.085831    
  4.110740     -8.015771    
  4.113155     -8.090860    
  4.115556     -8.162504    
  4.117944     -8.211589    
  4.120320     -8.212091    
  4.122682     -8.221984    
  4.125032     -8.266120    
  4.127369     -8.062714    
  4.129693     -8.126520    
  4.129780     -8.095227    
  4.133136     -8.185277    
  4.136466     -8.257115    
  4.139770     -8.276253    
  4.143050     -8.304063    
  4.146305     -8.005056    
  4.149536     -8.151656    
  4.152743     -8.296334    
  4.155926     -8.296056    
  4.156013     -8.380267    
  4.158880     -8.185123    
  4.161727     -8.223148    
  4.161814     -8.228360    
  4.163762     -8.287661    
  4.163849     -8.306397    
  4.166924     -8.360304    
  4.167011     -8.412395    
  4.169326     -8.244364    
  4.171629     -8.301118    
  4.173920     -8.086186    
  4.176198     -8.242306    
  4.178465     -8.345422    
  4.180720     -8.386262    
  4.182963     -8.412765    
  4.185195     -8.421991    
  4.187415     -8.421589    
  4.189624     -8.429381    
  4.191822     -8.435410    
  4.194009     -8.442620    
  4.198350     -8.382658    
  4.202647     -8.423593    
  4.202734     -8.433752    
  4.204957     -8.446618    
  4.207168     -8.476799    
  4.209369     -8.481095    
  4.211558     -8.481988    
  4.213736     -8.488265    
  4.215903     -8.488066    
  4.220205     -8.487727    
  4.224465     -8.526442    
  4.228684     -8.477846    
  4.232862     -8.458052    
  4.237000     -8.536082    
  4.237088     -8.703917    
  4.240818     -7.990976    
  4.244516     -8.392699    
  4.248183     -8.567970    
  4.251819     -8.578399    
  4.255425     -8.589487    
  4.259002     -8.530937    
  4.262549     -8.599089    
  4.266067     -8.634647    
  4.266154     -8.624339    
  4.270079     -8.666505    
  4.270166     -8.597565    
  4.274271     -8.025143    
  4.278338     -8.237134    
  4.282367     -8.706517    
  4.286359     -8.596563    
  4.290314     -8.664229    
  4.294234     -8.704109    
  4.298119     -8.725369    
  4.301969     -8.757054    
  4.302056     -8.754836    
  4.306016     -8.760884    
  4.309939     -8.724197    
  4.313828     -8.864462    
  4.317682     -8.449067    
  4.321502     -8.257737    
  4.325289     -8.590304    
  4.329043     -8.910276    
  4.332765     -8.802475    
  4.332852     -8.801175    
  4.335453     -8.817516    
  4.338038     -8.830997    
  4.340608     -8.705146    
  4.343162     -8.649498    
  4.345702     -8.718397    
  4.348227     -8.834835    
  4.350737     -8.869075    
  4.353233     -8.896478    
  4.353320     -8.897385    
  4.356074     -8.885600    
  4.356161     -8.887239    
  4.357582     -8.890929    
  4.357669     -8.893605    
  4.360115     -8.906719    
  4.362547     -8.907781    
  4.362634     -8.914792    
  4.365286     -8.916734    
  4.367922     -8.927464    
  4.370542     -8.925122    
  4.373146     -8.855086    
  4.375735     -8.881486    
  4.378308     -8.927640    
  4.380867     -8.963007    
  4.383410     -9.038409    
  4.385938     -8.666067    
  4.388452     -8.666517    
  4.390952     -8.885378    
  4.393437     -8.942666    
  4.395908     -8.987090    
  4.398365     -9.022690    
  4.400808     -9.033297    
  4.403238     -9.035351    
  4.405653     -9.046810    
  4.408056     -9.009795    
  4.410445     -9.006214    
  4.412822     -9.026405    
  4.415185     -9.061218    
  4.417536     -9.074884    
  4.419874     -9.050059    
  4.422199     -8.945123    
  4.424512     -8.998337    
  4.426813     -9.074877    
  4.429102     -9.099250    
  4.431378     -9.093730    
  4.433643     -9.079612    
  4.435896     -9.099816    
  4.438138     -9.113543    
  4.440368     -9.135211    
  4.440455     -9.127825    
  4.442913     -9.137355    
  4.445357     -9.156695    
  4.447787     -9.155440    
  4.450204     -8.931118    
  4.452608     -9.029670    
  4.454999     -9.044900    
  4.457376     -9.031913    
  4.459740     -9.100628    
  4.462092     -9.101743    
  4.464431     -9.154518    
  4.466757     -9.193219    
  4.469071     -9.220996    
  4.471373     -9.219830    
  4.473663     -9.232281    
  4.475940     -9.236967    
  4.478206     -9.053687    
  4.512937     -9.200346    
  4.513024     -9.341581    
  4.514610     -9.354755    
  4.514697     -9.370917    
  4.515945     -9.370682    
  4.516032     -9.300308    
  4.585469     -9.549472    
  4.585556     -9.514525    
  4.648489     -9.640341    
  4.648576     -9.717946    
  4.649548     -9.720687    
  4.649635     -9.720748    
  4.649838     -9.720174    
  4.649925     -9.655354    
  4.709765     -9.801311    
  4.709852     -9.898252    
  4.765753     -9.984345    
  4.765822     -10.08575    
  4.765909     -10.03987    
  4.818480     -10.23342    
  4.818567     -10.14431    
  4.868094     -10.26658    
  4.868152     -10.32680    
  4.868214     -10.26013    
  4.915089     -10.53792    
  4.915176     -10.50704    
  4.959449     -10.61968    
  4.959536     -10.62099    
  4.959642     -10.51618    
  4.959729     -10.56995    
  5.002021     -10.60944    
  5.002108     -10.75443    
  5.041986     -10.87243    
  5.042072     -10.86458    
  5.042428     -10.86757    
  5.042515     -10.83447    
  5.081038     -10.96697    
  5.081125     -10.90405    
  5.117569     -11.10284    
  5.117655     -11.11775    
  5.118005     -11.07634    
  5.118092     -10.87350    
  5.153462     -11.32564    
  5.153549     -11.18340    
  5.187204     -11.30639    
  5.187290     -11.28425    
  5.187529     -11.28504    
  5.187616     -11.27647    
  5.251180     -11.38951    
  5.251266     -11.48061    
  5.251931     -11.48411    
  5.252018     -11.46178    
  5.311750     -11.62829    
  5.311837     -11.66325    
  5.311944     -11.62908    
  5.712950     -12.81422    
  5.917833     -13.40711    
  6.161415     -14.08680    
  6.430595     -14.84338    
  6.714779     -15.65094    
  7.007134     -16.50611    
  7.303761     -17.42628    
  7.602573     -18.47718    
  7.902489     -19.83425    
  8.202961    -100.00000    
  8.503712    -100.00000    
  8.804602    -100.00000    
  9.105563    -100.00000    
  9.406558     -30.34925    
  9.707570    -100.00000    
