 0.6989700     -86.75122    
 0.7243402     -87.48424    
 0.7483098     -87.77603    
 0.7710253     -88.11890    
 0.7926116     -88.51957    
 0.8328096     -89.54164    
 0.8696002     -90.47361    
 0.9035159     -89.55962    
 0.9349739     -88.75498    
 0.9643063    -100.00000    
 0.9917824     -86.89593    
 0.9918693     -86.73910    
  1.017734     -85.53713    
  1.042145     -85.61964    
  1.042232     -85.54311    
  1.060679     -85.26666    
  1.060766     -85.22925    
  1.080039     -85.12601    
  1.080126     -84.86777    
  1.098980     -84.89423    
  1.099067     -84.83943    
  1.116489     -85.10885    
  1.116576    -100.00000    
  1.132827     -17.15403    
  1.132914     -17.06046    
  1.147337    -100.00000    
  1.147424     -29.80480    
  1.177890    -100.00000    
  1.206358    -100.00000    
  1.233074    -100.00000    
  1.258242     -84.93527    
  1.258328    -100.00000    
  1.281053     -76.04421    
  1.281140    -100.00000    
  1.305129     -67.77789    
  1.305216    -100.00000    
  1.326885     -60.57897    
  1.326972     -19.64689    
  1.346664     -19.02063    
  1.346750     -27.34626    
  1.372011    -100.00000    
  1.372098    -100.00000    
  1.395435     -40.21124    
  1.395522    -100.00000    
  1.407231     -36.75704    
  1.407318    -100.00000    
  1.434239     -30.03614    
  1.434325     -30.52187    
  1.437957     -28.53821    
  1.438044     -28.44173    
  1.438732     -28.26909    
  1.438819     -17.96305    
  1.466567     -17.66673    
  1.466654    -100.00000    
  1.485460     -17.63332    
  1.485547    -100.00000    
  1.499937     -14.31311    
  1.500023     -12.85299    
  1.502811     -12.33912    
  1.502898     -13.17452    
  1.515152     -13.28091    
  1.515239     -12.09801    
  1.521830     -12.55779    
  1.521916     -11.91624    
  1.538911    -100.00000    
  1.538998     -14.75465    
  1.541754     -15.85824    
  1.541841    -100.00000    
  1.544410     -11.67931    
  1.544497     -10.92205    
  1.546755     -10.92228    
  1.546842     -11.49478    
  1.568094    -100.00000    
  1.568181     -19.51713    
  1.576102    -100.00000    
  1.576189     -22.13369    
  1.577032     -22.75034    
  1.577119     -22.98273    
  1.586189     -23.49692    
  1.586276     -25.30291    
  1.587530     -25.95856    
  1.587617     -25.50958    
  1.602078    -100.00000    
  1.602165    -100.00000    
  1.604747     -10.81851    
  1.604834     -9.273911    
  1.633100    -100.00000    
  1.633187     -15.39296    
  1.643761    -100.00000    
  1.643848    -100.00000    
  1.646889     -17.63545    
  1.646976     -18.15420    
  1.653070     -17.91556    
  1.653157    -100.00000    
  1.667964     -17.11059    
  1.668051     -18.13505    
  1.673067     -17.20960    
  1.673154     -16.99463    
  1.673452     -16.95875    
  1.673539     -16.95798    
  1.683736     -17.39240    
  1.683823     -17.87329    
  1.689301     -17.19099    
  1.689388     -17.12127    
  1.690173     -17.30860    
  1.690260     -17.33338    
  1.691919     -17.69273    
  1.692006    -100.00000    
  1.709636     -16.73939    
  1.709723     -16.45982    
  1.714748     -16.48341    
  1.714835     -16.53519    
  1.714933     -16.55055    
  1.717233     -16.99408    
  1.717320     -16.90566    
  1.717576     -16.91679    
  1.717663     -16.93201    
  1.718527     -16.81349    
  1.718614     -16.70218    
  1.721805     -16.39941    
  1.721892     -16.59753    
  1.725295     -16.44737    
  1.725382     -16.41679    
  1.730438     -16.58857    
  1.730525     -16.68204    
  1.731758     -16.41782    
  1.731845     -16.58062    
  1.732294     -16.69316    
  1.732381     -16.97666    
  1.735217     -16.68496    
  1.735304     -16.55874    
  1.744878     -16.48102    
  1.744965     -16.84412    
  1.746841     -16.96162    
  1.746929     -16.54879    
  1.747807     -16.47191    
  1.747894     -15.98758    
  1.753972     -17.13733    
  1.754058     -16.49218    
  1.756978     -16.21148    
  1.757065     -16.29472    
  1.762907     -16.02554    
  1.762994     -16.05916    
  1.763503     -16.20948    
  1.763590     -16.25630    
  1.765957     -16.99392    
  1.766044     -16.29384    
  1.768505     -16.50480    
  1.768592     -16.63984    
  1.776113     -16.33880    
  1.776200     -16.55778    
  1.776785     -16.73846    
  1.776872     -16.89766    
  1.781285     -16.42931    
  1.781372     -16.09676    
  1.781946     -16.03477    
  1.782033     -16.17947    
  1.786409     -15.94231    
  1.786495     -16.31737    
  1.788161     -16.28637    
  1.788248     -16.32087    
  1.789372     -16.63385    
  1.789459     -16.60822    
  1.792246     -16.93411    
  1.792333     -16.13706    
  1.800765     -16.36737    
  1.800851     -16.14522    
  1.806960     -16.84593    
  1.807047     -16.32464    
  1.809708     -16.17704    
  1.809795     -15.94623    
  1.810144     -15.92228    
  1.810231     -15.99042    
  1.814042     -17.10144    
  1.814129     -16.49734    
  1.824560     -16.09256    
  1.834747     -16.25487    
  1.834834     -16.31098    
  1.836557     -16.64139    
  1.836644     -17.00378    
  1.838907     -16.35817    
  1.838994     -16.30250    
  1.840414     -16.44622    
  1.840501     -16.45988    
  1.842703     -16.55325    
  1.842790     -16.57681    
  1.844125     -16.40082    
  1.844212     -16.44374    
  1.857265     -16.35015    
  1.857352     -16.18786    
  1.859614     -16.19201    
  1.859700    -100.00000    
  1.868320     -15.72815    
  1.868407     -15.92622    
  1.870233     -16.01647    
  1.870320     -16.03716    
  1.871306     -15.94803    
  1.871393     -15.97406    
  1.872072     -15.89137    
  1.872158     -15.88180    
  1.873424     -15.64432    
  1.873511     -15.91706    
  1.880831     -15.27537    
  1.880918     -15.45326    
  1.887368     -14.62978    
  1.887455     -14.74159    
  1.893213     -14.22356    
  1.893300     -14.25118    
  1.899003     -13.75950    
  1.899090     -13.82562    
  1.905503     -13.24183    
  1.905590     -13.22987    
  1.905821     -13.27146    
  1.905908     -13.42495    
  1.911657     -13.04424    
  1.911744     -12.99508    
  1.912227     -12.95299    
  1.912313     -12.95101    
  1.913955     -12.82414    
  1.914042     -10.84252    
  1.924238     -10.20678    
  1.924325     -10.19255    
  1.925539     -10.48051    
  1.925626     -10.34303    
  1.926709     -10.44208    
  1.926796     -10.53444    
  1.926846     -10.54225    
  1.926932     -10.55181    
  1.927461     -10.72061    
  1.927548     -11.29844    
  1.930771     -10.48227    
  1.930858     -11.21534    
  1.933612     -10.20358    
  1.933699     -9.779268    
  1.936983     -10.41361    
  1.937070     -10.14432    
  1.938051     -10.13363    
  1.938138     -10.43940    
  1.940777     -10.63866    
  1.940864     -10.68019    
  1.941974     -10.18475    
  1.942061    -100.00000    
  1.953088     -9.438466    
  1.953175     -7.699120    
  1.955697     -8.700676    
  1.955784    -100.00000    
  1.959855     -8.935424    
  1.959942    -100.00000    
  1.963545     -7.982624    
  1.963632     -8.316700    
  1.972680     -7.614395    
  1.972767    -100.00000    
  1.974225     -7.373068    
  1.974312     -7.443694    
  1.974387     -7.440938    
  1.974474     -7.443171    
  1.977192     -7.472740    
  1.977279     -8.172503    
  1.992052     -7.285163    
  1.992139     -9.740820    
  1.992538     -8.109770    
  1.992625    -100.00000    
  1.994212     -6.794082    
  1.994299     -6.170043    
  1.994360     -6.293406    
  1.994447    -100.00000    
  1.996552     -4.982958    
  1.996639     -4.664694    
  1.997939     -4.822679    
  1.998026    -100.00000    
  2.000182     -5.848446    
  2.000268     -6.046142    
  2.002574     -5.266493    
  2.002661     -5.494716    
  2.004835     -5.548137    
  2.004922     -5.854755    
  2.007421    -100.00000    
  2.007508     -6.899533    
  2.009100     -5.596967    
  2.009187     -5.491993    
  2.009352     -5.446542    
  2.009439     -5.386619    
  2.009543     -5.765295    
  2.017372     -5.548854    
  2.017459     -5.468983    
  2.019860     -5.536439    
  2.019947    -100.00000    
  2.026471     -4.560749    
  2.026558    -100.00000    
  2.028108     -5.990055    
  2.028195    -100.00000    
  2.031137     -5.091104    
  2.031224     -4.201226    
  2.035128     -5.000777    
  2.035214     -4.419032    
  2.036585    -100.00000    
  2.036672     -4.317739    
  2.045106     -4.380190    
  2.053379     -4.911242    
  2.053466     -4.690661    
  2.061043     -3.877041    
  2.061130     -3.983907    
  2.067104    -100.00000    
  2.067191     -5.535664    
  2.068339     -4.953068    
  2.068426     -5.172961    
  2.074002     -4.180064    
  2.074089     -4.332162    
  2.076209    -100.00000    
  2.076296    -100.00000    
  2.076824     -5.309586    
  2.076911     -5.843206    
  2.077291     -5.260334    
  2.077378     -4.520821    
  2.081631     -4.491860    
  2.081718     -4.762078    
  2.090954     -4.204343    
  2.091041     -4.503088    
  2.095729     -3.491285    
  2.095816     -4.403732    
  2.097304     -3.496031    
  2.097391     -3.678368    
  2.100294     -3.955375    
  2.100380     -4.260293    
  2.100528     -3.711497    
  2.100615     -3.565937    
  2.101519     -3.360200    
  2.101605     -3.303978    
  2.104539     -3.630876    
  2.104626     -4.017462    
  2.105570     -3.445916    
  2.105657     -3.472877    
  2.106101     -4.727913    
  2.106187     -4.317680    
  2.107298     -3.719899    
  2.107385     -3.539713    
  2.107538     -3.526091    
  2.107625     -4.273730    
  2.110312     -3.364373    
  2.110399     -4.231190    
  2.111508     -3.439523    
  2.111595     -3.386627    
  2.111941     -3.380184    
  2.112028     -3.668328    
  2.118960    -100.00000    
  2.119047     -4.144241    
  2.124229     -3.406246    
  2.124316     -3.445763    
  2.124942     -3.600457    
  2.125029     -3.605874    
  2.125725     -4.814687    
  2.125812    -100.00000    
  2.126973     -3.442506    
  2.127060     -3.412948    
  2.127658     -3.553188    
  2.127745     -3.556228    
  2.129084     -3.388350    
  2.129171     -3.376128    
  2.130872     -3.397774    
  2.130959     -3.203671    
  2.131986     -4.265518    
  2.132073     -3.892492    
  2.137486     -4.092503    
  2.137573     -4.177843    
  2.137863     -4.402280    
  2.137949     -3.418078    
  2.141450     -4.055406    
  2.141537     -5.921633    
  2.141651     -6.343964    
  2.141738    -100.00000    
  2.145467     -3.480885    
  2.145554     -3.986783    
  2.150293     -4.697505    
  2.150380     -4.401469    
  2.150508     -4.323218    
  2.154246     -4.310993    
  2.154333     -3.657588    
  2.156640    -100.00000    
  2.156727     -4.209860    
  2.156827     -4.005436    
  2.158942     -3.459719    
  2.159028     -3.803754    
  2.168055     -4.664834    
  2.168141     -4.459985    
  2.171576     -4.582713    
  2.171663     -4.149055    
  2.177080     -4.204187    
  2.177167     -5.091156    
  2.177604     -4.827377    
  2.177690     -5.079225    
  2.181731     -4.646231    
  2.181818     -4.031138    
  2.184881     -4.054232    
  2.184967     -4.021511    
  2.188445     -4.354426    
  2.188532     -4.649489    
  2.189637     -4.382845    
  2.189724     -4.391631    
  2.191670     -4.701425    
  2.191757     -4.163008    
  2.202361     -4.024506    
  2.202448     -4.022993    
  2.209411     -4.120097    
  2.209498     -3.824293    
  2.209936     -3.724292    
  2.210023     -4.131385    
  2.213352     -4.351624    
  2.213439     -4.018186    
  2.217445     -4.147268    
  2.217532     -4.170547    
  2.217837     -4.085971    
  2.217924     -4.128382    
  2.218030     -4.256666    
  2.218315     -4.169567    
  2.218402     -4.089755    
  2.218688     -4.376130    
  2.218775     -4.391046    
  2.221924     -4.547747    
  2.222011     -4.481418    
  2.231931     -3.992199    
  2.232018     -4.252529    
  2.234632     -3.962919    
  2.234695     -3.801143    
  2.234781     -4.218306    
  2.239617     -4.352618    
  2.239704     -3.960776    
  2.242429     -3.792810    
  2.242516     -3.873872    
  2.245345     -4.038841    
  2.245432     -4.283959    
  2.250721     -4.026932    
  2.250808     -4.026475    
  2.252069     -4.112048    
  2.252156     -3.840520    
  2.255687     -3.910300    
  2.259191     -3.783505    
  2.259278     -3.873032    
  2.260545     -3.951785    
  2.260632     -4.056792    
  2.263836     -4.086884    
  2.267016     -3.806653    
  2.267103     -4.619221    
  2.270490     -3.688518    
  2.270577     -4.473865    
  2.271628     -4.417044    
  2.271715     -3.996805    
  2.271807     -3.876318    
  2.271894     -3.987083    
  2.273319     -3.850525    
  2.273406     -3.775818    
  2.275710     -3.878407    
  2.275797     -3.693835    
  2.278310     -3.872319    
  2.280809     -3.890591    
  2.280896     -3.858816    
  2.281369     -3.882750    
  2.281456     -3.871300    
  2.282921     -3.961148    
  2.283008     -4.058735    
  2.283804     -4.195008    
  2.283891     -3.862453    
  2.284781     -3.883132    
  2.284868     -3.843376    
  2.285091    -100.00000    
  2.285178     -5.192890    
  2.285231     -5.273828    
  2.285318    -100.00000    
  2.286288     -3.830726    
  2.286375     -3.695945    
  2.287075     -3.666892    
  2.287162     -3.800279    
  2.289257     -4.163138    
  2.291343     -3.801140    
  2.291430     -3.957512    
  2.293524     -3.889539    
  2.295609     -3.938454    
  2.295696     -3.913804    
  2.297128     -3.636270    
  2.297214     -3.699848    
  2.297982     -3.646965    
  2.298069     -3.651086    
  2.299703     -3.867200    
  2.301330     -3.864257    
  2.301417     -3.879989    
  2.302809     -4.069654    
  2.304196     -3.887842    
  2.305579     -3.737488    
  2.306958     -3.821187    
  2.307045     -4.032808    
  2.308274     -4.319342    
  2.308361     -3.960536    
  2.309467     -3.972502    
  2.310569     -3.683374    
  2.311669     -4.068823    
  2.312767     -4.001549    
  2.312854     -3.781913    
  2.313586     -3.668312    
  2.313673     -3.784807    
  2.314517     -4.354292    
  2.314604     -3.848728    
  2.314729     -3.937222    
  2.314817     -4.612600    
  2.315597     -4.382950    
  2.315684     -3.924170    
  2.316612     -3.824262    
  2.317538     -3.869981    
  2.318463     -3.712788    
  2.319385     -4.043839    
  2.320305     -3.807094    
  2.321224     -4.171180    
  2.322140     -3.823868    
  2.323055     -3.688429    
  2.323141     -3.858115    
  2.324253     -4.344311    
  2.324340     -3.846069    
  2.325648     -4.111497    
  2.325735     -3.860766    
  2.326487     -4.459256    
  2.327238     -4.517976    
  2.327987     -3.872599    
  2.328735     -3.775186    
  2.329482     -3.748429    
  2.330227     -3.796954    
  2.330971     -3.703870    
  2.331714     -3.619125    
  2.331801     -3.631223    
  2.331944     -3.639890    
  2.332031     -3.581487    
  2.333101    -100.00000    
  2.333188     -4.349084    
  2.333638     -3.861204    
  2.333725     -3.787546    
  2.334874     -4.030533    
  2.336020     -3.620963    
  2.337163     -3.798229    
  2.338303     -5.024519    
  2.338390     -3.687727    
  2.339301     -3.626029    
  2.339388     -4.230597    
  2.340254     -3.757775    
  2.341118     -3.729948    
  2.341191     -3.759037    
  2.341278     -3.767635    
  2.341370     -3.765619    
  2.341472     -3.694858    
  2.342517     -3.763971    
  2.342604     -4.101511    
  2.343168     -4.088224    
  2.343730     -3.920184    
  2.344292     -3.828652    
  2.344853     -3.574135    
  2.344940     -3.506349    
  2.345941     -4.198993    
  2.346441     -3.763672    
  2.346940     -3.970951    
  2.347438     -3.757894    
  2.347936    -100.00000    
  2.348434     -4.313085    
  2.348930     -4.029114    
  2.349017     -4.280285    
  2.349687     -3.824911    
  2.350356     -4.061681    
  2.350443     -4.126393    
  2.351314     -4.214138    
  2.352184     -3.618019    
  2.352270     -3.615228    
  2.352846     -3.528226    
  2.353421     -3.817319    
  2.353508     -3.870488    
  2.353983     -4.052915    
  2.354070     -3.756207    
  2.354494     -3.549991    
  2.354917     -3.558283    
  2.355340     -3.579817    
  2.355762     -3.626359    
  2.355849     -3.637740    
  2.356520     -3.540434    
  2.357189     -3.572984    
  2.357276     -3.609042    
  2.357498     -3.626525    
  2.357582     -3.627761    
  2.357669     -3.576533    
  2.362936     -3.674700    
  2.363023     -3.845701    
  2.368963     -3.584799    
  2.369050     -3.852496    
  2.373546     -3.463872    
  2.373633     -3.507378    
  2.374597     -3.669846    
  2.374684     -3.805690    
  2.376702     -3.716895    
  2.376789     -3.696528    
  2.381401     -3.504973    
  2.381488     -3.539920    
  2.381574     -3.545694    
  2.381660     -3.567290    
  2.383081     -3.553527    
  2.383168     -3.521964    
  2.387126     -3.949960    
  2.387213     -3.528382    
  2.387778     -3.560373    
  2.387865     -3.837217    
  2.397727     -3.507323    
  2.397814     -3.673230    
  2.403706     -3.669569    
  2.403793     -3.623184    
  2.409345     -3.997029    
  2.409431     -4.115274    
  2.409967     -3.675829    
  2.410054     -3.654357    
  2.411603     -3.356724    
  2.411690     -3.330368    
  2.412778     -3.453205    
  2.412865     -3.477278    
  2.413098     -3.522445    
  2.413185     -3.533357    
  2.414109     -3.642925    
  2.414195     -4.039416    
  2.415338     -3.827221    
  2.415425     -3.664044    
  2.419545     -3.581026    
  2.419632     -3.775662    
  2.422480     -3.542698    
  2.422566     -3.590849    
  2.424108     -3.750861    
  2.424195     -3.695927    
  2.428391     -3.734844    
  2.428478     -3.692026    
  2.429013     -3.647760    
  2.429100     -3.644751    
  2.429244     -3.639091    
  2.429331     -3.657286    
  2.432147     -3.849496    
  2.432234     -3.966952    
  2.434375     -3.862966    
  2.434462     -3.642739    
  2.434951     -3.596939    
  2.435038     -3.593432    
  2.435182     -3.585041    
  2.435269     -3.581313    
  2.435570     -3.631479    
  2.435657     -3.662295    
  2.437397     -3.548751    
  2.437484     -3.593567    
  2.438099     -3.553680    
  2.438186     -3.616079    
  2.440535     -3.608029    
  2.440622     -3.613723    
  2.441592     -3.584072    
  2.441679     -3.728957    
  2.443115     -4.017156    
  2.443202     -3.970286    
  2.446266     -3.721992    
  2.446353     -3.598308    
  2.447958     -4.098917    
  2.448045     -4.402190    
  2.448133     -4.376824    
  2.448892     -4.211805    
  2.448979     -3.971485    
  2.450924     -3.753526    
  2.451011     -3.779225    
  2.454202     -3.635544    
  2.454289     -3.663552    
  2.456026     -3.718661    
  2.456113     -3.787674    
  2.461170     -3.696388    
  2.461257     -4.558853    
  2.463251     -3.560258    
  2.463338     -3.659457    
  2.464468     -3.677810    
  2.464555     -3.816252    
  2.466286     -3.582553    
  2.466372     -3.606898    
  2.467492     -3.812509    
  2.467579     -3.761636    
  2.467685     -3.752856    
  2.467772     -3.679364    
  2.470538     -3.741152    
  2.470625     -3.823111    
  2.470751     -3.817071    
  2.471828     -4.004532    
  2.471915     -3.877914    
  2.473313     -3.973852    
  2.473400     -3.806299    
  2.476442     -3.688712    
  2.476529     -3.691100    
  2.476628     -3.695892    
  2.476715     -3.744219    
  2.478943     -3.888428    
  2.479030     -3.855409    
  2.480895     -3.971186    
  2.480982     -3.713267    
  2.482813     -4.958428    
  2.482900    -100.00000    
  2.483465     -3.571633    
  2.483551     -3.494147    
  2.483824     -3.362293    
  2.483911     -3.333795    
  2.484268     -3.269254    
  2.484355     -3.262273    
  2.484517     -3.248276    
  2.484589     -3.243632    
  2.484656     -3.239499    
  2.484743     -3.169799    
  2.486424     -3.440872    
  2.486511     -3.367209    
  2.490779     -3.717934    
  2.490866     -3.659486    
  2.490956     -3.665537    
  2.491043     -3.672824    
  2.491443     -3.702046    
  2.491530     -3.732050    
  2.492836     -3.872971    
  2.492923     -3.760326    
  2.493176     -3.707169    
  2.493263     -3.698203    
  2.495735     -4.938179    
  2.495822     -3.756914    
  2.496605     -3.485372    
  2.496692     -3.487519    
  2.497050     -3.466358    
  2.497137     -3.468057    
  2.498024     -3.426612    
  2.498111     -3.386968    
  2.500649     -3.686769    
  2.500736     -3.773360    
  2.503920     -3.776022    
  2.504007     -3.698856    
  2.504069     -3.701650    
  2.504156     -3.716899    
  2.506403     -3.812773    
  2.506490     -3.875021    
  2.506598     -3.889139    
  2.506685     -3.898702    
  2.506857     -3.913168    
  2.506943     -3.918649    
  2.507203     -3.935815    
  2.507290     -3.898707    
  2.511107     -3.898146    
  2.511194     -4.008093    
  2.511697     -3.999658    
  2.511784     -3.985163    
  2.512876     -3.942558    
  2.512963     -3.946176    
  2.513523     -4.054699    
  2.513610     -4.060903    
  2.515498     -3.810842    
  2.515585     -3.808471    
  2.515719     -3.804897    
  2.515805     -3.805128    
  2.515872     -3.806189    
  2.515959     -3.808499    
  2.516021     -3.810584    
  2.516107     -3.815041    
  2.516706     -3.826471    
  2.516793     -3.825199    
  2.517769     -3.864777    
  2.517856     -3.864994    
  2.517941     -3.864828    
  2.518028     -3.859629    
  2.518445     -3.885840    
  2.518532     -3.910763    
  2.518680     -3.956428    
  2.518767     -4.061212    
  2.521283     -3.869999    
  2.523785     -3.962693    
  2.523871     -3.989988    
  2.524535     -3.921784    
  2.524622     -3.865344    
  2.526468     -3.947925    
  2.526555     -3.969981    
  2.527825     -3.912264    
  2.527912     -4.001984    
  2.530010     -4.013243    
  2.530097     -3.854996    
  2.532615     -3.816712    
  2.532701     -3.904292    
  2.535293     -3.996412    
  2.535380     -3.987564    
  2.536082     -3.993902    
  2.536169     -4.136069    
  2.539337     -3.931806    
  2.539424     -3.945121    
  2.543132     -3.901019    
  2.546808     -3.926117    
  2.546895     -3.943607    
  2.547076     -3.946555    
  2.547163     -3.948241    
  2.547329     -3.951170    
  2.547416     -3.952294    
  2.547523     -3.937876    
  2.551049     -4.092922    
  2.551118     -4.015820    
  2.551204     -4.002182    
  2.551316     -3.985841    
  2.551403     -4.048552    
  2.554923     -4.536575    
  2.558382     -3.637610    
  2.558469     -3.735392    
  2.558869     -3.773425    
  2.558956     -3.774431    
  2.561154     -4.218062    
  2.561240     -3.975734    
  2.561557     -3.860696    
  2.561644     -3.940594    
  2.564817     -4.225471    
  2.564904     -3.906061    
  2.567815     -3.966761    
  2.570708     -3.903067    
  2.570794     -3.853534    
  2.571315     -3.892010    
  2.571402     -3.899507    
  2.571490     -3.905056    
  2.571576     -3.909656    
  2.572470     -3.941918    
  2.572557     -3.967379    
  2.576787     -4.084899    
  2.580976     -4.148464    
  2.581063     -4.140327    
  2.582880     -3.993674    
  2.582967     -4.015975    
  2.583821     -4.042524    
  2.583908     -4.173261    
  2.584933     -4.945579    
  2.585020     -4.385718    
  2.586210     -3.546687    
  2.586262     -3.547941    
  2.586349     -3.454174    
  2.588885     -3.488441    
  2.588972     -3.518359    
  2.590598     -3.711051    
  2.590685     -3.771409    
  2.593482     -3.947236    
  2.596260     -4.050952    
  2.596347     -4.040255    
  2.597094     -4.066051    
  2.597181     -4.073171    
  2.597646     -4.074637    
  2.597733     -4.048000    
  2.600152     -4.049418    
  2.600239     -4.085527    
  2.601008     -4.212228    
  2.601094     -4.038543    
  2.604131     -4.958180    
  2.607145     -3.860306    
  2.607232     -3.939394    
  2.607324     -3.935167    
  2.607480     -3.929578    
  2.607567     -3.927441    
  2.607898     -3.937591    
  2.607985     -3.941396    
  2.608789     -3.971400    
  2.608876     -3.991006    
  2.609811     -4.021941    
  2.609898     -4.095027    
  2.612121     -4.035208    
  2.614332     -4.084903    
  2.614419     -4.070574    
  2.615617     -4.042735    
  2.615704     -4.055008    
  2.616177     -4.076424    
  2.616264     -4.067903    
  2.617793     -4.290332    
  2.617880     -4.367409    
  2.620859     -4.740753    
  2.620946     -4.079179    
  2.623214     -4.139507    
  2.625471     -3.807706    
  2.625557     -3.773839    
  2.626297     -3.699840    
  2.626384     -3.704201    
  2.629798     -3.996155    
  2.633186     -4.184120    
  2.633273     -4.150450    
  2.634349     -4.263877    
  2.634435     -4.334176    
  2.634827     -4.348743    
  2.634914     -4.256282    
  2.636215     -4.274835    
  2.636302     -4.429378    
  2.637231     -4.195434    
  2.637318     -4.413220    
  2.639844     -4.353844    
  2.642355     -4.046870    
  2.642442     -4.036371    
  2.644205     -4.475367    
  2.644292     -4.870436    
  2.644578     -4.759211    
  2.644665     -4.516443    
  2.646436     -4.167261    
  2.646523     -4.091386    
  2.648315     -4.110699    
  2.648402     -4.132222    
  2.648476     -4.135457    
  2.648563     -4.139839    
  2.649502     -4.177711    
  2.649589     -4.172275    
  2.650015     -4.190481    
  2.650101     -4.156683    
  2.652023     -4.310022    
  2.652110     -4.152044    
  2.653477     -3.984494    
  2.653564     -3.997797    
  2.653758     -4.002395    
  2.653845     -4.003863    
  2.656371     -4.511419    
  2.656458     -5.691792    
  2.657291     -4.696740    
  2.657378     -4.403821    
  2.659033     -4.044895    
  2.660682     -4.083450    
  2.660769     -4.083200    
  2.662838     -4.307066    
  2.662925     -4.275328    
  2.664361     -4.219543    
  2.664448     -4.225669    
  2.664909     -4.244331    
  2.664996     -4.246682    
  2.667441     -4.494007    
  2.668659     -5.162539    
  2.669873     -4.174315    
  2.669960     -4.097157    
  2.671570     -4.064904    
  2.673175     -4.257700    
  2.674773     -4.184925    
  2.676365     -4.250290    
  2.676452     -4.260914    
  2.677193     -4.312796    
  2.677280     -4.317898    
  2.678402     -4.342799    
  2.679522     -4.322963    
  2.680638     -4.348430    
  2.681752     -4.385269    
  2.681839     -4.279706    
  2.682994     -5.418145    
  2.684147     -4.575457    
  2.684233     -4.331558    
  2.684319     -4.300190    
  2.684406     -4.259461    
  2.685617     -4.183615    
  2.685704     -4.195446    
  2.685988     -4.195397    
  2.686075     -4.199568    
  2.687275     -4.178219    
  2.688471     -4.240880    
  2.689665     -4.224942    
  2.690854     -4.293831    
  2.690941     -4.299017    
  2.691662     -4.330115    
  2.692382     -4.341797    
  2.693100     -4.348046    
  2.693817     -4.358352    
  2.693904     -4.364812    
  2.694490     -4.381278    
  2.695075     -4.394284    
  2.695162     -4.396212    
  2.695331     -4.400190    
  2.695418     -4.402801    
  2.696036     -4.413367    
  2.696123     -4.417081    
  2.697045     -4.424612    
  2.697132     -4.370159    
  2.697891     -4.903090    
  2.698648     -4.323105    
  2.698717     -4.303373    
  2.698803     -4.283468    
  2.699667     -4.078348    
  2.700098     -4.008251    
  2.700529     -3.994004    
  2.700616     -3.998589    
  2.701097     -4.029626    
  2.701577     -4.063198    
  2.702057     -4.076853    
  2.702537     -4.114479    
  2.702610     -4.124400    
  2.702697     -4.146478    
  2.704230     -4.276213    
  2.704317     -4.256663    
  2.704748     -4.268641    
  2.704835     -4.261802    
  2.706154     -4.309017    
  2.706241     -4.322077    
  2.706290     -4.325621    
  2.706377     -4.352938    
  2.707629     -4.527257    
  2.707716     -4.514652    
  2.709271     -4.371873    
  2.709358     -4.378577    
  2.709449     -4.378363    
  2.709536     -4.378546    
  2.709681     -4.379616    
  2.709768     -4.380610    
  2.709828     -4.381405    
  2.709915     -4.382722    
  2.710033     -4.384842    
  2.710119     -4.393210    
  2.713272     -4.386321    
  2.716402     -4.668192    
  2.716489     -4.510302    
  2.718816     -4.098983    
  2.718903     -4.088311    
  2.720712     -4.205297    
  2.720799     -4.212073    
  2.721478     -4.269250    
  2.721565     -4.277210    
  2.721792     -4.297673    
  2.721879     -4.300662    
  2.725251     -4.475384    
  2.725338     -4.430789    
  2.727078     -4.363338    
  2.727165     -4.427930    
  2.730036     -4.356144    
  2.730123     -4.102913    
  2.733151     -4.039239    
  2.733238     -4.103959    
  2.733842     -4.144216    
  2.733929     -4.138246    
  2.737074     -4.363632    
  2.737161     -4.380922    
  2.737825     -4.435430    
  2.737912     -4.450871    
  2.740300     -4.503191    
  2.740387     -4.502644    
  2.741710     -4.548896    
  2.741797     -4.461837    
  2.744319     -4.810423    
  2.746826     -4.352767    
  2.746913     -4.417716    
  2.748474     -4.476889    
  2.748561    -100.00000    
  2.752296     -4.244276    
  2.752383     -4.191292    
  2.754509     -4.279068    
  2.754596     -4.312208    
  2.754850     -4.339497    
  2.754937     -4.350367    
  2.755686     -4.428844    
  2.755773     -4.434065    
  2.755894     -5.080019    
  2.758471     -4.520823    
  2.758558     -4.402608    
  2.759027     -4.386180    
  2.759113     -4.382571    
  2.759268     -4.377616    
  2.759355     -4.375372    
  2.759981     -4.373722    
  2.760067     -4.371162    
  2.760747     -4.383470    
  2.760833     -4.395528    
  2.762305     -4.445333    
  2.762392     -4.436893    
  2.763491     -4.481712    
  2.763577     -4.482217    
  2.764577     -4.504822    
  2.764664     -4.504726    
  2.765524     -4.512290    
  2.765611     -4.520229    
  2.767568     -4.615141    
  2.767655     -4.632842    
  2.768842     -4.602996    
  2.768929     -4.618434    
  2.771196     -4.681580    
  2.771283     -4.645229    
  2.771358     -4.643319    
  2.771445     -4.641066    
  2.773649     -4.667898    
  2.775841     -4.638396    
  2.775928     -4.612894    
  2.777541     -4.590550    
  2.777628     -4.588267    
  2.778824     -4.611105    
  2.778910     -4.644792    
  2.782300     -4.580453    
  2.782387     -4.590297    
  2.783749     -4.621308    
  2.783836     -4.650251    
  2.787507     -4.606336    
  2.787594     -4.611033    
  2.790506     -4.667913    
  2.793400     -4.752948    
  2.796274     -4.717327    
  2.799129     -4.911592    
  2.799216    -100.00000    
  2.799875     -4.928577    
  2.799961     -4.577736    
  2.800228     -4.335199    
  2.800315     -4.230218    
  2.802759     -4.136468    
  2.805189     -4.391380    
  2.805276     -4.418507    
  2.807759     -4.733853    
  2.810229     -4.573367    
  2.810316     -4.642142    
  2.813524     -4.676805    
  2.813611     -4.695022    
  2.814474     -4.732878    
  2.814561     -4.737667    
  2.817018     -4.761914    
  2.817105     -4.750630    
  2.819648     -4.845104    
  2.822177     -4.712372    
  2.822264     -4.632575    
  2.826003     -4.760839    
  2.826090     -4.766728    
  2.829167     -4.835297    
  2.829254     -4.848532    
  2.829613     -4.849491    
  2.829700     -4.870185    
  2.832781     -4.884316    
  2.832867     -4.837777    
  2.832995     -4.837094    
  2.833082     -4.863310    
  2.836249     -4.594405    
  2.836336     -4.524986    
  2.839377     -4.552788    
  2.839464     -4.593786    
  2.840558     -4.649768    
  2.840645     -4.685557    
  2.842706     -4.756369    
  2.842793     -4.733941    
  2.843374     -4.749678    
  2.843461     -4.749021    
  2.843577     -4.752572    
  2.843663     -4.769448    
  2.844722     -4.772498    
  2.844809     -4.745971    
  2.845992     -4.813159    
  2.846079     -4.798166    
  2.846320     -4.796329    
  2.846407     -4.796334    
  2.846929     -4.804998    
  2.847016     -4.823738    
  2.850284     -4.865731    
  2.850371     -4.870014    
  2.851272     -4.897885    
  2.851359     -4.898048    
  2.851605     -4.901131    
  2.851692     -4.917277    
  2.853657     -4.862079    
  2.853744     -4.828671    
  2.856721     -4.877738    
  2.856808     -4.902748    
  2.859953     -4.902378    
  2.863077     -4.903138    
  2.863164     -4.904782    
  2.864011     -4.833670    
  2.864097     -4.820615    
  2.864929     -4.735200    
  2.865016     -4.663014    
  2.868335     -4.757167    
  2.868422     -4.824419    
  2.870319     -4.891230    
  2.870406     -4.879197    
  2.871477     -4.907387    
  2.871560     -4.915645    
  2.871647     -4.920196    
  2.871746     -4.925435    
  2.871833     -4.950623    
  2.875793     -5.012033    
  2.879716     -4.956238    
  2.879803     -4.972985    
  2.880314     -4.985397    
  2.880401     -5.562308    
  2.882313     -5.073634    
  2.882400     -4.829440    
  2.882670     -4.789169    
  2.882757     -4.730980    
  2.885708     -4.784601    
  2.885795     -4.795558    
  2.887555     -4.853906    
  2.887642     -5.106203    
  2.891964     -4.426396    
  2.892051     -4.399372    
  2.893704     -4.526167    
  2.893791     -4.556759    
  2.894071     -4.594396    
  2.894158     -4.608108    
  2.895095     -4.724119    
  2.895182     -4.752926    
  2.897787     -4.949699    
  2.897874     -4.930416    
  2.900589     -5.006930    
  2.900676     -5.055949    
  2.904168     -4.883847    
  2.904255     -4.798523    
  2.905026     -4.713903    
  2.905113     -4.670458    
  2.908003     -4.790998    
  2.908090     -4.810105    
  2.908185     -4.817684    
  2.908477     -4.839974    
  2.908564     -4.848626    
  2.909361     -4.888449    
  2.909448     -4.887088    
  2.910383     -4.935192    
  2.910470     -4.939083    
  2.911970     -4.993540    
  2.912057     -5.015461    
  2.914427     -5.027620    
  2.916785     -5.081353    
  2.916872     -5.088356    
  2.917171     -5.094112    
  2.917258     -5.103907    
  2.920236     -5.114052    
  2.920323     -5.104571    
  2.920418     -5.096814    
  2.922032     -5.097462    
  2.922118     -5.107334    
  2.925029     -5.073106    
  2.925116     -5.068186    
  2.925353     -5.066308    
  2.925440     -5.066097    
  2.925683     -5.065382    
  2.925770     -5.065222    
  2.925849     -5.065041    
  2.925936     -5.060297    
  2.927554     -5.068580    
  2.927641     -5.073546    
  2.927759     -5.073859    
  2.927950     -5.073915    
  2.928037     -5.073541    
  2.929127     -5.081832    
  2.929213     -5.083716    
  2.929524     -5.089474    
  2.929611     -5.090809    
  2.930245     -5.106152    
  2.930332     -5.109106    
  2.930644     -5.117056    
  2.930731     -5.119385    
  2.931247     -5.124838    
  2.931334     -5.123986    
  2.932296     -5.124530    
  2.932383     -5.117997    
  2.934646     -5.083736    
  2.934733     -5.091509    
  2.935353     -5.091150    
  2.935440     -5.088364    
  2.939332     -5.145412    
  2.939418     -5.160671    
  2.943758     -5.103535    
  2.943845     -5.072628    
  2.944467     -5.070160    
  2.944554     -5.071430    
  2.945191     -5.080020    
  2.945278     -5.082787    
  2.946273     -5.106936    
  2.946360     -5.103221    
  2.946687     -5.082353    
  2.946774     -5.073543    
  2.949861     -5.055235    
  2.949948     -5.065413    
  2.950064     -5.071889    
  2.950137     -5.082965    
  2.950211     -5.100485    
  2.950298     -5.135905    
  2.950637     -5.173409    
  2.950724     -5.150835    
  2.950770     -5.140483    
  2.950857     -5.114632    
  2.951287     -5.058312    
  2.951374     -5.063572    
  2.952601     -5.019803    
  2.952688     -5.017790    
  2.952960     -5.018187    
  2.953047     -5.019213    
  2.953706     -5.052147    
  2.953793     -5.057340    
  2.954344     -5.070840    
  2.954431     -5.067836    
  2.955685     -5.079910    
  2.955739     -5.090103    
  2.955826     -5.093963    
  2.956162     -5.105854    
  2.956249     -5.108302    
  2.956346     -5.111222    
  2.956433     -5.113545    
  2.956797     -5.124674    
  2.956884     -5.127760    
  2.956929     -5.129228    
  2.957016     -5.136940    
  2.958622     -5.142733    
  2.958708     -5.137636    
  2.958913     -5.131590    
  2.959000     -5.127382    
  2.959196     -5.115833    
  2.959283     -5.110040    
  2.959385     -5.104916    
  2.959471     -5.110493    
  2.959520     -5.129402    
  2.959575     -5.180625    
  2.959642     -5.300430    
  2.959686     -5.770798    
  2.960694     -5.326796    
  2.960781     -5.165482    
  2.961021     -5.101356    
  2.961108     -5.092077    
  2.961209     -5.042791    
  2.963780     -5.008795    
  2.963867     -5.053776    
  2.966863     -5.166388    
  2.969838     -5.229160    
  2.972793     -5.153660    
  2.975728     -5.129118    
  2.975815     -5.138139    
  2.976171     -5.149266    
  2.976258     -5.174206    
  2.979351     -4.845022    
  2.982423     -5.018968    
  2.982509     -5.012907    
  2.982872     -5.039666    
  2.982959     -5.042600    
  2.985659     -5.198079    
  2.988343     -5.430447    
  2.991011     -4.953722    
  2.993662     -5.158288    
  2.996297     -5.289833    
  2.998916     -5.248057    
  3.001519     -5.254993    
  3.004107     -5.307193    
  3.004194     -5.308831    
  3.007954     -5.416933    
  3.008041     -5.463259    
  3.011581     -5.229945    
  3.015092     -5.195623    
  3.018574     -4.577728    
  3.022029     -5.107757    
  3.022116     -5.077869    
  3.025489     -5.259147    
  3.025575     -5.235763    
  3.029166     -5.412228    
  3.032728     -5.536891    
  3.036260     -5.232857    
  3.039764     -5.064445    
  3.043240     -5.586904    
  3.046688     -4.964016    
  3.050109     -5.147483    
  3.053504     -5.498399    
  3.053591     -5.352911    
  3.056570     -4.900177    
  3.059529     -5.203875    
  3.059616     -5.240158    
  3.061712     -5.430155    
  3.061799     -5.432092    
  3.061872     -5.438318    
  3.061959     -5.446591    
  3.062919     -5.534929    
  3.063006     -5.519839    
  3.065043     -5.561853    
  3.065130     -5.565905    
  3.067491     -5.620927    
  3.067578     -5.586253    
  3.069763     -4.918312    
  3.071937     -4.915088    
  3.072024     -4.961668    
  3.074321     -5.285926    
  3.074408     -5.298893    
  3.077730     -5.531734    
  3.081028     -5.448403    
  3.081115     -5.451633    
  3.083823     -5.615872    
  3.086515     -5.034738    
  3.089190     -5.139971    
  3.091849     -5.407391    
  3.091936     -5.337126    
  3.093217     -5.340490    
  3.093303     -5.382933    
  3.096155     -5.604069    
  3.096242     -5.616615    
  3.099969     -5.721811    
  3.100056     -5.715360    
  3.102484     -5.741484    
  3.102571     -5.742996    
  3.104805     -5.754114    
  3.104892     -5.753928    
  3.105931     -5.755691    
  3.106018     -5.757203    
  3.106079     -5.757242    
  3.106166     -5.756879    
  3.106856     -5.753933    
  3.106943     -5.787048    
  3.109794     -5.678639    
  3.109881     -5.609796    
  3.110486     -5.547690    
  3.110573     -5.524738    
  3.112005     -5.510826    
  3.112092     -5.525541    
  3.112365     -5.533123    
  3.112452     -5.535588    
  3.114687     -5.653684    
  3.114774     -5.650529    
  3.114901     -5.655488    
  3.114988     -5.660533    
  3.117740     -5.731420    
  3.117827     -5.726373    
  3.118223     -5.734362    
  3.118310     -5.771281    
  3.122171     -5.658758    
  3.125997     -5.757314    
  3.126084     -5.751900    
  3.127687     -5.766714    
  3.127774     -5.774493    
  3.131268     -5.804653    
  3.131355     -5.712781    
  3.133775     -5.487912    
  3.136182     -5.585927    
  3.136269     -5.905255    
  3.138689     -5.263025    
  3.141096     -5.265631    
  3.143489     -5.553568    
  3.145869     -5.715072    
  3.145956     -5.706459    
  3.146758     -5.764276    
  3.146845     -5.768055    
  3.149072     -5.823107    
  3.151287     -5.841599    
  3.151374     -5.854321    
  3.153068     -5.846420    
  3.153155     -5.840348    
  3.153248     -5.839007    
  3.153335     -5.837568    
  3.153381     -5.836716    
  3.153425     -5.835829    
  3.153479     -5.823862    
  3.156074     -5.814375    
  3.156161     -5.803959    
  3.160418     -5.878241    
  3.164633     -5.923579    
  3.164720     -5.923396    
  3.167983     -5.938226    
  3.168070     -5.952591    
  3.170695     -5.882175    
  3.173303     -5.916647    
  3.173390     -5.916572    
  3.174167     -5.918010    
  3.174254     -5.913617    
  3.176868     -5.931376    
  3.179466     -5.945786    
  3.179553     -5.947739    
  3.182832     -5.945457    
  3.186087     -5.971839    
  3.186174     -5.968067    
  3.188338     -5.980400    
  3.188425    -100.00000    
  3.191899     -5.189410    
  3.191986     -4.907738    
  3.192224     -4.869171    
  3.192311     -4.822603    
  3.194885     -4.854978    
  3.194972     -4.887035    
  3.196916     -5.251126    
  3.197003     -5.271139    
  3.199617     -5.712307    
  3.202215     -5.794332    
  3.204798     -5.749786    
  3.207365     -5.917001    
  3.207452     -5.923523    
  3.209491     -6.010241    
  3.209578     -6.023456    
  3.213892     -6.260859    
  3.218164     -5.070293    
  3.218251     -5.118288    
  3.221052     -5.449920    
  3.223835     -5.860085    
  3.226600     -5.929925    
  3.229347     -5.956363    
  3.229434     -6.011643    
  3.231857     -5.970865    
  3.234265     -6.018742    
  3.234352     -6.037750    
  3.236049     -5.978877    
  3.236136     -5.985788    
  3.236180     -5.985644    
  3.236267     -5.983405    
  3.238739     -5.982798    
  3.241164     -6.052299    
  3.243575     -6.075336    
  3.245973     -6.117350    
  3.246060     -6.114992    
  3.246189     -6.118502    
  3.247464     -6.119166    
  3.247551     -6.117167    
  3.248152     -6.122257    
  3.248239     -6.124466    
  3.249187     -6.130754    
  3.249274     -6.132203    
  3.251523     -6.146300    
  3.251610     -6.167429    
  3.255359     -6.078476    
  3.259075     -6.092901    
  3.262760     -6.179388    
  3.266414     -6.155162    
  3.266501     -6.137611    
  3.269936     -6.173769    
  3.273344     -6.114188    
  3.276725     -6.133431    
  3.280080     -6.070323    
  3.283409     -6.157833    
  3.286714     -6.233097    
  3.289993     -6.244477    
  3.293247     -6.274670    
  3.293334     -6.242234    
  3.296691     -6.243307    
  3.300022     -6.216538    
  3.303327     -6.237613    
  3.306608     -6.261345    
  3.306694     -6.257939    
  3.310624     -6.277330    
  3.310710     -6.296161    
  3.310941     -6.299413    
  3.311027     -6.267658    
  3.311634     -6.561538    
  3.311721     -6.557170    
  3.311773     -6.549146    
  3.311825     -6.532986    
  3.311868     -7.086972    
  3.315460     -5.726668    
  3.318980     -5.899041    
  3.322472     -6.176426    
  3.325936     -6.136496    
  3.329372     -6.265870    
  3.332782     -6.303537    
  3.336165     -6.344133    
  3.339521     -6.391702    
  3.342852     -6.391065    
  3.346158     -6.508821    
  3.349439     -5.974430    
  3.352695     -6.326552    
  3.355927     -6.114438    
  3.359135     -6.263592    
  3.362319     -6.369265    
  3.365480     -6.346216    
  3.365567     -6.375974    
  3.367462     -6.429088    
  3.367549     -6.491786    
  3.371229     -6.174825    
  3.374878     -6.415487    
  3.378497     -6.415945    
  3.382086     -6.409287    
  3.382173     -6.277336    
  3.385882     -6.295270    
  3.385969     -6.322362    
  3.388254     -6.436167    
  3.390528     -6.548187    
  3.392789     -6.604892    
  3.395039     -6.626114    
  3.395126     -6.626761    
  3.398000     -6.671037    
  3.400855     -6.421768    
  3.400942     -6.603165    
  3.403656     -5.999048    
  3.403743     -5.866684    
  3.406570     -5.845247    
  3.409379     -6.202274    
  3.412170     -6.536407    
  3.414942     -6.524008    
  3.415029     -6.444336    
  3.419186     -6.518548    
  3.423303     -6.685942    
  3.427382     -6.724180    
  3.431422     -6.724647    
  3.431509     -6.681331    
  3.434904     -6.693913    
  3.438273     -6.297622    
  3.441616     -6.418425    
  3.444934     -6.600270    
  3.445021     -6.084139    
  3.447515     -6.663275    
  3.449995     -6.509120    
  3.452462     -6.511793    
  3.454914     -6.717552    
  3.455001     -6.685576    
  3.458181     -6.748055    
  3.461337     -6.866241    
  3.464472     -6.434087    
  3.467583     -6.269728    
  3.467670     -6.306535    
  3.469453     -6.469726    
  3.469540     -6.471896    
  3.471179     -6.666314    
  3.471266     -6.654993    
  3.474100     -6.706969    
  3.474187     -6.743864    
  3.477329     -6.803825    
  3.480449     -6.819871    
  3.483547     -6.868483    
  3.486623     -6.878427    
  3.486710     -6.869994    
  3.490510     -6.888408    
  3.494277     -6.904001    
  3.494364     -6.929263    
  3.496959     -6.841870    
  3.499539     -6.770189    
  3.502104     -6.902740    
  3.504653     -6.870974    
  3.507188     -6.306251    
  3.509708     -6.391814    
  3.512213     -6.658813    
  3.514705     -6.903451    
  3.517181     -6.953888    
  3.519644     -6.986352    
  3.522093     -7.003932    
  3.524529     -7.014469    
  3.526950     -7.023880    
  3.529358     -7.006093    
  3.531753     -7.022225    
  3.534135     -7.021664    
  3.534222     -6.934661    
  3.536956     -6.605603    
  3.539673     -6.821392    
  3.542373     -6.988113    
  3.545057     -7.026213    
  3.547724     -7.069524    
  3.550374     -7.093537    
  3.553009     -7.099832    
  3.555627     -7.107374    
  3.555714     -7.108186    
  3.558846     -7.119593    
  3.558933     -7.119400    
  3.559291     -7.120357    
  3.559378     -7.120758    
  3.560973     -7.123648    
  3.561019     -7.123561    
  3.561106     -7.123686    
  3.561702     -7.125087    
  3.561789     -7.123494    
  3.562293     -7.133987    
  3.562360     -7.137905    
  3.562447     -7.177684    
  3.565681     -7.065995    
  3.565768     -6.854935    
  3.568672     -6.833639    
  3.571556     -6.986226    
  3.574422     -7.115239    
  3.577268     -7.162758    
  3.580096    -100.00000    
  3.582906     -5.926713    
  3.585698     -5.961705    
  3.588471     -6.341956    
  3.591228     -6.818406    
  3.593966     -7.521379    
  3.596688     -6.982645    
  3.599393     -7.118203    
  3.602081     -7.226833    
  3.604752     -7.250320    
  3.607407     -7.229267    
  3.610046     -7.266934    
  3.610133     -7.265531    
  3.612945     -7.269256    
  3.615738     -7.233930    
  3.618514     -7.257501    
  3.621272     -7.302854    
  3.624013     -7.251285    
  3.626737     -7.166793    
  3.629443     -7.213413    
  3.630428     -7.272188    
  3.632133     -7.319367    
  3.632220     -7.321870    
  3.634575     -7.375685    
  3.636918     -7.393153    
  3.639248     -7.212989    
  3.641565     -7.288834    
  3.643871     -7.339786    
  3.646164     -7.385916    
  3.648445     -7.435566    
  3.650714     -7.381091    
  3.650801     -7.300750    
  3.654938     -7.159727    
  3.655025     -7.229801    
  3.659341     -7.189824    
  3.663615     -7.308463    
  3.663702     -7.332057    
  3.666928     -7.618173    
  3.670130     -6.855774    
  3.673309     -6.336941    
  3.676464     -6.646885    
  3.679597     -7.284175    
  3.682707     -7.478027    
  3.685795     -7.462543    
  3.688862     -7.332716    
  3.688948     -7.058152    
  3.691459     -7.239570    
  3.691546     -7.369750    
  3.694107     -7.358611    
  3.696652     -7.507680    
  3.696739     -7.500407    
  3.700634     -7.572546    
  3.704495     -7.592839    
  3.708321     -7.586583    
  3.712114     -7.585737    
  3.712650     -7.582437    
  3.715873     -7.548613    
  3.719601     -7.717614    
  3.723297     -7.409026    
  3.726962     -7.285795    
  3.730596     -7.724517    
  3.734200     -7.385365    
  3.737774     -7.131530    
  3.741319     -7.376964    
  3.744836     -7.633664    
  3.748324     -7.732686    
  3.751784     -7.705827    
  3.755217     -7.726730    
  3.755304     -7.724556    
  3.755522     -7.723590    
  3.755609     -7.721248    
  3.756737     -7.722413    
  3.756824     -7.723093    
  3.760554     -7.809629    
  3.764252     -7.219747    
  3.767919     -7.196242    
  3.771555     -7.519034    
  3.775161     -7.740123    
  3.778151     -7.772420    
  3.778737     -7.775334    
  3.782284     -7.792787    
  3.785802     -7.780504    
  3.789292     -7.832379    
  3.792754     -7.658799    
  3.796189     -7.698414    
  3.799596     -7.826550    
  3.802978     -7.838711    
  3.806333     -7.872171    
  3.809662     -7.887767    
  3.812966     -7.741142    
  3.813053     -7.637857    
  3.815257     -8.406653    
  3.817449     -7.179515    
  3.817536     -7.361548    
  3.821296     -7.346505    
  3.821383     -7.304460    
  3.821564     -7.318838    
  3.821651     -7.396331    
  3.825332     -7.774721    
  3.828982     -7.868913    
  3.832602     -7.954201    
  3.836192     -7.991836    
  3.836279     -7.986715    
  3.838150     -7.990949    
  3.838237     -7.922878    
  3.840853     -7.874321    
  3.843453     -7.928890    
  3.846037     -8.106824    
  3.848607     -7.601059    
  3.848694     -7.488682    
  3.853036     -7.732474    
  3.857335     -7.900408    
  3.861592     -7.942342    
  3.865808     -8.059314    
  3.865895     -8.052670    
  3.868545     -8.083878    
  3.871179     -8.076238    
  3.871266     -8.069497    
  3.874225     -8.088154    
  3.877163     -8.097236    
  3.880081     -7.989906    
  3.882980     -8.085992    
  3.885860     -7.214365    
  3.888721     -7.833108    
  3.891563     -7.421761    
  3.894387     -7.952348    
  3.894474     -7.922909    
  3.896842     -8.008130    
  3.899197     -8.058961    
  3.901540     -8.142189    
  3.903870     -8.116557    
  3.906188     -8.119309    
  3.908494     -8.157830    
  3.910787     -8.198541    
  3.913068     -8.147313    
  3.913155     -8.163492    
  3.913273     -8.167960    
  3.913769     -8.185882    
  3.913856     -8.188521    
  3.913972     -8.193184    
  3.915648     -8.231707    
  3.915735     -7.908569    
  3.916915     -7.778018    
  3.917002     -8.131087    
  3.920011     -7.930566    
  3.923000     -8.042399    
  3.925968     -8.213843    
  3.928916     -8.256155    
  3.931844     -8.277646    
  3.934752     -8.278268    
  3.937641     -8.289771    
  3.940511     -8.272730    
  3.943362     -8.281619    
  3.946195     -8.286888    
  3.949009     -8.198599    
  3.951805     -8.227871    
  3.954584     -8.262863    
  3.957344     -8.308562    
  3.960087     -8.325371    
  3.962813     -8.335052    
  3.962900     -8.348004    
  3.965521     -8.339550    
  3.968126     -8.348527    
  3.970716     -7.905847    
  3.973291     -8.689649    
  3.975850     -8.191089    
  3.978394     -8.293618    
  3.980924     -8.324217    
  3.983439     -8.366455    
  3.983526     -8.380639    
  3.986607     -8.420143    
  3.989666     -8.401901    
  3.992704     -8.386630    
  3.995722     -8.431577    
  3.998718     -8.447970    
  4.001693     -8.528445    
  4.004649     -7.552594    
  4.007584     -7.833913    
  4.007671     -7.986541    
  4.010289     -7.814237    
  4.012892     -8.370077    
  4.015479     -8.456016    
  4.018051     -8.315807    
  4.020607     -8.448860    
  4.023149     -8.390536    
  4.025675     -8.380575    
  4.028187     -8.477351    
  4.030685     -8.625752    
  4.033169     -8.210039    
  4.035638     -8.387336    
  4.038093     -8.435266    
  4.040535     -8.478004    
  4.042963     -8.450085    
  4.045377     -8.548611    
  4.047778     -8.602619    
  4.047865     -8.597565    
  4.050191     -8.624350    
  4.050278     -8.627133    
  4.052927     -8.636546    
  4.055559     -8.645677    
  4.058176     -8.658162    
  4.060777     -8.661013    
  4.063363     -9.752907    
  4.065933     -7.799244    
  4.068489     -8.718194    
  4.071029     -8.428062    
  4.073555     -8.837429    
  4.076066     -7.846516    
  4.078562     -8.009294    
  4.081044     -8.362692    
  4.083513     -8.587123    
  4.085967     -8.661393    
  4.088407     -8.696888    
  4.090834     -8.718941    
  4.090921     -8.718731    
  4.093448     -8.735552    
  4.095961     -8.738333    
  4.098459     -8.767540    
  4.100943     -8.703851    
  4.103413     -8.733657    
  4.105869     -8.912407    
  4.108311     -8.349015    
  4.110740     -8.983885    
  4.113155     -8.651653    
  4.115556     -8.728085    
  4.117944     -8.797320    
  4.120320     -8.783131    
  4.122682     -8.806926    
  4.125032     -8.842787    
  4.127369     -8.860762    
  4.129693     -8.806696    
  4.129780     -8.818915    
  4.133136     -8.847945    
  4.136466     -8.889243    
  4.139770     -8.782240    
  4.143050     -8.827018    
  4.146305     -8.576647    
  4.149536     -8.784474    
  4.152743     -8.906656    
  4.155926     -8.849430    
  4.156013     -8.816963    
  4.158880     -8.789972    
  4.161727     -8.926762    
  4.161814     -8.930541    
  4.163762     -8.890918    
  4.163849     -8.715176    
  4.166924     -8.844804    
  4.167011     -8.879876    
  4.169326     -8.444857    
  4.171629     -9.098342    
  4.173920     -8.806153    
  4.176198     -8.829622    
  4.178465     -8.934326    
  4.180720     -8.971619    
  4.182963     -9.007000    
  4.185195     -9.030402    
  4.187415     -9.043638    
  4.189624     -9.020828    
  4.191822     -9.031594    
  4.194009     -9.070944    
  4.198350     -8.995900    
  4.202647     -8.976065    
  4.202734     -9.029565    
  4.204957     -9.069658    
  4.207168     -9.086719    
  4.209369     -9.098759    
  4.211558     -9.088971    
  4.213736     -9.111278    
  4.215903     -9.106779    
  4.220205     -9.127098    
  4.224465     -9.161059    
  4.228684     -9.008019    
  4.232862     -9.098374    
  4.237000     -9.108450    
  4.237088     -8.440758    
  4.240818     -8.743372    
  4.244516     -8.746359    
  4.248183     -9.288980    
  4.251819     -9.158222    
  4.255425     -9.190072    
  4.259002     -9.158747    
  4.262549     -9.203485    
  4.266067     -9.282529    
  4.266154     -9.271359    
  4.270079     -9.273971    
  4.270166     -7.927798    
  4.274271     -8.926724    
  4.278338     -10.07813    
  4.282367     -8.892961    
  4.286359     -9.670624    
  4.290314     -9.261893    
  4.294234     -9.330657    
  4.298119     -9.365676    
  4.301969     -9.379510    
  4.302056     -9.379141    
  4.306016     -9.411325    
  4.309939     -9.338119    
  4.313828     -9.359421    
  4.317682     -9.441033    
  4.321502     -9.436860    
  4.325289     -9.427275    
  4.329043     -9.405640    
  4.332765     -9.454631    
  4.332852     -9.448617    
  4.335453     -9.322152    
  4.338038     -9.756718    
  4.340608     -8.841828    
  4.343162    -100.00000    
  4.345702     -9.578489    
  4.348227     -9.393412    
  4.350737     -9.463486    
  4.353233     -9.506275    
  4.353320     -9.508180    
  4.356074     -9.492256    
  4.356161     -9.503134    
  4.357582     -9.508016    
  4.357669     -9.504730    
  4.360115     -9.531853    
  4.362547     -9.551285    
  4.362634     -9.561062    
  4.365286     -9.524560    
  4.367922     -9.557242    
  4.370542     -9.343143    
  4.373146     -9.688648    
  4.375735     -9.531288    
  4.378308     -9.525412    
  4.380867     -9.563096    
  4.383410     -9.351046    
  4.385938     -9.190272    
  4.388452     -9.225503    
  4.390952     -8.976494    
  4.393437     -9.623174    
  4.395908     -9.487920    
  4.398365     -9.611501    
  4.400808     -9.599915    
  4.403238     -9.640163    
  4.405653     -9.661313    
  4.408056     -9.668148    
  4.410445     -9.595474    
  4.412822     -9.627304    
  4.415185     -9.686830    
  4.417536     -9.772319    
  4.419874     -9.389018    
  4.422199     -9.722422    
  4.424512     -9.634604    
  4.426813     -9.670236    
  4.429102     -9.687937    
  4.431378     -9.656446    
  4.433643     -9.700339    
  4.435896     -9.687499    
  4.438138     -9.720734    
  4.440368     -9.741216    
  4.440455     -9.720888    
  4.442913     -9.742394    
  4.445357     -9.754299    
  4.447787     -9.770435    
  4.450204     -9.657568    
  4.452608     -9.152945    
  4.454999     -10.10431    
  4.457376     -9.741419    
  4.459740     -9.623755    
  4.462092     -9.783389    
  4.464431     -9.751833    
  4.466757     -9.787556    
  4.469071     -9.800508    
  4.471373     -9.808345    
  4.473663     -9.820618    
  4.475940     -9.841391    
  4.478206     -9.421089    
  4.512937     -9.785390    
  4.513024     -9.936232    
  4.514610     -9.939716    
  4.514697     -9.979813    
  4.515945     -9.737701    
  4.516032     -9.838368    
  4.585469     -10.13617    
  4.585556     -10.06548    
  4.648489     -10.17699    
  4.648576     -10.24453    
  4.649548     -10.26773    
  4.649635     -10.27103    
  4.649838     -10.27521    
  4.649925     -10.15560    
  4.709765     -10.31811    
  4.709852     -10.41362    
  4.765753     -10.45397    
  4.765822     -10.58621    
  4.765909     -10.55041    
  4.818480     -10.72143    
  4.818567     -10.61342    
  4.868094     -10.68394    
  4.868152     -10.83316    
  4.868214     -10.74272    
  4.915089     -10.99288    
  4.915176     -10.96804    
  4.959449     -11.07462    
  4.959536     -11.03059    
  4.959642     -10.85860    
  4.959729     -11.03814    
  5.002021     -10.99775    
  5.002108     -11.19031    
  5.041986     -11.30326    
  5.042072     -11.29254    
  5.042428     -11.29353    
  5.042515     -11.27060    
  5.081038     -11.38416    
  5.081125     -11.35837    
  5.117569     -11.49042    
  5.117655     -11.53120    
  5.118005     -11.44385    
  5.118092     -11.25854    
  5.153462     -11.72496    
  5.153549     -11.58001    
  5.187204     -11.68436    
  5.187290     -11.67051    
  5.187529     -11.67144    
  5.187616     -11.65932    
  5.251180     -11.76266    
  5.251266     -11.84101    
  5.251931     -11.84086    
  5.252018     -11.83088    
  5.311750     -11.97732    
  5.311837     -12.00198    
  5.311944     -11.96922    
  5.712950     -13.05712    
  5.917833     -13.63848    
  6.161415     -14.31685    
  6.430595     -15.08071    
  6.714779     -15.90641    
  7.007134     -16.81180    
  7.303761     -17.83811    
  7.602573     -19.08724    
  7.902489     -20.86312    
  8.202961    -100.00000    
  8.503712    -100.00000    
  8.804602    -100.00000    
  9.105563     -28.72045    
  9.406558     -29.82210    
  9.707570    -100.00000    
