 0.6989700     -90.49900    
 0.7243402     -91.53320    
 0.7483098     -92.84826    
 0.7710253    -100.00000    
 0.7926116    -100.00000    
 0.8328096    -100.00000    
 0.8696002    -100.00000    
 0.9035159    -100.00000    
 0.9349739    -100.00000    
 0.9643063    -100.00000    
 0.9917824     -103.4504    
 0.9918693    -100.00000    
  1.017734    -100.00000    
  1.042145     -100.4781    
  1.042232     -100.9273    
  1.060679     -99.64624    
  1.060766     -99.85785    
  1.080039     -98.86867    
  1.080126     -98.75840    
  1.098980     -98.00920    
  1.099067     -97.82135    
  1.116489     -97.21631    
  1.116576    -100.00000    
  1.132827     -44.68625    
  1.132914     -47.73930    
  1.147337    -100.00000    
  1.147424     -51.83109    
  1.177890    -100.00000    
  1.206358    -100.00000    
  1.233074    -100.00000    
  1.258242    -100.00000    
  1.258328    -100.00000    
  1.281053     -85.24139    
  1.281140    -100.00000    
  1.305129     -78.41914    
  1.305216    -100.00000    
  1.326885     -75.54506    
  1.326972    -100.00000    
  1.346664     -17.87737    
  1.346750     -20.09179    
  1.372011    -100.00000    
  1.372098     -29.53626    
  1.395435    -100.00000    
  1.395522     -37.21519    
  1.407231    -100.00000    
  1.407318    -100.00000    
  1.434239     -36.57345    
  1.434325    -100.00000    
  1.437957     -34.77502    
  1.438044     -34.64746    
  1.438732     -34.42739    
  1.438819     -16.94304    
  1.466567     -16.22868    
  1.466654     -21.10826    
  1.485460     -21.38469    
  1.485547    -100.00000    
  1.499937     -16.89093    
  1.500023     -16.14644    
  1.502811     -16.06204    
  1.502898     -16.61483    
  1.515152     -16.55384    
  1.515239     -15.78612    
  1.521830     -15.90511    
  1.521916     -14.43753    
  1.538911     -14.16319    
  1.538998     -15.29757    
  1.541754     -16.57520    
  1.541841    -100.00000    
  1.544410     -15.11530    
  1.544497     -14.07103    
  1.546755     -13.72618    
  1.546842     -14.22128    
  1.568094    -100.00000    
  1.568181     -18.40580    
  1.576102    -100.00000    
  1.576189     -19.70928    
  1.577032     -19.86006    
  1.577119     -20.03685    
  1.586189    -100.00000    
  1.586276     -21.54062    
  1.587530     -21.77576    
  1.587617     -22.07982    
  1.602078    -100.00000    
  1.602165    -100.00000    
  1.604747     -17.20303    
  1.604834     -13.98048    
  1.633100    -100.00000    
  1.633187     -16.77219    
  1.643761    -100.00000    
  1.643848     -18.25483    
  1.646889     -18.82558    
  1.646976     -18.85913    
  1.653070    -100.00000    
  1.653157     -20.30046    
  1.667964    -100.00000    
  1.668051     -23.65083    
  1.673067    -100.00000    
  1.673154     -24.91869    
  1.673452     -25.00237    
  1.673539    -100.00000    
  1.683736     -21.50504    
  1.683823     -21.97117    
  1.689301     -21.55488    
  1.689388     -21.35378    
  1.690173     -21.42693    
  1.690260     -21.35694    
  1.691919     -21.44138    
  1.692006    -100.00000    
  1.709636     -19.58673    
  1.709723     -19.55861    
  1.714748     -20.05632    
  1.714835     -19.95189    
  1.714933     -19.60589    
  1.717233     -19.21263    
  1.717320     -19.31110    
  1.717576     -19.34123    
  1.717663     -19.35164    
  1.718527     -19.55890    
  1.718614     -19.84943    
  1.721805     -19.84490    
  1.721892     -19.37193    
  1.725295     -19.11927    
  1.725382     -20.20241    
  1.730438     -18.92356    
  1.730525     -18.89907    
  1.731758     -18.80062    
  1.731845     -18.79763    
  1.732294     -18.87705    
  1.732381     -18.93702    
  1.735217     -18.75716    
  1.735304     -18.86946    
  1.744878     -18.45817    
  1.744965     -18.33222    
  1.746841     -18.66114    
  1.746929     -18.60679    
  1.747807     -18.61437    
  1.747894     -18.51290    
  1.753972     -18.21298    
  1.754058     -18.08202    
  1.756978     -18.15091    
  1.757065     -18.13867    
  1.762907     -18.17917    
  1.762994     -18.22068    
  1.763503     -18.26622    
  1.763590     -18.27841    
  1.765957     -18.41556    
  1.766044     -18.42218    
  1.768505     -18.45895    
  1.768592     -18.49042    
  1.776113     -18.06159    
  1.776200     -18.15908    
  1.776785     -18.12086    
  1.776872     -18.03017    
  1.781285     -17.82428    
  1.781372     -17.86667    
  1.781946     -17.92666    
  1.782033     -18.11045    
  1.786409     -17.56909    
  1.786495     -17.50528    
  1.788161     -17.55302    
  1.788248     -17.57459    
  1.789372     -17.61829    
  1.789459     -17.60462    
  1.792246     -17.36135    
  1.792333     -17.45391    
  1.800765     -17.30894    
  1.800851     -17.54548    
  1.806960     -18.17375    
  1.807047     -17.64413    
  1.809708     -17.83369    
  1.809795     -17.83757    
  1.810144     -17.83971    
  1.810231     -17.77811    
  1.814042     -18.16194    
  1.814129    -100.00000    
  1.834747     -17.41892    
  1.834834     -16.59367    
  1.836557     -16.74905    
  1.836644     -16.79681    
  1.838907     -16.72154    
  1.838994     -16.59703    
  1.840414     -16.73070    
  1.840501     -16.79495    
  1.842703     -17.00132    
  1.842790     -16.99137    
  1.844125     -17.12097    
  1.844212     -17.69516    
  1.857265     -16.98852    
  1.857352     -17.48822    
  1.859614     -17.33876    
  1.859700     -17.80699    
  1.868320     -16.93586    
  1.868407     -17.02914    
  1.870233     -17.15188    
  1.870320     -17.19034    
  1.871306     -17.09073    
  1.871393     -18.23001    
  1.872072     -16.60996    
  1.872158     -16.55477    
  1.873424     -16.41346    
  1.873511     -16.35695    
  1.880831     -16.49372    
  1.880918    -100.00000    
  1.887368     -15.98962    
  1.887455     -15.88554    
  1.893213     -15.97459    
  1.893300     -15.59509    
  1.899003     -15.64941    
  1.899090     -15.74444    
  1.905503     -15.76233    
  1.905590     -15.71960    
  1.905821     -15.71670    
  1.905908     -15.78649    
  1.911657     -15.81699    
  1.911744     -15.53031    
  1.912227     -15.66568    
  1.912313     -15.60832    
  1.913955     -15.55290    
  1.914042     -15.52208    
  1.924238     -15.66803    
  1.924325     -15.71207    
  1.925539     -15.78822    
  1.925626     -15.75278    
  1.926709     -15.78135    
  1.926796     -15.80166    
  1.926846     -15.81242    
  1.926932     -15.81035    
  1.927461     -15.84656    
  1.927548     -15.92382    
  1.930771     -15.89146    
  1.930858     -15.95796    
  1.933612     -15.72193    
  1.933699     -15.44139    
  1.936983     -15.39141    
  1.937070     -15.47052    
  1.938051     -15.32982    
  1.938138     -15.40731    
  1.940777     -15.40910    
  1.940864     -15.40301    
  1.941974     -15.27141    
  1.942061    -100.00000    
  1.953088     -14.36356    
  1.953175     -14.21654    
  1.955697     -14.08910    
  1.955784     -14.10655    
  1.959855     -13.76987    
  1.959942     -13.77513    
  1.963545     -13.44104    
  1.963632     -13.89478    
  1.972680     -12.69619    
  1.972767     -12.62371    
  1.974225     -12.49195    
  1.974312     -12.47975    
  1.974387     -12.47360    
  1.974474     -12.48035    
  1.977192     -12.23749    
  1.977279    -100.00000    
  1.992052     -11.08735    
  1.992139     -10.94170    
  1.992538     -10.90146    
  1.992625     -10.89900    
  1.994212     -10.75765    
  1.994299     -10.74739    
  1.994360     -10.74287    
  1.994447     -10.74111    
  1.996552     -10.56154    
  1.996639     -10.57876    
  1.997939     -10.69131    
  1.998026     -10.74464    
  2.000182     -10.57225    
  2.000268     -10.68799    
  2.002574     -10.47330    
  2.002661     -10.44308    
  2.004835     -10.21353    
  2.004922     -10.17833    
  2.007421     -10.21100    
  2.007508     -10.24817    
  2.009100     -10.48235    
  2.009187     -10.45659    
  2.009352     -10.46701    
  2.009439     -10.47474    
  2.009543     -10.38550    
  2.017372     -10.37067    
  2.017459     -10.20357    
  2.019860     -10.40596    
  2.019947     -10.23051    
  2.026471     -10.38639    
  2.026558     -10.46241    
  2.028108     -10.16834    
  2.028195     -10.24135    
  2.031137     -10.20567    
  2.031224     -10.59397    
  2.035128     -10.15521    
  2.035214     -9.856521    
  2.036585     -9.928560    
  2.036672     -8.930958    
  2.053379     -7.868231    
  2.053466     -7.933873    
  2.061043     -7.645248    
  2.061130     -7.374144    
  2.067104     -9.256018    
  2.067191     -7.692583    
  2.068339     -7.760015    
  2.068426     -7.455209    
  2.074002     -7.063127    
  2.074089     -7.232201    
  2.076209    -100.00000    
  2.076296    -100.00000    
  2.076824     -8.331390    
  2.076911     -8.110588    
  2.077291     -7.650825    
  2.077378     -6.969652    
  2.081631     -6.567473    
  2.081718     -7.175602    
  2.090954     -6.925990    
  2.091041     -6.599918    
  2.095729     -6.879656    
  2.095816     -5.837146    
  2.097304     -6.061782    
  2.097391     -6.197993    
  2.100294    -100.00000    
  2.100380     -7.663402    
  2.100528     -7.475827    
  2.100615     -7.542972    
  2.101519     -6.758815    
  2.101605     -5.972645    
  2.104539     -5.593982    
  2.104626     -7.096801    
  2.105570     -6.418332    
  2.105657     -6.273413    
  2.106101     -6.048633    
  2.106187     -5.943198    
  2.107298     -6.317212    
  2.107385     -6.062599    
  2.107538     -6.038077    
  2.107625     -6.775931    
  2.110312     -6.135350    
  2.110399     -5.970202    
  2.111508     -6.239502    
  2.111595     -6.065568    
  2.111941     -5.862568    
  2.112028     -5.705927    
  2.118960     -6.513299    
  2.119047    -100.00000    
  2.124229     -5.396262    
  2.124316     -5.107640    
  2.124942     -5.444588    
  2.125029     -5.528432    
  2.125725     -5.561221    
  2.125812     -5.447419    
  2.126973     -5.971095    
  2.127060     -5.735990    
  2.127658     -6.020008    
  2.127745     -7.086726    
  2.129084     -5.693474    
  2.129171     -5.545246    
  2.130872     -5.159534    
  2.130959     -4.964809    
  2.131986     -6.731612    
  2.132073    -100.00000    
  2.137486     -5.771153    
  2.137573     -5.646357    
  2.137863     -5.650842    
  2.137949     -5.531144    
  2.141450     -7.492389    
  2.141537     -6.205859    
  2.141651     -6.193365    
  2.141738     -6.473401    
  2.145467     -7.086295    
  2.145554     -5.200378    
  2.150293    -100.00000    
  2.150380     -6.096427    
  2.150508     -5.708786    
  2.154246     -6.258763    
  2.154333     -5.957040    
  2.156640    -100.00000    
  2.156727     -6.108301    
  2.156827     -6.157892    
  2.158942     -5.138827    
  2.159028     -5.108142    
  2.168055     -5.924413    
  2.168141     -6.068249    
  2.171576     -5.826397    
  2.171663     -5.568231    
  2.177080     -5.651945    
  2.177167     -6.463263    
  2.177604    -100.00000    
  2.177690    -100.00000    
  2.181731     -6.316458    
  2.181818     -6.816612    
  2.184881     -5.176147    
  2.184967     -5.202281    
  2.188445     -5.376504    
  2.188532     -6.053940    
  2.189637     -5.925842    
  2.189724     -5.878109    
  2.191670     -5.990532    
  2.191757     -5.393624    
  2.202361     -5.109242    
  2.202448     -5.137421    
  2.209411     -4.988827    
  2.209498     -4.877371    
  2.209936     -4.993684    
  2.210023     -4.900789    
  2.213352     -5.307188    
  2.213439     -4.932358    
  2.217445     -5.731185    
  2.217532     -5.672367    
  2.217837     -5.633646    
  2.217924     -5.595140    
  2.218030     -5.545791    
  2.218315     -5.416887    
  2.218402     -5.313714    
  2.218688     -5.797585    
  2.218775     -6.219594    
  2.221924     -5.618771    
  2.222011     -5.403457    
  2.231931     -5.256127    
  2.232018     -5.711372    
  2.234632     -5.124419    
  2.234695     -5.010481    
  2.234781     -5.399146    
  2.239617    -100.00000    
  2.239704    -100.00000    
  2.242429     -4.882462    
  2.242516     -4.860851    
  2.245345     -4.910977    
  2.245432     -5.559974    
  2.250721     -5.045370    
  2.250808     -4.729527    
  2.252069     -4.656440    
  2.252156     -4.719941    
  2.255687     -4.639186    
  2.259191     -5.239764    
  2.259278     -4.663472    
  2.260545     -5.242043    
  2.260632     -5.747327    
  2.263836     -4.863738    
  2.267016     -5.299863    
  2.267103     -6.057477    
  2.270490     -4.989183    
  2.270577     -4.940636    
  2.271628     -5.521094    
  2.271715     -5.104383    
  2.271807     -5.031626    
  2.271894     -4.942659    
  2.273319     -4.753764    
  2.273406     -4.618327    
  2.275710     -4.791659    
  2.275797     -4.656884    
  2.278310     -4.776788    
  2.280809     -4.393584    
  2.280896     -4.452940    
  2.281369     -4.450085    
  2.281456     -4.433799    
  2.282921     -4.458072    
  2.283008     -4.459991    
  2.283804     -4.714570    
  2.283891     -4.641184    
  2.284781     -4.689857    
  2.284868     -4.737067    
  2.285091     -6.045656    
  2.285178     -6.197281    
  2.285231     -6.260354    
  2.285318    -100.00000    
  2.286288     -5.199711    
  2.286375     -5.092349    
  2.287075     -4.617049    
  2.287162     -4.385858    
  2.289257     -4.632075    
  2.291343     -5.108145    
  2.291430     -4.536497    
  2.293524     -5.175474    
  2.295609     -4.343225    
  2.295696     -4.353848    
  2.297128     -4.354928    
  2.297214     -4.276101    
  2.297982     -4.138915    
  2.298069     -4.135128    
  2.299703     -4.272192    
  2.301330     -4.283322    
  2.301417     -4.194428    
  2.302809     -4.565421    
  2.304196     -4.328186    
  2.305579     -4.313181    
  2.306958     -4.834529    
  2.307045     -5.039326    
  2.308274     -4.859485    
  2.308361     -4.533811    
  2.309467     -4.367198    
  2.310569     -4.880436    
  2.311669     -4.339187    
  2.312767     -4.155006    
  2.312854     -4.214336    
  2.313586     -4.361744    
  2.313673     -4.339135    
  2.314517     -4.299458    
  2.314604     -4.303723    
  2.314729     -4.379934    
  2.314817     -4.982110    
  2.315597     -4.809976    
  2.315684     -4.546649    
  2.316612     -5.833394    
  2.317538     -4.929322    
  2.318463     -4.556406    
  2.319385     -5.129637    
  2.320305     -4.252464    
  2.321224     -4.023739    
  2.322140     -4.050733    
  2.323055     -4.194371    
  2.323141     -4.201816    
  2.324253     -4.109387    
  2.324340     -4.120566    
  2.325648     -4.370103    
  2.325735     -4.213120    
  2.326487     -5.177778    
  2.327238     -5.083318    
  2.327987     -4.959996    
  2.328735     -4.420379    
  2.329482     -4.172706    
  2.330227     -4.176119    
  2.330971     -5.501372    
  2.331714     -4.092449    
  2.331801     -4.074990    
  2.331944     -4.053074    
  2.332031     -3.947631    
  2.333101    -100.00000    
  2.333188     -5.033823    
  2.333638     -4.595282    
  2.333725     -4.546207    
  2.334874     -4.104593    
  2.336020     -4.128987    
  2.337163     -3.948147    
  2.338303     -4.078719    
  2.338390     -4.199525    
  2.339301     -4.339810    
  2.339388     -4.323631    
  2.340254     -4.215170    
  2.341118     -4.163999    
  2.341191     -4.177061    
  2.341278     -4.179536    
  2.341370     -4.183090    
  2.341472     -4.212288    
  2.342517     -4.103406    
  2.342604     -4.016502    
  2.343168     -4.722616    
  2.343730     -5.085095    
  2.344292     -4.738576    
  2.344853     -4.534132    
  2.344940     -4.496587    
  2.345941     -4.094824    
  2.346441     -4.042616    
  2.346940     -4.067447    
  2.347438     -4.096459    
  2.347936    -100.00000    
  2.348434     -5.124676    
  2.348930     -4.688299    
  2.349017     -4.754667    
  2.349687     -4.391650    
  2.350356     -4.302276    
  2.350443     -4.247014    
  2.351314     -4.448511    
  2.352184     -4.497571    
  2.352270     -4.486545    
  2.352846     -4.309730    
  2.353421     -4.156002    
  2.353508     -4.118222    
  2.353983     -4.080671    
  2.354070     -4.071388    
  2.354494     -4.077900    
  2.354917     -4.107373    
  2.355340     -4.169921    
  2.355762     -4.184379    
  2.355849     -4.181776    
  2.356520     -4.078282    
  2.357189     -4.036876    
  2.357276     -4.060541    
  2.357498     -4.170141    
  2.357582     -4.232197    
  2.357669     -4.226693    
  2.362936     -3.875746    
  2.363023     -4.086381    
  2.368963     -4.891097    
  2.369050     -4.490270    
  2.373546     -3.871233    
  2.373633     -4.000741    
  2.374597     -3.784713    
  2.374684     -3.808431    
  2.376702     -3.709775    
  2.376789     -4.105064    
  2.381401     -3.761875    
  2.381488     -3.742717    
  2.381574     -3.696507    
  2.381660     -3.576113    
  2.383081     -3.486063    
  2.383168     -3.455992    
  2.387126     -4.050076    
  2.387213     -3.935936    
  2.387778     -3.881291    
  2.387865     -4.198008    
  2.397727     -3.652649    
  2.397814     -3.398108    
  2.403706     -3.542591    
  2.403793     -3.396802    
  2.409345     -3.899141    
  2.409431     -4.316484    
  2.409967     -4.018465    
  2.410054     -3.990776    
  2.411603     -3.627813    
  2.411690     -3.506005    
  2.412778     -3.331197    
  2.412865     -3.362755    
  2.413098     -3.372358    
  2.413185     -3.380774    
  2.414109     -3.398400    
  2.414195     -3.420877    
  2.415338     -3.961439    
  2.415425     -4.098082    
  2.419545     -3.368823    
  2.419632     -3.416365    
  2.422480     -3.711489    
  2.422566     -3.452791    
  2.424108     -3.384786    
  2.424195     -3.524938    
  2.428391     -3.531807    
  2.428478     -3.424495    
  2.429013     -3.437588    
  2.429100     -3.438028    
  2.429244     -3.439201    
  2.429331     -3.423569    
  2.432147     -3.432632    
  2.432234     -3.447862    
  2.434375     -3.490150    
  2.434462     -3.510030    
  2.434951     -3.760500    
  2.435038     -3.842666    
  2.435182     -3.882499    
  2.435269     -3.898160    
  2.435570     -3.782995    
  2.435657     -3.585685    
  2.437397     -3.573679    
  2.437484     -3.687360    
  2.438099     -3.772902    
  2.438186     -3.605586    
  2.440535     -3.586203    
  2.440622     -3.603649    
  2.441592     -3.861954    
  2.441679     -3.748512    
  2.443115     -3.448870    
  2.443202     -3.531684    
  2.446266     -3.729521    
  2.446353     -3.813197    
  2.447958     -3.945901    
  2.448045     -3.742240    
  2.448133     -3.748248    
  2.448892     -3.492638    
  2.448979     -3.534598    
  2.450924     -4.031601    
  2.451011     -3.616723    
  2.454202     -3.611404    
  2.454289     -3.529317    
  2.456026     -3.489187    
  2.456113     -3.483189    
  2.461170     -3.712551    
  2.461257     -3.876039    
  2.463251     -4.173262    
  2.463338     -3.947695    
  2.464468     -3.587862    
  2.464555     -3.465116    
  2.466286     -3.616704    
  2.466372     -3.648976    
  2.467492     -3.692077    
  2.467579     -3.632819    
  2.467685     -3.606250    
  2.467772     -3.570702    
  2.470538     -3.554565    
  2.470625     -3.530297    
  2.470751     -3.530852    
  2.471828     -3.574439    
  2.471915     -3.537992    
  2.473313     -3.642839    
  2.473400     -3.899037    
  2.476442     -3.649097    
  2.476529     -3.554961    
  2.476628     -3.549415    
  2.476715     -3.550042    
  2.478943     -3.578781    
  2.479030     -3.614646    
  2.480895     -3.581027    
  2.480982     -3.476802    
  2.482813     -4.316067    
  2.482900     -5.220332    
  2.483465     -4.156907    
  2.483551     -4.062835    
  2.483824     -3.874426    
  2.483911     -3.828317    
  2.484268     -3.664584    
  2.484355     -3.628859    
  2.484517     -3.569827    
  2.484589     -3.546574    
  2.484656     -3.525978    
  2.484743     -3.483903    
  2.486424     -3.279109    
  2.486511     -3.404566    
  2.490779     -3.643802    
  2.490866     -3.565576    
  2.490956     -3.563448    
  2.491043     -3.562010    
  2.491443     -3.561629    
  2.491530     -3.564052    
  2.492836     -3.565198    
  2.492923     -3.564282    
  2.493176     -3.567645    
  2.493263     -3.505207    
  2.495735    -100.00000    
  2.495822     -4.325777    
  2.496605     -3.832165    
  2.496692     -3.785528    
  2.497050     -3.665690    
  2.497137     -3.663408    
  2.498024     -3.444666    
  2.498111     -3.408288    
  2.500649     -3.517578    
  2.500736     -3.499826    
  2.503920     -3.828841    
  2.504007     -3.836862    
  2.504069     -3.818387    
  2.504156     -3.691571    
  2.506403     -3.599993    
  2.506490     -3.620290    
  2.506598     -3.618450    
  2.506685     -3.617317    
  2.506857     -3.615872    
  2.506943     -3.615408    
  2.507203     -3.614889    
  2.507290     -3.615314    
  2.511107     -3.616999    
  2.511194     -3.614014    
  2.511697     -3.616902    
  2.511784     -3.619351    
  2.512876     -3.643864    
  2.512963     -3.638987    
  2.513523     -3.642012    
  2.513610     -3.647895    
  2.515498     -3.686299    
  2.515585     -3.683502    
  2.515719     -3.683466    
  2.515805     -3.682395    
  2.515872     -3.681067    
  2.515959     -3.678667    
  2.516021     -3.676586    
  2.516107     -3.673104    
  2.516706     -3.648381    
  2.516793     -3.638876    
  2.517769     -3.668678    
  2.517856     -3.679715    
  2.517941     -3.682758    
  2.518028     -3.687451    
  2.518445     -3.674294    
  2.518532     -3.667453    
  2.518680     -3.659779    
  2.518767     -3.629930    
  2.521283     -3.698740    
  2.523785     -3.653348    
  2.523871     -3.657687    
  2.524535     -3.664773    
  2.524622     -3.677397    
  2.526468     -3.774410    
  2.526555     -3.716119    
  2.527825     -3.752519    
  2.527912     -3.754469    
  2.530010     -3.697907    
  2.530097     -3.703309    
  2.532615     -3.794527    
  2.532701     -3.695849    
  2.535293     -3.711756    
  2.535380     -3.724921    
  2.536082     -3.754423    
  2.536169     -3.727361    
  2.539337     -3.793548    
  2.539424     -3.931052    
  2.543132     -3.733433    
  2.546808     -3.729960    
  2.546895     -3.720723    
  2.547076     -3.718496    
  2.547163     -3.717748    
  2.547329     -3.716829    
  2.547416     -3.716608    
  2.547523     -3.717654    
  2.551049     -3.763218    
  2.551118     -3.764534    
  2.551204     -3.764415    
  2.551316     -3.762027    
  2.551403     -3.647423    
  2.554923    -100.00000    
  2.558382     -3.656182    
  2.558469     -3.590542    
  2.558869     -3.597634    
  2.558956     -3.586381    
  2.561154     -3.745752    
  2.561240     -3.739177    
  2.561557     -3.735839    
  2.561644     -3.801435    
  2.564817    -100.00000    
  2.564904     -4.004063    
  2.567815     -3.642445    
  2.570708     -3.834042    
  2.570794     -3.824952    
  2.571315     -3.808408    
  2.571402     -3.806345    
  2.571490     -3.803978    
  2.571576     -3.799519    
  2.572470     -3.782988    
  2.572557     -3.785017    
  2.576787     -3.822388    
  2.580976     -3.819302    
  2.581063     -3.818366    
  2.582880     -3.832360    
  2.582967     -3.839440    
  2.583821     -3.830481    
  2.583908     -3.741107    
  2.584933    -100.00000    
  2.585020     -4.818001    
  2.586210     -4.112160    
  2.586262     -4.040260    
  2.586349     -3.803293    
  2.588885     -3.613424    
  2.588972     -3.805834    
  2.590598     -3.793982    
  2.590685     -3.786728    
  2.593482     -3.848198    
  2.596260     -3.905029    
  2.596347     -3.895556    
  2.597094     -3.880967    
  2.597181     -3.873934    
  2.597646     -3.864654    
  2.597733     -3.857803    
  2.600152     -3.923234    
  2.600239     -3.917380    
  2.601008     -3.878810    
  2.601094     -3.802382    
  2.604131     -4.539595    
  2.607145     -3.881381    
  2.607232     -3.782027    
  2.607324     -3.768463    
  2.607480     -3.755938    
  2.607567     -3.752209    
  2.607898     -3.751679    
  2.607985     -3.744196    
  2.608789     -3.826288    
  2.608876     -3.847410    
  2.609811     -3.880422    
  2.609898     -3.866279    
  2.612121     -3.923074    
  2.614332     -3.898450    
  2.614419     -3.899389    
  2.615617     -3.895813    
  2.615704     -3.898135    
  2.616177     -3.913213    
  2.616264     -3.924064    
  2.617793     -3.894795    
  2.617880     -3.871891    
  2.620859    -100.00000    
  2.620946     -4.803269    
  2.623214     -3.876628    
  2.625471     -3.981356    
  2.625557     -4.151333    
  2.626297     -4.098577    
  2.626384     -3.968023    
  2.629798     -3.790922    
  2.633186     -3.960238    
  2.633273     -3.937460    
  2.634349     -3.948573    
  2.634435     -3.948772    
  2.634827     -3.950797    
  2.634914     -3.997882    
  2.636215     -3.978904    
  2.636302     -3.971868    
  2.637231     -3.973875    
  2.637318     -3.959817    
  2.639844     -5.650282    
  2.642355     -3.802718    
  2.642442     -3.852292    
  2.644205     -3.957775    
  2.644292     -3.977291    
  2.644578     -4.180832    
  2.644665     -4.524798    
  2.646436     -4.312234    
  2.646523     -4.099605    
  2.648315     -3.950749    
  2.648402     -3.954807    
  2.648476     -3.951047    
  2.648563     -3.943369    
  2.649502     -3.976209    
  2.649589     -3.981447    
  2.650015     -3.991842    
  2.650101     -3.993596    
  2.652023     -4.033677    
  2.652110     -4.089182    
  2.653477     -4.263060    
  2.653564     -4.197849    
  2.653758     -4.159934    
  2.653845     -4.027509    
  2.656371     -4.006140    
  2.656458     -4.059635    
  2.657291     -5.797552    
  2.657378     -5.231919    
  2.659033     -4.171279    
  2.660682     -3.900972    
  2.660769     -3.951277    
  2.662838     -4.044614    
  2.662925     -4.024199    
  2.664361     -4.076107    
  2.664448     -4.102246    
  2.664909     -4.125919    
  2.664996     -4.127054    
  2.667441     -4.018392    
  2.668659     -4.644355    
  2.669873     -4.543666    
  2.669960     -4.374733    
  2.671570     -4.113332    
  2.673175     -4.126774    
  2.674773     -3.995318    
  2.676365     -3.978717    
  2.676452     -3.991372    
  2.677193     -4.013054    
  2.677280     -4.004542    
  2.678402     -4.105861    
  2.679522     -4.056305    
  2.680638     -4.086568    
  2.681752     -4.079187    
  2.681839     -3.998951    
  2.682994     -4.714116    
  2.684147     -5.229884    
  2.684233     -4.946845    
  2.684319     -4.864030    
  2.684406     -4.851672    
  2.685617     -4.179259    
  2.685704     -4.145731    
  2.685988     -4.048701    
  2.686075     -3.972872    
  2.687275     -3.938142    
  2.688471     -4.047140    
  2.689665     -4.379083    
  2.690854     -4.143512    
  2.690941     -4.156559    
  2.691662     -4.015663    
  2.692382     -3.992413    
  2.693100     -4.034607    
  2.693817     -4.111969    
  2.693904     -4.115436    
  2.694490     -4.111471    
  2.695075     -4.112725    
  2.695162     -4.115762    
  2.695331     -4.120382    
  2.695418     -4.124332    
  2.696036     -4.131523    
  2.696123     -4.126520    
  2.697045     -4.128129    
  2.697132     -4.132539    
  2.697891     -4.163349    
  2.698648     -4.177492    
  2.698717     -4.203766    
  2.698803     -4.265933    
  2.699667     -4.404999    
  2.700098     -4.217173    
  2.700529     -4.092751    
  2.700616     -4.079845    
  2.701097     -4.069817    
  2.701577     -4.089682    
  2.702057     -4.139619    
  2.702537     -4.194093    
  2.702610     -4.192269    
  2.702697     -4.179623    
  2.704230     -4.123179    
  2.704317     -4.142741    
  2.704748     -4.142502    
  2.704835     -4.150567    
  2.706154     -4.215279    
  2.706241     -4.174350    
  2.706290     -4.169271    
  2.706377     -4.141432    
  2.707629     -4.171403    
  2.707716     -4.161519    
  2.709271     -4.298323    
  2.709358     -4.301980    
  2.709449     -4.295805    
  2.709536     -4.285204    
  2.709681     -4.263849    
  2.709768     -4.251006    
  2.709828     -4.242502    
  2.709915     -4.231054    
  2.710033     -4.217485    
  2.710119     -4.216139    
  2.713272     -4.132312    
  2.716402     -4.135998    
  2.716489     -4.364059    
  2.718816     -4.215988    
  2.718903     -4.011557    
  2.720712     -4.187815    
  2.720799     -4.172001    
  2.721478     -4.186630    
  2.721565     -4.191166    
  2.721792     -4.192166    
  2.721879     -4.134785    
  2.725251     -4.226061    
  2.725338     -4.175425    
  2.727078     -4.281325    
  2.727165     -4.169203    
  2.730036     -4.221724    
  2.730123     -4.263247    
  2.733151     -4.237866    
  2.733238     -4.173120    
  2.733842     -4.255015    
  2.733929     -5.088485    
  2.737074     -4.220552    
  2.737161     -4.134786    
  2.737825     -4.135998    
  2.737912     -4.091846    
  2.740300     -4.169625    
  2.740387     -4.183396    
  2.741710     -4.253925    
  2.741797     -4.090409    
  2.744319    -100.00000    
  2.746826     -4.137709    
  2.746913     -4.110386    
  2.748474     -4.152394    
  2.748561     -4.512332    
  2.752296     -4.525707    
  2.752383     -4.176273    
  2.754509     -4.137941    
  2.754596     -4.181214    
  2.754850     -4.197387    
  2.754937     -4.200533    
  2.755686     -4.231836    
  2.755773     -4.235040    
  2.755894     -4.547266    
  2.758471     -5.554564    
  2.758558     -4.592559    
  2.759027     -4.410914    
  2.759113     -4.380314    
  2.759268     -4.324685    
  2.759355     -4.282886    
  2.759981     -4.110805    
  2.760067     -4.112764    
  2.760747     -4.126591    
  2.760833     -4.121717    
  2.762305     -4.189623    
  2.762392     -4.210928    
  2.763491     -4.318770    
  2.763577     -4.275317    
  2.764577     -4.259283    
  2.764664     -4.264692    
  2.765524     -4.356558    
  2.765611     -4.335350    
  2.767568     -4.267584    
  2.767655     -4.287613    
  2.768842     -4.295361    
  2.768929     -4.296225    
  2.771196     -4.307552    
  2.771283     -4.306948    
  2.771358     -4.307376    
  2.771445     -4.319750    
  2.773649     -4.331084    
  2.775841     -4.328473    
  2.775928     -4.365551    
  2.777541     -4.384205    
  2.777628     -4.431754    
  2.778824     -4.342434    
  2.778910     -4.293051    
  2.782300     -4.618611    
  2.782387     -4.505456    
  2.783749     -4.277298    
  2.783836     -4.646833    
  2.787507     -4.375012    
  2.787594     -4.270310    
  2.790506     -4.291366    
  2.793400     -4.362438    
  2.796274     -4.431165    
  2.799129     -4.638553    
  2.799216    -100.00000    
  2.799875     -6.055442    
  2.799961     -5.634218    
  2.800228     -5.298517    
  2.800315     -5.842267    
  2.802759     -4.205982    
  2.805189     -4.350171    
  2.805276     -4.283463    
  2.807759     -4.960120    
  2.810229     -4.293815    
  2.810316     -4.342212    
  2.813524     -4.467562    
  2.813611     -4.439214    
  2.814474     -4.446648    
  2.814561     -4.452697    
  2.817018     -4.458939    
  2.817105     -4.489878    
  2.819648     -4.461958    
  2.822177     -4.489269    
  2.822264     -4.535605    
  2.826003     -4.450268    
  2.826090     -4.473015    
  2.829167     -4.492082    
  2.829254     -4.492204    
  2.829613     -4.493590    
  2.829700     -4.489630    
  2.832781     -4.517726    
  2.832867     -4.539285    
  2.832995     -4.554665    
  2.833082     -4.606654    
  2.836249     -4.620491    
  2.836336     -4.556600    
  2.839377     -4.482543    
  2.839464     -4.498504    
  2.840558     -4.522879    
  2.840645     -4.539609    
  2.842706     -4.545629    
  2.842793     -4.532105    
  2.843374     -4.543248    
  2.843461     -4.544615    
  2.843577     -4.545893    
  2.843663     -4.545733    
  2.844722     -4.547755    
  2.844809     -4.548867    
  2.845992     -4.594259    
  2.846079     -4.587922    
  2.846320     -4.575593    
  2.846407     -4.567767    
  2.846929     -4.549859    
  2.847016     -4.552247    
  2.850284     -4.570710    
  2.850371     -4.572279    
  2.851272     -4.565768    
  2.851359     -4.566413    
  2.851605     -4.566416    
  2.851692     -4.566025    
  2.853657     -4.573508    
  2.853744     -4.583276    
  2.856721     -4.571170    
  2.856808     -4.588209    
  2.859953     -4.589830    
  2.863077     -4.604475    
  2.863164     -4.609454    
  2.864011     -4.637691    
  2.864097     -4.634451    
  2.864929     -4.628883    
  2.865016     -4.615151    
  2.868335     -4.619660    
  2.868422     -4.664173    
  2.870319     -4.610004    
  2.870406     -4.624508    
  2.871477     -4.636988    
  2.871560     -4.640866    
  2.871647     -4.642831    
  2.871746     -4.644798    
  2.871833     -4.581666    
  2.875793     -4.785508    
  2.879716     -4.616403    
  2.879803     -4.697978    
  2.880314     -4.690862    
  2.880401     -4.884830    
  2.882313    -100.00000    
  2.882400     -5.289841    
  2.882670     -5.099238    
  2.882757     -4.832053    
  2.885708     -4.432461    
  2.885795     -4.531974    
  2.887555     -4.655326    
  2.887642     -4.824339    
  2.891964     -4.993734    
  2.892051     -4.549252    
  2.893704     -4.580209    
  2.893791     -4.584405    
  2.894071     -4.590153    
  2.894158     -4.596436    
  2.895095     -4.651987    
  2.895182     -4.557131    
  2.897787     -5.678110    
  2.897874     -5.079350    
  2.900589     -4.533945    
  2.900676     -4.596690    
  2.904168     -4.689031    
  2.904255     -4.721560    
  2.905026     -4.787132    
  2.905113     -4.721392    
  2.908003     -4.694612    
  2.908090     -4.738868    
  2.908185     -4.741254    
  2.908477     -4.746607    
  2.908564     -4.746802    
  2.909361     -4.768988    
  2.909448     -4.771501    
  2.910383     -4.748889    
  2.910470     -4.750617    
  2.911970     -4.764837    
  2.912057     -4.767193    
  2.914427     -4.780315    
  2.916785     -4.785484    
  2.916872     -4.782610    
  2.917171     -4.783941    
  2.917258     -4.783292    
  2.920236     -4.797414    
  2.920323     -4.797508    
  2.920418     -4.797372    
  2.922032     -4.800354    
  2.922118     -4.804580    
  2.925029     -4.811572    
  2.925116     -4.811980    
  2.925353     -4.813083    
  2.925440     -4.813482    
  2.925683     -4.814438    
  2.925770     -4.814709    
  2.925849     -4.814957    
  2.925936     -4.815398    
  2.927554     -4.831515    
  2.927641     -4.821975    
  2.927759     -4.820185    
  2.927950     -4.818725    
  2.928037     -4.818862    
  2.929127     -4.820613    
  2.929213     -4.820130    
  2.929524     -4.821597    
  2.929611     -4.822286    
  2.930245     -4.824764    
  2.930332     -4.824859    
  2.930644     -4.825927    
  2.930731     -4.826301    
  2.931247     -4.828950    
  2.931334     -4.829896    
  2.932296     -4.832326    
  2.932383     -4.831133    
  2.934646     -4.835794    
  2.934733     -4.837381    
  2.935353     -4.840521    
  2.935440     -4.843296    
  2.939332     -4.858453    
  2.939418     -4.858000    
  2.943758     -4.875258    
  2.943845     -4.871292    
  2.944467     -4.874472    
  2.944554     -4.873935    
  2.945191     -4.880959    
  2.945278     -4.888683    
  2.946273     -4.890518    
  2.946360     -4.884468    
  2.946687     -4.882704    
  2.946774     -4.883976    
  2.949861     -4.894353    
  2.949948     -4.894565    
  2.950064     -4.895049    
  2.950137     -4.895417    
  2.950211     -4.895810    
  2.950298     -4.896278    
  2.950637     -4.898466    
  2.950724     -4.898948    
  2.950770     -4.899187    
  2.950857     -4.899744    
  2.951287     -4.899731    
  2.951374     -4.899673    
  2.952601     -4.918679    
  2.952688     -4.910173    
  2.952960     -4.896816    
  2.953047     -4.889093    
  2.953706     -4.889712    
  2.953793     -4.895268    
  2.954344     -4.905104    
  2.954431     -4.904995    
  2.955685     -4.910958    
  2.955739     -4.910881    
  2.955826     -4.911119    
  2.956162     -4.911918    
  2.956249     -4.912170    
  2.956346     -4.912493    
  2.956433     -4.912779    
  2.956797     -4.913971    
  2.956884     -4.914278    
  2.956929     -4.914435    
  2.957016     -4.914722    
  2.958622     -4.920898    
  2.958708     -4.920743    
  2.958913     -4.921133    
  2.959000     -4.921308    
  2.959196     -4.921802    
  2.959283     -4.922073    
  2.959385     -4.922418    
  2.959471     -4.922750    
  2.959520     -4.922949    
  2.959575     -4.923192    
  2.959642     -4.923564    
  2.959686     -4.864864    
  2.960694     -5.389865    
  2.960781     -5.487728    
  2.961021     -5.527566    
  2.961108     -5.532996    
  2.961209     -5.677718    
  2.963780     -4.742671    
  2.963867     -4.840316    
  2.966863     -4.956863    
  2.969838     -4.944255    
  2.972793     -4.967486    
  2.975728     -4.972765    
  2.975815     -4.947069    
  2.976171     -4.964722    
  2.976258     -5.031420    
  2.979351     -4.731530    
  2.982423     -4.892743    
  2.982509     -4.901010    
  2.982872     -4.924264    
  2.982959     -4.944030    
  2.985659     -4.982219    
  2.988343     -5.016212    
  2.991011     -5.168380    
  2.993662     -4.984548    
  2.996297     -5.020262    
  2.998916     -5.051485    
  3.001519     -5.022481    
  3.004107     -5.008519    
  3.004194     -5.064489    
  3.007954     -5.041898    
  3.008041     -5.053623    
  3.011581     -5.008682    
  3.015092    -100.00000    
  3.018574     -4.849964    
  3.022029     -5.087869    
  3.022116     -5.073664    
  3.025489     -5.116343    
  3.025575     -5.095191    
  3.029166     -5.125673    
  3.032728     -5.151107    
  3.036260     -5.161106    
  3.039764     -5.088849    
  3.043240     -5.168165    
  3.046688     -5.119266    
  3.050109     -5.146857    
  3.053504     -5.205739    
  3.053591     -5.251714    
  3.056570     -5.107024    
  3.059529     -5.279838    
  3.059616     -5.218962    
  3.061712     -5.223010    
  3.061799     -5.229001    
  3.061872     -5.230213    
  3.061959     -5.226427    
  3.062919     -5.272189    
  3.063006     -5.266237    
  3.065043     -5.251773    
  3.065130     -5.255893    
  3.067491     -5.260510    
  3.067578     -5.242300    
  3.069763     -5.241998    
  3.071937     -5.033084    
  3.072024     -5.146450    
  3.074321     -5.287733    
  3.074408     -5.269587    
  3.077730     -5.304405    
  3.081028     -5.232305    
  3.081115     -5.215526    
  3.083823     -5.328709    
  3.086515     -5.242357    
  3.089190     -5.179718    
  3.091849     -5.349343    
  3.091936     -5.352050    
  3.093217     -5.263536    
  3.093303     -5.262479    
  3.096155     -5.365782    
  3.096242     -5.356384    
  3.099969     -5.378361    
  3.100056     -5.382512    
  3.102484     -5.387632    
  3.102571     -5.386065    
  3.104805     -5.394199    
  3.104892     -5.394750    
  3.105931     -5.398227    
  3.106018     -5.399492    
  3.106079     -5.400118    
  3.106166     -5.401225    
  3.106856     -5.403958    
  3.106943     -5.404690    
  3.109794     -5.414720    
  3.109881     -5.415816    
  3.110486     -5.411291    
  3.110573     -5.411806    
  3.112005     -5.352425    
  3.112092     -5.359970    
  3.112365     -5.374866    
  3.112452     -5.395816    
  3.114687     -5.445574    
  3.114774     -5.437560    
  3.114901     -5.435181    
  3.114988     -5.428971    
  3.117740     -5.444095    
  3.117827     -5.442609    
  3.118223     -5.443569    
  3.118310     -5.439735    
  3.122171     -5.461301    
  3.125997     -5.475747    
  3.126084     -5.471308    
  3.127687     -5.470393    
  3.127774     -5.469449    
  3.131268     -5.491260    
  3.131355     -5.485790    
  3.133775     -5.482924    
  3.136182     -5.468562    
  3.136269     -5.569019    
  3.138689     -5.848867    
  3.141096     -5.207162    
  3.143489     -5.448967    
  3.145869     -5.525967    
  3.145956     -5.520068    
  3.146758     -5.532611    
  3.146845     -5.534441    
  3.149072     -5.554439    
  3.151287     -5.559603    
  3.151374     -5.568274    
  3.153068     -5.560757    
  3.153155     -5.563776    
  3.153248     -5.564374    
  3.153335     -5.564924    
  3.153381     -5.565209    
  3.153425     -5.565486    
  3.153479     -5.570401    
  3.156074     -5.575090    
  3.156161     -5.575050    
  3.160418     -5.587660    
  3.164633     -5.606931    
  3.164720     -5.607608    
  3.167983     -5.620544    
  3.168070     -5.621465    
  3.170695     -5.634315    
  3.173303     -5.642253    
  3.173390     -5.636856    
  3.174167     -5.640769    
  3.174254     -5.642873    
  3.176868     -5.652097    
  3.179466     -5.661181    
  3.179553     -5.659271    
  3.182832     -5.674988    
  3.186087     -5.685247    
  3.186174     -5.684964    
  3.188338     -5.695036    
  3.188425     -5.865904    
  3.191899     -6.126271    
  3.191986     -5.467894    
  3.192224     -5.362279    
  3.192311     -5.195733    
  3.194885     -5.114647    
  3.194972     -5.259941    
  3.196916     -5.507571    
  3.197003     -5.508939    
  3.199617     -5.652114    
  3.202215     -5.736453    
  3.204798     -5.716239    
  3.207365     -5.749278    
  3.207452     -5.755495    
  3.209491     -5.769908    
  3.209578     -5.771375    
  3.213892     -5.898203    
  3.218164     -5.309297    
  3.218251     -5.320605    
  3.221052     -5.680444    
  3.223835     -5.797753    
  3.226600     -5.827079    
  3.229347     -5.810628    
  3.229434     -5.809169    
  3.231857     -5.844508    
  3.234265     -5.849274    
  3.234352     -5.849652    
  3.236049     -5.858962    
  3.236136     -5.859823    
  3.236180     -5.860019    
  3.236267     -5.859459    
  3.238739     -5.865221    
  3.241164     -5.872694    
  3.243575     -5.891565    
  3.245973     -5.901267    
  3.246060     -5.902659    
  3.246189     -5.903841    
  3.247464     -5.907642    
  3.247551     -5.907354    
  3.248152     -5.912233    
  3.248239     -5.914651    
  3.249187     -5.910654    
  3.249274     -5.911223    
  3.251523     -5.921457    
  3.251610     -5.923225    
  3.255359     -5.935995    
  3.259075     -5.938479    
  3.262760     -5.962539    
  3.266414     -5.977134    
  3.266501     -5.978416    
  3.269936     -5.979441    
  3.273344     -5.985942    
  3.276725     -6.012177    
  3.280080     -6.024231    
  3.283409     -6.028399    
  3.286714     -6.048413    
  3.289993     -6.059128    
  3.293247     -6.075696    
  3.293334     -6.075322    
  3.296691     -6.085358    
  3.300022     -6.087550    
  3.303327     -6.107244    
  3.306608     -6.121369    
  3.306694     -6.119185    
  3.310624     -6.130189    
  3.310710     -6.132468    
  3.310941     -6.132425    
  3.311027     -6.132209    
  3.311634     -6.135923    
  3.311721     -6.136935    
  3.311773     -6.137389    
  3.311825     -6.137843    
  3.311868     -6.195853    
  3.315460     -5.961273    
  3.318980     -6.135681    
  3.322472     -6.176641    
  3.325936     -6.143497    
  3.329372     -6.196065    
  3.332782     -6.198947    
  3.336165     -6.229121    
  3.339521     -6.238735    
  3.342852     -6.245122    
  3.346158     -6.263200    
  3.349439     -6.254993    
  3.352695     -6.261324    
  3.355927     -6.314515    
  3.359135     -6.275879    
  3.362319     -6.301464    
  3.365480     -6.340244    
  3.365567     -6.357628    
  3.367462     -6.309963    
  3.367549     -6.344219    
  3.371229     -6.290689    
  3.374878     -6.351901    
  3.378497     -6.381097    
  3.382086     -6.399255    
  3.382173     -6.415961    
  3.385882     -6.269139    
  3.385969     -6.358490    
  3.388254     -6.386655    
  3.390528     -6.428631    
  3.392789     -6.433930    
  3.395039     -6.442305    
  3.395126     -6.443167    
  3.398000     -6.454931    
  3.400855     -6.459209    
  3.400942     -6.466110    
  3.403656     -6.456800    
  3.403743     -6.410859    
  3.406570     -6.118387    
  3.409379     -6.467989    
  3.412170     -6.497469    
  3.414942     -6.505081    
  3.415029     -6.494658    
  3.419186     -6.495835    
  3.423303     -6.549414    
  3.427382     -6.562048    
  3.431422     -6.575560    
  3.431509     -6.596128    
  3.434904     -6.514290    
  3.438273     -6.587391    
  3.441616     -6.538403    
  3.444934     -6.621332    
  3.445021     -6.721609    
  3.447515     -6.286924    
  3.449995     -6.506697    
  3.452462     -6.628407    
  3.454914     -6.623513    
  3.455001     -6.652328    
  3.458181     -6.660895    
  3.461337     -6.681674    
  3.464472     -6.679159    
  3.467583     -6.457575    
  3.467670     -6.537117    
  3.469453     -6.673204    
  3.469540     -6.670831    
  3.471179     -6.711575    
  3.471266     -6.715865    
  3.474100     -6.729938    
  3.474187     -6.732313    
  3.477329     -6.745160    
  3.480449     -6.754222    
  3.483547     -6.767413    
  3.486623     -6.778313    
  3.486710     -6.757265    
  3.490510     -6.759449    
  3.494277     -6.810634    
  3.494364     -6.807665    
  3.496959     -6.837109    
  3.499539     -6.732668    
  3.502104     -6.807655    
  3.504653     -6.855995    
  3.507188     -6.710881    
  3.509708     -6.692200    
  3.512213     -6.853949    
  3.514705     -6.869047    
  3.517181     -6.883468    
  3.519644     -6.898240    
  3.522093     -6.912696    
  3.524529     -6.920112    
  3.526950     -6.930895    
  3.529358     -6.938117    
  3.531753     -6.941064    
  3.534135     -6.936695    
  3.534222     -6.987181    
  3.536956     -6.810644    
  3.539673     -6.973899    
  3.542373     -6.987454    
  3.545057     -6.994845    
  3.547724     -7.006873    
  3.550374     -7.016201    
  3.553009     -7.027288    
  3.555627     -7.034569    
  3.555714     -7.033884    
  3.558846     -7.047997    
  3.558933     -7.049288    
  3.559291     -7.051103    
  3.559378     -7.051720    
  3.560973     -7.057037    
  3.561019     -7.056899    
  3.561106     -7.057074    
  3.561702     -7.059165    
  3.561789     -7.059587    
  3.562293     -7.061563    
  3.562360     -7.061817    
  3.562447     -7.063106    
  3.565681     -7.067409    
  3.565768     -7.072206    
  3.568672     -6.967821    
  3.571556     -7.078928    
  3.574422     -7.095845    
  3.577268     -7.117862    
  3.580096     -7.122680    
  3.582906     -7.205706    
  3.585698     -6.825046    
  3.588471     -7.172156    
  3.591228     -7.152228    
  3.593966     -7.170434    
  3.596688     -7.164743    
  3.599393     -7.187916    
  3.602081     -7.206426    
  3.604752     -7.214967    
  3.607407     -7.238705    
  3.610046     -7.222418    
  3.610133     -7.231480    
  3.612945     -7.240147    
  3.615738     -7.278558    
  3.618514     -7.184683    
  3.621272     -7.246145    
  3.624013     -7.290065    
  3.626737     -7.291449    
  3.629443     -7.267250    
  3.630428     -7.302973    
  3.632133     -7.314425    
  3.632220     -7.316339    
  3.634575     -7.328434    
  3.636918     -7.337585    
  3.639248     -7.356719    
  3.641565     -7.335768    
  3.643871     -7.353370    
  3.646164     -7.369786    
  3.648445     -7.379250    
  3.650714     -7.390632    
  3.650801     -7.298643    
  3.654938     -7.335270    
  3.655025     -7.316114    
  3.659341     -7.437608    
  3.663615     -7.394003    
  3.663702     -7.401353    
  3.666928     -7.453751    
  3.670130     -7.252253    
  3.673309     -6.779331    
  3.676464     -6.845702    
  3.679597     -7.435300    
  3.682707     -7.471059    
  3.685795     -7.509382    
  3.688862     -7.530949    
  3.688948     -7.553250    
  3.691459     -7.467392    
  3.691546     -7.481378    
  3.694107     -7.535752    
  3.696652     -7.559304    
  3.696739     -7.559031    
  3.700634     -7.574859    
  3.704495     -7.588773    
  3.708321     -7.605693    
  3.712114     -7.622504    
  3.712650     -7.597313    
  3.715873     -7.623597    
  3.719601     -7.642248    
  3.723297     -7.637047    
  3.726962     -7.601494    
  3.730596     -7.684899    
  3.734200     -7.693076    
  3.737774     -7.613414    
  3.741319     -7.632198    
  3.744836     -7.737601    
  3.748324     -7.687359    
  3.751784     -7.614887    
  3.755217     -7.790776    
  3.755304     -7.766303    
  3.755522     -7.768594    
  3.755609     -7.769742    
  3.756737     -7.778618    
  3.756824     -7.778715    
  3.760554     -7.793110    
  3.764252     -7.340917    
  3.767919     -7.253346    
  3.771555     -7.653188    
  3.775161     -7.839653    
  3.778151     -7.858934    
  3.778737     -7.860945    
  3.782284     -7.875441    
  3.785802     -7.886215    
  3.789292     -7.901756    
  3.792754     -7.907533    
  3.796189     -7.904066    
  3.799596     -7.935867    
  3.802978     -7.950620    
  3.806333     -7.961044    
  3.809662     -7.976304    
  3.812966     -7.984315    
  3.813053     -7.988740    
  3.815257     -7.960590    
  3.817449     -7.979821    
  3.817536     -7.959658    
  3.821296     -7.839155    
  3.821383     -7.887994    
  3.821564     -7.899831    
  3.821651     -7.932251    
  3.825332     -8.029501    
  3.828982     -8.036590    
  3.832602     -8.061546    
  3.836192     -8.080312    
  3.836279     -8.075530    
  3.838150     -8.078382    
  3.838237     -8.076672    
  3.840853     -8.090617    
  3.843453     -8.081429    
  3.846037     -8.115176    
  3.848607     -8.072206    
  3.848694     -7.921323    
  3.853036     -8.020787    
  3.857335     -8.148685    
  3.861592     -8.148184    
  3.865808     -8.180378    
  3.865895     -8.181115    
  3.868545     -8.193231    
  3.871179     -8.206038    
  3.871266     -8.211087    
  3.874225     -8.205099    
  3.877163     -8.222782    
  3.880081     -8.230985    
  3.882980     -8.232014    
  3.885860     -8.219718    
  3.888721     -7.664140    
  3.891563     -8.030225    
  3.894387     -8.269781    
  3.894474     -8.240505    
  3.896842     -8.267720    
  3.899197     -8.269949    
  3.901540     -8.306612    
  3.903870     -8.321294    
  3.906188     -8.314417    
  3.908494     -8.336184    
  3.910787     -8.347634    
  3.913068     -8.352387    
  3.913155     -8.352972    
  3.913273     -8.353374    
  3.913769     -8.354547    
  3.913856     -8.354673    
  3.913972     -8.354316    
  3.915648     -8.362348    
  3.915735     -8.362936    
  3.916915     -8.343024    
  3.917002     -8.368980    
  3.920011     -8.301000    
  3.923000     -8.384820    
  3.925968     -8.401965    
  3.928916     -8.414562    
  3.931844     -8.425551    
  3.934752     -8.435482    
  3.937641     -8.443259    
  3.940511     -8.451272    
  3.943362     -8.456515    
  3.946195     -8.473917    
  3.949009     -8.444219    
  3.951805     -8.468011    
  3.954584     -8.487154    
  3.957344     -8.511014    
  3.960087     -8.522062    
  3.962813     -8.531055    
  3.962900     -8.526387    
  3.965521     -8.540726    
  3.968126     -8.545719    
  3.970716     -8.551890    
  3.973291     -8.474988    
  3.975850     -8.511316    
  3.978394     -8.586626    
  3.980924     -8.596343    
  3.983439     -8.596879    
  3.983526     -8.598908    
  3.986607     -8.616858    
  3.989666     -8.626256    
  3.992704     -8.623408    
  3.995722     -8.647031    
  3.998718     -8.659739    
  4.001693     -8.677727    
  4.004649     -8.759855    
  4.007584     -8.109257    
  4.007671     -8.094731    
  4.010289     -8.301194    
  4.012892     -8.604078    
  4.015479     -8.679801    
  4.018051     -8.711681    
  4.020607     -8.722078    
  4.023149     -8.733479    
  4.025675     -8.657968    
  4.028187     -8.749712    
  4.030685     -8.770067    
  4.033169     -8.785701    
  4.035638     -8.717724    
  4.038093     -8.806630    
  4.040535     -8.789291    
  4.042963     -8.781575    
  4.045377     -8.817201    
  4.047778     -8.835197    
  4.047865     -8.835353    
  4.050191     -8.844079    
  4.050278     -8.842968    
  4.052927     -8.858057    
  4.055559     -8.863526    
  4.058176     -8.873569    
  4.060777     -8.878586    
  4.063363     -8.890373    
  4.065933     -8.907383    
  4.068489     -8.709953    
  4.071029     -8.798006    
  4.073555     -8.979108    
  4.076066     -8.542758    
  4.078562     -8.452229    
  4.081044     -8.837069    
  4.083513     -8.926690    
  4.085967     -8.956453    
  4.088407     -8.970146    
  4.090834     -8.982010    
  4.090921     -8.983826    
  4.093448     -8.993968    
  4.095961     -8.998850    
  4.098459     -9.008026    
  4.100943     -9.020930    
  4.103413     -9.006511    
  4.105869     -9.043178    
  4.108311     -9.016652    
  4.110740     -8.984355    
  4.113155     -9.029670    
  4.115556     -9.059014    
  4.117944     -9.075966    
  4.120320     -9.091073    
  4.122682     -9.090017    
  4.125032     -9.099905    
  4.127369     -9.107965    
  4.129693     -9.106623    
  4.129780     -9.110643    
  4.133136     -9.124409    
  4.136466     -9.143027    
  4.139770     -9.146342    
  4.143050     -9.172755    
  4.146305     -8.976706    
  4.149536     -9.116322    
  4.152743     -9.197038    
  4.155926     -9.203024    
  4.156013     -9.490277    
  4.158880     -8.784168    
  4.161727     -9.802285    
  4.161814     -9.099609    
  4.163762     -9.212389    
  4.163849     -9.228667    
  4.166924     -9.179879    
  4.167011     -9.215082    
  4.169326     -9.245033    
  4.171629     -9.155953    
  4.173920     -9.183942    
  4.176198     -9.238261    
  4.178465     -9.282257    
  4.180720     -9.302011    
  4.182963     -9.303673    
  4.185195     -9.314845    
  4.187415     -9.325271    
  4.189624     -9.331971    
  4.191822     -9.325254    
  4.194009     -9.345133    
  4.198350     -9.335438    
  4.202647     -9.337522    
  4.202734     -9.354251    
  4.204957     -9.375969    
  4.207168     -9.391237    
  4.209369     -9.397174    
  4.211558     -9.400707    
  4.213736     -9.406045    
  4.215903     -9.414602    
  4.220205     -9.425565    
  4.224465     -9.449278    
  4.228684     -9.459139    
  4.232862     -9.405241    
  4.237000     -9.493558    
  4.237088     -9.195680    
  4.240818     -9.133203    
  4.244516     -9.212708    
  4.248183     -9.469671    
  4.251819     -9.524446    
  4.255425     -9.550604    
  4.259002     -9.495578    
  4.262549     -9.541762    
  4.266067     -9.591935    
  4.266154     -9.589294    
  4.270079     -9.607827    
  4.270166     -9.692047    
  4.274271     -9.167839    
  4.278338     -9.421881    
  4.282367     -9.638281    
  4.286359     -9.611004    
  4.290314     -9.663371    
  4.294234     -9.670148    
  4.298119     -9.686174    
  4.301969     -9.715254    
  4.302056     -9.711156    
  4.306016     -9.728603    
  4.309939     -9.728266    
  4.313828     -9.703629    
  4.317682     -9.876687    
  4.321502     -9.842097    
  4.325289     -9.783088    
  4.329043     -9.779251    
  4.332765     -9.809625    
  4.332852     -9.810606    
  4.335453     -9.832828    
  4.338038     -9.776770    
  4.340608     -9.748335    
  4.343162     -9.731937    
  4.345702     -9.747145    
  4.348227     -9.841714    
  4.350737     -9.863389    
  4.353233     -9.884748    
  4.353320     -9.880796    
  4.356074     -9.885961    
  4.356161     -9.890612    
  4.357582     -9.885257    
  4.357669     -9.885703    
  4.360115     -9.903147    
  4.362547     -9.906657    
  4.362634     -9.907498    
  4.365286     -9.906500    
  4.367922     -9.921084    
  4.370542     -9.945010    
  4.373146     -9.878117    
  4.375735     -9.894030    
  4.378308     -9.946348    
  4.380867     -9.962691    
  4.383410     -9.953705    
  4.385938     -9.768884    
  4.388452     -9.488296    
  4.390952     -9.545162    
  4.393437     -10.02725    
  4.395908     -9.964633    
  4.398365     -9.989853    
  4.400808     -10.02786    
  4.403238     -10.04279    
  4.405653     -10.05432    
  4.408056     -10.06439    
  4.410445     -10.04888    
  4.412822     -10.05595    
  4.415185     -10.07373    
  4.417536     -10.08024    
  4.419874     -10.07119    
  4.422199     -10.01325    
  4.424512     -10.03941    
  4.426813     -10.10906    
  4.429102     -10.12298    
  4.431378     -10.13396    
  4.433643     -10.11234    
  4.435896     -10.13370    
  4.438138     -10.13396    
  4.440368     -10.16042    
  4.440455     -10.15933    
  4.442913     -10.16905    
  4.445357     -10.18010    
  4.447787     -10.18926    
  4.450204     -10.28224    
  4.452608     -9.979782    
  4.454999     -9.992212    
  4.457376     -10.05233    
  4.459740     -10.33252    
  4.462092     -10.12514    
  4.464431     -10.19315    
  4.466757     -10.23935    
  4.469071     -10.25623    
  4.471373     -10.25520    
  4.473663     -10.26882    
  4.475940     -10.27986    
  4.478206     -10.15770    
  4.512937     -10.28709    
  4.513024     -10.39773    
  4.514610     -10.40486    
  4.514697     -10.39888    
  4.515945     -10.35072    
  4.516032     -10.31163    
  4.585469     -10.65435    
  4.585556     -10.60971    
  4.648489     -10.71951    
  4.648576     -10.80983    
  4.649548     -10.81439    
  4.649635     -10.81443    
  4.649838     -10.81518    
  4.649925     -10.76391    
  4.709765     -10.93834    
  4.709852     -10.99276    
  4.765753     -11.05583    
  4.765822     -11.17183    
  4.765909     -11.14660    
  4.818480     -11.33137    
  4.818567     -11.27041    
  4.868094     -11.35214    
  4.868152     -11.46486    
  4.868214     -11.39209    
  4.915089     -11.63157    
  4.915176     -11.61328    
  4.959449     -11.73340    
  4.959536     -11.73718    
  4.959642     -11.73385    
  4.959729     -11.70581    
  5.002021     -11.72621    
  5.002108     -11.86315    
  5.041986     -11.98343    
  5.042072     -11.97995    
  5.042428     -11.98136    
  5.042515     -11.95716    
  5.081038     -12.07687    
  5.081125     -12.06277    
  5.117569     -12.18609    
  5.117655     -12.21341    
  5.118005     -12.20870    
  5.118092     -12.00780    
  5.153462     -12.40244    
  5.153549     -12.28970    
  5.187204     -12.40397    
  5.187290     -12.38534    
  5.187529     -12.38608    
  5.187616     -12.38352    
  5.251180     -12.49472    
  5.251266     -12.57780    
  5.251931     -12.58157    
  5.252018     -12.56626    
  5.311750     -12.71052    
  5.311837     -12.74404    
  5.311944     -12.71686    
  5.712950     -13.82986    
  5.917833     -14.39240    
  6.161415     -15.05382    
  6.430595     -15.78801    
  6.714779     -16.55740    
  7.007134     -17.35471    
  7.303761     -18.17203    
  7.602573     -19.01009    
  7.902489     -19.87698    
  8.202961     -20.79783    
  8.503712     -21.84276    
  8.804602     -23.25802    
  9.105563    -100.00000    
  9.406558    -100.00000    
  9.707570    -100.00000    
