 0.6989700    -100.00000    
 0.7243402     -192.6541    
 0.7483098    -100.00000    
 0.7710253     -190.5395    
 0.7926116    -100.00000    
 0.8328096     -192.5623    
 0.8696002     -192.1993    
 0.9035159     -194.3889    
 0.9349739     -195.3912    
 0.9643063    -100.00000    
 0.9917824     -177.2525    
 0.9918693    -100.00000    
  1.017734    -100.00000    
  1.042145     -169.7048    
  1.042232    -100.00000    
  1.060679     -166.2053    
  1.060766    -100.00000    
  1.080039     -163.0257    
  1.080126    -100.00000    
  1.098980     -159.8910    
  1.099067    -100.00000    
  1.116489     -156.9992    
  1.116576    -100.00000    
  1.132827     -153.6221    
  1.132914    -100.00000    
  1.147337     -151.9644    
  1.147424    -100.00000    
  1.177890    -100.00000    
  1.206358    -100.00000    
  1.233074    -100.00000    
  1.258242     -133.6191    
  1.258328    -100.00000    
  1.281053     -130.7184    
  1.281140    -100.00000    
  1.305129     -128.8556    
  1.305216    -100.00000    
  1.326885     -129.3043    
  1.326972     -124.8207    
  1.346664     -124.4233    
  1.346750    -100.00000    
  1.372011     -122.5327    
  1.372098    -100.00000    
  1.395435     -120.3442    
  1.395522    -100.00000    
  1.407231     -118.9178    
  1.407318    -100.00000    
  1.434239     -116.4517    
  1.434325     -116.4857    
  1.437957     -116.3466    
  1.438044     -116.7598    
  1.438732     -116.1962    
  1.438819     -109.6357    
  1.466567     -109.4141    
  1.466654     -115.0856    
  1.485460     -112.7656    
  1.485547     -112.8446    
  1.499937     -112.1295    
  1.500023     -112.6443    
  1.502811    -100.00000    
  1.502898    -100.00000    
  1.515152     -17.49251    
  1.515239    -100.00000    
  1.521830     -17.32766    
  1.521916     -17.96277    
  1.538911    -100.00000    
  1.538998     -165.1003    
  1.541754     -165.8858    
  1.541841     -16.61856    
  1.544410    -100.00000    
  1.544497    -100.00000    
  1.546755     -22.19576    
  1.546842     -55.40187    
  1.568094    -100.00000    
  1.568181     -162.2151    
  1.576102     -110.7170    
  1.576189     -106.9982    
  1.577032    -100.00000    
  1.577119     -109.1048    
  1.586189     -108.8976    
  1.586276     -108.9007    
  1.587530     -108.8176    
  1.587617     -108.7462    
  1.602078     -109.2024    
  1.602165    -100.00000    
  1.604747     -15.04140    
  1.604834     -13.89153    
  1.633100    -100.00000    
  1.633187     -60.69523    
  1.643761    -100.00000    
  1.643848     -87.19141    
  1.646889    -100.00000    
  1.646976     -96.07725    
  1.653070    -100.00000    
  1.653157     -106.3290    
  1.667964     -106.1528    
  1.668051     -106.2222    
  1.673067     -106.1792    
  1.673154     -106.4433    
  1.673452     -106.4394    
  1.673539     -106.1762    
  1.683736     -106.1905    
  1.683823     -106.1614    
  1.689301     -106.2780    
  1.689388     -106.1486    
  1.690173     -106.3281    
  1.690260     -106.2248    
  1.691919     -106.8587    
  1.692006     -106.4274    
  1.709636     -106.9114    
  1.709723     -106.8592    
  1.714748     -106.8953    
  1.714835     -107.0917    
  1.714933     -106.9893    
  1.717233     -106.8870    
  1.717320     -107.1911    
  1.717576     -107.2453    
  1.717663     -107.0115    
  1.718527     -106.9930    
  1.718614     -106.9718    
  1.721805     -106.9247    
  1.721892     -106.9742    
  1.725295     -106.9867    
  1.725382     -107.1004    
  1.730438     -107.1788    
  1.730525     -107.2263    
  1.731758     -107.2018    
  1.731845     -107.3930    
  1.732294     -107.1232    
  1.732381     -107.2198    
  1.735217     -107.2125    
  1.735304     -107.2152    
  1.744878     -107.2856    
  1.744965     -107.3113    
  1.746841     -107.2860    
  1.746929     -107.2560    
  1.747807     -107.3613    
  1.747894     -107.3024    
  1.753972     -107.3458    
  1.754058     -107.3504    
  1.756978     -107.3641    
  1.757065     -107.3803    
  1.762907     -107.3858    
  1.762994     -107.4806    
  1.763503     -107.4944    
  1.763590     -107.4509    
  1.765957     -107.3725    
  1.766044     -107.4187    
  1.768505     -107.4202    
  1.768592     -107.3680    
  1.776113     -107.7371    
  1.776200     -107.6792    
  1.776785     -107.3892    
  1.776872     -107.5413    
  1.781285     -108.2482    
  1.781372     -107.7129    
  1.781946     -108.0737    
  1.782033     -107.9814    
  1.786409     -108.0597    
  1.786495     -108.0728    
  1.788161     -108.1651    
  1.788248     -108.2840    
  1.789372     -108.1290    
  1.789459     -108.1969    
  1.792246     -108.3633    
  1.792333     -108.6986    
  1.800765    -100.00000    
  1.800851     -110.9981    
  1.806960     -111.5185    
  1.807047     -112.0407    
  1.809708     -110.3704    
  1.809795     -110.2543    
  1.810144     -110.1875    
  1.810231    -100.00000    
  1.814042     -109.0253    
  1.814129    -100.00000    
  1.834747     -103.1448    
  1.834834     -102.6025    
  1.836557     -102.0304    
  1.836644     -102.1805    
  1.838907     -101.3489    
  1.838994     -101.3234    
  1.840414     -100.8755    
  1.840501     -101.0104    
  1.842703     -100.2248    
  1.842790     -100.1944    
  1.844125     -99.78016    
  1.844212    -100.00000    
  1.857265     -96.38616    
  1.857352     -96.12102    
  1.859614     -95.35259    
  1.859700    -100.00000    
  1.868320     -93.14921    
  1.868407     -92.93439    
  1.870233     -92.37847    
  1.870320     -92.33946    
  1.871306     -92.06338    
  1.871393     -92.03416    
  1.872072     -91.84956    
  1.872158     -91.84899    
  1.873424     -91.48973    
  1.873511    -100.00000    
  1.880831     -89.69199    
  1.880918    -100.00000    
  1.887368     -87.91935    
  1.887455    -100.00000    
  1.893213     -86.36036    
  1.893300    -100.00000    
  1.899003     -84.86011    
  1.899090    -100.00000    
  1.905503     -83.22747    
  1.905590     -83.02969    
  1.905821     -82.97184    
  1.905908    -100.00000    
  1.911657     -81.65956    
  1.911744     -81.48763    
  1.912227     -81.36893    
  1.912313     -81.39081    
  1.913955     -80.96005    
  1.914042    -100.00000    
  1.924238     -78.71105    
  1.924325     -78.42415    
  1.925539     -78.12553    
  1.925626     -78.10558    
  1.926709     -77.84248    
  1.926796     -77.81247    
  1.926846     -77.80054    
  1.926932     -77.77903    
  1.927461     -77.65547    
  1.927548     -77.98518    
  1.930771     -76.92513    
  1.930858     -77.02976    
  1.933612     -76.23865    
  1.933699     -76.53112    
  1.936983     -75.46176    
  1.937070     -75.38868    
  1.938051     -75.15758    
  1.938138     -75.28347    
  1.940777     -74.55929    
  1.940864     -74.50913    
  1.941974     -74.24940    
  1.942061    -100.00000    
  1.953088     -71.99395    
  1.953175     -71.80498    
  1.955697     -71.15977    
  1.955784     -72.15528    
  1.959855     -70.27712    
  1.959942     -70.59281    
  1.963545     -69.45038    
  1.963632    -100.00000    
  1.972680     -67.62576    
  1.972767     -67.40894    
  1.974225     -67.08849    
  1.974312     -67.05688    
  1.974387     -67.04067    
  1.974474     -67.14887    
  1.977192     -66.48288    
  1.977279    -100.00000    
  1.992052     -63.70003    
  1.992139     -63.33230    
  1.992538     -63.25269    
  1.992625     -63.25806    
  1.994212     -62.92478    
  1.994299     -62.89283    
  1.994360     -62.88032    
  1.994447     -62.91493    
  1.996552     -62.45937    
  1.996639     -62.43222    
  1.997939     -62.16575    
  1.998026     -62.19364    
  2.000182     -61.72938    
  2.000268     -61.75327    
  2.002574     -61.25428    
  2.002661     -61.26495    
  2.004835     -60.80228    
  2.004922     -60.84057    
  2.007421     -60.29809    
  2.007508     -60.27320    
  2.009100     -59.95163    
  2.009187     -59.92096    
  2.009352     -59.88886    
  2.009439     -59.87166    
  2.009543    -100.00000    
  2.017372     -58.49560    
  2.017459     -58.38121    
  2.019860     -57.88343    
  2.019947    -100.00000    
  2.026471     -56.73108    
  2.026558     -56.54875    
  2.028108     -56.31716    
  2.028195     -56.39036    
  2.031137     -55.76966    
  2.031224     -55.99493    
  2.035128     -55.05252    
  2.035214     -55.02057    
  2.036585     -54.70128    
  2.036672    -100.00000    
  2.053379     -52.04050    
  2.053466    -100.00000    
  2.061043     -50.51359    
  2.061130    -100.00000    
  2.067104     -49.43782    
  2.067191     -49.33442    
  2.068339     -49.13988    
  2.068426    -100.00000    
  2.074002     -48.26625    
  2.074089     -48.20530    
  2.076209     -47.77569    
  2.076296     -47.75503    
  2.076824     -47.72476    
  2.076911     -47.69544    
  2.077291     -47.63625    
  2.077378     -47.86914    
  2.081631     -46.97333    
  2.081718    -100.00000    
  2.090954     -45.56339    
  2.091041     -45.71849    
  2.095729     -44.70961    
  2.095816     -44.64617    
  2.097304     -44.40918    
  2.097391     -44.43305    
  2.100294     -43.93613    
  2.100380     -43.91659    
  2.100528     -43.89412    
  2.100615     -43.88188    
  2.101519     -43.74270    
  2.101605     -43.79213    
  2.104539     -43.29387    
  2.104626     -43.25295    
  2.105570     -43.11396    
  2.105657     -43.09504    
  2.106101     -43.03054    
  2.106187     -43.01838    
  2.107298     -42.84778    
  2.107385     -42.83054    
  2.107538     -42.80565    
  2.107625     -42.77207    
  2.110312     -42.41307    
  2.110399     -42.33711    
  2.111508     -42.19671    
  2.111595     -42.18426    
  2.111941     -42.13232    
  2.112028    -100.00000    
  2.118960     -41.17093    
  2.119047     -41.30998    
  2.124229     -40.35663    
  2.124316     -40.27674    
  2.124942     -40.18455    
  2.125029     -40.17306    
  2.125725     -40.08255    
  2.125812     -40.06963    
  2.126973     -39.90084    
  2.127060     -39.88231    
  2.127658     -39.79329    
  2.127745     -39.78877    
  2.129084     -39.59385    
  2.129171     -39.58740    
  2.130872     -39.33723    
  2.130959     -39.31773    
  2.131986     -39.17152    
  2.132073    -100.00000    
  2.137486    -100.00000    
  2.137573     -38.36457    
  2.137863     -38.32626    
  2.137949     -38.39591    
  2.141450     -37.84780    
  2.141537     -37.80419    
  2.141651     -37.78834    
  2.141738     -37.87299    
  2.145467     -37.28752    
  2.145554     -21.65108    
  2.150293    -100.00000    
  2.150380     -36.57160    
  2.150508    -100.00000    
  2.154246    -100.00000    
  2.154333     -36.05377    
  2.156640     -35.73011    
  2.156727     -35.70398    
  2.156827     -35.70916    
  2.158942     -35.41663    
  2.159028    -100.00000    
  2.168055     -21.56799    
  2.168141     -34.24205    
  2.171576     -33.75462    
  2.171663    -100.00000    
  2.177080    -100.00000    
  2.177167    -100.00000    
  2.177604     -21.13220    
  2.177690    -100.00000    
  2.181731     -20.05792    
  2.181818    -100.00000    
  2.184881     -20.16292    
  2.184967    -100.00000    
  2.188445    -100.00000    
  2.188532    -100.00000    
  2.189637     -20.61477    
  2.189724     -31.42485    
  2.191670     -31.18017    
  2.191757    -100.00000    
  2.202361    -100.00000    
  2.202448    -100.00000    
  2.209411     -20.21723    
  2.209498     -29.00696    
  2.209936     -28.96094    
  2.210023     -28.99129    
  2.213352     -28.57717    
  2.213439     -28.61462    
  2.217445     -28.10658    
  2.217532     -28.58580    
  2.217837    -100.00000    
  2.217924     -27.36635    
  2.218030    -100.00000    
  2.218315     -21.43412    
  2.218402     -19.61197    
  2.218688    -100.00000    
  2.218775    -100.00000    
  2.221924     -20.55542    
  2.222011    -100.00000    
  2.231931     -20.85486    
  2.232018    -100.00000    
  2.234632    -100.00000    
  2.234695    -100.00000    
  2.234781     -20.92849    
  2.239617    -100.00000    
  2.239704    -100.00000    
  2.242429     -19.78433    
  2.242516    -100.00000    
  2.245345    -100.00000    
  2.245432    -100.00000    
  2.250721     -19.87990    
  2.250808    -100.00000    
  2.252069    -100.00000    
  2.252156    -100.00000    
  2.255687     -21.43309    
  2.259191    -100.00000    
  2.259278    -100.00000    
  2.260545     -20.71276    
  2.260632    -100.00000    
  2.263836    -100.00000    
  2.267016     -21.20936    
  2.267103    -100.00000    
  2.270490     -20.10222    
  2.270577    -100.00000    
  2.271628     -20.98606    
  2.271715    -100.00000    
  2.271807    -100.00000    
  2.271894     -22.14526    
  2.273319    -100.00000    
  2.273406    -100.00000    
  2.275710     -21.82014    
  2.275797    -100.00000    
  2.278310     -21.59800    
  2.280809     -21.35764    
  2.280896     -21.26899    
  2.281369     -21.23295    
  2.281456     -21.22772    
  2.282921     -21.06050    
  2.283008     -21.04907    
  2.283804     -21.07824    
  2.283891     -19.59687    
  2.284781    -100.00000    
  2.284868    -100.00000    
  2.285091     -20.32920    
  2.285178    -100.00000    
  2.285231    -100.00000    
  2.285318    -100.00000    
  2.286288    -100.00000    
  2.286375    -100.00000    
  2.287075    -100.00000    
  2.287162    -100.00000    
  2.289257    -100.00000    
  2.291343     -21.45567    
  2.291430    -100.00000    
  2.293524    -100.00000    
  2.295609    -100.00000    
  2.295696     -21.61826    
  2.297128    -100.00000    
  2.297214    -100.00000    
  2.297982    -100.00000    
  2.298069     -20.99385    
  2.299703    -100.00000    
  2.301330     -21.68684    
  2.301417     -21.12799    
  2.302809    -100.00000    
  2.304196    -100.00000    
  2.305579    -100.00000    
  2.306958    -100.00000    
  2.307045    -100.00000    
  2.308274    -100.00000    
  2.308361    -100.00000    
  2.309467     -20.33930    
  2.310569    -100.00000    
  2.311669    -100.00000    
  2.312767    -100.00000    
  2.312854    -100.00000    
  2.313586    -100.00000    
  2.313673    -100.00000    
  2.314517    -100.00000    
  2.314604    -100.00000    
  2.314729     -20.26740    
  2.314817     -21.20156    
  2.315597    -100.00000    
  2.315684     -19.84379    
  2.316612    -100.00000    
  2.317538     -20.55790    
  2.318463     -21.78383    
  2.319385    -100.00000    
  2.320305     -20.39321    
  2.321224    -100.00000    
  2.322140    -100.00000    
  2.323055    -100.00000    
  2.323141    -100.00000    
  2.324253    -100.00000    
  2.324340    -100.00000    
  2.325648    -100.00000    
  2.325735    -100.00000    
  2.326487     -20.61818    
  2.327238    -100.00000    
  2.327987    -100.00000    
  2.328735    -100.00000    
  2.329482    -100.00000    
  2.330227     -20.94141    
  2.330971    -100.00000    
  2.331714    -100.00000    
  2.331801    -100.00000    
  2.331944    -100.00000    
  2.332031    -100.00000    
  2.333101    -100.00000    
  2.333188    -100.00000    
  2.333638    -100.00000    
  2.333725    -100.00000    
  2.334874    -100.00000    
  2.336020    -100.00000    
  2.337163    -100.00000    
  2.338303    -100.00000    
  2.338390    -100.00000    
  2.339301    -100.00000    
  2.339388    -100.00000    
  2.340254    -100.00000    
  2.341118    -100.00000    
  2.341191    -100.00000    
  2.341278    -100.00000    
  2.341370    -100.00000    
  2.341472    -100.00000    
  2.342517    -100.00000    
  2.342604    -100.00000    
  2.343168    -100.00000    
  2.343730    -100.00000    
  2.344292    -100.00000    
  2.344853    -100.00000    
  2.344940    -100.00000    
  2.345941    -100.00000    
  2.346441    -100.00000    
  2.346940    -100.00000    
  2.347438    -100.00000    
  2.347936    -100.00000    
  2.348434    -100.00000    
  2.348930    -100.00000    
  2.349017    -100.00000    
  2.349687    -100.00000    
  2.350356    -100.00000    
  2.350443    -100.00000    
  2.351314    -100.00000    
  2.352184    -100.00000    
  2.352270    -100.00000    
  2.352846    -100.00000    
  2.353421    -100.00000    
  2.353508    -100.00000    
  2.353983    -100.00000    
  2.354070    -100.00000    
  2.354494    -100.00000    
  2.354917    -100.00000    
  2.355340    -100.00000    
  2.355762    -100.00000    
  2.355849    -100.00000    
  2.356520    -100.00000    
  2.357189    -100.00000    
  2.357276    -100.00000    
  2.357498    -100.00000    
  2.357582    -100.00000    
  2.357669    -100.00000    
  2.362936    -100.00000    
  2.363023    -100.00000    
  2.368963    -100.00000    
  2.369050    -100.00000    
  2.373546     -19.88341    
  2.373633    -100.00000    
  2.374597    -100.00000    
  2.374684    -100.00000    
  2.376702    -100.00000    
  2.376789    -100.00000    
  2.381401    -100.00000    
  2.381488    -100.00000    
  2.381574    -100.00000    
  2.381660    -100.00000    
  2.383081    -100.00000    
  2.383168     -20.69154    
  2.387126    -100.00000    
  2.387213    -100.00000    
  2.387778    -100.00000    
  2.387865     -19.10673    
  2.397727    -100.00000    
  2.397814    -100.00000    
  2.403706    -100.00000    
  2.403793    -100.00000    
  2.409345     -18.64904    
  2.409431    -100.00000    
  2.409967    -100.00000    
  2.410054    -100.00000    
  2.411603    -100.00000    
  2.411690    -100.00000    
  2.412778    -100.00000    
  2.412865    -100.00000    
  2.413098    -100.00000    
  2.413185    -100.00000    
  2.414109     -16.79628    
  2.414195     -16.59215    
  2.415338    -100.00000    
  2.415425     -16.68598    
  2.419545    -100.00000    
  2.419632    -100.00000    
  2.422480    -100.00000    
  2.422566    -100.00000    
  2.424108    -100.00000    
  2.424195     -17.61311    
  2.428391     -17.29904    
  2.428478     -17.62793    
  2.429013    -100.00000    
  2.429100    -100.00000    
  2.429244    -100.00000    
  2.429331    -100.00000    
  2.432147     -18.35719    
  2.432234    -100.00000    
  2.434375    -100.00000    
  2.434462    -100.00000    
  2.434951     -16.69455    
  2.435038     -17.40386    
  2.435182     -18.38742    
  2.435269     -18.71114    
  2.435570    -100.00000    
  2.435657     -17.97402    
  2.437397    -100.00000    
  2.437484     -18.10923    
  2.438099    -100.00000    
  2.438186    -100.00000    
  2.440535    -100.00000    
  2.440622    -100.00000    
  2.441592    -100.00000    
  2.441679    -100.00000    
  2.443115    -100.00000    
  2.443202    -100.00000    
  2.446266    -100.00000    
  2.446353     -17.50707    
  2.447958     -19.12491    
  2.448045    -100.00000    
  2.448133    -100.00000    
  2.448892    -100.00000    
  2.448979    -100.00000    
  2.450924    -100.00000    
  2.451011     -18.70222    
  2.454202    -100.00000    
  2.454289    -100.00000    
  2.456026     -17.27125    
  2.456113    -100.00000    
  2.461170     -17.24793    
  2.461257     -16.91333    
  2.463251    -100.00000    
  2.463338    -100.00000    
  2.464468    -100.00000    
  2.464555    -100.00000    
  2.466286    -100.00000    
  2.466372    -100.00000    
  2.467492    -100.00000    
  2.467579    -100.00000    
  2.467685    -100.00000    
  2.467772    -100.00000    
  2.470538    -100.00000    
  2.470625    -100.00000    
  2.470751     -17.84850    
  2.471828     -17.61312    
  2.471915     -18.06356    
  2.473313     -17.55143    
  2.473400     -17.44615    
  2.476442     -17.29694    
  2.476529    -100.00000    
  2.476628    -100.00000    
  2.476715    -100.00000    
  2.478943    -100.00000    
  2.479030    -100.00000    
  2.480895    -100.00000    
  2.480982    -100.00000    
  2.482813    -100.00000    
  2.482900    -100.00000    
  2.483465     -12.13614    
  2.483551     -16.44457    
  2.483824    -100.00000    
  2.483911    -100.00000    
  2.484268    -100.00000    
  2.484355    -100.00000    
  2.484517    -100.00000    
  2.484589    -100.00000    
  2.484656    -100.00000    
  2.484743    -100.00000    
  2.486424    -100.00000    
  2.486511    -100.00000    
  2.490779    -100.00000    
  2.490866    -100.00000    
  2.490956    -100.00000    
  2.491043    -100.00000    
  2.491443     -17.51607    
  2.491530     -17.67888    
  2.492836    -100.00000    
  2.492923    -100.00000    
  2.493176    -100.00000    
  2.493263    -100.00000    
  2.495735    -100.00000    
  2.495822    -100.00000    
  2.496605    -100.00000    
  2.496692    -100.00000    
  2.497050    -100.00000    
  2.497137    -100.00000    
  2.498024    -100.00000    
  2.498111    -100.00000    
  2.500649    -100.00000    
  2.500736    -100.00000    
  2.503920    -100.00000    
  2.504007    -100.00000    
  2.504069    -100.00000    
  2.504156    -100.00000    
  2.506403    -100.00000    
  2.506490    -100.00000    
  2.506598    -100.00000    
  2.506685    -100.00000    
  2.506857    -100.00000    
  2.506943    -100.00000    
  2.507203    -100.00000    
  2.507290    -100.00000    
  2.511107    -100.00000    
  2.511194    -100.00000    
  2.511697    -100.00000    
  2.511784    -100.00000    
  2.512876    -100.00000    
  2.512963    -100.00000    
  2.513523    -100.00000    
  2.513610    -100.00000    
  2.515498    -100.00000    
  2.515585    -100.00000    
  2.515719    -100.00000    
  2.515805    -100.00000    
  2.515872    -100.00000    
  2.515959    -100.00000    
  2.516021    -100.00000    
  2.516107    -100.00000    
  2.516706    -100.00000    
  2.516793    -100.00000    
  2.517769    -100.00000    
  2.517856    -100.00000    
  2.517941    -100.00000    
  2.518028    -100.00000    
  2.518445    -100.00000    
  2.518532    -100.00000    
  2.518680    -100.00000    
  2.518767    -100.00000    
  2.521283    -100.00000    
  2.523785    -100.00000    
  2.523871    -100.00000    
  2.524535    -100.00000    
  2.524622    -100.00000    
  2.526468    -100.00000    
  2.526555    -100.00000    
  2.527825    -100.00000    
  2.527912    -100.00000    
  2.530010    -100.00000    
  2.530097    -100.00000    
  2.532615    -100.00000    
  2.532701    -100.00000    
  2.535293    -100.00000    
  2.535380    -100.00000    
  2.536082    -100.00000    
  2.536169    -100.00000    
  2.539337    -100.00000    
  2.539424    -100.00000    
  2.543132    -100.00000    
  2.546808    -100.00000    
  2.546895    -100.00000    
  2.547076    -100.00000    
  2.547163    -100.00000    
  2.547329    -100.00000    
  2.547416    -100.00000    
  2.547523    -100.00000    
  2.551049     -16.85992    
  2.551118    -100.00000    
  2.551204    -100.00000    
  2.551316    -100.00000    
  2.551403    -100.00000    
  2.554923    -100.00000    
  2.558382    -100.00000    
  2.558469    -100.00000    
  2.558869    -100.00000    
  2.558956    -100.00000    
  2.561154    -100.00000    
  2.561240    -100.00000    
  2.561557    -100.00000    
  2.561644    -100.00000    
  2.564817    -100.00000    
  2.564904    -100.00000    
  2.567815    -100.00000    
  2.570708    -100.00000    
  2.570794    -100.00000    
  2.571315    -100.00000    
  2.571402    -100.00000    
  2.571490    -100.00000    
  2.571576    -100.00000    
  2.572470    -100.00000    
  2.572557    -100.00000    
  2.576787    -100.00000    
  2.580976    -100.00000    
  2.581063    -100.00000    
  2.582880    -100.00000    
  2.582967    -100.00000    
  2.583821    -100.00000    
  2.583908    -100.00000    
  2.584933    -100.00000    
  2.585020    -100.00000    
  2.586210    -100.00000    
  2.586262    -100.00000    
  2.586349    -100.00000    
  2.588885    -100.00000    
  2.588972    -100.00000    
  2.590598    -100.00000    
  2.590685     -13.84242    
  2.593482     -13.56891    
  2.596260     -13.45285    
  2.596347     -13.44622    
  2.597094     -13.41150    
  2.597181     -13.40775    
  2.597646     -13.38608    
  2.597733     -13.38502    
  2.600152     -13.27441    
  2.600239     -13.26838    
  2.601008     -13.23394    
  2.601094     -13.23388    
  2.604131     -13.09664    
  2.607145     -12.96109    
  2.607232     -12.95554    
  2.607324     -12.93493    
  2.607480     -12.91745    
  2.607567     -12.91479    
  2.607898     -12.90004    
  2.607985     -12.89633    
  2.608789     -12.86067    
  2.608876     -12.85683    
  2.609811     -12.81536    
  2.609898     -12.81342    
  2.612121     -12.71513    
  2.614332     -12.61784    
  2.614419     -12.55068    
  2.615617     -12.49133    
  2.615704     -12.48792    
  2.616177     -12.46668    
  2.616264     -12.46432    
  2.617793     -12.39386    
  2.617880     -12.39618    
  2.620859     -12.26754    
  2.620946     -12.26451    
  2.623214     -12.16099    
  2.625471     -12.06842    
  2.625557     -12.06464    
  2.626297     -12.02515    
  2.626384     -12.03130    
  2.629798     -11.88687    
  2.633186     -11.74361    
  2.633273     -11.73584    
  2.634349     -11.69126    
  2.634435     -11.68657    
  2.634827     -11.66901    
  2.634914     -11.66543    
  2.636215     -11.61372    
  2.636302     -11.60556    
  2.637231     -11.57622    
  2.637318     -11.57033    
  2.639844     -11.46476    
  2.642355     -11.36224    
  2.642442     -11.35690    
  2.644205     -11.28565    
  2.644292     -11.28001    
  2.644578     -11.26800    
  2.644665     -11.26505    
  2.646436     -11.19371    
  2.646523     -11.18819    
  2.648315     -11.11742    
  2.648402     -11.11358    
  2.648476     -11.11129    
  2.648563     -11.10991    
  2.649502     -11.07172    
  2.649589     -11.06970    
  2.650015     -11.04507    
  2.650101     -11.04165    
  2.652023     -10.96824    
  2.652110     -10.96344    
  2.653477     -10.90679    
  2.653564     -10.90945    
  2.653758     -10.90528    
  2.653845     -10.90155    
  2.656371     -10.80036    
  2.656458     -10.78809    
  2.657291     -10.75850    
  2.657378     -10.76118    
  2.659033     -10.69379    
  2.660682     -10.63003    
  2.660769     -10.62471    
  2.662838     -10.55288    
  2.662925     -10.50930    
  2.664361     -10.76782    
  2.664448     -10.48281    
  2.664909     -10.45594    
  2.664996     -10.45952    
  2.667441     -10.36742    
  2.668659     -10.31743    
  2.669873     -10.27180    
  2.669960     -10.27360    
  2.671570     -10.21070    
  2.673175     -10.14511    
  2.674773     -10.08792    
  2.676365     -10.02911    
  2.676452     -10.02810    
  2.677193     -9.989338    
  2.677280     -9.995122    
  2.678402     -9.947852    
  2.679522     -9.916874    
  2.680638     -9.871880    
  2.681752     -9.824875    
  2.681839     -9.827326    
  2.682994     -9.782744    
  2.684147     -9.734861    
  2.684233     -9.732533    
  2.684319     -9.729388    
  2.684406     -9.728779    
  2.685617     -9.684223    
  2.685704     -9.680386    
  2.685988     -9.670153    
  2.686075     -9.665595    
  2.687275     -9.628414    
  2.688471     -9.579475    
  2.689665     -9.538035    
  2.690854     -9.491997    
  2.690941     -9.489512    
  2.691662     -9.464896    
  2.692382     -9.434414    
  2.693100     -9.421501    
  2.693817     -9.394271    
  2.693904     -9.387647    
  2.694490     -9.365559    
  2.695075     -9.344143    
  2.695162     -9.338263    
  2.695331     -9.331477    
  2.695418     -9.331858    
  2.696036     -9.309739    
  2.696123     -9.305282    
  2.697045     -9.274355    
  2.697132     -9.276601    
  2.697891     -9.248533    
  2.698648     -9.224622    
  2.698717     -9.221379    
  2.698803     -9.216985    
  2.699667     -9.180711    
  2.700098     -9.166764    
  2.700529     -9.151465    
  2.700616     -9.148689    
  2.701097     -9.131080    
  2.701577     -9.115334    
  2.702057     -9.096000    
  2.702537     -9.081493    
  2.702610     -9.067846    
  2.702697     -8.731218    
  2.704230     -9.063074    
  2.704317     -9.011014    
  2.704748     -9.033201    
  2.704835     -9.041087    
  2.706154     -8.806928    
  2.706241     -8.837701    
  2.706290     -8.998962    
  2.706377     -5.847745    
  2.707629     -5.718166    
  2.707716     -5.225735    
  2.709271     -5.102399    
  2.709358     -9.871027    
  2.709449     -9.774447    
  2.709536     -10.52759    
  2.709681    -100.00000    
  2.709768     -6.969881    
  2.709828     -5.992610    
  2.709915     -5.639751    
  2.710033     -5.397784    
  2.710119     -4.620311    
  2.713272     -6.491793    
  2.716402     -5.535427    
  2.716489     -5.462014    
  2.718816     -6.211214    
  2.718903     -5.086815    
  2.720712     -5.529756    
  2.720799     -6.450710    
  2.721478     -6.544076    
  2.721565     -6.523860    
  2.721792     -6.456499    
  2.721879     -6.043037    
  2.725251     -5.729145    
  2.725338     -5.852636    
  2.727078     -5.517173    
  2.727165     -5.429015    
  2.730036     -6.350237    
  2.730123    -100.00000    
  2.733151     -5.942985    
  2.733238     -5.968286    
  2.733842     -5.972451    
  2.733929     -6.188004    
  2.737074     -5.604605    
  2.737161     -5.778417    
  2.737825     -5.758667    
  2.737912     -6.070803    
  2.740300     -5.520486    
  2.740387     -5.641880    
  2.741710     -5.596301    
  2.741797     -5.761379    
  2.744319     -5.690332    
  2.746826     -5.634105    
  2.746913     -5.862999    
  2.748474     -5.285111    
  2.748561     -4.824519    
  2.752296     -5.575877    
  2.752383     -5.530077    
  2.754509     -5.259413    
  2.754596     -5.408020    
  2.754850     -5.110288    
  2.754937     -5.160540    
  2.755686     -5.330796    
  2.755773     -5.370250    
  2.755894     -5.107714    
  2.758471     -4.981834    
  2.758558     -4.992104    
  2.759027     -5.578148    
  2.759113     -6.437666    
  2.759268     -6.512796    
  2.759355     -6.154758    
  2.759981     -5.466209    
  2.760067     -5.315093    
  2.760747     -5.194999    
  2.760833     -5.518762    
  2.762305     -5.112585    
  2.762392     -5.165854    
  2.763491     -5.604580    
  2.763577     -5.459153    
  2.764577     -5.279588    
  2.764664     -5.538995    
  2.765524     -5.229321    
  2.765611     -5.761959    
  2.767568     -5.658440    
  2.767655     -5.114636    
  2.768842     -4.844640    
  2.768929     -4.914316    
  2.771196     -4.763162    
  2.771283     -4.947565    
  2.771358     -5.003470    
  2.771445     -4.944617    
  2.773649     -5.083977    
  2.775841     -5.121569    
  2.775928     -5.228025    
  2.777541     -5.422185    
  2.777628     -5.742055    
  2.778824     -5.415788    
  2.778910     -5.291452    
  2.782300     -4.997452    
  2.782387     -5.087657    
  2.783749     -5.439248    
  2.783836     -5.566973    
  2.787507     -5.360845    
  2.787594     -5.240099    
  2.790506     -4.925123    
  2.793400     -5.207873    
  2.796274     -4.832107    
  2.799129     -5.263517    
  2.799216     -5.962397    
  2.799875     -6.005639    
  2.799961     -6.110665    
  2.800228     -5.894591    
  2.800315     -6.026214    
  2.802759     -5.268908    
  2.805189     -4.917515    
  2.805276    -100.00000    
  2.807759     -4.369305    
  2.810229     -4.778984    
  2.810316     -5.175154    
  2.813524     -4.803598    
  2.813611     -4.921710    
  2.814474     -4.524221    
  2.814561     -4.339616    
  2.817018     -4.874958    
  2.817105     -4.441673    
  2.819648     -4.524448    
  2.822177     -4.939403    
  2.822264     -4.509095    
  2.826003     -5.582339    
  2.826090     -5.257998    
  2.829167     -4.041480    
  2.829254     -4.046161    
  2.829613     -4.101236    
  2.829700     -4.072445    
  2.832781     -4.485862    
  2.832867     -4.412571    
  2.832995     -4.511250    
  2.833082     -4.439462    
  2.836249     -4.780572    
  2.836336     -5.121143    
  2.839377     -4.342095    
  2.839464    -100.00000    
  2.840558     -4.250345    
  2.840645     -4.603005    
  2.842706     -5.297877    
  2.842793     -4.795623    
  2.843374     -4.881450    
  2.843461     -4.837700    
  2.843577     -4.865044    
  2.843663     -5.787302    
  2.844722     -4.074511    
  2.844809     -4.172383    
  2.845992     -4.052192    
  2.846079     -4.018285    
  2.846320     -4.019009    
  2.846407     -3.938738    
  2.846929    -100.00000    
  2.847016    -100.00000    
  2.850284     -4.161178    
  2.850371     -4.284834    
  2.851272     -4.134401    
  2.851359     -4.340843    
  2.851605     -4.326858    
  2.851692     -4.232731    
  2.853657     -4.249167    
  2.853744     -4.411608    
  2.856721     -4.095555    
  2.856808     -4.052970    
  2.859953     -4.195142    
  2.863077     -4.191497    
  2.863164     -4.127028    
  2.864011     -4.181771    
  2.864097     -4.204995    
  2.864929     -4.120915    
  2.865016     -4.111978    
  2.868335     -4.171879    
  2.868422     -4.110780    
  2.870319     -4.126378    
  2.870406     -4.154971    
  2.871477     -4.131067    
  2.871560     -4.142364    
  2.871647     -4.167026    
  2.871746     -4.220820    
  2.871833     -4.427876    
  2.875793     -4.136778    
  2.879716     -4.190111    
  2.879803     -4.223804    
  2.880314     -4.199040    
  2.880401     -4.134186    
  2.882313     -4.614506    
  2.882400     -4.375920    
  2.882670     -4.318986    
  2.882757     -4.322238    
  2.885708     -4.128286    
  2.885795     -4.098185    
  2.887555     -4.636337    
  2.887642     -4.224508    
  2.891964     -4.309900    
  2.892051     -4.626049    
  2.893704     -4.267130    
  2.893791     -4.120101    
  2.894071     -4.056525    
  2.894158     -4.001825    
  2.895095     -4.612605    
  2.895182     -4.077715    
  2.897787     -4.402069    
  2.897874     -4.767519    
  2.900589     -3.963568    
  2.900676     -3.994740    
  2.904168     -4.525129    
  2.904255     -4.315508    
  2.905026     -4.808999    
  2.905113     -4.437049    
  2.908003     -4.136829    
  2.908090     -4.152638    
  2.908185     -4.138573    
  2.908477     -4.107557    
  2.908564     -4.098001    
  2.909361     -4.077058    
  2.909448     -4.079015    
  2.910383     -4.112175    
  2.910470     -4.121685    
  2.911970     -4.172567    
  2.912057     -4.367407    
  2.914427     -3.967506    
  2.916785     -3.889891    
  2.916872     -3.931544    
  2.917171     -3.959326    
  2.917258     -3.980698    
  2.920236     -4.146916    
  2.920323     -4.370744    
  2.920418     -4.416725    
  2.922032    -100.00000    
  2.922118     -5.116711    
  2.925029     -3.991551    
  2.925116     -4.076668    
  2.925353     -4.092477    
  2.925440     -4.103387    
  2.925683     -4.109404    
  2.925770     -4.109048    
  2.925849     -4.110324    
  2.925936     -4.184479    
  2.927554     -4.180346    
  2.927641     -4.170565    
  2.927759     -4.168875    
  2.927950     -4.167883    
  2.928037     -4.143837    
  2.929127     -4.277849    
  2.929213     -4.295430    
  2.929524     -4.272433    
  2.929611     -4.254178    
  2.930245     -4.187935    
  2.930332     -4.187377    
  2.930644     -4.189882    
  2.930731     -4.192301    
  2.931247     -4.184028    
  2.931334     -4.179413    
  2.932296     -4.182433    
  2.932383     -4.188795    
  2.934646     -4.220189    
  2.934733     -4.219131    
  2.935353     -4.210731    
  2.935440     -4.206654    
  2.939332     -4.205279    
  2.939418     -4.212186    
  2.943758     -4.228155    
  2.943845     -4.224705    
  2.944467     -4.234205    
  2.944554     -4.234106    
  2.945191     -4.229862    
  2.945278     -4.229172    
  2.946273     -4.232939    
  2.946360     -4.188738    
  2.946687     -4.558847    
  2.946774     -5.816791    
  2.949861     -3.782469    
  2.949948     -3.871867    
  2.950064     -3.877707    
  2.950137     -3.881899    
  2.950211     -3.886605    
  2.950298     -3.892918    
  2.950637     -3.919895    
  2.950724     -3.927340    
  2.950770     -3.931434    
  2.950857     -3.939908    
  2.951287     -3.980055    
  2.951374     -3.992016    
  2.952601     -4.074579    
  2.952688     -4.068606    
  2.952960     -4.083831    
  2.953047     -4.140669    
  2.953706     -4.180153    
  2.953793     -4.146585    
  2.954344     -4.174221    
  2.954431     -4.173911    
  2.955685     -4.166451    
  2.955739     -4.176914    
  2.955826     -4.180373    
  2.956162     -4.190740    
  2.956249     -4.192569    
  2.956346     -4.194560    
  2.956433     -4.195883    
  2.956797     -4.203163    
  2.956884     -4.205774    
  2.956929     -4.206997    
  2.957016     -4.212045    
  2.958622     -4.231236    
  2.958708     -4.231887    
  2.958913     -4.234267    
  2.959000     -4.235008    
  2.959196     -4.236578    
  2.959283     -4.237347    
  2.959385     -4.238431    
  2.959471     -4.239650    
  2.959520     -4.240494    
  2.959575     -4.241599    
  2.959642     -4.243155    
  2.959686     -4.256568    
  2.960694     -4.215327    
  2.960781     -4.205854    
  2.961021     -4.204434    
  2.961108     -4.206193    
  2.961209     -4.142235    
  2.963780     -4.487268    
  2.963867     -4.466069    
  2.966863     -4.400089    
  2.969838     -4.236421    
  2.972793     -4.317576    
  2.975728     -4.462559    
  2.975815     -4.274923    
  2.976171     -4.207880    
  2.976258     -4.340945    
  2.979351     -4.162153    
  2.982423     -4.290322    
  2.982509     -4.375501    
  2.982872     -4.388882    
  2.982959     -4.532671    
  2.985659     -4.156474    
  2.988343     -4.362536    
  2.991011     -4.430039    
  2.993662     -4.055594    
  2.996297     -4.199073    
  2.998916     -4.251359    
  3.001519     -4.339053    
  3.004107     -4.229327    
  3.004194     -4.226069    
  3.007954     -4.412155    
  3.008041     -4.195919    
  3.011581     -4.425780    
  3.015092     -4.210669    
  3.018574     -4.545771    
  3.022029     -4.222083    
  3.022116     -4.253359    
  3.025489     -4.270600    
  3.025575     -4.374981    
  3.029166     -4.297981    
  3.032728     -4.370537    
  3.036260     -4.470796    
  3.039764     -4.231940    
  3.043240     -4.379925    
  3.046688     -4.221050    
  3.050109     -4.423235    
  3.053504     -4.343419    
  3.053591     -4.746126    
  3.056570     -4.278723    
  3.059529     -4.382118    
  3.059616     -4.192946    
  3.061712     -4.273748    
  3.061799     -4.291863    
  3.061872     -4.295308    
  3.061959     -4.296461    
  3.062919     -4.346499    
  3.063006     -4.303163    
  3.065043     -4.778600    
  3.065130     -4.530777    
  3.067491     -4.233405    
  3.067578     -4.523093    
  3.069763     -4.725143    
  3.071937     -4.559995    
  3.072024     -4.239900    
  3.074321     -4.122784    
  3.074408     -4.199139    
  3.077730     -4.355130    
  3.081028     -4.357064    
  3.081115     -4.248831    
  3.083823     -4.383035    
  3.086515     -4.541949    
  3.089190     -4.311993    
  3.091849     -4.541720    
  3.091936     -4.353862    
  3.093217     -4.230189    
  3.093303     -4.216740    
  3.096155     -4.888875    
  3.096242     -4.684560    
  3.099969     -4.195738    
  3.100056     -4.367172    
  3.102484     -4.274637    
  3.102571     -4.281393    
  3.104805     -4.431620    
  3.104892     -4.390930    
  3.105931     -4.438129    
  3.106018     -4.428298    
  3.106079     -4.426752    
  3.106166     -4.421789    
  3.106856     -4.424068    
  3.106943     -4.456729    
  3.109794     -4.490138    
  3.109881     -4.490463    
  3.110486     -4.508125    
  3.110573     -4.504040    
  3.112005     -4.484036    
  3.112092     -4.484303    
  3.112365     -4.489120    
  3.112452     -4.530125    
  3.114687     -4.507270    
  3.114774     -4.462008    
  3.114901     -4.454890    
  3.114988     -4.427979    
  3.117740     -4.603000    
  3.117827     -4.338790    
  3.118223     -4.169112    
  3.118310     -4.037220    
  3.122171     -4.342775    
  3.125997     -5.261472    
  3.126084     -5.046014    
  3.127687     -4.339968    
  3.127774     -4.571583    
  3.131268     -4.402763    
  3.131355     -4.395532    
  3.133775     -4.432885    
  3.136182     -4.535158    
  3.136269     -4.449103    
  3.138689     -4.655771    
  3.141096     -4.564005    
  3.143489     -4.514196    
  3.145869     -4.727802    
  3.145956     -4.689024    
  3.146758     -4.665397    
  3.146845     -4.631881    
  3.149072     -4.524357    
  3.151287     -4.522131    
  3.151374     -4.597318    
  3.153068     -4.727449    
  3.153155     -4.661229    
  3.153248     -4.648150    
  3.153335     -4.640398    
  3.153381     -4.636972    
  3.153425     -4.633576    
  3.153479     -4.756224    
  3.156074     -4.973533    
  3.156161     -4.542921    
  3.160418     -4.571973    
  3.164633     -4.610037    
  3.164720     -4.660245    
  3.167983     -4.430400    
  3.168070     -4.451589    
  3.170695     -4.630201    
  3.173303     -4.538548    
  3.173390     -4.553981    
  3.174167     -4.481945    
  3.174254     -4.551946    
  3.176868     -4.661483    
  3.179466     -4.552472    
  3.179553     -4.639320    
  3.182832     -4.646329    
  3.186087     -4.962707    
  3.186174     -4.817187    
  3.188338     -4.652188    
  3.188425     -4.958074    
  3.191899     -5.306419    
  3.191986     -4.724678    
  3.192224     -4.694494    
  3.192311     -4.728415    
  3.194885     -4.934252    
  3.194972     -5.014913    
  3.196916     -4.772560    
  3.197003     -4.855266    
  3.199617     -4.661382    
  3.202215     -4.715752    
  3.204798     -4.865658    
  3.207365     -5.062943    
  3.207452     -4.921387    
  3.209491     -5.088113    
  3.209578     -4.987684    
  3.213892     -4.798334    
  3.218164     -4.832675    
  3.218251     -4.879170    
  3.221052     -4.836100    
  3.223835     -4.869222    
  3.226600     -4.683175    
  3.229347     -4.859139    
  3.229434     -4.973585    
  3.231857     -4.820461    
  3.234265     -5.215640    
  3.234352     -4.788426    
  3.236049     -5.176766    
  3.236136     -4.911154    
  3.236180     -4.956270    
  3.236267     -5.445410    
  3.238739     -4.668356    
  3.241164     -4.684280    
  3.243575     -4.732348    
  3.245973     -4.846868    
  3.246060     -4.986694    
  3.246189     -4.878925    
  3.247464     -4.872151    
  3.247551     -4.799998    
  3.248152     -4.751965    
  3.248239     -4.727845    
  3.249187     -4.746590    
  3.249274     -4.770657    
  3.251523     -4.896293    
  3.251610     -4.738394    
  3.255359     -4.815405    
  3.259075     -4.783122    
  3.262760     -4.873048    
  3.266414     -4.862691    
  3.266501     -4.764818    
  3.269936     -4.905532    
  3.273344     -4.923026    
  3.276725     -4.827494    
  3.280080     -4.996085    
  3.283409     -4.542008    
  3.286714     -4.578477    
  3.289993     -4.689410    
  3.293247     -4.954290    
  3.293334     -4.903854    
  3.296691     -4.934026    
  3.300022     -4.990571    
  3.303327     -5.165917    
  3.306608     -4.636912    
  3.306694     -4.758845    
  3.310624     -4.982984    
  3.310710     -4.878123    
  3.310941     -4.852151    
  3.311027     -4.839668    
  3.311634     -4.795821    
  3.311721     -4.797140    
  3.311773     -4.796005    
  3.311825     -4.795121    
  3.311868     -4.815381    
  3.315460     -4.926087    
  3.318980     -5.018699    
  3.322472     -4.825092    
  3.325936     -4.787659    
  3.329372     -5.012235    
  3.332782     -4.920049    
  3.336165     -4.980560    
  3.339521     -4.739470    
  3.342852     -5.004307    
  3.346158     -5.029277    
  3.349439     -5.103802    
  3.352695     -5.237116    
  3.355927     -5.031644    
  3.359135     -5.101844    
  3.362319     -5.058668    
  3.365480     -4.599431    
  3.365567     -4.695342    
  3.367462     -4.890032    
  3.367549     -4.920623    
  3.371229     -5.015102    
  3.374878     -5.192409    
  3.378497     -5.244092    
  3.382086     -5.099243    
  3.382173     -5.050772    
  3.385882     -5.014126    
  3.385969     -5.113051    
  3.388254     -5.228882    
  3.390528     -5.360387    
  3.392789     -5.127116    
  3.395039     -5.120021    
  3.395126     -5.156164    
  3.398000     -5.267240    
  3.400855     -5.383428    
  3.400942     -5.266580    
  3.403656     -5.225007    
  3.403743     -5.329758    
  3.406570     -4.986195    
  3.409379     -5.262536    
  3.412170     -5.270641    
  3.414942     -5.391747    
  3.415029     -5.296811    
  3.419186     -5.156328    
  3.423303     -5.364450    
  3.427382     -5.379458    
  3.431422     -5.392372    
  3.431509     -5.505830    
  3.434904     -5.184996    
  3.438273     -5.373118    
  3.441616     -5.148857    
  3.444934     -5.336747    
  3.445021     -5.425506    
  3.447515     -5.237111    
  3.449995     -5.410490    
  3.452462     -5.433807    
  3.454914     -5.234577    
  3.455001     -5.291366    
  3.458181     -5.369621    
  3.461337     -5.415536    
  3.464472     -5.426633    
  3.467583     -5.254459    
  3.467670     -5.501248    
  3.469453     -5.430043    
  3.469540     -5.392881    
  3.471179     -5.455232    
  3.471266     -5.542437    
  3.474100     -5.334939    
  3.474187     -5.535362    
  3.477329     -5.245867    
  3.480449     -5.322958    
  3.483547     -5.593797    
  3.486623     -5.324779    
  3.486710     -5.414955    
  3.490510     -5.391704    
  3.494277     -5.559246    
  3.494364     -5.614326    
  3.496959     -5.372644    
  3.499539     -5.352602    
  3.502104     -5.732683    
  3.504653     -5.515228    
  3.507188     -5.480162    
  3.509708     -5.382409    
  3.512213     -5.555241    
  3.514705     -5.675870    
  3.517181     -5.316785    
  3.519644     -5.526440    
  3.522093     -5.710372    
  3.524529     -5.473764    
  3.526950     -5.548767    
  3.529358     -5.637981    
  3.531753     -5.683714    
  3.534135     -5.666933    
  3.534222     -5.560127    
  3.536956     -5.668223    
  3.539673     -5.445893    
  3.542373     -5.707737    
  3.545057     -5.613468    
  3.547724     -5.690452    
  3.550374     -5.791347    
  3.553009     -5.339612    
  3.555627     -5.554311    
  3.555714     -5.529395    
  3.558846     -5.741481    
  3.558933     -5.684069    
  3.559291     -5.667686    
  3.559378     -5.657359    
  3.560973     -5.827142    
  3.561019     -5.728464    
  3.561106     -5.714585    
  3.561702     -5.705807    
  3.561789     -5.710288    
  3.562293     -5.717866    
  3.562360     -5.718143    
  3.562447     -5.716397    
  3.565681     -5.764387    
  3.565768     -5.783828    
  3.568672     -5.718554    
  3.571556     -5.554900    
  3.574422     -5.655458    
  3.577268     -5.786287    
  3.580096     -5.626471    
  3.582906     -5.795743    
  3.585698     -5.697278    
  3.588471     -5.772244    
  3.591228     -5.641497    
  3.593966     -5.617142    
  3.596688     -5.532101    
  3.599393     -5.873203    
  3.602081     -5.580891    
  3.604752     -5.734291    
  3.607407     -5.680329    
  3.610046     -5.733187    
  3.610133     -5.856637    
  3.612945     -5.626334    
  3.615738     -5.742157    
  3.618514     -5.811772    
  3.621272     -5.722579    
  3.624013     -5.640268    
  3.626737     -5.584289    
  3.629443     -5.799487    
  3.630428     -5.886672    
  3.632133     -5.966450    
  3.632220     -5.967842    
  3.634575     -6.012098    
  3.636918     -6.016919    
  3.639248     -5.726522    
  3.641565     -5.995641    
  3.643871     -5.689263    
  3.646164     -5.860022    
  3.648445     -5.968519    
  3.650714     -6.014798    
  3.650801     -6.131681    
  3.654938     -5.743960    
  3.655025     -5.620413    
  3.659341     -5.918339    
  3.663615     -6.075123    
  3.663702     -6.075476    
  3.666928     -6.327987    
  3.670130     -5.748930    
  3.673309     -5.726468    
  3.676464     -5.925178    
  3.679597     -6.117963    
  3.682707     -6.166267    
  3.685795     -6.177968    
  3.688862     -6.170285    
  3.688948     -6.081790    
  3.691459     -6.134083    
  3.691546     -6.193238    
  3.694107     -6.038712    
  3.696652     -6.111349    
  3.696739     -6.056154    
  3.700634     -6.321090    
  3.704495     -5.936371    
  3.708321     -6.193234    
  3.712114     -6.269805    
  3.712650     -6.257369    
  3.715873     -6.260105    
  3.719601     -6.140736    
  3.723297     -6.117229    
  3.726962     -6.229863    
  3.730596     -6.183798    
  3.734200     -6.306768    
  3.737774     -6.222862    
  3.741319     -6.242430    
  3.744836     -6.312925    
  3.748324     -6.437204    
  3.751784     -6.266896    
  3.755217     -6.383277    
  3.755304     -6.374026    
  3.755522     -6.375678    
  3.755609     -6.369499    
  3.756737     -5.748294    
  3.756824     -5.603291    
  3.760554     -5.705186    
  3.764252     -6.584456    
  3.767919     -6.056872    
  3.771555     -5.799542    
  3.775161     -6.050281    
  3.778151     -6.343470    
  3.778737     -6.346365    
  3.782284     -6.451308    
  3.785802     -6.480722    
  3.789292     -6.505048    
  3.792754     -6.429828    
  3.796189     -6.500572    
  3.799596     -6.511974    
  3.802978     -6.511917    
  3.806333     -6.546098    
  3.809662     -6.531190    
  3.812966     -6.556498    
  3.813053     -6.546247    
  3.815257     -6.572212    
  3.817449     -6.576837    
  3.817536     -6.631788    
  3.821296     -6.429717    
  3.821383     -6.499556    
  3.821564     -6.505977    
  3.821651     -6.553402    
  3.825332     -6.357297    
  3.828982     -6.256288    
  3.832602     -6.176486    
  3.836192     -6.583644    
  3.836279     -6.540940    
  3.838150     -6.630661    
  3.838237     -6.575790    
  3.840853     -6.551637    
  3.843453     -6.611918    
  3.846037     -6.681835    
  3.848607     -6.535837    
  3.848694     -6.586095    
  3.853036     -6.197264    
  3.857335     -6.612395    
  3.861592     -6.655646    
  3.865808     -6.613630    
  3.865895     -6.646977    
  3.868545     -6.656548    
  3.871179     -6.628322    
  3.871266     -6.665694    
  3.874225     -6.620202    
  3.877163     -6.638361    
  3.880081     -6.765865    
  3.882980     -6.546050    
  3.885860     -6.658980    
  3.888721     -6.573485    
  3.891563     -6.644404    
  3.894387     -6.500715    
  3.894474     -6.550560    
  3.896842     -6.686306    
  3.899197     -6.742733    
  3.901540     -6.831737    
  3.903870     -6.462658    
  3.906188     -6.708683    
  3.908494     -6.513873    
  3.910787     -6.710713    
  3.913068     -6.796566    
  3.913155     -6.775779    
  3.913273     -6.776007    
  3.913769     -6.794734    
  3.913856     -6.798504    
  3.913972     -6.808082    
  3.915648     -6.833401    
  3.915735     -6.823629    
  3.916915     -6.952459    
  3.917002     -7.001579    
  3.920011     -6.600934    
  3.923000     -6.845430    
  3.925968     -6.723243    
  3.928916     -6.941102    
  3.931844     -6.582378    
  3.934752     -6.702185    
  3.937641     -6.847475    
  3.940511     -6.898643    
  3.943362     -6.914188    
  3.946195     -6.917859    
  3.949009     -6.908055    
  3.951805     -6.939832    
  3.954584     -6.951915    
  3.957344     -6.948320    
  3.960087     -6.933702    
  3.962813     -6.958143    
  3.962900     -6.981344    
  3.965521     -6.965475    
  3.968126     -6.971447    
  3.970716     -7.052445    
  3.973291     -6.692405    
  3.975850     -6.849928    
  3.978394     -6.984599    
  3.980924     -6.962399    
  3.983439     -6.966828    
  3.983526     -6.969566    
  3.986607     -6.983727    
  3.989666     -6.778649    
  3.992704     -6.566478    
  3.995722     -7.208481    
  3.998718     -6.952190    
  4.001693     -7.073278    
  4.004649     -7.040462    
  4.007584     -7.106424    
  4.007671     -7.068390    
  4.010289     -7.072960    
  4.012892     -7.145426    
  4.015479     -6.964542    
  4.018051     -7.050260    
  4.020607     -7.101764    
  4.023149     -7.186545    
  4.025675     -7.147440    
  4.028187     -7.193223    
  4.030685     -7.210349    
  4.033169     -7.492258    
  4.035638     -6.510219    
  4.038093     -6.202826    
  4.040535     -6.486546    
  4.042963     -6.895199    
  4.045377     -7.036856    
  4.047778     -7.160839    
  4.047865     -7.159778    
  4.050191     -7.231487    
  4.050278     -7.234560    
  4.052927     -7.275597    
  4.055559     -7.290719    
  4.058176     -7.298452    
  4.060777     -7.305217    
  4.063363     -7.308818    
  4.065933     -7.340618    
  4.068489     -7.287613    
  4.071029     -7.291906    
  4.073555     -7.340695    
  4.076066     -7.272351    
  4.078562     -7.078422    
  4.081044     -7.103710    
  4.083513     -6.940112    
  4.085967     -7.237938    
  4.088407     -7.201443    
  4.090834     -7.340477    
  4.090921     -7.337952    
  4.093448     -7.355837    
  4.095961     -7.382640    
  4.098459     -7.389475    
  4.100943     -7.433684    
  4.103413     -7.379658    
  4.105869     -7.440574    
  4.108311     -7.399356    
  4.110740     -7.072628    
  4.113155     -7.117537    
  4.115556     -7.264754    
  4.117944     -7.385774    
  4.120320     -7.444418    
  4.122682     -7.466328    
  4.125032     -7.473224    
  4.127369     -7.564434    
  4.129693     -7.319458    
  4.129780     -7.325028    
  4.133136     -7.482717    
  4.136466     -7.509792    
  4.139770     -7.531137    
  4.143050     -7.538583    
  4.146305     -7.575440    
  4.149536     -7.364976    
  4.152743     -7.532787    
  4.155926     -7.560084    
  4.156013     -7.560096    
  4.158880     -7.506695    
  4.161727     -7.578785    
  4.161814     -7.589041    
  4.163762     -7.608425    
  4.163849     -7.611846    
  4.166924     -7.628430    
  4.167011     -7.628293    
  4.169326     -7.640453    
  4.171629     -7.617853    
  4.173920     -7.623019    
  4.176198     -7.635655    
  4.178465     -7.661245    
  4.180720     -7.672382    
  4.182963     -7.672677    
  4.185195     -7.662543    
  4.187415     -7.676539    
  4.189624     -7.672457    
  4.191822     -7.695829    
  4.194009     -7.698807    
  4.198350     -7.709021    
  4.202647     -7.717392    
  4.202734     -7.717422    
  4.204957     -7.724449    
  4.207168     -7.724817    
  4.209369     -7.745409    
  4.211558     -7.754410    
  4.213736     -7.757357    
  4.215903     -7.758920    
  4.220205     -7.764000    
  4.224465     -7.787619    
  4.228684     -7.799376    
  4.232862     -7.826802    
  4.237000     -7.768563    
  4.237088     -7.964965    
  4.240818     -7.527164    
  4.244516     -7.634769    
  4.248183     -7.830948    
  4.251819     -7.825518    
  4.255425     -7.863284    
  4.259002     -7.880880    
  4.262549     -7.904163    
  4.266067     -7.914899    
  4.266154     -7.914148    
  4.270079     -7.931675    
  4.270166     -7.991563    
  4.274271     -7.678965    
  4.278338     -7.595784    
  4.282367     -7.598148    
  4.286359     -7.557344    
  4.290314     -7.924286    
  4.294234     -7.949783    
  4.298119     -8.011692    
  4.301969     -8.020918    
  4.302056     -8.023279    
  4.306016     -8.034041    
  4.309939     -8.010614    
  4.313828     -8.108215    
  4.317682     -7.822415    
  4.321502     -7.956649    
  4.325289     -8.058487    
  4.329043     -7.911076    
  4.332765     -8.080094    
  4.332852     -8.063063    
  4.335453     -8.103484    
  4.338038     -8.125925    
  4.340608     -8.127169    
  4.343162     -8.130782    
  4.345702     -8.139402    
  4.348227     -8.153073    
  4.350737     -8.155710    
  4.353233     -8.162396    
  4.353320     -8.166928    
  4.356074     -8.169920    
  4.356161     -8.172876    
  4.357582     -8.186428    
  4.357669     -8.185146    
  4.360115     -8.198394    
  4.362547     -8.206268    
  4.362634     -8.204693    
  4.365286     -8.212461    
  4.367922     -8.219351    
  4.370542     -8.225579    
  4.373146     -8.229723    
  4.375735     -8.237252    
  4.378308     -8.252604    
  4.380867     -8.254491    
  4.383410     -8.262150    
  4.385938     -8.288078    
  4.388452     -8.271868    
  4.390952     -8.288334    
  4.393437     -8.294156    
  4.395908     -8.296626    
  4.398365     -8.309437    
  4.400808     -8.310704    
  4.403238     -8.314259    
  4.405653     -8.704780    
  4.408056     -7.881034    
  4.410445     -8.555453    
  4.412822     -8.031951    
  4.415185     -8.191183    
  4.417536     -8.156327    
  4.419874     -8.258808    
  4.422199     -8.298692    
  4.424512     -8.330060    
  4.426813     -8.366761    
  4.429102     -8.384537    
  4.431378     -8.400407    
  4.433643     -8.412055    
  4.435896     -8.388296    
  4.438138     -8.404614    
  4.440368     -8.350931    
  4.440455     -8.296008    
  4.442913     -8.265309    
  4.445357     -8.427437    
  4.447787     -8.443096    
  4.450204     -8.449806    
  4.452608     -8.434033    
  4.454999     -8.437372    
  4.457376     -8.412132    
  4.459740     -8.450245    
  4.462092     -8.481620    
  4.464431     -8.496364    
  4.466757     -8.499960    
  4.469071     -8.506567    
  4.471373     -8.516809    
  4.473663     -8.510497    
  4.475940     -8.503279    
  4.478206     -8.502608    
  4.512937     -8.629141    
  4.513024     -8.742348    
  4.514610     -8.610453    
  4.514697     -8.578594    
  4.515945     -8.491130    
  4.516032     -8.636873    
  4.585469     -8.810574    
  4.585556     -8.717785    
  4.648489     -8.930289    
  4.648576     -9.018649    
  4.649548     -9.024067    
  4.649635     -9.024341    
  4.649838     -9.025079    
  4.649925     -8.928206    
  4.709765     -9.217239    
  4.709852     -9.194211    
  4.765753     -9.364044    
  4.765822     -9.336736    
  4.765909     -9.296227    
  4.818480     -9.553912    
  4.818567     -9.540262    
  4.868094     -9.580451    
  4.868152     -9.896462    
  4.868214     -9.527750    
  4.915089     -9.860606    
  4.915176     -9.785316    
  4.959449     -9.883415    
  4.959536     -9.915651    
  4.959642     -9.916880    
  4.959729     -9.907906    
  5.002021     -10.03758    
  5.002108     -10.03547    
  5.041986     -10.13801    
  5.042072     -10.15907    
  5.042428     -10.15849    
  5.042515     -10.08705    
  5.081038     -10.26034    
  5.081125     -9.984048    
  5.117569     -10.45324    
  5.117655     -10.37562    
  5.118005     -10.38312    
  5.118092     -10.37739    
  5.153462     -10.44957    
  5.153549     -10.43002    
  5.187204     -10.57037    
  5.187290     -10.55199    
  5.187529     -10.55147    
  5.187616     -10.52363    
  5.251180     -10.69062    
  5.251266     -10.72050    
  5.251931     -10.72109    
  5.252018     -10.66976    
  5.311750     -10.85143    
  5.311837     -10.87796    
  5.311944     -10.85825    
  5.712950     -11.89300    
  5.917833     -12.45207    
  6.161415     -13.11398    
  6.430595     -13.87903    
  6.714779     -14.69573    
  7.007134     -15.57774    
  7.303761     -16.56144    
  7.602573     -17.74438    
  7.902489     -19.38572    
  8.202961    -100.00000    
  8.503712    -100.00000    
  8.804602    -100.00000    
  9.105563    -100.00000    
  9.406558     -29.28053    
  9.707570    -100.00000    
