 0.6989700    -100.00000    
 0.7331214    -100.00000    
 0.7647820    -100.00000    
 0.7942904    -100.00000    
 0.8219208     -71.53119    
 0.8220077     -71.22757    
 0.8256567     -70.53663    
 0.8257436    -100.00000    
 0.8647793    -100.00000    
 0.9005939    -100.00000    
 0.9336786    -100.00000    
 0.9644204    -100.00000    
 0.9931293    -100.00000    
  1.020057    -100.00000    
  1.045413    -100.00000    
  1.069370    -100.00000    
  1.092073    -100.00000    
  1.113649    -100.00000    
  1.153828     -22.79150    
  1.190604     -21.75307    
  1.224506     -21.99067    
  1.224593    -100.00000    
  1.258242     -16.77126    
  1.258328     -19.37922    
  1.281053     -16.45798    
  1.281140    -100.00000    
  1.305129     -18.26079    
  1.305216     -20.75095    
  1.326885    -100.00000    
  1.326972     -15.86191    
  1.346664     -15.76121    
  1.346750    -100.00000    
  1.351328    -100.00000    
  1.351414    -100.00000    
  1.362515     -17.49571    
  1.362602     -17.84246    
  1.390867     -18.36588    
  1.390954     -17.28977    
  1.403133     -16.28892    
  1.403220     -17.84948    
  1.416604    -100.00000    
  1.416691     -18.12792    
  1.442990     -18.19351    
  1.443077    -100.00000    
  1.465932     -15.93381    
  1.466019     -17.73953    
  1.485843    -100.00000    
  1.485929     -19.20977    
  1.499940     -18.94523    
  1.500027     -18.64538    
  1.524019     -16.91807    
  1.546755    -100.00000    
  1.546842     -18.49499    
  1.576102     -18.61926    
  1.576189     -18.62362    
  1.604747     -18.85448    
  1.604834     -16.47319    
  1.629405    -100.00000    
  1.629492     -19.13312    
  1.655461     -19.40549    
  1.679965     -19.75324    
  1.703160     -20.10695    
  1.725179     -20.46565    
  1.725266     -20.44902    
  1.731654     -20.55568    
  1.731741     -20.65759    
  1.762029    -100.00000    
  1.790341     -19.51724    
  1.790428    -100.00000    
  1.817058     -19.27169    
  1.842149     -17.23245    
  1.842236     -17.12059    
  1.843313     -17.07637    
  1.843400     -17.38074    
  1.861079     -16.42589    
  1.861166     -16.36267    
  1.861837     -16.33652    
  1.861924     -16.42972    
  1.874931     -15.86961    
  1.875018    -100.00000    
  1.914140     -14.59301    
  1.914227     -14.45000    
  1.921566     -14.19763    
  1.921653     -14.19205    
  1.926897     -14.01701    
  1.926984     -14.78062    
  1.953068     -13.25988    
  1.953155     -13.32705    
  1.971846     -12.65963    
  1.971933     -12.79796    
  1.992517     -12.06154    
  1.992604     -12.01008    
  1.993799     -11.97556    
  1.993886     -11.97282    
  1.994140     -11.96551    
  1.994226     -11.96406    
  1.996545     -11.89705    
  1.996632     -11.90018    
  1.998156     -11.81976    
  1.998243     -11.80690    
  2.000011     -11.86098    
  2.000098     -11.84754    
  2.005591     -11.69942    
  2.005678     -11.69311    
  2.007909     -11.62756    
  2.007996     -11.63086    
  2.009188     -11.59195    
  2.009275     -11.97860    
  2.036803     -11.03890    
  2.036890     -11.13258    
  2.061295     -10.41446    
  2.061382     -10.42539    
  2.077530     -9.995140    
  2.077617     -9.968336    
  2.095978     -9.616827    
  2.096065     -9.534035    
  2.097299     -9.500153    
  2.097386     -9.455946    
  2.102584     -9.392110    
  2.102671     -9.379276    
  2.103399     -9.271287    
  2.103486     -9.150912    
  2.105825     -9.168037    
  2.105912     -9.312193    
  2.106091     -9.331747    
  2.106178     -9.220379    
  2.111629     -8.790577    
  2.111716     -8.856984    
  2.119223     -10.62098    
  2.119310     -9.290911    
  2.124245     -9.297657    
  2.124332     -8.923192    
  2.137459     -9.002063    
  2.137546     -8.578538    
  2.138137     -8.573206    
  2.138224     -8.581138    
  2.138688     -8.593894    
  2.138775     -8.545094    
  2.149371     -8.938597    
  2.149458     -8.487278    
  2.150309     -8.448358    
  2.150396     -8.476122    
  2.150438     -8.479347    
  2.150525     -8.493868    
  2.156847     -8.614362    
  2.156934     -8.546254    
  2.168071     -8.192967    
  2.168158     -8.931264    
  2.177603     -8.040928    
  2.177690     -8.201151    
  2.191113     -7.948182    
  2.191200     -8.469678    
  2.197200     -7.547731    
  2.197287     -7.478144    
  2.203933     -7.750385    
  2.204020     -7.760943    
  2.204170     -7.791831    
  2.204257     -7.810679    
  2.204684     -7.863190    
  2.204771     -7.648381    
  2.211353     -7.716927    
  2.217836     -7.433011    
  2.217923     -7.680128    
  2.217949     -7.684439    
  2.218036     -7.718575    
  2.218819     -7.739349    
  2.218906     -7.668243    
  2.223758     -7.674402    
  2.223844     -7.691698    
  2.230357     -7.604610    
  2.236772     -7.688007    
  2.236859     -7.883893    
  2.239623     -7.477648    
  2.239710     -7.878189    
  2.244929     -7.492325    
  2.250086     -7.653272    
  2.250173     -7.480343    
  2.253696     -7.479933    
  2.253782     -7.391363    
  2.256807     -7.601546    
  2.259811     -7.660708    
  2.262794     -7.278634    
  2.265757     -7.285450    
  2.265844     -7.316391    
  2.267022     -7.261954    
  2.267109     -7.218489    
  2.270424     -7.230692    
  2.270511     -7.599363    
  2.273172     -7.249589    
  2.275818     -7.589194    
  2.275905     -7.381081    
  2.278993     -7.180394    
  2.279080     -7.099284    
  2.281448     -7.238672    
  2.283804     -7.158621    
  2.283891     -7.050916    
  2.286548     -7.335637    
  2.286635     -7.348107    
  2.286786     -7.322116    
  2.286873     -7.215619    
  2.289321     -7.090921    
  2.291755     -7.093015    
  2.294175     -7.192224    
  2.296582     -7.223581    
  2.298976     -7.010922    
  2.301356     -6.954455    
  2.303724     -6.968925    
  2.304903     -6.971429    
  2.306078     -6.963929    
  2.306165     -6.966698    
  2.308271     -6.946702    
  2.309320     -6.883628    
  2.310367     -6.910943    
  2.311411     -6.879190    
  2.312452     -6.898900    
  2.313491     -6.898060    
  2.314528     -6.929037    
  2.314614     -6.884036    
  2.315825     -6.787431    
  2.317033     -6.850546    
  2.318237     -6.833560    
  2.319437     -6.725533    
  2.320635     -7.416069    
  2.321829     -7.349412    
  2.323020     -6.664991    
  2.324207     -6.677357    
  2.324294     -6.671250    
  2.325800     -6.703533    
  2.325887     -6.688123    
  2.326813     -6.679785    
  2.327736     -6.658616    
  2.327823     -6.656510    
  2.328856     -6.653553    
  2.329886     -6.624298    
  2.330914     -6.633781    
  2.331939     -6.605613    
  2.332026     -6.594266    
  2.333111     -6.587146    
  2.334194     -6.604609    
  2.335274     -6.564278    
  2.336352     -6.543841    
  2.336439     -6.546480    
  2.337047     -6.541222    
  2.337655     -6.533251    
  2.338262     -6.533231    
  2.338868     -6.526228    
  2.339473     -6.509387    
  2.340077     -6.509373    
  2.340680     -6.500108    
  2.341283     -6.489703    
  2.341370     -6.488459    
  2.341472     -6.485300    
  2.342517     -6.474560    
  2.342604     -6.472833    
  2.343196     -6.464006    
  2.343786     -6.453294    
  2.343873     -6.449674    
  2.344850     -6.444635    
  2.345825     -6.421442    
  2.345912     -6.420781    
  2.346656     -6.410933    
  2.347399     -6.399722    
  2.348141     -6.397330    
  2.348882     -6.381535    
  2.348969     -6.379308    
  2.349884     -6.367089    
  2.349971     -6.366442    
  2.350040     -6.365444    
  2.350127     -6.364523    
  2.350953     -6.352173    
  2.351777     -6.335227    
  2.352600     -6.399496    
  2.353421     -6.428850    
  2.353508     -6.385361    
  2.353983     -6.323949    
  2.354070     -6.307646    
  2.354840     -6.270505    
  2.355610     -6.263651    
  2.356378     -6.255286    
  2.357144     -6.255484    
  2.357197     -6.253153    
  2.357231     -6.252588    
  2.357284     -6.251651    
  2.357504     -6.247632    
  2.357582     -6.249706    
  2.357669     -6.222784    
  2.357776     -6.147958    
  2.357863     -6.259927    
  2.360104     -5.726289    
  2.360190    -100.00000    
  2.373546     -5.109416    
  2.373632     -4.757559    
  2.378097     -5.775748    
  2.378184     -5.531121    
  2.381409     -4.159825    
  2.381496     -4.759931    
  2.384668     -4.183083    
  2.384755     -4.072948    
  2.387126    -100.00000    
  2.387213     -4.650609    
  2.397727     -4.454093    
  2.397814     -3.985895    
  2.403706     -3.958816    
  2.403793     -3.974386    
  2.405816     -3.922845    
  2.405903     -3.772920    
  2.409533     -4.666724    
  2.409619     -5.520211    
  2.409967     -5.300205    
  2.410054     -6.410664    
  2.411499     -4.480810    
  2.411586     -4.120275    
  2.413098     -3.685156    
  2.413185     -3.736306    
  2.417226     -4.196257    
  2.417313     -4.245163    
  2.417446     -4.237009    
  2.417533     -3.956882    
  2.429013     -4.046817    
  2.429100     -4.015119    
  2.429782     -4.077298    
  2.429869     -4.144858    
  2.429909     -4.162540    
  2.429996     -4.114700    
  2.433515     -3.921702    
  2.433602     -3.897313    
  2.434760     -3.968812    
  2.434847     -4.062014    
  2.438744     -3.895691    
  2.438831     -3.829370    
  2.441087     -3.986180    
  2.441174     -3.810994    
  2.442885     -3.830276    
  2.442972     -3.891676    
  2.446825     -4.617640    
  2.446912     -4.128165    
  2.449374     -4.156841    
  2.449460     -3.876869    
  2.454772     -4.221661    
  2.454858     -3.886419    
  2.457103     -3.881580    
  2.457190     -4.100058    
  2.462242     -3.915551    
  2.462329     -4.051590    
  2.465051     -5.289472    
  2.465138     -4.632248    
  2.466974     -4.482683    
  2.467061     -4.357477    
  2.469909     -4.720815    
  2.469996     -4.511182    
  2.471129     -4.417305    
  2.471216     -4.399527    
  2.471255     -4.395487    
  2.471342     -4.394654    
  2.471828     -4.405473    
  2.471915     -4.408464    
  2.473553     -4.297850    
  2.473639     -4.374632    
  2.473908     -4.194926    
  2.473994     -4.173945    
  2.475654     -4.453318    
  2.475741     -4.501886    
  2.476442     -4.067446    
  2.476529     -3.979824    
  2.476977     -3.830898    
  2.477064     -3.780409    
  2.479546     -4.442424    
  2.479633     -4.214158    
  2.483967     -4.544488    
  2.484054     -4.094248    
  2.484128     -4.061534    
  2.484215     -4.024027    
  2.484517     -3.933696    
  2.484604     -3.899733    
  2.487037     -3.975519    
  2.487124     -3.859240    
  2.491399     -4.426953    
  2.491486     -4.202377    
  2.493770     -3.878934    
  2.493799     -4.086844    
  2.493857     -4.118125    
  2.493886     -4.173281    
  2.496105     -4.157806    
  2.496192     -4.127373    
  2.497233     -4.224142    
  2.497320     -4.133436    
  2.497678     -4.013199    
  2.497765     -4.006168    
  2.498024     -4.005352    
  2.498111     -3.981523    
  2.501025     -4.265518    
  2.503920     -3.949818    
  2.504007     -3.962639    
  2.504069     -3.957813    
  2.504156     -3.946412    
  2.506191     -3.951525    
  2.506278     -3.889358    
  2.507046     -3.823774    
  2.507133     -3.773675    
  2.509451     -4.015919    
  2.511756     -4.249638    
  2.511843     -4.083083    
  2.512347     -3.834117    
  2.512434     -3.781382    
  2.514176     -3.813395    
  2.514263     -3.884902    
  2.515486     -3.923401    
  2.515573     -3.876948    
  2.515719     -3.876999    
  2.515805     -3.885664    
  2.515872     -3.894473    
  2.515959     -3.931170    
  2.516706     -3.873332    
  2.516793     -3.840820    
  2.516940     -3.820348    
  2.517027     -3.805284    
  2.517941     -3.797395    
  2.518028     -3.812200    
  2.519341     -3.828547    
  2.519428     -3.773613    
  2.521714     -3.943855    
  2.523988     -3.866152    
  2.526250     -3.972507    
  2.528500     -4.002540    
  2.528587     -3.906296    
  2.532731     -3.832339    
  2.532818     -3.823186    
  2.533833     -3.829851    
  2.533920     -3.821096    
  2.537178     -3.823015    
  2.540412     -4.015576    
  2.543622     -3.910459    
  2.546808     -3.852978    
  2.546895     -3.875883    
  2.547436     -3.885886    
  2.547523     -3.961176    
  2.551127     -3.986470    
  2.554701     -3.886059    
  2.554788     -3.855216    
  2.557290     -3.941777    
  2.559779     -3.899606    
  2.562253     -4.018847    
  2.564713     -4.000027    
  2.564799     -4.222853    
  2.568369     -3.911096    
  2.568456     -3.889467    
  2.571315     -3.898931    
  2.571402     -3.932208    
  2.571490     -3.930467    
  2.571576     -3.914573    
  2.572582     -3.956890    
  2.572668     -3.941889    
  2.573820     -3.880189    
  2.573907     -3.889093    
  2.576147     -4.133471    
  2.578375     -3.982507    
  2.580592     -3.968085    
  2.582797     -4.078957    
  2.582884     -4.105957    
  2.586758     -4.154348    
  2.590598     -4.425747    
  2.590685     -4.419561    
  2.593225     -4.035687    
  2.595750     -4.098247    
  2.595837     -4.296820    
  2.598386     -4.193027    
  2.600921     -4.033133    
  2.601008     -3.984376    
  2.603333     -3.953467    
  2.603420     -3.967062    
  2.604635     -4.111875    
  2.604722     -4.151061    
  2.606239     -4.069812    
  2.606324     -4.051687    
  2.606411     -4.031936    
  2.607057     -3.978817    
  2.607144     -3.997848    
  2.607239     -4.007820    
  2.607326     -4.016797    
  2.607391     -4.022715    
  2.607478     -4.029285    
  2.607654     -4.027208    
  2.607741     -3.949982    
  2.611049     -4.039600    
  2.614332     -3.966705    
  2.614419     -4.010024    
  2.617004     -3.990433    
  2.619574     -3.935414    
  2.619659     -3.949813    
  2.619746     -3.969652    
  2.620996     -4.017113    
  2.621082     -4.028394    
  2.621962     -4.103425    
  2.622049     -4.121537    
  2.623324     -4.153291    
  2.623411     -4.178652    
  2.624766     -4.037179    
  2.624853     -4.057599    
  2.627024     -4.155691    
  2.627110     -4.094488    
  2.630435     -3.991264    
  2.630522     -4.009614    
  2.632418     -4.094562    
  2.632505     -4.109356    
  2.633585     -4.027400    
  2.633672     -4.022977    
  2.634210     -4.016245    
  2.634297     -4.018326    
  2.636422     -3.982127    
  2.638537     -3.995411    
  2.640642     -4.090058    
  2.642737     -3.982476    
  2.642824     -4.013657    
  2.645913     -3.991805    
  2.646000     -3.993519    
  2.648513     -3.990006    
  2.648600     -3.986912    
  2.650102     -3.994112    
  2.650189     -3.997126    
  2.650581     -4.012416    
  2.650668     -4.049508    
  2.653884     -3.995794    
  2.653971     -3.999397    
  2.654508     -3.998966    
  2.654595     -3.999868    
  2.655848     -4.017348    
  2.655935     -4.007136    
  2.656856     -4.009719    
  2.656943     -4.074096    
  2.658483     -4.027893    
  2.658570     -4.004760    
  2.659789     -4.008897    
  2.659876     -4.009537    
  2.661632     -4.011168    
  2.661711     -4.016624    
  2.661798     -4.019535    
  2.662214     -4.029624    
  2.662301     -4.029252    
  2.662838     -4.035103    
  2.662925     -4.038272    
  2.663187     -4.041480    
  2.663274     -4.031865    
  2.665319     -4.015822    
  2.665405     -4.016959    
  2.666840     -4.003559    
  2.668270     -4.057912    
  2.668357     -4.143055    
  2.670100     -3.988358    
  2.670187     -4.020154    
  2.670742     -4.020908    
  2.670829     -4.020770    
  2.672470     -4.032655    
  2.674106     -4.032101    
  2.674193     -4.031679    
  2.675152     -4.033545    
  2.675239     -4.033712    
  2.675371     -4.033766    
  2.675458     -4.033126    
  2.676824     -4.037193    
  2.676911     -4.036838    
  2.677751     -4.036138    
  2.677838     -4.036852    
  2.679282     -4.039549    
  2.680721     -4.041401    
  2.682155     -4.044257    
  2.683585     -4.046506    
  2.683672     -4.046621    
  2.684480     -4.048106    
  2.684566     -4.048784    
  2.685714     -4.052301    
  2.685801     -4.051427    
  2.685988     -4.051397    
  2.686075     -4.051408    
  2.686520     -4.051868    
  2.686607     -4.051972    
  2.687327     -4.053171    
  2.688046     -4.054659    
  2.688133     -4.054676    
  2.688542     -4.057831    
  2.688599     -4.059115    
  2.688629     -4.059643    
  2.688686     -4.064941    
  2.689808     -4.060020    
  2.690927     -4.067466    
  2.691014     -4.065147    
  2.691670     -4.063758    
  2.692326     -4.066313    
  2.692981     -4.061636    
  2.693635     -4.062835    
  2.693722     -4.063144    
  2.694340     -4.064483    
  2.694958     -4.066344    
  2.695575     -4.067120    
  2.696192     -4.067756    
  2.696807     -4.084894    
  2.697422     -4.089967    
  2.698035     -4.072321    
  2.698648     -4.072704    
  2.698717     -4.073021    
  2.698803     -4.073109    
  2.699142     -4.073611    
  2.699229     -4.073783    
  2.700077     -4.075637    
  2.700500     -4.076829    
  2.700923     -4.077826    
  2.701345     -4.078006    
  2.701767     -4.078381    
  2.702189     -4.079257    
  2.702610     -4.080202    
  2.702697     -4.080448    
  2.706323     -4.089712    
  2.706410     -4.086368    
  2.707308     -4.090578    
  2.707395     -4.095883    
  2.708280     -4.137288    
  2.708352     -4.124252    
  2.708438     -4.114891    
  2.709271     -4.087189    
  2.709358     -4.091375    
  2.712230     -4.117601    
  2.712317     -4.093933    
  2.715874     -4.112648    
  2.715961     -4.100722    
  2.716395     -4.101469    
  2.716481     -4.101536    
  2.716568     -4.098657    
  2.721359     -4.122714    
  2.721446     -4.115998    
  2.724957     -4.122720    
  2.725044     -4.117635    
  2.725129     -4.117809    
  2.725216     -4.118880    
  2.727523     -4.122307    
  2.727610     -4.122272    
  2.728146     -4.123345    
  2.728233     -4.123478    
  2.728368     -4.123699    
  2.728455     -4.123836    
  2.728556     -4.123996    
  2.728643     -4.129506    
  2.735898     -4.144061    
  2.735985     -4.138355    
  2.736079     -4.138593    
  2.737059     -4.140142    
  2.737146     -4.140126    
  2.738167     -4.142475    
  2.738254     -4.143368    
  2.740490     -4.146639    
  2.740577     -4.147609    
  2.742815     -4.151186    
  2.742902     -4.142365    
  2.743703     -4.183248    
  2.743790     -4.303268    
  2.753428     -4.107165    
  2.753515     -4.170817    
  2.753850     -4.171320    
  2.753937     -4.171494    
  2.754509     -4.173012    
  2.754596     -4.173202    
  2.754850     -4.173686    
  2.754937     -4.173487    
  2.756676     -4.179463    
  2.756763     -4.186952    
  2.758474     -4.180529    
  2.758561     -4.180823    
  2.759027     -4.181674    
  2.759113     -4.182244    
  2.759911     -4.184798    
  2.759997     -4.183649    
  2.763464     -4.190565    
  2.763551     -4.190592    
  2.765400     -4.194008    
  2.765487     -4.194053    
  2.765755     -4.194497    
  2.765842     -4.194603    
  2.766689     -4.195969    
  2.766776     -4.183484    
  2.768842     -4.237285    
  2.768929     -4.274921    
  2.769216     -4.264841    
  2.769303     -4.218601    
  2.772541     -4.200598    
  2.772628     -4.210515    
  2.781421     -4.228446    
  2.781508     -4.224650    
  2.783749     -4.228925    
  2.783836     -4.227364    
  2.786316     -4.325409    
  2.786403     -4.421238    
  2.789343     -4.178582    
  2.789430     -4.232696    
  2.792049     -4.244669    
  2.792136     -4.244129    
  2.795957     -4.252788    
  2.796043     -4.241627    
  2.799021     -4.290996    
  2.799107     -6.312844    
  2.799738     -5.372246    
  2.799825     -5.389043    
  2.801475     -4.274072    
  2.801562     -4.145625    
  2.809060     -4.299338    
  2.816430     -4.292897    
  2.816517     -4.293361    
  2.817018     -4.294345    
  2.817105     -4.294510    
  2.818570     -4.297444    
  2.818657     -4.297502    
  2.823371     -4.307301    
  2.823458     -4.307640    
  2.826003     -4.312408    
  2.826090     -4.312342    
  2.829613     -4.322249    
  2.829700     -4.319733    
  2.832995     -4.326611    
  2.833082     -4.328264    
  2.835804     -4.336602    
  2.835890     -4.332697    
  2.836249     -4.334299    
  2.836336     -4.334797    
  2.836442     -4.335341    
  2.836529     -4.384086    
  2.841429     -4.353833    
  2.841516     -4.343727    
  2.844722     -4.350458    
  2.844809     -4.350371    
  2.845614     -4.352307    
  2.845701     -4.352615    
  2.845992     -4.353222    
  2.846079     -4.353358    
  2.846320     -4.353719    
  2.846407     -4.354532    
  2.851273     -4.370834    
  2.851359     -4.363997    
  2.851605     -4.364484    
  2.851692     -4.364680    
  2.852906     -4.367432    
  2.852993     -4.367492    
  2.853657     -4.368932    
  2.853730     -4.369123    
  2.853816     -4.368700    
  2.856721     -4.384929    
  2.856808     -4.375423    
  2.861695     -4.385733    
  2.861782     -4.385715    
  2.863190     -4.388977    
  2.863277     -4.388920    
  2.864011     -4.389951    
  2.864097     -4.390261    
  2.864172     -4.390454    
  2.864259     -4.390638    
  2.866955     -4.397108    
  2.867042     -4.396133    
  2.872704     -4.408484    
  2.872791     -4.405053    
  2.877117     -4.433479    
  2.877204     -4.432367    
  2.880603     -4.424127    
  2.880690     -4.429107    
  2.882313     -4.788279    
  2.882400     -4.767855    
  2.882670     -4.723888    
  2.882757     -5.550253    
  2.886654     -4.393563    
  2.886684     -4.257807    
  2.886741     -4.260332    
  2.886771     -4.263566    
  2.887555     -4.291298    
  2.887642     -4.371314    
  2.893704     -4.499856    
  2.893791     -4.451679    
  2.894071     -4.452327    
  2.894157     -4.452673    
  2.895095     -4.455250    
  2.895182     -4.455370    
  2.895490     -4.456098    
  2.895577     -4.456147    
  2.896767     -4.459342    
  2.896854     -4.448035    
  2.897787     -4.703021    
  2.897874     -4.579671    
  2.899209     -4.626976    
  2.899296     -4.573991    
  2.901336     -4.389443    
  2.901423     -4.451728    
  2.905548     -4.480322    
  2.905635     -4.478176    
  2.908098     -4.486020    
  2.908185     -4.483697    
  2.908477     -4.484332    
  2.908564     -4.483923    
  2.916527     -4.504103    
  2.916614     -4.502550    
  2.916785     -4.503176    
  2.916872     -4.503566    
  2.917171     -4.506610    
  2.917258     -4.507706    
  2.921759     -4.512887    
  2.921845     -4.515387    
  2.925029     -4.526630    
  2.925116     -4.521688    
  2.925683     -4.522191    
  2.925770     -4.522342    
  2.925849     -4.522476    
  2.925936     -4.522639    
  2.926028     -4.522869    
  2.927554     -4.526402    
  2.927641     -4.526361    
  2.927672     -4.526418    
  2.927759     -4.526588    
  2.927951     -4.527014    
  2.928037     -4.527249    
  2.928671     -4.528721    
  2.928758     -4.528899    
  2.929127     -4.529739    
  2.929213     -4.529961    
  2.929524     -4.530664    
  2.929611     -4.530875    
  2.929967     -4.530605    
  2.930054     -4.530229    
  2.930245     -4.529758    
  2.930332     -4.529630    
  2.930604     -4.530617    
  2.930644     -4.531020    
  2.930691     -4.531393    
  2.930731     -4.531720    
  2.930956     -4.533781    
  2.931043     -4.535656    
  2.932654     -4.537009    
  2.932741     -4.536953    
  2.933595     -4.540085    
  2.933682     -4.541070    
  2.934646     -4.540273    
  2.934733     -4.539939    
  2.934790     -4.539933    
  2.934877     -4.539896    
  2.935353     -4.541098    
  2.935439     -4.540887    
  2.936807     -4.546963    
  2.936894     -4.547770    
  2.937517     -4.550119    
  2.937604     -4.549262    
  2.942728     -4.555584    
  2.942815     -4.559885    
  2.943758     -4.562263    
  2.943845     -4.562496    
  2.943894     -4.562600    
  2.943981     -4.562944    
  2.945266     -4.564004    
  2.945353     -4.564030    
  2.946273     -4.567156    
  2.946360     -4.567625    
  2.946687     -4.568687    
  2.946746     -4.568789    
  2.946774     -4.568850    
  2.946833     -4.568565    
  2.950770     -4.575873    
  2.950857     -4.576944    
  2.951287     -4.577956    
  2.951374     -4.578248    
  2.951710     -4.579335    
  2.951797     -4.579663    
  2.952602     -4.581623    
  2.952688     -4.581875    
  2.953750     -4.584648    
  2.953837     -4.584777    
  2.953990     -4.585187    
  2.954077     -4.585444    
  2.954361     -4.586227    
  2.954448     -4.586461    
  2.955030     -4.587185    
  2.955117     -4.587229    
  2.955739     -4.588607    
  2.955826     -4.588855    
  2.956162     -4.589570    
  2.956248     -4.589727    
  2.956346     -4.589909    
  2.956433     -4.590017    
  2.957599     -4.593186    
  2.957685     -4.593223    
  2.957790     -4.593325    
  2.958490     -4.594356    
  2.958577     -4.594714    
  2.958702     -4.595145    
  2.958789     -4.595491    
  2.959196     -4.597146    
  2.959269     -4.597361    
  2.959356     -4.597617    
  2.959520     -4.598033    
  2.959575     -4.598175    
  2.959607     -4.598264    
  2.959642     -4.598369    
  2.959678     -4.598482    
  2.959729     -4.598653    
  2.959837     -4.599080    
  2.959916     -4.599445    
  2.960003     -4.600300    
  2.960694     -4.601744    
  2.960781     -4.601163    
  2.961122     -4.600723    
  2.961209     -4.444871    
  2.965318     -4.610432    
  2.965405     -4.881461    
  2.973340     -4.303338    
  2.973427     -4.458210    
  2.975729     -4.356991    
  2.975815     -4.328619    
  2.976171     -4.391496    
  2.976258     -4.386791    
  2.981363     -4.435815    
  2.981450     -4.338848    
  2.982423     -4.742585    
  2.982509     -4.660946    
  2.982872     -4.493662    
  2.982959     -4.384582    
  2.994503     -4.432663    
  3.005749     -4.435944    
  3.005836     -4.426259    
  3.008346     -4.430596    
  3.008392     -4.426040    
  3.008433     -4.426142    
  3.008479     -4.471940    
  3.022969     -4.482855    
  3.023055     -4.470301    
  3.024662     -4.474737    
  3.024749     -4.472791    
  3.026972     -4.479645    
  3.027058     -4.478976    
  3.028439     -4.481333    
  3.028526     -4.488349    
  3.041713     -4.558224    
  3.041799     -4.523116    
  3.044019     -4.529753    
  3.044106     -4.531177    
  3.046417     -4.546935    
  3.046504     -4.545721    
  3.047266     -4.545159    
  3.047353     -4.541602    
  3.053134     -4.562143    
  3.053221     -4.610952    
  3.056619     -4.588276    
  3.056706     -4.634427    
  3.057754     -4.583970    
  3.057841     -4.571930    
  3.072777     -4.634314    
  3.072864     -4.623583    
  3.074515     -4.628030    
  3.074602     -4.642681    
  3.082910     -4.658197    
  3.082997     -4.631290    
  3.085748     -4.773823    
  3.085835     -4.888137    
  3.088154     -4.598283    
  3.088240     -4.622745    
  3.089212     -4.672390    
  3.089299     -4.688350    
  3.092941     -4.708889    
  3.093028     -4.649524    
  3.093244    -100.00000    
  3.093331     -8.661376    
  3.093732     -7.723467    
  3.093819    -100.00000    
  3.096179     -4.576514    
  3.096266     -4.512075    
  3.099391     -4.717057    
  3.099477     -4.715889    
  3.110593     -4.770596    
  3.110679     -4.767697    
  3.114687     -4.766317    
  3.114774     -4.807848    
  3.115819     -4.771118    
  3.115905     -4.764769    
  3.116258     -4.767205    
  3.116344     -4.771604    
  3.116978     -4.776633    
  3.117065     -4.766546    
  3.118889     -4.788286    
  3.118976     -4.783884    
  3.124616     -4.803932    
  3.124703     -4.797084    
  3.125997     -4.812235    
  3.126084     -4.818261    
  3.126554     -4.815222    
  3.126641     -4.812048    
  3.126962     -4.805228    
  3.127049     -4.802860    
  3.127687     -4.802472    
  3.127774     -4.809966    
  3.129225     -4.814776    
  3.129312     -4.806244    
  3.132800     -4.821171    
  3.132887     -4.821388    
  3.135587     -4.834246    
  3.135674     -4.827806    
  3.138745     -4.875016    
  3.138832     -4.956482    
  3.139047     -4.999546    
  3.139134     -4.974411    
  3.141109     -4.825654    
  3.141196     -4.865438    
  3.143577     -4.852599    
  3.143664     -4.857588    
  3.144101     -4.872905    
  3.144188     -4.887175    
  3.144945     -4.895475    
  3.145031     -4.870765    
  3.146758     -4.885574    
  3.146845     -4.913366    
  3.146888     -4.920588    
  3.146975     -4.966989    
  3.147795     -4.979677    
  3.147882     -4.914435    
  3.148717     -4.866310    
  3.148804     -4.887388    
  3.149747     -4.890445    
  3.149834     -4.882895    
  3.150628     -4.906172    
  3.150714     -4.908116    
  3.151276     -4.904808    
  3.151363     -4.902560    
  3.152544     -4.887014    
  3.152631     -4.891226    
  3.152935     -4.899642    
  3.153022     -4.902089    
  3.153068     -4.903247    
  3.153155     -4.905226    
  3.153381     -4.907750    
  3.153434     -4.907869    
  3.153468     -4.908004    
  3.153521     -4.909800    
  3.155016     -4.903820    
  3.155103     -4.896468    
  3.159418     -4.913883    
  3.159505     -4.909767    
  3.159758     -4.910227    
  3.159845     -4.918928    
  3.164009     -4.937515    
  3.164096     -4.925014    
  3.164633     -4.933464    
  3.164720     -4.934945    
  3.164846     -4.936224    
  3.164933     -4.936410    
  3.165979     -4.936322    
  3.166066     -4.940457    
  3.171670     -4.958653    
  3.171756     -4.957434    
  3.173578     -4.955738    
  3.173665     -4.956978    
  3.174167     -4.960187    
  3.174254     -4.958054    
  3.179466     -4.975318    
  3.179553     -4.976183    
  3.180463     -4.978366    
  3.180550     -4.978618    
  3.181675     -4.983046    
  3.181761     -4.983584    
  3.184969     -4.993723    
  3.185055     -4.993126    
  3.187464     -5.003345    
  3.187494     -5.003324    
  3.187551     -5.003471    
  3.187581     -5.003611    
  3.188338     -5.004788    
  3.188425     -5.004840    
  3.189356     -5.007572    
  3.189443     -5.093374    
  3.190962     -5.230650    
  3.191049     -5.100993    
  3.191119     -5.089172    
  3.191206     -5.076793    
  3.192224     -5.210627    
  3.192311     -5.138501    
  3.194885     -4.952277    
  3.194972     -5.005460    
  3.196916     -5.031999    
  3.197003     -5.028689    
  3.203163     -5.056179    
  3.203249     -5.055312    
  3.204661     -5.058960    
  3.204747     -5.060098    
  3.207365     -5.069083    
  3.207452     -5.070104    
  3.209135     -5.076497    
  3.209222     -5.075621    
  3.209715     -5.077195    
  3.209802     -5.092270    
  3.217531     -5.084152    
  3.217618     -4.948165    
  3.217704     -4.951161    
  3.217791     -4.957053    
  3.218329     -4.992225    
  3.218415     -5.077986    
  3.233361     -5.171776    
  3.233448     -5.187069    
  3.243111     -5.191935    
  3.243198     -5.203015    
  3.251238     -5.217790    
  3.251325     -5.219532    
  3.261641     -5.256037    
  3.261728     -5.256107    
  3.263462     -5.261554    
  3.263549     -5.261948    
  3.271269     -5.288952    
  3.271355     -5.289544    
  3.271415     -5.289771    
  3.271502     -5.290058    
  3.273253     -5.295773    
  3.273340     -5.296081    
  3.276754     -5.308083    
  3.276841     -5.311659    
  3.279706     -5.318004    
  3.279793     -5.318675    
  3.281662     -5.325218    
  3.281749     -5.325408    
  3.283538     -5.331716    
  3.283625     -5.332012    
  3.285833     -5.339794    
  3.285920     -5.340169    
  3.289028     -5.351159    
  3.289115     -5.351148    
  3.291415     -5.359472    
  3.291501     -5.359814    
  3.292656     -5.363460    
  3.292743     -5.363926    
  3.294670     -5.370781    
  3.294757     -5.371000    
  3.295898     -5.375127    
  3.295985     -5.375439    
  3.296762     -5.378087    
  3.296849     -5.378481    
  3.299441     -5.387419    
  3.299528     -5.387798    
  3.301132     -5.393475    
  3.301219     -5.393745    
  3.305074     -5.407335    
  3.305161     -5.407653    
  3.305985     -5.410540    
  3.306072     -5.410853    
  3.306887     -5.413673    
  3.306974     -5.414550    
  3.309364     -5.424569    
  3.309451     -5.422726    
  3.309833     -5.424042    
  3.309920     -5.424333    
  3.310624     -5.426821    
  3.310710     -5.427137    
  3.310978     -5.428056    
  3.311065     -5.428346    
  3.311327     -5.429240    
  3.311414     -5.429540    
  3.311825     -5.431051    
  3.311912     -5.431384    
  3.312012     -5.431760    
  3.312099     -5.419294    
  3.333122     -5.501737    
  3.333209     -5.495020    
  3.343376     -5.533831    
  3.343463     -5.526087    
  3.351164     -5.557637    
  3.351250     -5.550101    
  3.351681     -5.551548    
  3.351768     -5.561356    
  3.363548     -5.593379    
  3.363635     -5.614350    
  3.367434     -5.617302    
  3.367521     -5.608256    
  3.377612     -5.644337    
  3.377699     -5.644017    
  3.379159     -5.651981    
  3.379246     -5.704817    
  3.382086     -5.651771    
  3.382173     -5.666145    
  3.385882     -5.672463    
  3.385969     -5.674643    
  3.389771     -5.688323    
  3.389858     -5.688646    
  3.395039     -5.707336    
  3.395125     -5.707672    
  3.400648     -5.727572    
  3.400735     -5.727853    
  3.400855     -5.728388    
  3.400942     -5.754261    
  3.403535     -5.765335    
  3.403595     -5.736705    
  3.403622     -5.736868    
  3.403681     -5.737290    
  3.404126     -5.738925    
  3.404213     -5.739879    
  3.414942     -5.780236    
  3.415029     -5.779750    
  3.419275     -5.795127    
  3.419361     -5.795455    
  3.421764     -5.804175    
  3.421851     -5.804428    
  3.426245     -5.820743    
  3.426332     -5.820939    
  3.434923     -5.851719    
  3.435010     -5.859094    
  3.442825     -5.888097    
  3.442912     -5.881003    
  3.444934     -5.888517    
  3.445021     -5.888815    
  3.449934     -5.906757    
  3.450021     -5.907255    
  3.466667     -5.967822    
  3.466754     -5.968192    
  3.467592     -5.970994    
  3.467679     -5.971118    
  3.468746     -5.975489    
  3.468833     -5.975795    
  3.469843     -5.979508    
  3.469930     -5.980084    
  3.472928     -5.990683    
  3.473015     -5.991139    
  3.480890     -6.019640    
  3.480977     -6.020289    
  3.485957     -6.038450    
  3.486044     -6.038785    
  3.486320     -6.039844    
  3.486406     -6.040580    
  3.494277     -6.069103    
  3.494364     -6.069634    
  3.503878     -6.104822    
  3.503965     -6.105472    
  3.505952     -6.110872    
  3.506039     -6.109249    
  3.506892     -6.106086    
  3.506979     -6.122854    
  3.515804     -6.142907    
  3.515836     -6.148226    
  3.515891     -6.148411    
  3.515923     -6.148647    
  3.534135     -6.216142    
  3.534222     -6.216060    
  3.535311     -6.218548    
  3.535397     -6.220264    
  3.539346     -6.235340    
  3.539433     -6.235905    
  3.543849     -6.249781    
  3.543936     -6.256483    
  3.544500     -6.253624    
  3.544586     -6.251818    
  3.545154     -6.252368    
  3.545241     -6.254611    
  3.552154     -6.283503    
  3.552241     -6.282939    
  3.553235     -6.286803    
  3.553322     -6.287078    
  3.555627     -6.295545    
  3.555714     -6.295807    
  3.557696     -6.303422    
  3.557783     -6.303496    
  3.558846     -6.307225    
  3.558933     -6.307694    
  3.559110     -6.308422    
  3.559197     -6.308829    
  3.560994     -6.315403    
  3.561019     -6.315436    
  3.561080     -6.315651    
  3.561106     -6.315738    
  3.561368     -6.316699    
  3.561455     -6.317032    
  3.561702     -6.317991    
  3.561789     -6.318329    
  3.561899     -6.318752    
  3.561986     -6.326212    
  3.565681     -6.307240    
  3.565768     -6.304558    
  3.568654     -6.338241    
  3.568741     -6.338707    
  3.572245     -6.348737    
  3.572332     -6.348585    
  3.628600     -6.545000    
  3.628687     -6.543527    
  3.631423     -6.553657    
  3.631510     -6.553993    
  3.632293     -6.556924    
  3.632379     -6.557230    
  3.634321     -6.564467    
  3.634408     -6.569562    
  3.644191     -6.609373    
  3.644278     -6.600388    
  3.656741     -6.649435    
  3.656828     -6.658022    
  3.663615     -6.676141    
  3.663702     -6.683235    
  3.670110     -6.698608    
  3.670197     -6.757764    
  3.673498     -6.505779    
  3.673585     -6.647229    
  3.687730     -6.795199    
  3.687817     -6.756938    
  3.688052     -6.758222    
  3.688139     -6.754093    
  3.688708     -6.823246    
  3.688795     -6.834981    
  3.688862     -6.839228    
  3.688948     -6.800736    
  3.691459     -6.752792    
  3.691546     -6.776589    
  3.695795     -6.793065    
  3.695882     -6.794497    
  3.713236     -6.859666    
  3.713322     -6.861057    
  3.719779     -6.880976    
  3.719866     -6.883919    
  3.725984     -6.907376    
  3.726070     -6.907696    
  3.733043     -6.933828    
  3.733130     -6.947502    
  3.740126     -6.959729    
  3.740213     -6.960612    
  3.740628     -6.962226    
  3.740715     -6.962616    
  3.751777     -7.004136    
  3.751863     -7.004433    
  3.753187     -7.009406    
  3.753274     -7.009723    
  3.753882     -7.012003    
  3.753969     -7.012327    
  3.754658     -7.014924    
  3.754745     -7.015249    
  3.755217     -7.017018    
  3.755304     -7.017342    
  3.755522     -7.018161    
  3.755609     -7.018488    
  3.755717     -7.018891    
  3.755803     -7.017824    
  3.793452     -7.161107    
  3.793539     -7.159490    
  3.804079     -7.200712    
  3.804166     -7.199346    
  3.806615     -7.207136    
  3.806702     -7.239791    
  3.821564     -7.191065    
  3.821651     -7.257189    
  3.838150     -7.330367    
  3.838237     -7.329415    
  3.842793     -7.346506    
  3.842880     -7.343554    
  3.865757     -7.429876    
  3.865844     -7.430673    
  3.866035     -7.431389    
  3.866122     -7.431713    
  3.871179     -7.450721    
  3.871266     -7.451195    
  3.892235     -7.530736    
  3.892321     -7.530215    
  3.894387     -7.537988    
  3.894474     -7.538351    
  3.895132     -7.540684    
  3.895219     -7.540815    
  3.898660     -7.554180    
  3.898747     -7.554398    
  3.900415     -7.560670    
  3.900502     -7.561013    
  3.902270     -7.567652    
  3.902356     -7.567992    
  3.904208     -7.574951    
  3.904295     -7.575282    
  3.905964     -7.581578    
  3.906051     -7.581888    
  3.906858     -7.584938    
  3.906945     -7.585265    
  3.908342     -7.590524    
  3.908429     -7.590860    
  3.913068     -7.608339    
  3.913155     -7.608655    
  3.913186     -7.608772    
  3.913273     -7.609100    
  3.913769     -7.610967    
  3.913856     -7.611297    
  3.913885     -7.611406    
  3.913972     -7.611738    
  3.914081     -7.612154    
  3.914168     -7.613141    
  3.916915     -7.621036    
  3.917002     -7.623731    
  3.968835     -7.817919    
  3.968922     -7.816783    
  3.983439     -7.872662    
  3.983526     -7.870322    
  3.993238     -7.910934    
  3.993325     -7.895549    
  4.025832     -8.021117    
  4.025919     -8.032583    
  4.034774     -8.066067    
  4.034860     -8.066411    
  4.038365     -8.079785    
  4.038452     -8.075200    
  4.047778     -8.113152    
  4.047808     -8.114681    
  4.047865     -8.114968    
  4.047895     -8.118007    
  4.073362     -8.204024    
  4.073449     -8.213335    
  4.128589     -8.416519    
  4.128676     -8.420583    
  4.150175     -8.502211    
  4.150262     -8.502587    
  4.155926     -8.523513    
  4.156013     -8.523270    
  4.161727     -8.545490    
  4.161814     -8.545958    
  4.163762     -8.553368    
  4.163849     -8.553695    
  4.163959     -8.554106    
  4.164046     -8.556211    
  4.251427     -8.884343    
  4.251514     -8.885536    
  4.266067     -8.932997    
  4.266154     -8.872203    
  4.339907     -9.251965    
  4.339994     -9.204028    
  4.353233     -9.266588    
  4.353320     -9.264663    
  4.356074     -9.274066    
  4.356161     -9.273037    
  4.357582     -9.277784    
  4.357669     -9.279854    
  4.357779     -9.280515    
  4.357865     -9.284571    
  4.440368     -9.579214    
  4.440455     -9.583740    
  4.512937     -9.839671    
  4.513024     -9.853191    
  4.514610     -9.859095    
  4.514697     -9.859484    
  4.515945     -9.863996    
  4.516032     -9.864188    
  4.516141     -9.864541    
  4.516228     -9.863989    
  4.585469     -10.11024    
  4.585556     -10.09770    
  4.648489     -10.32665    
  4.648576     -10.34038    
  4.649548     -10.34523    
  4.649635     -10.34545    
  4.649838     -10.34625    
  4.649925     -10.34658    
  4.650035     -10.34697    
  4.650122     -10.33249    
  4.709765     -10.54542    
  4.709852     -10.55056    
  4.765753     -10.74291    
  4.765822     -10.75275    
  4.765844     -10.75283    
  4.765909     -10.75304    
  4.765931     -10.75311    
  4.766019     -10.75341    
  4.766106     -10.74248    
  4.818480     -10.93545    
  4.818567     -10.92602    
  4.868094     -11.08094    
  4.868127     -11.10246    
  4.868152     -11.10255    
  4.868181     -11.10266    
  4.868214     -11.10278    
  4.868239     -11.10287    
  4.868324     -11.10318    
  4.868411     -11.03062    
  4.915089     -11.28582    
  4.915176     -11.26174    
  4.959449     -11.39810    
  4.959536     -11.40479    
  4.959642     -11.40470    
  4.959667     -11.40565    
  4.959729     -11.40991    
  4.959754     -11.41252    
  4.959839     -11.42412    
  4.959925     -11.39883    
  5.002021     -11.50479    
  5.002108     -11.54711    
  5.041986     -11.67322    
  5.042072     -11.67886    
  5.042428     -11.68015    
  5.042455     -11.68024    
  5.042515     -11.68045    
  5.042541     -11.68054    
  5.042624     -11.68079    
  5.042711     -11.66542    
  5.081038     -11.79808    
  5.081125     -11.75576    
  5.117569     -11.89406    
  5.117655     -11.92162    
  5.118005     -11.92092    
  5.118030     -11.91968    
  5.118092     -11.93413    
  5.118117     -11.94889    
  5.118201     -11.99882    
  5.118288     -11.85432    
  5.153462     -12.05664    
  5.153549     -12.02830    
  5.187204     -12.14086    
  5.187290     -12.13782    
  5.187529     -12.13744    
  5.187558     -12.13741    
  5.187616     -12.13737    
  5.187645     -12.13735    
  5.187725     -12.13737    
  5.187812     -12.12964    
  5.251180     -12.30649    
  5.251266     -12.33609    
  5.251931     -12.33954    
  5.252018     -12.34005    
  5.252095     -12.34046    
  5.252182     -12.33122    
  5.311750     -12.50129    
  5.311837     -12.52256    
  5.311944     -12.52282    
  5.312021     -12.52298    
  5.312108     -12.52556    
  5.368079     -12.65466    
  5.368165     -12.68265    
  5.420737     -12.84853    
  5.420823     -12.83542    
  5.470384     -12.95085    
  5.470471     -12.98175    
  5.517346     -13.13137    
  5.517433     -13.11898    
  5.561899     -13.24545    
  5.561985     -13.26085    
  5.604277     -13.34790    
  5.604364     -13.38193    
  5.644684     -13.48403    
  5.644771     -13.49199    
  6.103027     -14.78032    
  6.321002     -15.39049    
  6.573673     -16.08749    
  6.848341     -16.84291    
  7.135565     -17.63371    
  7.429524     -18.45361    
  7.726975     -19.30204    
  8.026204     -20.19473    
  8.326331     -21.17854    
  8.626909     -22.40665    
  8.927713    -100.00000    
