 0.6989700    -100.00000    
 0.7331214    -100.00000    
 0.7647820    -100.00000    
 0.7942904    -100.00000    
 0.8219208     -78.44798    
 0.8220077     -78.17332    
 0.8256567     -77.37998    
 0.8257436    -100.00000    
 0.8647793    -100.00000    
 0.9005939    -100.00000    
 0.9336786    -100.00000    
 0.9644204    -100.00000    
 0.9931293    -100.00000    
  1.020057    -100.00000    
  1.045413    -100.00000    
  1.069370    -100.00000    
  1.092073    -100.00000    
  1.113649    -100.00000    
  1.153828     -29.69631    
  1.190604     -30.55812    
  1.224506     -29.33708    
  1.224593    -100.00000    
  1.258242     -16.09042    
  1.258328     -16.63661    
  1.281053     -15.83106    
  1.281140    -100.00000    
  1.305129     -19.74055    
  1.305216    -100.00000    
  1.326885     -27.18228    
  1.326972     -15.13490    
  1.346664     -15.28348    
  1.346750    -100.00000    
  1.351328     -19.08327    
  1.351414    -100.00000    
  1.362515     -18.42206    
  1.362602     -17.24875    
  1.390867     -18.07315    
  1.390954     -16.24640    
  1.403133     -15.91111    
  1.403220    -100.00000    
  1.416604     -17.99304    
  1.416691     -17.77010    
  1.442990     -17.85604    
  1.443077    -100.00000    
  1.465932     -15.57188    
  1.466019    -100.00000    
  1.485843     -21.08250    
  1.485929    -100.00000    
  1.499940     -22.87500    
  1.500027     -23.23642    
  1.524019     -16.66348    
  1.546755    -100.00000    
  1.546842    -100.00000    
  1.576102     -24.28448    
  1.576189     -21.22617    
  1.604747    -100.00000    
  1.604834     -16.47730    
  1.629405    -100.00000    
  1.629492    -100.00000    
  1.655461     -29.25878    
  1.679965    -100.00000    
  1.703160    -100.00000    
  1.725179     -34.63431    
  1.725266     -30.97733    
  1.731654     -29.97171    
  1.731741    -100.00000    
  1.762029    -100.00000    
  1.790341     -21.31253    
  1.790428     -19.91002    
  1.817058     -21.32202    
  1.842149    -100.00000    
  1.842236     -21.66651    
  1.843313     -21.24720    
  1.843400    -100.00000    
  1.861079     -20.95757    
  1.861166    -100.00000    
  1.861837     -21.15920    
  1.861924     -20.12896    
  1.874931     -20.90072    
  1.875018     -19.96102    
  1.914140     -20.40955    
  1.914227     -19.83993    
  1.921566     -19.84440    
  1.921653     -21.33672    
  1.926897     -19.98559    
  1.926984     -19.72026    
  1.953068    -100.00000    
  1.953155     -21.88910    
  1.971846     -21.43324    
  1.971933     -21.71044    
  1.992517     -20.99703    
  1.992604     -20.57539    
  1.993799     -20.01286    
  1.993886     -20.32837    
  1.994140     -20.84196    
  1.994226     -21.26435    
  1.996545     -22.64545    
  1.996632     -22.87197    
  1.998156     -21.70684    
  1.998243     -21.57893    
  2.000011     -21.93526    
  2.000098     -20.53346    
  2.005591    -100.00000    
  2.005678     -21.05358    
  2.007909    -100.00000    
  2.007996     -22.07700    
  2.009188     -22.36317    
  2.009275     -21.34777    
  2.036803     -21.47238    
  2.036890     -22.02948    
  2.061295     -21.79652    
  2.061382     -21.32677    
  2.077530    -100.00000    
  2.077617     -20.48593    
  2.095978    -100.00000    
  2.096065    -100.00000    
  2.097299    -100.00000    
  2.097386    -100.00000    
  2.102584    -100.00000    
  2.102671    -100.00000    
  2.103399    -100.00000    
  2.103486    -100.00000    
  2.105825    -100.00000    
  2.105912    -100.00000    
  2.106091    -100.00000    
  2.106178    -100.00000    
  2.111629    -100.00000    
  2.111716     -18.67130    
  2.119223     -18.08708    
  2.119310     -18.40003    
  2.124245    -100.00000    
  2.124332     -18.72748    
  2.137459     -18.30682    
  2.137546     -17.42672    
  2.138137     -17.46296    
  2.138224     -17.65364    
  2.138688    -100.00000    
  2.138775    -100.00000    
  2.149371     -17.31438    
  2.149458     -17.72546    
  2.150309    -100.00000    
  2.150396    -100.00000    
  2.150438    -100.00000    
  2.150525     -17.33073    
  2.156847     -16.97905    
  2.156934     -17.01849    
  2.168071     -16.46395    
  2.168158     -16.49045    
  2.177603     -16.10406    
  2.177690     -16.13159    
  2.191113     -15.65427    
  2.191200     -15.48589    
  2.197200     -15.33291    
  2.197287     -15.42008    
  2.203933     -15.26086    
  2.204020     -15.35708    
  2.204170     -15.22360    
  2.204257     -15.17578    
  2.204684     -15.16244    
  2.204771     -15.16376    
  2.211353     -14.90771    
  2.217836     -14.74344    
  2.217923     -14.71614    
  2.217949     -14.75826    
  2.218036     -14.91911    
  2.218819     -15.09293    
  2.218906     -15.06389    
  2.223758     -14.90965    
  2.223844     -14.92361    
  2.230357     -14.73916    
  2.236772     -14.53771    
  2.236859     -14.55248    
  2.239623     -14.44021    
  2.239710     -15.10512    
  2.244929     -14.91414    
  2.250086     -14.80754    
  2.250173     -15.20676    
  2.253696     -14.93896    
  2.253782     -14.87150    
  2.256807     -14.80944    
  2.259811     -14.15331    
  2.262794     -14.51102    
  2.265757     -14.49883    
  2.265844     -14.55982    
  2.267022     -14.48813    
  2.267109     -14.44653    
  2.270424     -15.02385    
  2.270511     -14.73899    
  2.273172     -14.63163    
  2.275818     -13.48249    
  2.275905     -13.84825    
  2.278993     -14.88583    
  2.279080     -14.31995    
  2.281448     -14.15805    
  2.283804     -14.45020    
  2.283891     -14.52364    
  2.286548     -14.43858    
  2.286635     -14.13682    
  2.286786     -14.20576    
  2.286873    -100.00000    
  2.289321     -13.32987    
  2.291755     -14.47934    
  2.294175     -14.11880    
  2.296582     -13.66172    
  2.298976     -13.92102    
  2.301356     -13.60090    
  2.303724     -13.13518    
  2.304903     -13.03874    
  2.306078     -13.34753    
  2.306165     -13.36192    
  2.308271     -14.15262    
  2.309320     -13.18196    
  2.310367     -14.55943    
  2.311411     -13.08596    
  2.312452     -13.48176    
  2.313491     -13.55585    
  2.314528     -13.79932    
  2.314614     -13.72806    
  2.315825     -13.74001    
  2.317033     -14.00424    
  2.318237     -13.16582    
  2.319437     -13.47397    
  2.320635     -13.55547    
  2.321829     -13.57235    
  2.323020     -13.42343    
  2.324207     -13.75527    
  2.324294     -13.75136    
  2.325800     -12.99834    
  2.325887     -13.21517    
  2.326813     -13.14974    
  2.327736     -13.31983    
  2.327823     -13.48317    
  2.328856     -13.75518    
  2.329886     -13.15045    
  2.330914     -13.31566    
  2.331939     -13.70233    
  2.332026     -13.41487    
  2.333111     -13.57197    
  2.334194     -13.60507    
  2.335274     -13.53566    
  2.336352     -13.50679    
  2.336439     -13.53498    
  2.337047     -13.48622    
  2.337655     -13.41833    
  2.338262     -13.28160    
  2.338868     -13.65756    
  2.339473     -13.45455    
  2.340077     -13.51535    
  2.340680     -13.45362    
  2.341283     -13.38254    
  2.341370     -13.35881    
  2.341472     -13.46464    
  2.342517     -13.32725    
  2.342604     -13.26107    
  2.343196     -13.22457    
  2.343786     -13.30233    
  2.343873     -13.09848    
  2.344850     -13.02124    
  2.345825     -13.01745    
  2.345912     -13.07738    
  2.346656     -12.79357    
  2.347399     -12.58865    
  2.348141     -12.45516    
  2.348882     -12.55463    
  2.348969     -13.20133    
  2.349884     -12.71212    
  2.349971     -12.88462    
  2.350040     -12.86879    
  2.350127     -12.68368    
  2.350953     -13.82788    
  2.351777     -13.33767    
  2.352600     -13.28594    
  2.353421     -13.22977    
  2.353508     -13.20752    
  2.353983     -13.03167    
  2.354070     -13.21077    
  2.354840     -13.06021    
  2.355610     -13.14230    
  2.356378     -12.66164    
  2.357144     -12.92776    
  2.357197     -12.87660    
  2.357231     -12.95197    
  2.357284     -13.08958    
  2.357504     -13.17204    
  2.357582    -100.00000    
  2.357669     -12.43480    
  2.357776     -10.37027    
  2.357863     -10.30316    
  2.360104    -100.00000    
  2.360190    -100.00000    
  2.373546     -5.856937    
  2.373632     -5.593227    
  2.378097    -100.00000    
  2.378184    -100.00000    
  2.381409     -5.779293    
  2.381496     -5.747562    
  2.384668     -4.741245    
  2.384755     -4.789197    
  2.387126    -100.00000    
  2.387213     -6.626159    
  2.397727     -4.949170    
  2.397814     -4.384886    
  2.403706     -4.346088    
  2.403793     -4.345397    
  2.405816     -4.292131    
  2.405903     -4.058281    
  2.409533     -5.453782    
  2.409619     -7.758445    
  2.409967     -6.676253    
  2.410054    -100.00000    
  2.411499     -4.795408    
  2.411586     -4.512500    
  2.413098     -3.907579    
  2.413185     -3.984953    
  2.417226     -4.733967    
  2.417313     -4.872179    
  2.417446     -4.863335    
  2.417533     -4.285715    
  2.429013     -4.392281    
  2.429100     -4.336382    
  2.429782     -4.449613    
  2.429869     -4.479880    
  2.429909     -4.488637    
  2.429996     -4.377364    
  2.433515     -4.322159    
  2.433602     -4.649655    
  2.434760     -4.549135    
  2.434847     -4.414269    
  2.438744     -4.032712    
  2.438831     -4.069310    
  2.441087     -4.208967    
  2.441174     -4.015174    
  2.442885     -4.064193    
  2.442972     -4.277298    
  2.446825     -6.369287    
  2.446912    -100.00000    
  2.449374     -4.424372    
  2.449460     -4.061347    
  2.454772     -4.861445    
  2.454858     -4.231598    
  2.457103     -4.496340    
  2.457190     -4.356941    
  2.462242     -4.290003    
  2.462329     -4.632708    
  2.465051     -5.452394    
  2.465138     -4.997270    
  2.466974     -4.735234    
  2.467061     -4.879621    
  2.469909     -5.136933    
  2.469996     -4.878010    
  2.471129     -4.744353    
  2.471216     -4.717278    
  2.471255     -4.709613    
  2.471342     -4.699667    
  2.471828     -4.693459    
  2.471915     -4.615689    
  2.473553     -4.623520    
  2.473639     -4.748951    
  2.473908     -4.806928    
  2.473994     -4.872065    
  2.475654     -4.465634    
  2.475741     -4.453906    
  2.476442     -4.190485    
  2.476529     -4.157837    
  2.476977     -4.082632    
  2.477064     -4.146007    
  2.479546     -4.698397    
  2.479633     -4.419140    
  2.483967     -5.503114    
  2.484054     -4.619105    
  2.484128     -4.582227    
  2.484215     -4.541446    
  2.484517     -4.432133    
  2.484604     -4.456817    
  2.487037     -4.151722    
  2.487124     -4.207873    
  2.491399     -4.553059    
  2.491486     -4.221017    
  2.493770     -4.268626    
  2.493799     -4.359565    
  2.493857     -4.381954    
  2.493886     -4.557720    
  2.496105     -5.020906    
  2.496192     -4.434535    
  2.497233     -4.181787    
  2.497320     -4.191016    
  2.497678     -4.154513    
  2.497765     -4.161261    
  2.498024     -4.210057    
  2.498111     -4.251389    
  2.501025     -4.284083    
  2.503920     -4.168044    
  2.504007     -4.137730    
  2.504069     -4.136819    
  2.504156     -4.165050    
  2.506191     -4.085786    
  2.506278     -4.069157    
  2.507046     -3.986170    
  2.507133     -3.884253    
  2.509451     -5.392869    
  2.511756     -3.926093    
  2.511843     -3.941632    
  2.512347     -3.831683    
  2.512434     -3.830364    
  2.514176     -3.954911    
  2.514263     -4.028407    
  2.515486     -4.019691    
  2.515573     -3.996219    
  2.515719     -4.015059    
  2.515805     -4.032183    
  2.515872     -4.041908    
  2.515959     -4.062213    
  2.516706     -3.940100    
  2.516793     -3.939658    
  2.516940     -3.929230    
  2.517027     -3.916582    
  2.517941     -3.906553    
  2.518028     -3.929784    
  2.519341     -3.931691    
  2.519428     -3.900276    
  2.521714     -4.069411    
  2.523988     -3.978833    
  2.526250     -4.536023    
  2.528500     -3.937867    
  2.528587     -3.975650    
  2.532731     -3.961759    
  2.532818     -3.935735    
  2.533833     -3.942824    
  2.533920     -3.924945    
  2.537178     -3.994630    
  2.540412     -4.122130    
  2.543622     -4.122067    
  2.546808     -3.974698    
  2.546895     -4.021583    
  2.547436     -4.028926    
  2.547523     -4.113861    
  2.551127     -4.147587    
  2.554701     -4.005430    
  2.554788     -3.996569    
  2.557290     -4.031584    
  2.559779     -4.086404    
  2.562253     -4.338359    
  2.564713     -4.432446    
  2.564799     -4.344463    
  2.568369     -3.996036    
  2.568456     -3.975197    
  2.571315     -4.022825    
  2.571402     -4.037588    
  2.571490     -4.034857    
  2.571576     -4.028944    
  2.572582     -4.109648    
  2.572668     -4.066645    
  2.573820     -4.245381    
  2.573907     -4.217204    
  2.576147     -4.152119    
  2.578375     -4.133878    
  2.580592     -4.198808    
  2.582797     -4.330666    
  2.582884     -4.211193    
  2.586758     -4.787915    
  2.590598     -4.312352    
  2.590685     -4.207261    
  2.593225     -4.146896    
  2.595750     -4.490570    
  2.595837     -4.362494    
  2.598386     -4.300354    
  2.600921     -4.055895    
  2.601008     -4.032298    
  2.603333     -4.155991    
  2.603420     -4.175887    
  2.604635     -4.235135    
  2.604722     -4.239511    
  2.606239     -4.176197    
  2.606324     -4.128552    
  2.606411     -4.074028    
  2.607057     -4.090238    
  2.607144     -4.138986    
  2.607239     -4.148491    
  2.607326     -4.146319    
  2.607391     -4.142945    
  2.607478     -4.137374    
  2.607654     -4.093065    
  2.607741     -4.030817    
  2.611049     -4.156428    
  2.614332     -4.034009    
  2.614419     -4.113124    
  2.617004     -4.005232    
  2.619574     -4.042436    
  2.619659     -4.057628    
  2.619746     -4.091851    
  2.620996     -4.226952    
  2.621082     -4.224356    
  2.621962     -4.233169    
  2.622049     -4.192143    
  2.623324     -4.113536    
  2.623411     -4.108199    
  2.624766     -4.121084    
  2.624853     -4.152431    
  2.627024     -4.119707    
  2.627110     -4.079972    
  2.630435     -4.105304    
  2.630522     -4.124216    
  2.632418     -4.101222    
  2.632505     -4.113408    
  2.633585     -4.038553    
  2.633672     -4.053594    
  2.634210     -4.035900    
  2.634297     -4.045865    
  2.636422     -4.035439    
  2.638537     -4.065164    
  2.640642     -4.054562    
  2.642737     -4.015710    
  2.642824     -4.010502    
  2.645913     -4.011056    
  2.646000     -4.017444    
  2.648513     -4.023231    
  2.648600     -4.033703    
  2.650102     -4.048073    
  2.650189     -4.047518    
  2.650581     -4.065924    
  2.650668     -4.089450    
  2.653884     -4.023869    
  2.653971     -4.030160    
  2.654508     -4.031803    
  2.654595     -4.030409    
  2.655848     -4.062239    
  2.655935     -4.048401    
  2.656856     -4.044150    
  2.656943     -4.086333    
  2.658483     -4.040987    
  2.658570     -4.035901    
  2.659789     -4.042622    
  2.659876     -4.044913    
  2.661632     -4.040231    
  2.661711     -4.047250    
  2.661798     -4.051310    
  2.662214     -4.057847    
  2.662301     -4.052175    
  2.662838     -4.065596    
  2.662925     -4.069847    
  2.663187     -4.068394    
  2.663274     -4.051992    
  2.665319     -4.039212    
  2.665405     -4.042621    
  2.666840     -4.037561    
  2.668270     -4.066822    
  2.668357     -4.038610    
  2.670100     -4.027968    
  2.670187     -4.037736    
  2.670742     -4.042757    
  2.670829     -4.042262    
  2.672470     -4.049035    
  2.674106     -4.047604    
  2.674193     -4.048700    
  2.675152     -4.054414    
  2.675239     -4.053867    
  2.675371     -4.054212    
  2.675458     -4.054287    
  2.676824     -4.060401    
  2.676911     -4.058916    
  2.677751     -4.060054    
  2.677838     -4.060626    
  2.679282     -4.063307    
  2.680721     -4.065179    
  2.682155     -4.067553    
  2.683585     -4.068970    
  2.683672     -4.069478    
  2.684480     -4.070343    
  2.684566     -4.070280    
  2.685714     -4.072025    
  2.685801     -4.071784    
  2.685988     -4.071849    
  2.686075     -4.071790    
  2.686520     -4.072262    
  2.686607     -4.074570    
  2.687327     -4.077115    
  2.688046     -4.073976    
  2.688133     -4.073355    
  2.688542     -4.079486    
  2.688599     -4.082307    
  2.688629     -4.083031    
  2.688686     -4.085444    
  2.689808     -4.073661    
  2.690927     -4.079529    
  2.691014     -4.073735    
  2.691670     -4.079700    
  2.692326     -4.076977    
  2.692981     -4.078097    
  2.693635     -4.079353    
  2.693722     -4.079555    
  2.694340     -4.080911    
  2.694958     -4.082498    
  2.695575     -4.083437    
  2.696192     -4.083704    
  2.696807     -4.102758    
  2.697422     -4.101612    
  2.698035     -4.091180    
  2.698648     -4.089100    
  2.698717     -4.089468    
  2.698803     -4.089521    
  2.699142     -4.089999    
  2.699229     -4.090067    
  2.700077     -4.091269    
  2.700500     -4.092387    
  2.700923     -4.092850    
  2.701345     -4.093184    
  2.701767     -4.093622    
  2.702189     -4.094132    
  2.702610     -4.094674    
  2.702697     -4.076560    
  2.706323     -4.154762    
  2.706410     -4.134457    
  2.707308     -4.096596    
  2.707395     -4.114940    
  2.708280     -4.129307    
  2.708352     -4.105774    
  2.708438     -4.100186    
  2.709271     -4.085555    
  2.709358     -4.085735    
  2.712230     -4.123371    
  2.712317     -4.109057    
  2.715874     -4.116223    
  2.715961     -4.113204    
  2.716395     -4.113225    
  2.716481     -4.113369    
  2.716568     -4.110286    
  2.721359     -4.130835    
  2.721446     -4.129749    
  2.724957     -4.127277    
  2.725044     -4.124219    
  2.725129     -4.124225    
  2.725216     -4.124544    
  2.727523     -4.124185    
  2.727610     -4.125357    
  2.728146     -4.127016    
  2.728233     -4.127564    
  2.728368     -4.128149    
  2.728455     -4.128489    
  2.728556     -4.128878    
  2.728643     -4.134664    
  2.735898     -4.142551    
  2.735985     -4.141224    
  2.736079     -4.141262    
  2.737059     -4.142790    
  2.737146     -4.142899    
  2.738167     -4.144944    
  2.738254     -4.146114    
  2.740490     -4.148236    
  2.740577     -4.149231    
  2.742815     -4.151688    
  2.742902     -4.067613    
  2.743703     -4.574763    
  2.743790     -4.391750    
  2.753428     -4.068571    
  2.753515     -4.167178    
  2.753850     -4.167634    
  2.753937     -4.167765    
  2.754509     -4.168975    
  2.754596     -4.169052    
  2.754850     -4.169319    
  2.754937     -4.168424    
  2.756676     -4.178041    
  2.756763     -4.189822    
  2.758474     -4.173850    
  2.758561     -4.175632    
  2.759027     -4.176411    
  2.759113     -4.177357    
  2.759911     -4.178293    
  2.759997     -4.176987    
  2.763464     -4.182304    
  2.763551     -4.182343    
  2.765400     -4.185267    
  2.765487     -4.184879    
  2.765755     -4.185076    
  2.765842     -4.177530    
  2.766689     -4.209233    
  2.766776     -4.204122    
  2.768842     -4.192758    
  2.768929     -4.221380    
  2.769216     -4.205243    
  2.769303     -4.191782    
  2.772541     -4.190387    
  2.772628     -4.192935    
  2.781421     -4.215528    
  2.781508     -4.202142    
  2.783749     -4.208787    
  2.783836     -4.245712    
  2.786316     -5.620271    
  2.786403     -4.275845    
  2.789343     -4.075765    
  2.789430     -4.175699    
  2.792049     -4.222042    
  2.792136     -4.218488    
  2.795957     -4.230671    
  2.796043     -4.229858    
  2.799021     -4.234631    
  2.799107     -4.203191    
  2.799738     -4.579510    
  2.799825     -4.960042    
  2.801475     -4.390737    
  2.801562     -4.216112    
  2.816430     -4.273013    
  2.816517     -4.261206    
  2.817018     -4.261771    
  2.817105     -4.261805    
  2.818570     -4.264100    
  2.818657     -4.264124    
  2.823371     -4.272045    
  2.823458     -4.272239    
  2.826003     -4.275936    
  2.826090     -4.275590    
  2.829613     -4.282771    
  2.829700     -4.281257    
  2.832995     -4.286785    
  2.833082     -4.289763    
  2.835804     -4.296328    
  2.835890     -4.273562    
  2.836249     -4.489376    
  2.836336     -4.520630    
  2.836442     -4.512484    
  2.836529     -4.430849    
  2.841429     -4.228666    
  2.841516     -4.290290    
  2.844722     -4.305352    
  2.844809     -4.303784    
  2.845614     -4.306046    
  2.845701     -4.306136    
  2.845992     -4.306423    
  2.846079     -4.306521    
  2.846320     -4.306878    
  2.846407     -4.349006    
  2.851273     -4.292947    
  2.851359     -4.296190    
  2.851605     -4.298845    
  2.851692     -4.301470    
  2.852906     -4.310378    
  2.852993     -4.311357    
  2.853657     -4.315966    
  2.853730     -4.316182    
  2.853816     -4.316930    
  2.856721     -4.338930    
  2.856808     -4.324504    
  2.861695     -4.331101    
  2.861782     -4.330681    
  2.863190     -4.333950    
  2.863277     -4.333913    
  2.864011     -4.334823    
  2.864097     -4.334971    
  2.864172     -4.335122    
  2.864259     -4.335049    
  2.866955     -4.340694    
  2.867042     -4.338853    
  2.872704     -4.348142    
  2.872791     -4.351315    
  2.877117     -4.372539    
  2.877204     -4.380952    
  2.880603     -4.358284    
  2.880690     -4.313735    
  2.882313     -4.575061    
  2.882400     -4.691820    
  2.882670     -4.690751    
  2.882757    -100.00000    
  2.886654     -4.284285    
  2.886684     -4.175715    
  2.886741     -4.177777    
  2.886771     -4.181094    
  2.887555     -4.226544    
  2.887642     -4.289228    
  2.893704     -4.432205    
  2.893791     -4.381975    
  2.894071     -4.382842    
  2.894157     -4.383110    
  2.895095     -4.384190    
  2.895182     -4.384412    
  2.895490     -4.385010    
  2.895577     -4.384755    
  2.896767     -4.387843    
  2.896854     -4.495902    
  2.897787    -100.00000    
  2.897874     -5.582981    
  2.899209     -4.504050    
  2.899296     -4.346450    
  2.901336     -4.270634    
  2.901423     -4.338368    
  2.905548     -4.409110    
  2.905635     -4.399739    
  2.908098     -4.407791    
  2.908185     -4.405390    
  2.908477     -4.405713    
  2.908564     -4.403511    
  2.916527     -4.424982    
  2.916614     -4.428922    
  2.916785     -4.429588    
  2.916872     -4.430311    
  2.917171     -4.433391    
  2.917258     -4.413152    
  2.921759     -4.455043    
  2.921845     -4.456131    
  2.925029     -4.410819    
  2.925116     -4.418953    
  2.925683     -4.419993    
  2.925770     -4.420605    
  2.925849     -4.420888    
  2.925936     -4.421148    
  2.926028     -4.421486    
  2.927554     -4.428171    
  2.927641     -4.429337    
  2.927672     -4.429671    
  2.927759     -4.430615    
  2.927951     -4.432362    
  2.928037     -4.433123    
  2.928671     -4.436551    
  2.928758     -4.436942    
  2.929127     -4.438300    
  2.929213     -4.438476    
  2.929524     -4.439801    
  2.929611     -4.440349    
  2.929967     -4.439315    
  2.930054     -4.438620    
  2.930245     -4.438251    
  2.930332     -4.438385    
  2.930604     -4.440048    
  2.930644     -4.440463    
  2.930691     -4.440868    
  2.930731     -4.441265    
  2.930956     -4.442715    
  2.931043     -4.443834    
  2.932654     -4.444262    
  2.932741     -4.444424    
  2.933595     -4.446317    
  2.933682     -4.446723    
  2.934646     -4.445189    
  2.934733     -4.445880    
  2.934790     -4.445986    
  2.934877     -4.446121    
  2.935353     -4.446969    
  2.935439     -4.446193    
  2.936807     -4.452870    
  2.936894     -4.454641    
  2.937517     -4.453895    
  2.937604     -4.453575    
  2.942728     -4.456784    
  2.942815     -4.459584    
  2.943758     -4.463131    
  2.943845     -4.462590    
  2.943894     -4.462617    
  2.943981     -4.462644    
  2.945266     -4.463051    
  2.945353     -4.463559    
  2.946273     -4.466918    
  2.946360     -4.467571    
  2.946687     -4.468090    
  2.946746     -4.468051    
  2.946774     -4.468063    
  2.946833     -4.467258    
  2.950770     -4.472022    
  2.950857     -4.472572    
  2.951287     -4.473421    
  2.951374     -4.473728    
  2.951710     -4.474920    
  2.951797     -4.475257    
  2.952602     -4.477222    
  2.952688     -4.477518    
  2.953750     -4.478395    
  2.953837     -4.478377    
  2.953990     -4.478650    
  2.954077     -4.478881    
  2.954361     -4.479496    
  2.954448     -4.479408    
  2.955030     -4.480219    
  2.955117     -4.480430    
  2.955739     -4.481786    
  2.955826     -4.481937    
  2.956162     -4.482387    
  2.956248     -4.482462    
  2.956346     -4.482531    
  2.956433     -4.482542    
  2.957599     -4.485199    
  2.957685     -4.485214    
  2.957790     -4.485201    
  2.958490     -4.485486    
  2.958577     -4.485606    
  2.958702     -4.485715    
  2.958789     -4.485848    
  2.959196     -4.486360    
  2.959269     -4.486192    
  2.959356     -4.486031    
  2.959520     -4.485465    
  2.959575     -4.485176    
  2.959607     -4.485000    
  2.959642     -4.484789    
  2.959678     -4.484560    
  2.959729     -4.484213    
  2.959837     -4.483319    
  2.959916     -4.482157    
  2.960003     -4.480129    
  2.960694     -4.471207    
  2.960781     -4.470812    
  2.961122     -4.469031    
  2.961209     -4.342999    
  2.965318     -4.622379    
  2.965405     -4.723112    
  2.973340     -4.265062    
  2.973427     -4.463223    
  2.975729     -4.278577    
  2.975815     -4.301497    
  2.976171     -4.369019    
  2.976258     -4.300522    
  2.981363     -4.643024    
  2.981450     -4.724158    
  2.982423     -4.391419    
  2.982509     -4.343932    
  2.982872     -4.258065    
  2.982959     -4.317065    
  2.994503     -4.397417    
  3.005749     -4.359958    
  3.005836     -4.373291    
  3.008346     -4.375144    
  3.008392     -4.372410    
  3.008433     -4.372865    
  3.008479     -4.446630    
  3.022969     -4.392779    
  3.023055     -4.408458    
  3.024662     -4.412917    
  3.024749     -4.413817    
  3.026972     -4.420125    
  3.027058     -4.419168    
  3.028439     -4.420603    
  3.028526     -4.446937    
  3.041713     -4.484469    
  3.041799     -4.458526    
  3.044019     -4.466129    
  3.044106     -4.466432    
  3.046417     -4.480961    
  3.046504     -4.483297    
  3.047266     -4.475883    
  3.047353     -4.477943    
  3.053134     -4.498045    
  3.053221     -4.537374    
  3.056619     -4.539092    
  3.056706     -4.594831    
  3.057754     -4.510438    
  3.057841     -4.505520    
  3.072777     -4.567118    
  3.072864     -4.552519    
  3.074515     -4.556463    
  3.074602     -4.567850    
  3.082910     -4.588172    
  3.082997     -4.510229    
  3.085748     -5.447879    
  3.085835     -4.592066    
  3.088154     -4.195117    
  3.088240     -4.342772    
  3.089212     -4.465655    
  3.089299     -4.528895    
  3.092941     -4.659502    
  3.093028     -4.612718    
  3.093244     -4.612898    
  3.093331     -4.778619    
  3.093732    -100.00000    
  3.093819    -100.00000    
  3.096179     -4.437761    
  3.096266     -4.396338    
  3.099391     -4.676929    
  3.099477     -4.658975    
  3.110593     -4.697872    
  3.110679     -4.689075    
  3.114687     -4.703886    
  3.114774     -4.735710    
  3.115819     -4.676865    
  3.115905     -4.686737    
  3.116258     -4.697699    
  3.116344     -4.704134    
  3.116978     -4.692541    
  3.117065     -4.683865    
  3.118889     -4.725130    
  3.118976     -4.691847    
  3.124616     -4.729542    
  3.124703     -4.716985    
  3.125997     -4.742432    
  3.126084     -4.740454    
  3.126554     -4.724760    
  3.126641     -4.721971    
  3.126962     -4.718183    
  3.127049     -4.717267    
  3.127687     -4.723608    
  3.127774     -4.739890    
  3.129225     -4.721270    
  3.129312     -4.718961    
  3.132800     -4.737607    
  3.132887     -4.729979    
  3.135587     -4.767217    
  3.135674     -4.739372    
  3.138745     -4.811075    
  3.138832     -4.964095    
  3.139047     -4.960928    
  3.139134     -4.885012    
  3.141109     -4.752516    
  3.141196     -4.764516    
  3.143577     -4.766351    
  3.143664     -4.765004    
  3.144101     -4.784235    
  3.144188     -4.800594    
  3.144945     -4.784456    
  3.145031     -4.818560    
  3.146758     -4.891143    
  3.146845     -4.917883    
  3.146888     -4.924690    
  3.146975     -4.960897    
  3.147795     -4.766692    
  3.147882     -4.777968    
  3.148717     -4.802391    
  3.148804     -4.848102    
  3.149747     -4.817152    
  3.149834     -4.808286    
  3.150628     -4.824171    
  3.150714     -4.822120    
  3.151276     -4.811680    
  3.151363     -4.783991    
  3.152544     -4.786727    
  3.152631     -4.803930    
  3.152935     -4.812476    
  3.153022     -4.812591    
  3.153068     -4.812671    
  3.153155     -4.811215    
  3.153381     -4.808445    
  3.153434     -4.809818    
  3.153468     -4.810483    
  3.153521     -4.817023    
  3.155016     -4.808361    
  3.155103     -4.826184    
  3.159418     -4.823003    
  3.159505     -4.815364    
  3.159758     -4.815955    
  3.159845     -4.826636    
  3.164009     -4.854658    
  3.164096     -4.833573    
  3.164633     -4.879152    
  3.164720     -4.868004    
  3.164846     -4.862330    
  3.164933     -4.856599    
  3.165979     -4.862845    
  3.166066     -4.848683    
  3.171670     -4.850247    
  3.171756     -4.853426    
  3.173578     -4.823817    
  3.173665     -4.833755    
  3.174167     -4.830324    
  3.174254     -4.833668    
  3.179466     -4.877884    
  3.179553     -4.873371    
  3.180463     -4.876803    
  3.180550     -4.877940    
  3.181675     -4.882897    
  3.181761     -4.883414    
  3.184969     -4.891953    
  3.185055     -4.893926    
  3.187464     -4.903578    
  3.187494     -4.903197    
  3.187551     -4.903185    
  3.187581     -4.902698    
  3.188338     -4.902096    
  3.188425     -4.908394    
  3.189356     -4.905865    
  3.189443     -5.389255    
  3.190962    -100.00000    
  3.191049     -6.094873    
  3.191119     -5.955998    
  3.191206     -5.958355    
  3.192224     -5.023396    
  3.192311     -4.808137    
  3.194885     -4.765471    
  3.194972     -4.846184    
  3.196916     -4.921482    
  3.197003     -4.918507    
  3.203163     -4.953854    
  3.203249     -4.950484    
  3.204661     -4.955113    
  3.204747     -4.955521    
  3.207365     -4.963401    
  3.207452     -4.964681    
  3.209135     -4.970291    
  3.209222     -4.969029    
  3.209715     -4.971186    
  3.209802     -5.186216    
  3.217531     -4.754285    
  3.217618     -4.484620    
  3.217704     -4.490443    
  3.217791     -4.497642    
  3.218329     -4.591740    
  3.218415     -4.843943    
  3.233361     -5.139329    
  3.233448     -5.141667    
  3.243111     -5.025052    
  3.243198     -5.085861    
  3.251238     -5.102642    
  3.251325     -5.103910    
  3.261641     -5.137015    
  3.261728     -5.137166    
  3.263462     -5.142969    
  3.263549     -5.142617    
  3.271269     -5.167837    
  3.271355     -5.168294    
  3.271415     -5.168482    
  3.271502     -5.168824    
  3.273253     -5.174321    
  3.273340     -5.174757    
  3.276754     -5.185823    
  3.276841     -5.186214    
  3.279706     -5.195328    
  3.279793     -5.195606    
  3.281662     -5.201830    
  3.281749     -5.202001    
  3.283538     -5.207855    
  3.283625     -5.208115    
  3.285833     -5.215437    
  3.285920     -5.215811    
  3.289028     -5.225391    
  3.289115     -5.225371    
  3.291415     -5.233702    
  3.291501     -5.233560    
  3.292656     -5.237185    
  3.292743     -5.237672    
  3.294670     -5.243898    
  3.294757     -5.244531    
  3.295898     -5.248121    
  3.295985     -5.248076    
  3.296762     -5.250709    
  3.296849     -5.251335    
  3.299441     -5.259425    
  3.299528     -5.259918    
  3.301132     -5.265208    
  3.301219     -5.265381    
  3.305074     -5.277991    
  3.305161     -5.278195    
  3.305985     -5.281153    
  3.306072     -5.281506    
  3.306887     -5.283735    
  3.306974     -5.284557    
  3.309364     -5.293005    
  3.309451     -5.292168    
  3.309833     -5.293383    
  3.309920     -5.293707    
  3.310624     -5.296140    
  3.310710     -5.296385    
  3.310978     -5.297118    
  3.311065     -5.297344    
  3.311327     -5.298095    
  3.311414     -5.298354    
  3.311825     -5.299625    
  3.311912     -5.299913    
  3.312012     -5.300251    
  3.312099     -5.292396    
  3.333122     -5.366574    
  3.333209     -5.363785    
  3.343376     -5.395250    
  3.343463     -5.394637    
  3.351164     -5.416327    
  3.351250     -5.411591    
  3.351681     -5.412144    
  3.351768     -5.421961    
  3.363548     -5.455566    
  3.363635     -5.483491    
  3.367434     -5.454640    
  3.367521     -5.465953    
  3.377612     -5.504955    
  3.377699     -5.497565    
  3.379159     -5.530560    
  3.379246     -5.537577    
  3.382086     -5.484902    
  3.382173     -5.510310    
  3.385882     -5.531976    
  3.385969     -5.532317    
  3.389771     -5.544407    
  3.389858     -5.544772    
  3.395039     -5.562154    
  3.395125     -5.562349    
  3.400648     -5.581045    
  3.400735     -5.586636    
  3.400855     -5.590919    
  3.400942     -5.629970    
  3.403535     -5.525779    
  3.403595     -5.556027    
  3.403622     -5.557062    
  3.403681     -5.559774    
  3.404126     -5.574060    
  3.404213     -5.585404    
  3.414942     -5.632921    
  3.415029     -5.629754    
  3.419275     -5.644074    
  3.419361     -5.644222    
  3.421764     -5.652824    
  3.421851     -5.652886    
  3.426245     -5.667946    
  3.426332     -5.668122    
  3.434923     -5.696717    
  3.435010     -5.693697    
  3.442825     -5.666455    
  3.442912     -5.718877    
  3.444934     -5.731111    
  3.445021     -5.731018    
  3.449934     -5.748117    
  3.450021     -5.748696    
  3.466667     -5.804407    
  3.466754     -5.805098    
  3.467592     -5.807612    
  3.467679     -5.808717    
  3.468746     -5.815121    
  3.468833     -5.812446    
  3.469843     -5.815614    
  3.469930     -5.816300    
  3.472928     -5.825956    
  3.473015     -5.826719    
  3.480890     -5.853107    
  3.480977     -5.853903    
  3.485957     -5.870686    
  3.486044     -5.870946    
  3.486320     -5.871953    
  3.486406     -5.873767    
  3.494277     -5.899343    
  3.494364     -5.898894    
  3.503878     -5.933131    
  3.503965     -5.934539    
  3.505952     -5.934937    
  3.506039     -5.945282    
  3.506892     -5.938028    
  3.506979     -5.747237    
  3.515804     -6.053016    
  3.515836     -5.972381    
  3.515891     -5.972535    
  3.515923     -5.973431    
  3.534135     -6.037007    
  3.534222     -6.035101    
  3.535311     -6.037181    
  3.535397     -6.039823    
  3.539346     -6.054995    
  3.539433     -6.048513    
  3.543849     -6.076980    
  3.543936     -6.039503    
  3.544500     -6.005753    
  3.544586     -6.018104    
  3.545154     -6.039650    
  3.545241     -6.059399    
  3.552154     -6.103947    
  3.552241     -6.099138    
  3.553235     -6.102972    
  3.553322     -6.103059    
  3.555627     -6.111018    
  3.555714     -6.111178    
  3.557696     -6.117891    
  3.557783     -6.118250    
  3.558846     -6.122522    
  3.558933     -6.122644    
  3.559110     -6.123121    
  3.559197     -6.123182    
  3.560994     -6.129500    
  3.561019     -6.129394    
  3.561080     -6.129568    
  3.561106     -6.129624    
  3.561368     -6.130608    
  3.561455     -6.130997    
  3.561702     -6.131969    
  3.561789     -6.132272    
  3.561899     -6.132646    
  3.561986     -6.137421    
  3.565681     -6.125428    
  3.565768     -6.125852    
  3.568654     -6.155645    
  3.568741     -6.154251    
  3.572245     -6.161033    
  3.572332     -6.157685    
  3.628600     -6.333070    
  3.628687     -6.338479    
  3.631423     -6.356845    
  3.631510     -6.356540    
  3.632293     -6.359590    
  3.632379     -6.359852    
  3.634321     -6.365913    
  3.634408     -6.364846    
  3.644191     -6.345338    
  3.644278     -6.398180    
  3.656741     -6.441585    
  3.656828     -6.448219    
  3.663615     -6.449661    
  3.663702     -6.472674    
  3.670110     -6.489370    
  3.670197     -6.982846    
  3.673498     -5.888038    
  3.673585     -6.194744    
  3.687730     -6.794164    
  3.687817     -6.482193    
  3.688052     -6.467574    
  3.688139     -6.456234    
  3.688708     -6.389598    
  3.688795     -6.381663    
  3.688862     -6.373007    
  3.688948     -6.290601    
  3.691459     -6.473120    
  3.691546     -6.515326    
  3.695795     -6.585110    
  3.695882     -6.577441    
  3.713236     -6.638161    
  3.713322     -6.640987    
  3.719779     -6.652939    
  3.719866     -6.658099    
  3.725984     -6.682686    
  3.726070     -6.681973    
  3.733043     -6.706092    
  3.733130     -6.676495    
  3.740126     -6.693930    
  3.740213     -6.727527    
  3.740628     -6.730101    
  3.740715     -6.731969    
  3.751777     -6.770742    
  3.751863     -6.770905    
  3.753187     -6.775725    
  3.753274     -6.775835    
  3.753882     -6.777724    
  3.753969     -6.778030    
  3.754658     -6.780169    
  3.754745     -6.780463    
  3.755217     -6.782387    
  3.755304     -6.782732    
  3.755522     -6.783595    
  3.755609     -6.783931    
  3.755717     -6.784343    
  3.755803     -6.780731    
  3.793452     -6.912530    
  3.793539     -6.912979    
  3.804079     -6.946157    
  3.804166     -6.947052    
  3.806615     -6.960718    
  3.806702     -7.291681    
  3.821564     -6.610167    
  3.821651     -6.916282    
  3.838150     -7.114886    
  3.838237     -7.073307    
  3.842793     -7.065846    
  3.842880     -7.072991    
  3.865757     -7.143248    
  3.865844     -7.162274    
  3.866035     -7.162838    
  3.866122     -7.162893    
  3.871179     -7.180530    
  3.871266     -7.178923    
  3.892235     -7.243628    
  3.892321     -7.252414    
  3.894387     -7.259163    
  3.894474     -7.259825    
  3.895132     -7.262016    
  3.895219     -7.261541    
  3.898660     -7.274312    
  3.898747     -7.273941    
  3.900415     -7.279990    
  3.900502     -7.280971    
  3.902270     -7.285805    
  3.902356     -7.286297    
  3.904208     -7.293252    
  3.904295     -7.293139    
  3.905964     -7.298691    
  3.906051     -7.299269    
  3.906858     -7.301996    
  3.906945     -7.302199    
  3.908342     -7.306981    
  3.908429     -7.307181    
  3.913068     -7.322924    
  3.913155     -7.323513    
  3.913186     -7.323624    
  3.913273     -7.323965    
  3.913769     -7.325662    
  3.913856     -7.325831    
  3.913885     -7.325900    
  3.913972     -7.326129    
  3.914081     -7.326450    
  3.914168     -7.330281    
  3.916915     -7.326428    
  3.917002     -7.328993    
  3.968835     -7.510737    
  3.968922     -7.469520    
  3.983439     -7.547045    
  3.983526     -7.550638    
  3.993238     -7.602882    
  3.993325     -7.505230    
  4.025832     -7.636258    
  4.025919     -7.703132    
  4.034774     -7.758078    
  4.034860     -7.771349    
  4.038365     -7.637192    
  4.038452     -7.632150    
  4.047778     -7.781145    
  4.047808     -7.780940    
  4.047865     -7.781220    
  4.047895     -7.816433    
  4.073362     -7.774562    
  4.073449     -7.871333    
  4.128589     -8.001265    
  4.128676     -8.046060    
  4.150175     -8.116862    
  4.150262     -8.121716    
  4.155926     -8.137350    
  4.156013     -8.124821    
  4.161727     -8.153791    
  4.161814     -8.152669    
  4.163762     -8.165411    
  4.163849     -8.164743    
  4.163959     -8.165174    
  4.164046     -8.155772    
  4.251427     -8.443730    
  4.251514     -8.460504    
  4.266067     -8.464388    
  4.266154     -8.263629    
  4.339907     -8.878725    
  4.339994     -8.651113    
  4.353233     -8.798995    
  4.353320     -8.775479    
  4.356074     -8.782389    
  4.356161     -8.773361    
  4.357582     -8.782829    
  4.357669     -8.785368    
  4.357779     -8.785997    
  4.357865     -8.798108    
  4.440368     -9.006509    
  4.440455     -9.025600    
  4.512937     -9.202462    
  4.513024     -9.270628    
  4.514610     -9.274969    
  4.514697     -9.275062    
  4.515945     -9.281523    
  4.516032     -9.281814    
  4.516141     -9.282291    
  4.516228     -9.274272    
  4.585469     -9.469859    
  4.585556     -9.421524    
  4.648489     -9.631944    
  4.648576     -9.669284    
  4.649548     -9.680443    
  4.649635     -9.680295    
  4.649838     -9.681714    
  4.649925     -9.682286    
  4.650035     -9.682986    
  4.650122     -9.637340    
  4.709765     -9.820998    
  4.709852     -9.841619    
  4.765753     -10.00594    
  4.765822     -10.02465    
  4.765844     -10.02466    
  4.765909     -10.02494    
  4.765931     -10.02514    
  4.766019     -10.02583    
  4.766106     -10.00012    
  4.818480     -10.18111    
  4.818567     -10.15894    
  4.868094     -10.27956    
  4.868127     -10.31755    
  4.868152     -10.31732    
  4.868181     -10.31709    
  4.868214     -10.31692    
  4.868239     -10.31689    
  4.868324     -10.31773    
  4.868411     -10.17959    
  4.915089     -10.50808    
  4.915176     -10.45497    
  4.959449     -10.56172    
  4.959536     -10.57749    
  4.959642     -10.57755    
  4.959667     -10.57751    
  4.959729     -10.57737    
  4.959754     -10.57729    
  4.959839     -10.57674    
  4.959925     -10.57625    
  5.002021     -10.63223    
  5.002108     -10.69748    
  5.041986     -10.80348    
  5.042072     -10.80951    
  5.042428     -10.81139    
  5.042455     -10.81164    
  5.042515     -10.81204    
  5.042541     -10.81222    
  5.042624     -10.81280    
  5.042711     -10.79007    
  5.081038     -10.91318    
  5.081125     -10.85487    
  5.117569     -11.00531    
  5.117655     -11.02039    
  5.118005     -11.02149    
  5.118030     -11.02188    
  5.118092     -11.02285    
  5.118117     -11.02342    
  5.118201     -11.02732    
  5.118288     -10.97810    
  5.153462     -11.13244    
  5.153549     -11.11474    
  5.187204     -11.21644    
  5.187290     -11.21140    
  5.187529     -11.21141    
  5.187558     -11.21136    
  5.187616     -11.21131    
  5.187645     -11.21129    
  5.187725     -11.21127    
  5.187812     -11.20529    
  5.251180     -11.37188    
  5.251266     -11.39172    
  5.251931     -11.39432    
  5.252018     -11.39475    
  5.252095     -11.39514    
  5.252182     -11.38273    
  5.311750     -11.53766    
  5.311837     -11.56296    
  5.311944     -11.56282    
  5.312021     -11.56251    
  5.312108     -11.56381    
  5.368079     -11.68922    
  5.368165     -11.71145    
  5.420737     -11.86102    
  5.420823     -11.85104    
  5.470384     -11.96741    
  5.470471     -11.98417    
  5.517346     -12.12993    
  5.517433     -12.12260    
  5.561899     -12.24867    
  5.561985     -12.25052    
  5.604277     -12.32799    
  5.604364     -12.36833    
  5.644684     -12.47545    
  5.644771     -12.46767    
  6.103027     -13.72250    
  6.321002     -14.34832    
  6.573673     -15.06019    
  6.848341     -15.84226    
  7.135565     -16.68292    
  7.429524     -17.59951    
  7.726975     -18.65002    
  8.026204     -19.99750    
  8.326331     -22.58440    
  8.626909    -100.00000    
  8.927713    -100.00000    
