 0.6989700    -100.00000    
 0.7331214    -100.00000    
 0.7647820    -100.00000    
 0.7942904    -100.00000    
 0.8219208     -39.49445    
 0.8220077     -39.24691    
 0.8256567     -38.93481    
 0.8257436    -100.00000    
 0.8647793    -100.00000    
 0.9005939    -100.00000    
 0.9336786    -100.00000    
 0.9644204    -100.00000    
 0.9931293    -100.00000    
  1.020057     -27.40836    
  1.045413     -26.23577    
  1.069370     -25.37253    
  1.092073     -24.68390    
  1.113649     -24.51053    
  1.153828    -100.00000    
  1.190604     -17.25845    
  1.224506     -17.21593    
  1.224593    -100.00000    
  1.258242     -17.07427    
  1.258328    -100.00000    
  1.281053     -15.89588    
  1.281140     -16.15883    
  1.305129    -100.00000    
  1.305216    -100.00000    
  1.326885     -18.19166    
  1.326972     -16.67286    
  1.346664     -15.67830    
  1.346750     -15.70884    
  1.351328     -15.16088    
  1.351414     -11.84758    
  1.362515     -11.13385    
  1.362602     -11.82429    
  1.390867     -10.83498    
  1.390954     -10.68458    
  1.403133     -9.634606    
  1.403220     -9.649695    
  1.416604     -9.470725    
  1.416691     -9.499493    
  1.442990     -9.160222    
  1.443077     -9.151517    
  1.465932     -8.966890    
  1.466019     -8.905594    
  1.485843     -8.685642    
  1.485929     -8.690851    
  1.499940     -8.491820    
  1.500027     -7.885853    
  1.524019     -7.532288    
  1.546755     -7.432682    
  1.546842     -7.423886    
  1.576102     -7.328786    
  1.576189     -7.326676    
  1.604747     -7.302172    
  1.604834     -7.380667    
  1.629405     -7.295547    
  1.629492     -7.329299    
  1.655461     -7.409500    
  1.679965     -7.531785    
  1.703160     -7.686904    
  1.725179     -7.866119    
  1.725266     -7.868903    
  1.731654     -7.756236    
  1.731741     -7.744013    
  1.762029     -8.155621    
  1.790341     -8.459927    
  1.790428     -8.501908    
  1.817058     -8.723171    
  1.842149     -9.046503    
  1.842236     -9.079796    
  1.843313     -8.975700    
  1.843400     -8.997306    
  1.861079     -9.063987    
  1.861166     -9.074049    
  1.861837     -9.040272    
  1.861924     -9.130840    
  1.874931     -9.030860    
  1.875018     -9.247219    
  1.914140     -8.630375    
  1.914227     -9.172343    
  1.921566     -7.480462    
  1.921653     -7.596281    
  1.926897     -7.851679    
  1.926984     -7.598574    
  1.953068     -7.750062    
  1.953155     -8.404903    
  1.971846     -7.630960    
  1.971933     -7.499676    
  1.992517     -7.076055    
  1.992604     -7.461201    
  1.993799     -7.524087    
  1.993886     -7.528484    
  1.994140     -7.534599    
  1.994226     -7.779795    
  1.996545     -7.108413    
  1.996632     -7.054584    
  1.998156     -6.946506    
  1.998243     -6.847620    
  2.000011     -6.588174    
  2.000098     -6.761884    
  2.005591     -6.628794    
  2.005678     -6.612032    
  2.007909     -6.794221    
  2.007996     -6.776805    
  2.009188     -6.983345    
  2.009275     -6.090072    
  2.036803     -6.074384    
  2.036890     -5.801690    
  2.061295     -6.280068    
  2.061382     -6.015162    
  2.077530     -6.079986    
  2.077617     -6.064340    
  2.095978     -5.524943    
  2.096065     -5.510366    
  2.097299     -5.564442    
  2.097386     -5.572783    
  2.102584     -5.508953    
  2.102671     -5.484997    
  2.103399     -5.482357    
  2.103486     -5.476241    
  2.105825     -5.896549    
  2.105912     -5.816993    
  2.106091     -5.892430    
  2.106178     -6.096777    
  2.111629     -5.338241    
  2.111716     -5.320047    
  2.119223    -100.00000    
  2.119310     -5.696285    
  2.124245     -5.318966    
  2.124332     -5.385529    
  2.137459     -5.372917    
  2.137546     -5.384693    
  2.138137     -5.361906    
  2.138224     -5.392855    
  2.138688     -5.482952    
  2.138775     -5.454945    
  2.149371     -5.309349    
  2.149458     -5.366388    
  2.150309     -5.246500    
  2.150396     -5.256298    
  2.150438     -5.255016    
  2.150525     -5.242192    
  2.156847     -5.190589    
  2.156934     -5.213718    
  2.168071     -5.184610    
  2.168158     -5.145722    
  2.177603     -5.273493    
  2.177690     -5.428105    
  2.191113     -5.115074    
  2.191200     -5.292976    
  2.197200     -5.032067    
  2.197287     -5.040009    
  2.203933     -5.064918    
  2.204020     -5.012783    
  2.204170     -5.013279    
  2.204257     -5.013587    
  2.204684     -5.012928    
  2.204771     -4.996586    
  2.211353     -5.048765    
  2.217836     -4.932253    
  2.217923     -4.965916    
  2.217949     -4.965930    
  2.218036     -4.963496    
  2.218819     -4.997621    
  2.218906     -4.968884    
  2.223758     -4.942441    
  2.223844    -100.00000    
  2.230357     -5.066627    
  2.236772     -5.102603    
  2.236859     -4.857100    
  2.239623     -5.056002    
  2.239710     -5.006645    
  2.244929     -4.937700    
  2.250086     -4.986862    
  2.250173     -4.951721    
  2.253696     -4.873697    
  2.253782     -4.824780    
  2.256807     -4.861446    
  2.259811     -4.802153    
  2.262794     -4.849660    
  2.265757     -4.890598    
  2.265844     -4.859105    
  2.267022     -4.885003    
  2.267109     -5.592390    
  2.270424     -4.790248    
  2.270511     -5.121545    
  2.273172     -4.894728    
  2.275818     -4.632006    
  2.275905     -4.686165    
  2.278993     -4.736647    
  2.279080     -4.727248    
  2.281448     -4.724060    
  2.283804     -4.739563    
  2.283891     -4.805428    
  2.286548     -4.704737    
  2.286635     -4.699902    
  2.286786     -4.712906    
  2.286873     -4.765917    
  2.289321     -5.044793    
  2.291755     -4.668892    
  2.294175     -4.752066    
  2.296582     -4.689796    
  2.298976     -4.624156    
  2.301356     -4.653080    
  2.303724     -4.645158    
  2.304903     -4.642567    
  2.306078     -4.638759    
  2.306165     -4.636204    
  2.308271     -4.643053    
  2.309320     -4.615732    
  2.310367     -4.616460    
  2.311411     -4.635254    
  2.312452     -4.605681    
  2.313491     -4.612248    
  2.314528     -4.608908    
  2.314614     -4.605250    
  2.315825     -4.625420    
  2.317033     -4.631276    
  2.318237     -4.570522    
  2.319437     -4.572489    
  2.320635     -4.662793    
  2.321829     -4.831569    
  2.323020     -4.577273    
  2.324207     -4.508598    
  2.324294     -4.558129    
  2.325800     -4.546652    
  2.325887     -4.491016    
  2.326813     -4.539854    
  2.327736     -4.545868    
  2.327823     -4.561038    
  2.328856     -4.506055    
  2.329886     -4.528643    
  2.330914     -4.523895    
  2.331939     -4.512139    
  2.332026     -4.513549    
  2.333111     -4.520433    
  2.334194     -4.525715    
  2.335274     -4.525363    
  2.336352     -4.507941    
  2.336439     -4.490966    
  2.337047     -4.480807    
  2.337655     -4.504806    
  2.338262     -4.584234    
  2.338868     -4.565254    
  2.339473     -4.571250    
  2.340077     -4.467840    
  2.340680     -4.442747    
  2.341283     -4.471336    
  2.341370     -4.467019    
  2.341472     -4.452091    
  2.342517     -4.447755    
  2.342604     -4.478135    
  2.343196     -4.504135    
  2.343786     -4.514978    
  2.343873     -4.530397    
  2.344850     -4.446745    
  2.345825     -4.464837    
  2.345912     -4.472627    
  2.346656     -4.498275    
  2.347399     -4.484287    
  2.348141     -4.463503    
  2.348882     -4.470231    
  2.348969     -4.461656    
  2.349884     -4.475735    
  2.349971     -4.480118    
  2.350040     -4.481924    
  2.350127     -4.475487    
  2.350953     -4.506149    
  2.351777     -4.535995    
  2.352600     -4.484746    
  2.353421     -4.358996    
  2.353508     -4.359990    
  2.353983     -4.380422    
  2.354070     -4.377553    
  2.354840     -4.487879    
  2.355610     -4.491637    
  2.356378     -4.455833    
  2.357144     -4.357737    
  2.357197     -4.374681    
  2.357231     -4.375979    
  2.357284     -4.378397    
  2.357504     -4.386471    
  2.357582     -4.388231    
  2.357669     -4.389432    
  2.357776     -4.388598    
  2.357863     -4.694334    
  2.360104     -4.029400    
  2.360190     -4.343758    
  2.373546     -3.859326    
  2.373632     -3.666060    
  2.378097     -3.875894    
  2.378184     -3.555422    
  2.381409     -3.579258    
  2.381496     -3.900879    
  2.384668     -3.523763    
  2.384755     -3.434284    
  2.387126     -3.707574    
  2.387213     -3.677185    
  2.397727     -3.565413    
  2.397814     -3.475722    
  2.403706     -3.467073    
  2.403793     -3.505836    
  2.405816     -3.444581    
  2.405903     -3.444007    
  2.409533     -3.598896    
  2.409619     -3.658345    
  2.409967     -3.680491    
  2.410054     -3.827666    
  2.411499     -3.665432    
  2.411586     -3.469672    
  2.413098     -3.416092    
  2.413185     -3.441420    
  2.417226     -3.477016    
  2.417313     -3.468304    
  2.417446     -3.469634    
  2.417533     -3.438246    
  2.429013     -3.588767    
  2.429100     -3.486329    
  2.429782     -3.485696    
  2.429869     -3.486655    
  2.429909     -3.487041    
  2.429996     -3.490435    
  2.433515     -3.495538    
  2.433602     -3.490130    
  2.434760     -3.552996    
  2.434847     -3.544540    
  2.438744     -3.504253    
  2.438831     -3.524529    
  2.441087     -3.527642    
  2.441174     -3.518393    
  2.442885     -3.509863    
  2.442972     -3.529032    
  2.446825     -3.552266    
  2.446912     -3.523870    
  2.449374     -3.558005    
  2.449460     -3.584331    
  2.454772     -3.561638    
  2.454858     -3.661115    
  2.457103     -3.512830    
  2.457190     -3.556341    
  2.462242     -3.575632    
  2.462329     -3.579875    
  2.465051     -3.590820    
  2.465138     -3.605670    
  2.466974     -3.634432    
  2.467061     -3.591560    
  2.469909     -3.603446    
  2.469996     -3.647847    
  2.471129     -3.645897    
  2.471216     -3.633486    
  2.471255     -3.631703    
  2.471342     -3.626972    
  2.471828     -3.606817    
  2.471915     -3.610406    
  2.473553     -3.607513    
  2.473639     -3.606507    
  2.473908     -3.603662    
  2.473994     -3.581597    
  2.475654     -3.646902    
  2.475741     -3.674984    
  2.476442     -3.625668    
  2.476529     -3.611683    
  2.476977     -3.592098    
  2.477064     -3.589062    
  2.479546     -3.611492    
  2.479633     -3.535878    
  2.483967     -4.097431    
  2.484054     -3.767335    
  2.484128     -3.738571    
  2.484215     -3.704900    
  2.484517     -3.624109    
  2.484604     -3.532480    
  2.487037     -3.499589    
  2.487124     -3.580997    
  2.491399     -3.643630    
  2.491486     -3.644827    
  2.493770     -3.620944    
  2.493799     -3.632039    
  2.493857     -3.632935    
  2.493886     -3.631461    
  2.496105     -3.646117    
  2.496192     -3.657263    
  2.497233     -3.678185    
  2.497320     -3.663154    
  2.497678     -3.645357    
  2.497765     -3.642981    
  2.498024     -3.640135    
  2.498111     -3.634335    
  2.501025     -3.660462    
  2.503920     -3.654438    
  2.504007     -3.654373    
  2.504069     -3.654165    
  2.504156     -3.653712    
  2.506191     -3.658762    
  2.506278     -3.656939    
  2.507046     -3.657654    
  2.507133     -3.658114    
  2.509451     -3.661279    
  2.511756     -3.703373    
  2.511843     -3.684012    
  2.512347     -3.674227    
  2.512434     -3.671097    
  2.514176     -3.678139    
  2.514263     -3.678875    
  2.515486     -3.683587    
  2.515573     -3.681553    
  2.515719     -3.681421    
  2.515805     -3.681599    
  2.515872     -3.681853    
  2.515959     -3.682983    
  2.516706     -3.683542    
  2.516793     -3.682830    
  2.516940     -3.682669    
  2.517027     -3.682523    
  2.517941     -3.683351    
  2.518028     -3.683606    
  2.519341     -3.685568    
  2.519428     -3.686991    
  2.521714     -3.700677    
  2.523988     -3.699290    
  2.526250     -3.713025    
  2.528500     -3.734014    
  2.528587     -3.712272    
  2.532731     -3.728012    
  2.532818     -3.720542    
  2.533833     -3.725509    
  2.533920     -3.726468    
  2.537178     -3.734932    
  2.540412     -3.752031    
  2.543622     -3.748936    
  2.546808     -3.756047    
  2.546895     -3.756615    
  2.547436     -3.757763    
  2.547523     -3.760823    
  2.551127     -3.769505    
  2.554701     -3.780184    
  2.554788     -3.775698    
  2.557290     -3.793761    
  2.559779     -3.795018    
  2.562253     -3.808052    
  2.564713     -3.797445    
  2.564799     -3.804634    
  2.568369     -3.812141    
  2.568456     -3.815665    
  2.571315     -3.821959    
  2.571402     -3.820508    
  2.571490     -3.820678    
  2.571576     -3.818367    
  2.572582     -3.832943    
  2.572668     -3.842353    
  2.573820     -3.826994    
  2.573907     -3.826227    
  2.576147     -3.834774    
  2.578375     -3.840535    
  2.580592     -3.844267    
  2.582797     -3.851367    
  2.582884     -3.855085    
  2.586758     -3.881137    
  2.590598     -3.863866    
  2.590685     -3.872331    
  2.593225     -3.885703    
  2.595750     -3.897523    
  2.595837     -3.885885    
  2.598386     -3.892631    
  2.600921     -3.899702    
  2.601008     -3.899388    
  2.603333     -3.905447    
  2.603420     -3.906501    
  2.604635     -3.909517    
  2.604722     -3.904166    
  2.606239     -3.942703    
  2.606324     -3.933529    
  2.606411     -3.928464    
  2.607057     -3.914431    
  2.607144     -3.916435    
  2.607239     -3.916611    
  2.607326     -3.916839    
  2.607391     -3.917013    
  2.607478     -3.917226    
  2.607654     -3.917563    
  2.607741     -3.917840    
  2.611049     -3.929149    
  2.614332     -3.934962    
  2.614419     -3.936002    
  2.617004     -3.942847    
  2.619574     -3.952459    
  2.619659     -3.954100    
  2.619746     -3.953823    
  2.620996     -3.951668    
  2.621082     -3.953407    
  2.621962     -3.959082    
  2.622049     -3.958131    
  2.623324     -3.969898    
  2.623411     -3.974482    
  2.624766     -3.957908    
  2.624853     -3.965164    
  2.627024     -3.971144    
  2.627110     -3.964527    
  2.630435     -3.992691    
  2.630522     -4.009441    
  2.632418     -3.977086    
  2.632505     -3.985663    
  2.633585     -3.988391    
  2.633672     -3.988710    
  2.634210     -3.990304    
  2.634297     -3.990488    
  2.636422     -3.997765    
  2.638537     -4.002996    
  2.640642     -4.005465    
  2.642737     -4.034257    
  2.642824     -4.041992    
  2.645913     -4.014571    
  2.646000     -4.031278    
  2.648513     -4.028914    
  2.648600     -4.030777    
  2.650102     -4.034685    
  2.650189     -4.035025    
  2.650581     -4.036240    
  2.650668     -4.038254    
  2.653884     -4.046385    
  2.653971     -4.046551    
  2.654508     -4.052735    
  2.654595     -4.054693    
  2.655848     -4.073307    
  2.655935     -4.062627    
  2.656856     -4.058704    
  2.656943     -4.057698    
  2.658483     -4.054797    
  2.658570     -4.063499    
  2.659789     -4.063776    
  2.659876     -4.069096    
  2.661632     -4.068451    
  2.661711     -4.067760    
  2.661798     -4.067982    
  2.662214     -4.068729    
  2.662301     -4.068772    
  2.662838     -4.070834    
  2.662925     -4.071267    
  2.663187     -4.072188    
  2.663274     -4.071979    
  2.665319     -4.078551    
  2.665405     -4.078144    
  2.666840     -4.082349    
  2.668270     -4.088200    
  2.668357     -4.082854    
  2.670100     -4.097348    
  2.670187     -4.098893    
  2.670742     -4.096048    
  2.670829     -4.094276    
  2.672470     -4.097119    
  2.674106     -4.102042    
  2.674193     -4.102294    
  2.675152     -4.105699    
  2.675239     -4.106115    
  2.675371     -4.106532    
  2.675458     -4.106564    
  2.676824     -4.110056    
  2.676911     -4.111128    
  2.677751     -4.114856    
  2.677838     -4.113614    
  2.679282     -4.116944    
  2.680721     -4.120904    
  2.682155     -4.125191    
  2.683585     -4.128971    
  2.683672     -4.129300    
  2.684480     -4.131596    
  2.684566     -4.131853    
  2.685714     -4.135117    
  2.685801     -4.135364    
  2.685988     -4.135918    
  2.686075     -4.136188    
  2.686520     -4.137532    
  2.686607     -4.137791    
  2.687327     -4.140002    
  2.688046     -4.142527    
  2.688133     -4.142794    
  2.688542     -4.143740    
  2.688599     -4.143831    
  2.688629     -4.143891    
  2.688686     -4.143777    
  2.689808     -4.147596    
  2.690927     -4.150029    
  2.691014     -4.150352    
  2.691670     -4.152207    
  2.692326     -4.154066    
  2.692981     -4.156106    
  2.693635     -4.158125    
  2.693722     -4.158392    
  2.694340     -4.160665    
  2.694958     -4.162756    
  2.695575     -4.163696    
  2.696192     -4.163886    
  2.696807     -4.196065    
  2.697422     -4.208412    
  2.698035     -4.171756    
  2.698648     -4.172034    
  2.698717     -4.172801    
  2.698803     -4.172917    
  2.699142     -4.174372    
  2.699229     -4.175812    
  2.700077     -4.180452    
  2.700500     -4.178503    
  2.700923     -4.178913    
  2.701345     -4.179791    
  2.701767     -4.181059    
  2.702189     -4.182356    
  2.702610     -4.183449    
  2.702697     -4.183720    
  2.706323     -4.194948    
  2.706410     -4.195345    
  2.707308     -4.197273    
  2.707395     -4.197710    
  2.708280     -4.200621    
  2.708352     -4.200807    
  2.708438     -4.200611    
  2.709271     -4.205970    
  2.709358     -4.201164    
  2.712230     -4.257857    
  2.712317     -4.212635    
  2.715874     -4.222575    
  2.715961     -4.222563    
  2.716395     -4.223782    
  2.716481     -4.224037    
  2.716568     -4.228758    
  2.721359     -4.235240    
  2.721446     -4.237938    
  2.724957     -4.248940    
  2.725044     -4.249066    
  2.725129     -4.249326    
  2.725216     -4.249759    
  2.727523     -4.256317    
  2.727610     -4.256606    
  2.728146     -4.258181    
  2.728233     -4.258436    
  2.728368     -4.258837    
  2.728455     -4.259098    
  2.728556     -4.259407    
  2.728643     -4.259707    
  2.735898     -4.280908    
  2.735985     -4.281195    
  2.736079     -4.281474    
  2.737059     -4.284288    
  2.737146     -4.284574    
  2.738167     -4.287812    
  2.738254     -4.288308    
  2.740490     -4.294486    
  2.740577     -4.294799    
  2.742815     -4.301369    
  2.742902     -4.301642    
  2.743703     -4.304088    
  2.743790     -4.306174    
  2.753428     -4.333330    
  2.753515     -4.333572    
  2.753850     -4.334440    
  2.753937     -4.334608    
  2.754509     -4.336569    
  2.754596     -4.337046    
  2.754850     -4.338146    
  2.754937     -4.338573    
  2.756676     -4.342881    
  2.756763     -4.343117    
  2.758474     -4.347960    
  2.758561     -4.348150    
  2.759027     -4.349617    
  2.759113     -4.350052    
  2.759911     -4.352780    
  2.759997     -4.352334    
  2.763464     -4.363187    
  2.763551     -4.363268    
  2.765400     -4.368514    
  2.765487     -4.368714    
  2.765755     -4.369510    
  2.765842     -4.369751    
  2.766689     -4.372354    
  2.766776     -4.372589    
  2.768842     -4.379195    
  2.768929     -4.379721    
  2.769216     -4.380509    
  2.769303     -4.380518    
  2.772541     -4.389714    
  2.772628     -4.390191    
  2.781421     -4.416382    
  2.781508     -4.416654    
  2.783749     -4.423872    
  2.783836     -4.423880    
  2.786316     -4.431173    
  2.786403     -4.432278    
  2.789343     -4.440363    
  2.789430     -4.440853    
  2.792049     -4.448432    
  2.792136     -4.448779    
  2.795957     -4.460411    
  2.796043     -4.460676    
  2.799021     -4.469801    
  2.799107     -4.479623    
  2.799738     -4.487806    
  2.799825     -4.454880    
  2.801475     -4.704514    
  2.801562     -4.489606    
  2.816430     -4.517275    
  2.816517     -4.523247    
  2.817018     -4.524874    
  2.817105     -4.525005    
  2.818570     -4.529732    
  2.818657     -4.528295    
  2.823371     -4.548158    
  2.823458     -4.545792    
  2.826003     -4.553489    
  2.826090     -4.554109    
  2.829613     -4.563298    
  2.829700     -4.563275    
  2.832995     -4.575285    
  2.833082     -4.575028    
  2.835804     -4.585089    
  2.835890     -4.584411    
  2.836249     -4.584421    
  2.836336     -4.584646    
  2.836442     -4.584949    
  2.836529     -4.586600    
  2.841429     -4.601277    
  2.841516     -4.604459    
  2.844722     -4.611199    
  2.844809     -4.610741    
  2.845614     -4.614266    
  2.845701     -4.614601    
  2.845992     -4.615649    
  2.846079     -4.615933    
  2.846320     -4.616548    
  2.846407     -4.617735    
  2.851273     -4.634302    
  2.851359     -4.632730    
  2.851605     -4.632881    
  2.851692     -4.629464    
  2.852906     -4.646987    
  2.852993     -4.662996    
  2.853657     -4.660867    
  2.853730     -4.653591    
  2.853816     -4.643768    
  2.856721     -4.689483    
  2.856808     -4.653622    
  2.861695     -4.662393    
  2.861782     -4.663269    
  2.863190     -4.667839    
  2.863277     -4.667271    
  2.864011     -4.672055    
  2.864097     -4.674137    
  2.864172     -4.675243    
  2.864259     -4.675968    
  2.866955     -4.678131    
  2.867042     -4.679286    
  2.872704     -4.696894    
  2.872791     -4.681269    
  2.877117     -4.770294    
  2.877204     -4.715770    
  2.880603     -4.720951    
  2.880690     -4.724005    
  2.882313     -4.737562    
  2.882400     -4.741135    
  2.882670     -4.774217    
  2.882757     -4.828661    
  2.886654     -4.733892    
  2.886684     -4.755282    
  2.886741     -4.753450    
  2.886771     -4.750976    
  2.887555     -4.754732    
  2.887642     -4.743822    
  2.893704     -4.783660    
  2.893791     -4.779660    
  2.894071     -4.771316    
  2.894157     -4.767530    
  2.895095     -4.766664    
  2.895182     -4.768205    
  2.895490     -4.772072    
  2.895577     -4.776114    
  2.896767     -4.778282    
  2.896854     -4.787091    
  2.897787     -4.790906    
  2.897874     -4.783364    
  2.899209     -4.780035    
  2.899296     -4.781335    
  2.901336     -4.787492    
  2.901423     -4.787132    
  2.905548     -4.799707    
  2.905635     -4.801025    
  2.908098     -4.807961    
  2.908185     -4.808458    
  2.908477     -4.809342    
  2.908564     -4.809220    
  2.916527     -4.835051    
  2.916614     -4.835252    
  2.916785     -4.835814    
  2.916872     -4.836087    
  2.917171     -4.836928    
  2.917258     -4.838889    
  2.921759     -4.852953    
  2.921845     -4.853202    
  2.925029     -4.861868    
  2.925116     -4.862470    
  2.925683     -4.863786    
  2.925770     -4.864019    
  2.925849     -4.864232    
  2.925936     -4.864478    
  2.926028     -4.864741    
  2.927554     -4.870184    
  2.927641     -4.870115    
  2.927672     -4.870195    
  2.927759     -4.870427    
  2.927951     -4.870996    
  2.928037     -4.871288    
  2.928671     -4.873231    
  2.928758     -4.873470    
  2.929127     -4.874599    
  2.929213     -4.874855    
  2.929524     -4.876010    
  2.929611     -4.876434    
  2.929967     -4.878310    
  2.930054     -4.878711    
  2.930245     -4.879318    
  2.930332     -4.879497    
  2.930604     -4.880068    
  2.930644     -4.880176    
  2.930691     -4.880303    
  2.930731     -4.880404    
  2.930956     -4.881160    
  2.931043     -4.882000    
  2.932654     -4.885842    
  2.932741     -4.885699    
  2.933595     -4.889974    
  2.933682     -4.890631    
  2.934646     -4.892841    
  2.934733     -4.892954    
  2.934790     -4.893091    
  2.934877     -4.893186    
  2.935353     -4.895270    
  2.935439     -4.897321    
  2.936807     -4.900287    
  2.936894     -4.900455    
  2.937517     -4.904153    
  2.937604     -4.903988    
  2.942728     -4.917852    
  2.942815     -4.919162    
  2.943758     -4.921524    
  2.943845     -4.921838    
  2.943894     -4.921971    
  2.943981     -4.922085    
  2.945266     -4.926013    
  2.945353     -4.926526    
  2.946273     -4.929663    
  2.946360     -4.929924    
  2.946687     -4.930940    
  2.946746     -4.931100    
  2.946774     -4.931179    
  2.946833     -4.931297    
  2.950770     -4.943600    
  2.950857     -4.943876    
  2.951287     -4.945183    
  2.951374     -4.945433    
  2.951710     -4.946489    
  2.951797     -4.946776    
  2.952602     -4.949546    
  2.952688     -4.949847    
  2.953750     -4.953447    
  2.953837     -4.953661    
  2.953990     -4.954132    
  2.954077     -4.954402    
  2.954361     -4.955282    
  2.954448     -4.955533    
  2.955030     -4.957439    
  2.955117     -4.957754    
  2.955739     -4.959535    
  2.955826     -4.959744    
  2.956162     -4.960761    
  2.956248     -4.961060    
  2.956346     -4.961390    
  2.956433     -4.961674    
  2.957599     -4.965652    
  2.957685     -4.965992    
  2.957790     -4.966350    
  2.958490     -4.968310    
  2.958577     -4.968578    
  2.958702     -4.968983    
  2.958789     -4.969278    
  2.959196     -4.970722    
  2.959269     -4.970972    
  2.959356     -4.971266    
  2.959520     -4.971798    
  2.959575     -4.971971    
  2.959607     -4.972071    
  2.959642     -4.972183    
  2.959678     -4.972297    
  2.959729     -4.972461    
  2.959837     -4.972816    
  2.959916     -4.973076    
  2.960003     -4.973386    
  2.960694     -4.975551    
  2.960781     -4.975800    
  2.961122     -4.976668    
  2.961209     -4.916273    
  2.965318     -4.973401    
  2.965405     -4.980765    
  2.973340     -4.906908    
  2.973427     -4.956228    
  2.975729     -4.904172    
  2.975815     -4.887269    
  2.976171     -4.918892    
  2.976258     -4.915475    
  2.981363     -4.943552    
  2.981450     -4.900370    
  2.982423     -4.913963    
  2.982509     -4.914785    
  2.982872     -4.912773    
  2.982959     -4.933160    
  3.005749     -4.988857    
  3.005836     -4.986970    
  3.008346     -4.997120    
  3.008392     -4.997185    
  3.008433     -4.997330    
  3.008479     -5.086031    
  3.022969     -5.030966    
  3.023055     -5.051223    
  3.024662     -5.060691    
  3.024749     -5.055458    
  3.026972     -5.064167    
  3.027058     -5.065159    
  3.028439     -5.071492    
  3.028526     -5.073453    
  3.041713     -5.137656    
  3.041799     -5.142777    
  3.044019     -5.112440    
  3.044106     -5.123097    
  3.046417     -5.130883    
  3.046504     -5.131493    
  3.047266     -5.133320    
  3.047353     -5.138760    
  3.053134     -5.164062    
  3.053221     -5.161080    
  3.056619     -5.165072    
  3.056706     -5.168075    
  3.057754     -5.170877    
  3.057841     -5.185023    
  3.072777     -5.227869    
  3.072864     -5.212987    
  3.074515     -5.275171    
  3.074602     -5.237519    
  3.082910     -5.256487    
  3.082997     -5.251976    
  3.085748     -5.336486    
  3.085835     -5.374263    
  3.088154     -5.173779    
  3.088240     -5.218068    
  3.089212     -5.267231    
  3.089299     -5.272360    
  3.092941     -5.301092    
  3.093028     -5.292095    
  3.093244     -5.312154    
  3.093331     -5.563500    
  3.093732    -100.00000    
  3.093819    -100.00000    
  3.096179     -5.202525    
  3.096266     -5.167623    
  3.099391     -5.327734    
  3.099477     -5.314299    
  3.110593     -5.363981    
  3.110679     -5.360617    
  3.114687     -5.376193    
  3.114774     -5.377827    
  3.115819     -5.381541    
  3.115905     -5.379774    
  3.116258     -5.380143    
  3.116344     -5.380557    
  3.116978     -5.383987    
  3.117065     -5.383560    
  3.118889     -5.389240    
  3.118976     -5.390132    
  3.124616     -5.410275    
  3.124703     -5.410146    
  3.125997     -5.416113    
  3.126084     -5.416083    
  3.126554     -5.434247    
  3.126641     -5.441151    
  3.126962     -5.449002    
  3.127049     -5.446210    
  3.127687     -5.422288    
  3.127774     -5.421632    
  3.129225     -5.426909    
  3.129312     -5.428609    
  3.132800     -5.439891    
  3.132887     -5.440050    
  3.135587     -5.449836    
  3.135674     -5.449094    
  3.138745     -5.463713    
  3.138832     -5.479195    
  3.139047     -5.504375    
  3.139134     -5.531271    
  3.141109     -5.455161    
  3.141196     -5.469729    
  3.143577     -5.479159    
  3.143664     -5.479130    
  3.144101     -5.480548    
  3.144188     -5.480690    
  3.144945     -5.484007    
  3.145031     -5.484373    
  3.146758     -5.490778    
  3.146845     -5.493140    
  3.146888     -5.493834    
  3.146975     -5.497576    
  3.147795     -5.501279    
  3.147882     -5.497192    
  3.148717     -5.496711    
  3.148804     -5.497721    
  3.149747     -5.500995    
  3.149834     -5.501375    
  3.150628     -5.504303    
  3.150714     -5.504592    
  3.151276     -5.506585    
  3.151363     -5.506909    
  3.152544     -5.511236    
  3.152631     -5.511551    
  3.152935     -5.512661    
  3.153022     -5.512976    
  3.153068     -5.513144    
  3.153155     -5.513459    
  3.153381     -5.514278    
  3.153434     -5.514468    
  3.153468     -5.514588    
  3.153521     -5.514671    
  3.155016     -5.520074    
  3.155103     -5.520491    
  3.159418     -5.536134    
  3.159505     -5.536479    
  3.159758     -5.537387    
  3.159845     -5.537707    
  3.164009     -5.552836    
  3.164096     -5.553148    
  3.164633     -5.555081    
  3.164720     -5.555389    
  3.164846     -5.555844    
  3.164933     -5.556163    
  3.165979     -5.559947    
  3.166066     -5.560283    
  3.171670     -5.580681    
  3.171756     -5.581010    
  3.173578     -5.587577    
  3.173665     -5.587907    
  3.174167     -5.589799    
  3.174254     -5.590006    
  3.179466     -5.608790    
  3.179553     -5.609342    
  3.180463     -5.612641    
  3.180550     -5.612948    
  3.181675     -5.617073    
  3.181761     -5.617627    
  3.184969     -5.628476    
  3.185055     -5.626831    
  3.187464     -5.637136    
  3.187494     -5.637571    
  3.187551     -5.637776    
  3.187581     -5.637938    
  3.188338     -5.639985    
  3.188425     -5.640302    
  3.189356     -5.643474    
  3.189443     -5.643325    
  3.190962     -5.652022    
  3.191049     -5.651803    
  3.191119     -5.652069    
  3.191206     -5.651331    
  3.192224     -5.666368    
  3.192311     -5.663564    
  3.194885     -5.662475    
  3.194972     -5.665458    
  3.196916     -5.672691    
  3.197003     -5.672895    
  3.203163     -5.695403    
  3.203249     -5.695741    
  3.204661     -5.700837    
  3.204747     -5.701189    
  3.207365     -5.710721    
  3.207452     -5.711074    
  3.209135     -5.716823    
  3.209222     -5.717275    
  3.209715     -5.719279    
  3.209802     -5.810150    
  3.217531     -5.584544    
  3.217618     -5.489010    
  3.217704     -5.498649    
  3.217791     -5.512027    
  3.218329     -5.583193    
  3.218415     -5.706675    
  3.233361     -5.826958    
  3.233448     -5.806380    
  3.243111     -5.841559    
  3.243198     -5.841836    
  3.251238     -5.871189    
  3.251325     -5.871454    
  3.261641     -5.909626    
  3.261728     -5.909953    
  3.263462     -5.916327    
  3.263549     -5.916683    
  3.271269     -5.945040    
  3.271355     -5.945062    
  3.271415     -5.945212    
  3.271502     -5.944229    
  3.273253     -5.949041    
  3.273340     -5.952589    
  3.276754     -5.965313    
  3.276841     -5.965681    
  3.279706     -5.976141    
  3.279793     -5.976523    
  3.281662     -5.983463    
  3.281749     -5.983727    
  3.283538     -5.990311    
  3.283625     -5.990691    
  3.285833     -5.998826    
  3.285920     -5.999156    
  3.289028     -6.010659    
  3.289115     -6.010969    
  3.291415     -6.019453    
  3.291501     -6.019842    
  3.292656     -6.024099    
  3.292743     -6.024413    
  3.294670     -6.031538    
  3.294757     -6.031860    
  3.295898     -6.036090    
  3.295985     -6.036421    
  3.296762     -6.039314    
  3.296849     -6.039620    
  3.299441     -6.049149    
  3.299528     -6.049525    
  3.301132     -6.055475    
  3.301219     -6.055753    
  3.305074     -6.070117    
  3.305161     -6.070426    
  3.305985     -6.073484    
  3.306072     -6.073790    
  3.306887     -6.076703    
  3.306974     -6.077030    
  3.309364     -6.086040    
  3.309451     -6.086238    
  3.309833     -6.087657    
  3.309920     -6.087986    
  3.310624     -6.090568    
  3.310710     -6.090884    
  3.310978     -6.091885    
  3.311065     -6.092217    
  3.311327     -6.093230    
  3.311414     -6.093570    
  3.311825     -6.095113    
  3.311912     -6.095417    
  3.312012     -6.095757    
  3.312099     -6.090447    
  3.333122     -6.173121    
  3.333209     -6.170503    
  3.343376     -6.210457    
  3.343463     -6.206001    
  3.351164     -6.237067    
  3.351250     -6.232581    
  3.351681     -6.234101    
  3.351768     -6.240899    
  3.363548     -6.277600    
  3.363635     -6.293279    
  3.367434     -6.298271    
  3.367521     -6.293332    
  3.377612     -6.330564    
  3.377699     -6.330387    
  3.379159     -6.338669    
  3.379246     -6.376820    
  3.382086     -6.338473    
  3.382173     -6.347839    
  3.385882     -6.361449    
  3.385969     -6.362175    
  3.389771     -6.376313    
  3.389858     -6.376643    
  3.395039     -6.396042    
  3.395125     -6.396353    
  3.400648     -6.416976    
  3.400735     -6.417365    
  3.400855     -6.417925    
  3.400942     -6.440145    
  3.403535     -6.443399    
  3.403595     -6.425849    
  3.403622     -6.426067    
  3.403681     -6.426600    
  3.404126     -6.428668    
  3.404213     -6.429195    
  3.414942     -6.471066    
  3.415029     -6.470857    
  3.419275     -6.486747    
  3.419361     -6.487064    
  3.421764     -6.496075    
  3.421851     -6.496390    
  3.426245     -6.512914    
  3.426332     -6.513246    
  3.434923     -6.545306    
  3.435010     -6.550883    
  3.442825     -6.576298    
  3.442912     -6.574947    
  3.444934     -6.583042    
  3.445021     -6.583169    
  3.449934     -6.601695    
  3.450021     -6.602095    
  3.466667     -6.664529    
  3.466754     -6.664834    
  3.467592     -6.668046    
  3.467679     -6.668364    
  3.468746     -6.672322    
  3.468833     -6.672674    
  3.469843     -6.676524    
  3.469930     -6.676827    
  3.472928     -6.688084    
  3.473015     -6.689947    
  3.480890     -6.708918    
  3.480977     -6.718182    
  3.485957     -6.737147    
  3.486044     -6.737447    
  3.486320     -6.738485    
  3.486406     -6.738858    
  3.494277     -6.768452    
  3.494364     -6.768824    
  3.503878     -6.804694    
  3.503965     -6.805308    
  3.505952     -6.811445    
  3.506039     -6.809220    
  3.506892     -6.803409    
  3.506979     -6.801023    
  3.515804     -6.851929    
  3.515836     -6.849583    
  3.515891     -6.849795    
  3.515923     -6.850053    
  3.534135     -6.919061    
  3.534222     -6.919278    
  3.535311     -6.923375    
  3.535397     -6.923595    
  3.539346     -6.938707    
  3.539433     -6.938993    
  3.543849     -6.955736    
  3.543936     -6.956043    
  3.544500     -6.958208    
  3.544586     -6.958609    
  3.545154     -6.960355    
  3.545241     -6.960469    
  3.552154     -6.987515    
  3.552241     -6.987586    
  3.553235     -6.991376    
  3.553322     -6.991708    
  3.555627     -7.000481    
  3.555714     -7.000824    
  3.557696     -7.008331    
  3.557783     -7.008668    
  3.558846     -7.012696    
  3.558933     -7.013026    
  3.559110     -7.013702    
  3.559197     -7.014025    
  3.560994     -7.020899    
  3.561019     -7.020966    
  3.561080     -7.021191    
  3.561106     -7.021284    
  3.561368     -7.022256    
  3.561455     -7.022586    
  3.561702     -7.023536    
  3.561789     -7.023876    
  3.561899     -7.024302    
  3.561986     -7.027815    
  3.565681     -7.026182    
  3.565768     -7.025415    
  3.568654     -7.047246    
  3.568741     -7.047449    
  3.572245     -7.060296    
  3.572332     -7.061808    
  3.628600     -7.267831    
  3.628687     -7.265463    
  3.631423     -7.275730    
  3.631510     -7.276051    
  3.632293     -7.279076    
  3.632379     -7.279385    
  3.634321     -7.286704    
  3.634408     -7.291794    
  3.644191     -7.328494    
  3.644278     -7.324803    
  3.656741     -7.371058    
  3.656828     -7.381261    
  3.663615     -7.398021    
  3.663702     -7.390751    
  3.670110     -7.421592    
  3.670197     -7.523348    
  3.673498     -7.130463    
  3.673585     -7.330259    
  3.687730     -7.545434    
  3.687817     -7.485194    
  3.688052     -7.489759    
  3.688139     -7.491846    
  3.688708     -7.555558    
  3.688795     -7.556088    
  3.688862     -7.556710    
  3.688948     -7.502367    
  3.691459     -7.479352    
  3.691546     -7.502107    
  3.695795     -7.512018    
  3.695882     -7.520488    
  3.713236     -7.587221    
  3.713322     -7.587324    
  3.719779     -7.611821    
  3.719866     -7.612256    
  3.725984     -7.635608    
  3.726070     -7.635995    
  3.733043     -7.662621    
  3.733130     -7.675719    
  3.740126     -7.685498    
  3.740213     -7.689686    
  3.740628     -7.691484    
  3.740715     -7.691918    
  3.751777     -7.734317    
  3.751863     -7.734564    
  3.753187     -7.739641    
  3.753274     -7.740008    
  3.753882     -7.742326    
  3.753969     -7.742657    
  3.754658     -7.745243    
  3.754745     -7.745560    
  3.755217     -7.747388    
  3.755304     -7.747726    
  3.755522     -7.748563    
  3.755609     -7.748898    
  3.755717     -7.749310    
  3.755803     -7.748890    
  3.793452     -7.894159    
  3.793539     -7.893194    
  3.804079     -7.934605    
  3.804166     -7.933345    
  3.806615     -7.942902    
  3.806702     -7.980592    
  3.821564     -7.915180    
  3.821651     -7.990616    
  3.838150     -8.068298    
  3.838237     -8.067272    
  3.842793     -8.082081    
  3.842880     -8.081604    
  3.865757     -8.170042    
  3.865844     -8.169204    
  3.866035     -8.169966    
  3.866122     -8.170334    
  3.871179     -8.189623    
  3.871266     -8.190547    
  3.892235     -8.269676    
  3.892321     -8.270341    
  3.894387     -8.278174    
  3.894474     -8.278538    
  3.895132     -8.281078    
  3.895219     -8.281377    
  3.898660     -8.294502    
  3.898747     -8.294757    
  3.900415     -8.301265    
  3.900502     -8.301407    
  3.902270     -8.308348    
  3.902356     -8.308594    
  3.904208     -8.315616    
  3.904295     -8.316041    
  3.905964     -8.322295    
  3.906051     -8.322593    
  3.906858     -8.325771    
  3.906945     -8.326178    
  3.908342     -8.331317    
  3.908429     -8.331746    
  3.913068     -8.349412    
  3.913155     -8.349732    
  3.913186     -8.349851    
  3.913273     -8.350173    
  3.913769     -8.352040    
  3.913856     -8.352396    
  3.913885     -8.352511    
  3.913972     -8.352857    
  3.914081     -8.353288    
  3.914168     -8.353653    
  3.916915     -8.363789    
  3.917002     -8.365282    
  3.968835     -8.560531    
  3.968922     -8.560857    
  3.983439     -8.613742    
  3.983526     -8.612870    
  3.993238     -8.655609    
  3.993325     -8.629804    
  4.025832     -8.756673    
  4.025919     -8.776545    
  4.034774     -8.809914    
  4.034860     -8.810230    
  4.038365     -8.823417    
  4.038452     -8.817821    
  4.047778     -8.852725    
  4.047808     -8.854135    
  4.047865     -8.854822    
  4.047895     -8.861449    
  4.073362     -8.948616    
  4.073449     -8.956190    
  4.128589     -9.155826    
  4.128676     -9.161061    
  4.150175     -9.240770    
  4.150262     -9.240996    
  4.155926     -9.262605    
  4.156013     -9.262166    
  4.161727     -9.282759    
  4.161814     -9.283759    
  4.163762     -9.291289    
  4.163849     -9.291496    
  4.163959     -9.291846    
  4.164046     -9.295276    
  4.251427     -9.613585    
  4.251514     -9.616969    
  4.266067     -9.659467    
  4.266154     -9.599870    
  4.339907     -9.970648    
  4.339994     -9.929158    
  4.353233     -9.982325    
  4.353320     -9.981575    
  4.356074     -9.992993    
  4.356161     -9.991808    
  4.357582     -9.994452    
  4.357669     -9.996243    
  4.357779     -9.996773    
  4.357865     -10.00210    
  4.440368     -10.28198    
  4.440455     -10.28835    
  4.512937     -10.53069    
  4.513024     -10.54030    
  4.514610     -10.54617    
  4.514697     -10.54659    
  4.515945     -10.55020    
  4.516032     -10.55043    
  4.516141     -10.55073    
  4.516228     -10.55035    
  4.585469     -10.77971    
  4.585556     -10.76960    
  4.648489     -10.98166    
  4.648576     -10.98921    
  4.649548     -10.99479    
  4.649635     -10.99499    
  4.649838     -10.99583    
  4.649925     -10.99621    
  4.650035     -10.99670    
  4.650122     -10.97958    
  4.709765     -11.16247    
  4.709852     -11.18302    
  4.765753     -11.36594    
  4.765822     -11.36707    
  4.765844     -11.36711    
  4.765909     -11.36721    
  4.765931     -11.36723    
  4.766019     -11.36731    
  4.766106     -11.35849    
  4.818480     -11.53154    
  4.818567     -11.52970    
  4.868094     -11.67261    
  4.868127     -11.68254    
  4.868152     -11.68264    
  4.868181     -11.68276    
  4.868214     -11.68290    
  4.868239     -11.68300    
  4.868324     -11.68331    
  4.868411     -11.63022    
  4.915089     -11.84127    
  4.915176     -11.82506    
  4.959449     -11.95009    
  4.959536     -11.95562    
  4.959642     -11.95526    
  4.959667     -11.95525    
  4.959729     -11.95542    
  4.959754     -11.95557    
  4.959839     -11.95569    
  4.959925     -11.95690    
  5.002021     -12.06694    
  5.002108     -12.08245    
  5.041986     -12.19705    
  5.042072     -12.20049    
  5.042428     -12.20141    
  5.042455     -12.20148    
  5.042515     -12.20159    
  5.042541     -12.20163    
  5.042624     -12.20174    
  5.042711     -12.19342    
  5.081038     -12.31050    
  5.081125     -12.28899    
  5.117569     -12.40967    
  5.117655     -12.42048    
  5.118005     -12.42000    
  5.118030     -12.41834    
  5.118092     -12.41630    
  5.118117     -12.41566    
  5.118201     -12.41916    
  5.118288     -12.39775    
  5.153462     -12.52586    
  5.153549     -12.51963    
  5.187204     -12.61839    
  5.187290     -12.61757    
  5.187529     -12.61821    
  5.187558     -12.61832    
  5.187616     -12.61849    
  5.187645     -12.61857    
  5.187725     -12.61875    
  5.187812     -12.61743    
  5.251180     -12.78351    
  5.251266     -12.79901    
  5.251931     -12.80124    
  5.252018     -12.80134    
  5.252095     -12.80141    
  5.252182     -12.79667    
  5.311750     -12.95923    
  5.311837     -12.96970    
  5.311944     -12.96940    
  5.312021     -12.96918    
  5.312108     -12.97091    
  5.368079     -13.11154    
  5.368165     -13.12472    
  5.420737     -13.27228    
  5.420823     -13.26813    
  5.470384     -13.39593    
  5.470471     -13.40515    
  5.517346     -13.54206    
  5.517433     -13.54010    
  5.561899     -13.66278    
  5.561985     -13.66531    
  5.604277     -13.77108    
  5.604364     -13.78473    
  5.644684     -13.89445    
  5.644771     -13.89043    
  6.103027     -15.13764    
  6.321002     -15.74454    
  6.573673     -16.43476    
  6.848341     -17.18238    
  7.135565     -17.96296    
  7.429524     -18.76672    
  7.726975     -19.58720    
  8.026204     -20.42688    
  8.326331     -21.29750    
  8.626909     -22.23036    
  8.927713    -100.00000    
