 0.6989700    -100.00000    
 0.7331214    -100.00000    
 0.7647820    -100.00000    
 0.7942904    -100.00000    
 0.8219208     -60.37473    
 0.8220077     -60.06476    
 0.8256567     -59.58677    
 0.8257436    -100.00000    
 0.8647793    -100.00000    
 0.9005939    -100.00000    
 0.9336786    -100.00000    
 0.9644204    -100.00000    
 0.9931293    -100.00000    
  1.020057    -100.00000    
  1.045413     -41.61981    
  1.069370     -39.80837    
  1.092073     -38.87861    
  1.113649    -100.00000    
  1.153828     -23.08418    
  1.190604     -22.35611    
  1.224506     -22.72772    
  1.224593    -100.00000    
  1.258242     -15.99809    
  1.258328     -16.50806    
  1.281053     -15.74763    
  1.281140     -18.86301    
  1.305129    -100.00000    
  1.305216    -100.00000    
  1.326885     -25.20013    
  1.326972     -15.05328    
  1.346664     -15.22683    
  1.346750    -100.00000    
  1.351328     -19.54878    
  1.351414    -100.00000    
  1.362515     -18.34498    
  1.362602     -17.17931    
  1.390867     -18.07176    
  1.390954     -16.15331    
  1.403133     -15.87942    
  1.403220    -100.00000    
  1.416604     -17.91632    
  1.416691     -17.67004    
  1.442990     -17.78393    
  1.443077    -100.00000    
  1.465932     -15.55772    
  1.466019     -19.39352    
  1.485843     -19.44736    
  1.485929     -19.63055    
  1.499940     -19.80571    
  1.500027     -19.14772    
  1.524019     -16.64564    
  1.546755    -100.00000    
  1.546842     -20.66577    
  1.576102    -100.00000    
  1.576189    -100.00000    
  1.604747     -19.50196    
  1.604834     -16.48561    
  1.629405    -100.00000    
  1.629492     -25.50341    
  1.655461    -100.00000    
  1.679965    -100.00000    
  1.703160    -100.00000    
  1.725179    -100.00000    
  1.725266     -30.07444    
  1.731654     -29.49505    
  1.731741    -100.00000    
  1.762029    -100.00000    
  1.790341     -21.27621    
  1.790428     -20.18095    
  1.817058     -20.99411    
  1.842149    -100.00000    
  1.842236     -22.25707    
  1.843313     -21.34279    
  1.843400    -100.00000    
  1.861079     -21.14085    
  1.861166    -100.00000    
  1.861837     -21.46003    
  1.861924     -20.26641    
  1.874931    -100.00000    
  1.875018     -20.14810    
  1.914140     -20.44414    
  1.914227     -20.31362    
  1.921566     -20.25731    
  1.921653     -21.28040    
  1.926897     -20.33335    
  1.926984     -20.08083    
  1.953068    -100.00000    
  1.953155     -22.48691    
  1.971846     -21.53483    
  1.971933     -21.55466    
  1.992517     -21.05081    
  1.992604     -20.82941    
  1.993799     -20.55886    
  1.993886     -20.79567    
  1.994140     -21.09043    
  1.994226     -21.35339    
  1.996545     -21.60489    
  1.996632     -21.86136    
  1.998156     -21.31895    
  1.998243     -21.32672    
  2.000011     -21.41120    
  2.000098     -20.65706    
  2.005591     -21.26162    
  2.005678     -20.89541    
  2.007909     -21.50463    
  2.007996     -21.31231    
  2.009188     -21.39588    
  2.009275    -100.00000    
  2.036803     -20.24693    
  2.036890    -100.00000    
  2.061295     -19.41325    
  2.061382     -19.67727    
  2.077530     -18.87145    
  2.077617     -18.36390    
  2.095978    -100.00000    
  2.096065    -100.00000    
  2.097299    -100.00000    
  2.097386    -100.00000    
  2.102584    -100.00000    
  2.102671    -100.00000    
  2.103399    -100.00000    
  2.103486    -100.00000    
  2.105825    -100.00000    
  2.105912    -100.00000    
  2.106091    -100.00000    
  2.106178    -100.00000    
  2.111629    -100.00000    
  2.111716     -17.58609    
  2.119223     -16.99394    
  2.119310     -17.39853    
  2.124245    -100.00000    
  2.124332     -17.70041    
  2.137459    -100.00000    
  2.137546     -16.35775    
  2.138137     -16.56715    
  2.138224     -17.75450    
  2.138688    -100.00000    
  2.138775    -100.00000    
  2.149371     -16.69316    
  2.149458    -100.00000    
  2.150309    -100.00000    
  2.150396    -100.00000    
  2.150438    -100.00000    
  2.150525     -16.15080    
  2.156847     -16.66808    
  2.156934    -100.00000    
  2.168071     -17.06200    
  2.168158     -15.83865    
  2.177603     -15.63303    
  2.177690    -100.00000    
  2.191113     -15.19690    
  2.191200    -100.00000    
  2.197200    -100.00000    
  2.197287    -100.00000    
  2.203933     -14.39163    
  2.204020    -100.00000    
  2.204170     -15.32302    
  2.204257     -14.98127    
  2.204684    -100.00000    
  2.204771    -100.00000    
  2.211353     -15.19585    
  2.217836     -13.97403    
  2.217923     -14.11901    
  2.217949     -14.23011    
  2.218036     -14.15158    
  2.218819     -14.41310    
  2.218906     -14.43278    
  2.223758     -14.23145    
  2.223844     -14.16828    
  2.230357     -14.06041    
  2.236772     -13.84825    
  2.236859     -13.82724    
  2.239623     -13.74931    
  2.239710     -14.44964    
  2.244929     -14.33419    
  2.250086     -14.17129    
  2.250173     -14.42344    
  2.253696     -14.47379    
  2.253782     -14.42251    
  2.256807     -14.63992    
  2.259811     -13.53077    
  2.262794     -14.04121    
  2.265757     -14.11081    
  2.265844     -13.88646    
  2.267022     -14.83435    
  2.267109     -13.85853    
  2.270424    -100.00000    
  2.270511     -14.31758    
  2.273172     -14.10194    
  2.275818     -13.16513    
  2.275905     -13.59492    
  2.278993     -14.24221    
  2.279080     -14.08829    
  2.281448     -13.93336    
  2.283804     -13.82995    
  2.283891     -14.26909    
  2.286548     -13.94116    
  2.286635     -14.08817    
  2.286786     -13.88412    
  2.286873    -100.00000    
  2.289321     -13.07868    
  2.291755     -14.98208    
  2.294175     -13.80194    
  2.296582     -13.45709    
  2.298976     -13.72690    
  2.301356     -13.34966    
  2.303724     -13.03631    
  2.304903     -13.19172    
  2.306078     -12.98634    
  2.306165     -13.51768    
  2.308271     -13.72406    
  2.309320     -13.02950    
  2.310367     -14.12711    
  2.311411     -13.01463    
  2.312452     -13.22213    
  2.313491     -13.76465    
  2.314528     -13.62687    
  2.314614     -13.81410    
  2.315825     -13.86765    
  2.317033     -13.52011    
  2.318237     -13.11286    
  2.319437     -13.65682    
  2.320635     -13.39706    
  2.321829     -13.68670    
  2.323020     -13.50254    
  2.324207     -13.92328    
  2.324294     -13.26175    
  2.325800     -13.19130    
  2.325887     -13.04988    
  2.326813     -13.43548    
  2.327736     -13.51035    
  2.327823     -13.65278    
  2.328856     -14.21571    
  2.329886     -13.26791    
  2.330914     -13.43945    
  2.331939     -13.71181    
  2.332026     -13.36325    
  2.333111     -13.96574    
  2.334194     -13.73772    
  2.335274     -13.68808    
  2.336352     -13.77150    
  2.336439     -13.72928    
  2.337047     -13.45659    
  2.337655     -13.86223    
  2.338262     -13.42922    
  2.338868     -13.96140    
  2.339473     -13.57137    
  2.340077     -13.84118    
  2.340680     -13.60413    
  2.341283     -13.55140    
  2.341370     -13.56214    
  2.341472     -13.84307    
  2.342517     -13.19672    
  2.342604     -13.36513    
  2.343196     -13.29282    
  2.343786     -13.42498    
  2.343873     -13.26899    
  2.344850     -13.14508    
  2.345825     -13.17792    
  2.345912     -13.10946    
  2.346656     -12.99732    
  2.347399     -12.66671    
  2.348141     -12.61021    
  2.348882     -13.50935    
  2.348969     -13.08954    
  2.349884     -12.96649    
  2.349971     -12.91889    
  2.350040     -12.71492    
  2.350127     -13.43716    
  2.350953     -13.42300    
  2.351777     -13.58048    
  2.352600     -13.60594    
  2.353421     -13.23708    
  2.353508     -13.16944    
  2.353983     -13.56547    
  2.354070     -13.24772    
  2.354840     -13.03537    
  2.355610     -13.62617    
  2.356378     -12.55857    
  2.357144     -13.22802    
  2.357197     -14.60966    
  2.357231     -14.18449    
  2.357284     -13.58806    
  2.357504     -13.34625    
  2.357582    -100.00000    
  2.357669    -100.00000    
  2.357776     -9.499084    
  2.357863     -9.582904    
  2.360104    -100.00000    
  2.360190    -100.00000    
  2.373546     -4.990696    
  2.373632     -4.660937    
  2.378097    -100.00000    
  2.378184     -4.907488    
  2.381409     -4.888299    
  2.381496     -5.225644    
  2.384668     -3.893876    
  2.384755     -4.138500    
  2.387126    -100.00000    
  2.387213     -4.514648    
  2.397727     -4.309527    
  2.397814     -3.877597    
  2.403706     -3.778005    
  2.403793     -3.886901    
  2.405816     -3.750231    
  2.405903     -3.699663    
  2.409533    -100.00000    
  2.409619    -100.00000    
  2.409967     -5.020924    
  2.410054     -5.026474    
  2.411499     -3.737868    
  2.411586     -3.694753    
  2.413098     -3.674456    
  2.413185     -3.635010    
  2.417226     -4.215784    
  2.417313     -3.970759    
  2.417446     -3.955964    
  2.417533     -3.792959    
  2.429013     -3.924192    
  2.429100     -3.772341    
  2.429782     -3.767250    
  2.429869     -3.775929    
  2.429909     -3.778685    
  2.429996     -3.760301    
  2.433515     -3.864203    
  2.433602     -3.972129    
  2.434760     -3.741507    
  2.434847     -3.836151    
  2.438744     -3.650620    
  2.438831     -3.703077    
  2.441087     -3.720323    
  2.441174     -3.707557    
  2.442885     -3.842427    
  2.442972     -4.227707    
  2.446825     -4.167917    
  2.446912     -5.187748    
  2.449374     -3.636812    
  2.449460     -3.642575    
  2.454772     -4.362486    
  2.454858     -3.729630    
  2.457103     -3.808546    
  2.457190     -3.678016    
  2.462242     -4.065796    
  2.462329     -4.350398    
  2.465051     -5.019305    
  2.465138     -4.308761    
  2.466974     -4.298185    
  2.467061     -4.520702    
  2.469909     -4.676327    
  2.469996     -4.403599    
  2.471129     -4.231682    
  2.471216     -4.124391    
  2.471255     -4.110085    
  2.471342     -4.163004    
  2.471828     -4.205899    
  2.471915     -3.970768    
  2.473553     -4.228003    
  2.473639     -4.494650    
  2.473908     -4.332840    
  2.473994     -4.265755    
  2.475654     -3.676834    
  2.475741     -3.609861    
  2.476442     -3.822660    
  2.476529     -3.801471    
  2.476977     -3.790960    
  2.477064     -3.872883    
  2.479546     -3.918737    
  2.479633     -3.830499    
  2.483967     -4.659662    
  2.484054     -3.942958    
  2.484128     -3.901207    
  2.484215     -3.857047    
  2.484517     -3.749890    
  2.484604     -3.676864    
  2.487037     -3.501154    
  2.487124     -3.915628    
  2.491399     -3.807221    
  2.491486     -3.675365    
  2.493770     -3.799056    
  2.493799     -3.986353    
  2.493857     -4.058744    
  2.493886     -4.445076    
  2.496105     -3.906892    
  2.496192     -3.673012    
  2.497233     -3.609845    
  2.497320     -3.650277    
  2.497678     -3.651120    
  2.497765     -3.633629    
  2.498024     -3.633650    
  2.498111     -3.721569    
  2.501025     -3.643553    
  2.503920     -3.662323    
  2.504007     -3.654712    
  2.504069     -3.653541    
  2.504156     -3.643439    
  2.506191     -3.618695    
  2.506278     -3.668308    
  2.507046     -3.702747    
  2.507133     -3.593648    
  2.509451     -4.722224    
  2.511756     -3.489157    
  2.511843     -3.571903    
  2.512347     -3.619793    
  2.512434     -3.630687    
  2.514176     -3.732383    
  2.514263     -3.752062    
  2.515486     -3.699238    
  2.515573     -3.696985    
  2.515719     -3.693892    
  2.515805     -3.691537    
  2.515872     -3.689389    
  2.515959     -3.679108    
  2.516706     -3.693164    
  2.516793     -3.700820    
  2.516940     -3.706361    
  2.517027     -3.711391    
  2.517941     -3.731238    
  2.518028     -3.720495    
  2.519341     -3.791032    
  2.519428     -3.843993    
  2.521714     -3.700979    
  2.523988     -3.734614    
  2.526250     -4.078801    
  2.528500     -3.465696    
  2.528587     -3.514191    
  2.532731     -3.700542    
  2.532818     -3.725614    
  2.533833     -3.766619    
  2.533920     -3.772006    
  2.537178     -3.812652    
  2.540412     -3.821483    
  2.543622     -3.824644    
  2.546808     -3.811882    
  2.546895     -3.819255    
  2.547436     -3.823355    
  2.547523     -3.828224    
  2.551127     -3.838444    
  2.554701     -3.828511    
  2.554788     -3.830229    
  2.557290     -3.834688    
  2.559779     -3.854922    
  2.562253     -3.893046    
  2.564713     -3.828206    
  2.564799     -3.833961    
  2.568369     -3.807320    
  2.568456     -3.815380    
  2.571315     -3.837308    
  2.571402     -3.839995    
  2.571490     -3.841844    
  2.571576     -3.835440    
  2.572582     -3.885825    
  2.572668     -3.906042    
  2.573820     -3.955336    
  2.573907     -3.879515    
  2.576147     -3.855379    
  2.578375     -3.861043    
  2.580592     -3.885091    
  2.582797     -3.884499    
  2.582884     -3.862198    
  2.586758     -4.038470    
  2.590598     -3.860940    
  2.590685     -3.816607    
  2.593225     -3.870461    
  2.595750     -3.973092    
  2.595837     -3.902712    
  2.598386     -3.896065    
  2.600921     -3.885523    
  2.601008     -3.889092    
  2.603333     -3.929293    
  2.603420     -3.916130    
  2.604635     -3.907172    
  2.604722     -3.905311    
  2.606239     -3.946687    
  2.606324     -3.918151    
  2.606411     -3.913330    
  2.607057     -3.918194    
  2.607144     -3.921748    
  2.607239     -3.919763    
  2.607326     -3.917311    
  2.607391     -3.916113    
  2.607478     -3.915470    
  2.607654     -3.915589    
  2.607741     -3.918339    
  2.611049     -3.919765    
  2.614332     -3.921689    
  2.614419     -3.921491    
  2.617004     -3.917452    
  2.619574     -3.945221    
  2.619659     -3.941500    
  2.619746     -3.945308    
  2.620996     -3.966440    
  2.621082     -3.954889    
  2.621962     -3.951634    
  2.622049     -3.925520    
  2.623324     -3.915065    
  2.623411     -3.908659    
  2.624766     -3.942483    
  2.624853     -3.934126    
  2.627024     -3.920834    
  2.627110     -3.914725    
  2.630435     -3.983542    
  2.630522     -3.981503    
  2.632418     -3.944682    
  2.632505     -3.951537    
  2.633585     -3.954846    
  2.633672     -3.953548    
  2.634210     -3.956868    
  2.634297     -3.958072    
  2.636422     -3.965157    
  2.638537     -3.970920    
  2.640642     -3.956549    
  2.642737     -4.001470    
  2.642824     -3.983639    
  2.645913     -3.984134    
  2.646000     -3.994343    
  2.648513     -3.993519    
  2.648600     -4.000307    
  2.650102     -3.997620    
  2.650189     -3.996096    
  2.650581     -3.994695    
  2.650668     -3.994204    
  2.653884     -4.001028    
  2.653971     -4.002048    
  2.654508     -4.012155    
  2.654595     -4.017181    
  2.655848     -4.043442    
  2.655935     -4.012794    
  2.656856     -4.016132    
  2.656943     -4.013179    
  2.658483     -4.014098    
  2.658570     -4.017675    
  2.659789     -4.017628    
  2.659876     -4.024885    
  2.661632     -4.016374    
  2.661711     -4.016950    
  2.661798     -4.016369    
  2.662214     -4.016896    
  2.662301     -4.017559    
  2.662838     -4.018071    
  2.662925     -4.018100    
  2.663187     -4.018212    
  2.663274     -4.019151    
  2.665319     -4.021940    
  2.665405     -4.031568    
  2.666840     -3.990692    
  2.668270     -3.916536    
  2.668357     -3.921038    
  2.670100     -3.984235    
  2.670187     -3.981066    
  2.670742     -3.988691    
  2.670829     -3.991991    
  2.672470     -4.022811    
  2.674106     -4.041200    
  2.674193     -4.040757    
  2.675152     -4.045711    
  2.675239     -4.045847    
  2.675371     -4.046241    
  2.675458     -4.046353    
  2.676824     -4.051904    
  2.676911     -4.053123    
  2.677751     -4.054986    
  2.677838     -4.054622    
  2.679282     -4.055462    
  2.680721     -4.056973    
  2.682155     -4.059778    
  2.683585     -4.062835    
  2.683672     -4.063302    
  2.684480     -4.060735    
  2.684566     -4.058269    
  2.685714     -4.064010    
  2.685801     -4.065459    
  2.685988     -4.066812    
  2.686075     -4.067441    
  2.686520     -4.069548    
  2.686607     -4.071406    
  2.687327     -4.071735    
  2.688046     -4.073030    
  2.688133     -4.072839    
  2.688542     -4.074840    
  2.688599     -4.075729    
  2.688629     -4.075825    
  2.688686     -4.074329    
  2.689808     -4.075280    
  2.690927     -4.074236    
  2.691014     -4.075254    
  2.691670     -4.079038    
  2.692326     -4.073810    
  2.692981     -4.066018    
  2.693635     -4.064107    
  2.693722     -4.066161    
  2.694340     -4.070933    
  2.694958     -4.075780    
  2.695575     -4.078179    
  2.696192     -4.085608    
  2.696807     -4.145143    
  2.697422     -4.107830    
  2.698035     -4.103759    
  2.698648     -4.100698    
  2.698717     -4.100646    
  2.698803     -4.100322    
  2.699142     -4.100456    
  2.699229     -4.101325    
  2.700077     -4.102504    
  2.700500     -4.103715    
  2.700923     -4.103322    
  2.701345     -4.100212    
  2.701767     -4.100132    
  2.702189     -4.099391    
  2.702610     -4.098261    
  2.702697     -4.090438    
  2.706323     -4.127614    
  2.706410     -4.110036    
  2.707308     -4.103858    
  2.707395     -4.105748    
  2.708280     -4.109712    
  2.708352     -4.110617    
  2.708438     -4.111504    
  2.709271     -4.119369    
  2.709358     -4.121550    
  2.712230     -4.169172    
  2.712317     -4.128600    
  2.715874     -4.132654    
  2.715961     -4.132603    
  2.716395     -4.132351    
  2.716481     -4.132450    
  2.716568     -4.132588    
  2.721359     -4.140622    
  2.721446     -4.136110    
  2.724957     -4.146746    
  2.725044     -4.146439    
  2.725129     -4.146735    
  2.725216     -4.147400    
  2.727523     -4.152284    
  2.727610     -4.152091    
  2.728146     -4.153736    
  2.728233     -4.154041    
  2.728368     -4.154353    
  2.728455     -4.154518    
  2.728556     -4.154685    
  2.728643     -4.156939    
  2.735898     -4.165745    
  2.735985     -4.166124    
  2.736079     -4.167254    
  2.737059     -4.173148    
  2.737146     -4.173255    
  2.738167     -4.176590    
  2.738254     -4.177434    
  2.740490     -4.180990    
  2.740577     -4.179821    
  2.742815     -4.181787    
  2.742902     -4.085801    
  2.743703     -4.787188    
  2.743790     -4.347158    
  2.753428     -4.113308    
  2.753515     -4.210065    
  2.753850     -4.211927    
  2.753937     -4.212460    
  2.754509     -4.214876    
  2.754596     -4.215173    
  2.754850     -4.216293    
  2.754937     -4.217917    
  2.756676     -4.218421    
  2.756763     -4.215779    
  2.758474     -4.219244    
  2.758561     -4.220035    
  2.759027     -4.221818    
  2.759113     -4.222666    
  2.759911     -4.223335    
  2.759997     -4.223431    
  2.763464     -4.229350    
  2.763551     -4.226117    
  2.765400     -4.234819    
  2.765487     -4.234427    
  2.765755     -4.234406    
  2.765842     -4.223583    
  2.766689     -4.266899    
  2.766776     -4.248607    
  2.768842     -4.230032    
  2.768929     -4.237524    
  2.769216     -4.237844    
  2.769303     -4.238901    
  2.772541     -4.247764    
  2.772628     -4.242609    
  2.781421     -4.270278    
  2.781508     -4.269685    
  2.783749     -4.272364    
  2.783836     -4.364493    
  2.786316     -4.941969    
  2.786403     -4.199211    
  2.789343     -4.177813    
  2.789430     -4.210199    
  2.792049     -4.288089    
  2.792136     -4.284277    
  2.795957     -4.305574    
  2.796043     -4.302043    
  2.799021     -4.311438    
  2.799107     -4.856963    
  2.799738     -5.605180    
  2.799825     -5.462948    
  2.801475     -4.361026    
  2.801562     -4.269625    
  2.816430     -4.362117    
  2.816517     -4.342360    
  2.817018     -4.344796    
  2.817105     -4.345870    
  2.818570     -4.348350    
  2.818657     -4.344187    
  2.823371     -4.361204    
  2.823458     -4.361786    
  2.826003     -4.366899    
  2.826090     -4.366035    
  2.829613     -4.371436    
  2.829700     -4.372073    
  2.832995     -4.376988    
  2.833082     -4.379919    
  2.835804     -4.384664    
  2.835890     -4.368299    
  2.836249     -4.568533    
  2.836336     -4.557135    
  2.836442     -4.508117    
  2.836529     -4.394008    
  2.841429     -4.376113    
  2.841516     -4.390447    
  2.844722     -4.400173    
  2.844809     -4.401669    
  2.845614     -4.407462    
  2.845701     -4.407500    
  2.845992     -4.408435    
  2.846079     -4.408664    
  2.846320     -4.409127    
  2.846407     -4.422647    
  2.851273     -4.411159    
  2.851359     -4.415122    
  2.851605     -4.415361    
  2.851692     -4.411303    
  2.852906     -4.430125    
  2.852993     -4.434795    
  2.853657     -4.424162    
  2.853730     -4.425430    
  2.853816     -4.451222    
  2.856721     -4.458438    
  2.856808     -4.434196    
  2.861695     -4.438797    
  2.861782     -4.439580    
  2.863190     -4.440275    
  2.863277     -4.440015    
  2.864011     -4.444239    
  2.864097     -4.444852    
  2.864172     -4.444891    
  2.864259     -4.443777    
  2.866955     -4.448470    
  2.867042     -4.449197    
  2.872704     -4.460138    
  2.872791     -4.461577    
  2.877117     -4.512312    
  2.877204     -4.473669    
  2.880603     -4.480460    
  2.880690     -4.559327    
  2.882313     -5.340185    
  2.882400     -4.820764    
  2.882670     -4.721754    
  2.882757    -100.00000    
  2.886654     -4.238390    
  2.886684     -4.229288    
  2.886741     -4.233031    
  2.886771     -4.234214    
  2.887555     -4.291889    
  2.887642     -4.356916    
  2.893704     -4.583652    
  2.893791     -4.509657    
  2.894071     -4.511869    
  2.894157     -4.511899    
  2.895095     -4.511745    
  2.895182     -4.513424    
  2.895490     -4.516535    
  2.895577     -4.515180    
  2.896767     -4.522054    
  2.896854     -4.701463    
  2.897787    -100.00000    
  2.897874     -5.649332    
  2.899209     -4.477975    
  2.899296     -4.393649    
  2.901336     -4.436765    
  2.901423     -4.453914    
  2.905548     -4.529564    
  2.905635     -4.527770    
  2.908098     -4.539493    
  2.908185     -4.538121    
  2.908477     -4.538583    
  2.908564     -4.536491    
  2.916527     -4.557838    
  2.916614     -4.553894    
  2.916785     -4.553910    
  2.916872     -4.554032    
  2.917171     -4.554283    
  2.917258     -4.547674    
  2.921759     -4.577172    
  2.921845     -4.563434    
  2.925029     -4.564209    
  2.925116     -4.565022    
  2.925683     -4.566463    
  2.925770     -4.566705    
  2.925849     -4.566889    
  2.925936     -4.567068    
  2.926028     -4.566961    
  2.927554     -4.568815    
  2.927641     -4.570312    
  2.927672     -4.570459    
  2.927759     -4.570849    
  2.927951     -4.571405    
  2.928037     -4.571709    
  2.928671     -4.574151    
  2.928758     -4.574017    
  2.929127     -4.572844    
  2.929213     -4.572425    
  2.929524     -4.570757    
  2.929611     -4.569825    
  2.929967     -4.567181    
  2.930054     -4.567393    
  2.930245     -4.568435    
  2.930332     -4.569267    
  2.930604     -4.572142    
  2.930644     -4.572465    
  2.930691     -4.572832    
  2.930731     -4.573166    
  2.930956     -4.573819    
  2.931043     -4.572102    
  2.932654     -4.579539    
  2.932741     -4.583150    
  2.933595     -4.581847    
  2.933682     -4.578815    
  2.934646     -4.576675    
  2.934733     -4.578129    
  2.934790     -4.578393    
  2.934877     -4.578741    
  2.935353     -4.581854    
  2.935439     -4.583776    
  2.936807     -4.588667    
  2.936894     -4.587406    
  2.937517     -4.581990    
  2.937604     -4.586439    
  2.942728     -4.586439    
  2.942815     -4.589705    
  2.943758     -4.593124    
  2.943845     -4.594287    
  2.943894     -4.594690    
  2.943981     -4.595839    
  2.945266     -4.600039    
  2.945353     -4.599871    
  2.946273     -4.605048    
  2.946360     -4.605192    
  2.946687     -4.605974    
  2.946746     -4.606182    
  2.946774     -4.606286    
  2.946833     -4.606742    
  2.950770     -4.610049    
  2.950857     -4.612172    
  2.951287     -4.613979    
  2.951374     -4.614219    
  2.951710     -4.615225    
  2.951797     -4.615376    
  2.952602     -4.618744    
  2.952688     -4.619379    
  2.953750     -4.622205    
  2.953837     -4.622336    
  2.953990     -4.622646    
  2.954077     -4.622790    
  2.954361     -4.622932    
  2.954448     -4.622859    
  2.955030     -4.622939    
  2.955117     -4.622824    
  2.955739     -4.623749    
  2.955826     -4.623968    
  2.956162     -4.624628    
  2.956248     -4.624765    
  2.956346     -4.624911    
  2.956433     -4.625459    
  2.957599     -4.625745    
  2.957685     -4.625063    
  2.957790     -4.624779    
  2.958490     -4.627904    
  2.958577     -4.627441    
  2.958702     -4.627180    
  2.958789     -4.626951    
  2.959196     -4.625703    
  2.959269     -4.625468    
  2.959356     -4.625245    
  2.959520     -4.625093    
  2.959575     -4.625140    
  2.959607     -4.625172    
  2.959642     -4.625217    
  2.959678     -4.625286    
  2.959729     -4.625204    
  2.959837     -4.624030    
  2.959916     -4.620971    
  2.960003     -4.614799    
  2.960694     -4.587944    
  2.960781     -4.588224    
  2.961122     -4.590313    
  2.961209     -4.528763    
  2.965318     -4.857342    
  2.965405     -4.789059    
  2.973340     -4.529118    
  2.973427     -4.624654    
  2.975729     -4.565863    
  2.975815     -4.590929    
  2.976171     -4.592240    
  2.976258     -4.609250    
  2.981363     -4.807619    
  2.981450     -4.700422    
  2.982423     -4.593501    
  2.982509     -4.558241    
  2.982872     -4.544050    
  2.982959     -4.591190    
  3.005749     -4.687834    
  3.005836     -4.690355    
  3.008346     -4.703765    
  3.008392     -4.707515    
  3.008433     -4.707943    
  3.008479     -4.683639    
  3.022969     -4.702574    
  3.023055     -4.743731    
  3.024662     -4.747105    
  3.024749     -4.755089    
  3.026972     -4.750069    
  3.027058     -4.752653    
  3.028439     -4.757696    
  3.028526     -4.813815    
  3.041713     -4.710130    
  3.041799     -4.782078    
  3.044019     -4.805005    
  3.044106     -4.803967    
  3.046417     -4.812700    
  3.046504     -4.811822    
  3.047266     -4.811594    
  3.047353     -4.823727    
  3.053134     -4.830888    
  3.053221     -4.829531    
  3.056619     -4.827041    
  3.056706     -4.828603    
  3.057754     -4.833509    
  3.057841     -4.862045    
  3.072777     -4.868502    
  3.072864     -4.872003    
  3.074515     -4.929475    
  3.074602     -4.889118    
  3.082910     -4.922195    
  3.082997     -4.938282    
  3.085748     -5.241478    
  3.085835     -4.488498    
  3.088154     -4.356865    
  3.088240     -4.463642    
  3.089212     -4.594137    
  3.089299     -4.693421    
  3.092941     -4.891326    
  3.093028     -4.818884    
  3.093244     -5.082585    
  3.093331     -5.813917    
  3.093732     -6.487732    
  3.093819    -100.00000    
  3.096179     -4.326630    
  3.096266     -4.386632    
  3.099391     -4.987164    
  3.099477     -4.891136    
  3.110593     -5.012863    
  3.110679     -4.886512    
  3.114687     -5.052602    
  3.114774     -4.989447    
  3.115819     -4.949305    
  3.115905     -4.945995    
  3.116258     -4.937381    
  3.116344     -4.923895    
  3.116978     -4.949542    
  3.117065     -5.043932    
  3.118889     -4.982448    
  3.118976     -4.935278    
  3.124616     -5.067242    
  3.124703     -5.063014    
  3.125997     -4.996691    
  3.126084     -5.001119    
  3.126554     -5.029297    
  3.126641     -5.042244    
  3.126962     -5.053317    
  3.127049     -5.049418    
  3.127687     -5.036801    
  3.127774     -5.025427    
  3.129225     -4.990339    
  3.129312     -5.013603    
  3.132800     -5.062188    
  3.132887     -5.047467    
  3.135587     -5.131516    
  3.135674     -4.987237    
  3.138745     -5.272725    
  3.138832     -5.226009    
  3.139047     -5.140300    
  3.139134     -5.043393    
  3.141109     -4.972216    
  3.141196     -5.007980    
  3.143577     -5.081341    
  3.143664     -5.077991    
  3.144101     -5.090705    
  3.144188     -5.089892    
  3.144945     -5.090319    
  3.145031     -5.142623    
  3.146758     -5.140167    
  3.146845     -5.142486    
  3.146888     -5.146065    
  3.146975     -5.137343    
  3.147795     -5.077683    
  3.147882     -5.097320    
  3.148717     -5.119418    
  3.148804     -5.162831    
  3.149747     -5.106933    
  3.149834     -5.095986    
  3.150628     -5.093169    
  3.150714     -5.096297    
  3.151276     -5.096687    
  3.151363     -5.092573    
  3.152544     -5.108271    
  3.152631     -5.111236    
  3.152935     -5.107021    
  3.153022     -5.107544    
  3.153068     -5.107564    
  3.153155     -5.107647    
  3.153381     -5.107931    
  3.153434     -5.108041    
  3.153468     -5.108111    
  3.153521     -5.108587    
  3.155016     -5.113637    
  3.155103     -5.125095    
  3.159418     -5.147959    
  3.159505     -5.138381    
  3.159758     -5.137092    
  3.159845     -5.144762    
  3.164009     -5.162507    
  3.164096     -5.147091    
  3.164633     -5.176433    
  3.164720     -5.159887    
  3.164846     -5.151548    
  3.164933     -5.146347    
  3.165979     -5.177018    
  3.166066     -5.149998    
  3.171670     -5.169337    
  3.171756     -5.110501    
  3.173578     -5.091426    
  3.173665     -5.102932    
  3.174167     -5.106191    
  3.174254     -5.117122    
  3.179466     -5.204545    
  3.179553     -5.197689    
  3.180463     -5.206797    
  3.180550     -5.208000    
  3.181675     -5.216806    
  3.181761     -5.214043    
  3.184969     -5.226608    
  3.185055     -5.229493    
  3.187464     -5.231988    
  3.187494     -5.232083    
  3.187551     -5.232113    
  3.187581     -5.231525    
  3.188338     -5.235082    
  3.188425     -5.241611    
  3.189356     -5.233919    
  3.189443     -5.833836    
  3.190962    -100.00000    
  3.191049     -6.156215    
  3.191119     -5.982145    
  3.191206     -5.788306    
  3.192224     -5.079500    
  3.192311     -5.020762    
  3.194885     -5.111152    
  3.194972     -5.133291    
  3.196916     -5.223938    
  3.197003     -5.237528    
  3.203163     -5.285681    
  3.203249     -5.277262    
  3.204661     -5.286540    
  3.204747     -5.287864    
  3.207365     -5.296741    
  3.207452     -5.296201    
  3.209135     -5.299242    
  3.209222     -5.298512    
  3.209715     -5.298417    
  3.209802    -100.00000    
  3.217531     -4.747444    
  3.217618     -4.545049    
  3.217704     -4.549660    
  3.217791     -4.553207    
  3.218329     -4.613090    
  3.218415     -4.943320    
  3.233361     -5.804720    
  3.233448     -5.383203    
  3.243111     -5.287954    
  3.243198     -5.400741    
  3.251238     -5.428977    
  3.251325     -5.427353    
  3.261641     -5.459969    
  3.261728     -5.462942    
  3.263462     -5.464558    
  3.263549     -5.465542    
  3.271269     -5.489711    
  3.271355     -5.490663    
  3.271415     -5.490534    
  3.271502     -5.486374    
  3.273253     -5.488686    
  3.273340     -5.491564    
  3.276754     -5.505930    
  3.276841     -5.506428    
  3.279706     -5.520870    
  3.279793     -5.517036    
  3.281662     -5.523395    
  3.281749     -5.525385    
  3.283538     -5.532316    
  3.283625     -5.531288    
  3.285833     -5.533771    
  3.285920     -5.536253    
  3.289028     -5.538995    
  3.289115     -5.541434    
  3.291415     -5.547001    
  3.291501     -5.551101    
  3.292656     -5.558376    
  3.292743     -5.557967    
  3.294670     -5.561654    
  3.294757     -5.563656    
  3.295898     -5.566518    
  3.295985     -5.567191    
  3.296762     -5.568624    
  3.296849     -5.569318    
  3.299441     -5.579278    
  3.299528     -5.576833    
  3.301132     -5.579392    
  3.301219     -5.580230    
  3.305074     -5.597693    
  3.305161     -5.595380    
  3.305985     -5.596555    
  3.306072     -5.596761    
  3.306887     -5.598977    
  3.306974     -5.599304    
  3.309364     -5.604190    
  3.309451     -5.603391    
  3.309833     -5.603251    
  3.309920     -5.602759    
  3.310624     -5.603331    
  3.310710     -5.604651    
  3.310978     -5.606242    
  3.311065     -5.606415    
  3.311327     -5.606009    
  3.311414     -5.605533    
  3.311825     -5.605183    
  3.311912     -5.605790    
  3.312012     -5.606649    
  3.312099     -5.618738    
  3.333122     -5.679310    
  3.333209     -5.683981    
  3.343376     -5.704152    
  3.343463     -5.716141    
  3.351164     -5.725149    
  3.351250     -5.732219    
  3.351681     -5.735460    
  3.351768     -5.733185    
  3.363548     -5.778241    
  3.363635     -5.798117    
  3.367434     -5.733736    
  3.367521     -5.777759    
  3.377612     -5.833940    
  3.377699     -5.835276    
  3.379159     -5.850485    
  3.379246     -5.771464    
  3.382086     -5.770824    
  3.382173     -5.790887    
  3.385882     -5.858636    
  3.385969     -5.854145    
  3.389771     -5.869507    
  3.389858     -5.869017    
  3.395039     -5.877172    
  3.395125     -5.874577    
  3.400648     -5.903533    
  3.400735     -5.924961    
  3.400855     -5.919709    
  3.400942     -5.880538    
  3.403535     -5.749979    
  3.403595     -5.814993    
  3.403622     -5.816171    
  3.403681     -5.819353    
  3.404126     -5.826706    
  3.404213     -5.869957    
  3.414942     -5.963149    
  3.415029     -5.943100    
  3.419275     -5.950352    
  3.419361     -5.956481    
  3.421764     -5.964098    
  3.421851     -5.960918    
  3.426245     -5.980089    
  3.426332     -5.975298    
  3.434923     -6.005304    
  3.435010     -5.983771    
  3.442825     -5.863625    
  3.442912     -5.997822    
  3.444934     -6.032653    
  3.445021     -6.032013    
  3.449934     -6.057951    
  3.450021     -6.051083    
  3.466667     -6.099847    
  3.466754     -6.096225    
  3.467592     -6.102061    
  3.467679     -6.107748    
  3.468746     -6.112944    
  3.468833     -6.107996    
  3.469843     -6.113214    
  3.469930     -6.114485    
  3.472928     -6.121036    
  3.473015     -6.124778    
  3.480890     -6.121452    
  3.480977     -6.142183    
  3.485957     -6.162521    
  3.486044     -6.161442    
  3.486320     -6.162171    
  3.486406     -6.162152    
  3.494277     -6.183470    
  3.494364     -6.184776    
  3.503878     -6.216570    
  3.503965     -6.214490    
  3.505952     -6.227868    
  3.506039     -6.323764    
  3.506892     -6.009908    
  3.506979     -5.875380    
  3.515804     -6.406731    
  3.515836     -6.251445    
  3.515891     -6.251794    
  3.515923     -6.255927    
  3.534135     -6.307008    
  3.534222     -6.305629    
  3.535311     -6.308615    
  3.535397     -6.309437    
  3.539346     -6.324475    
  3.539433     -6.378028    
  3.543849     -6.202894    
  3.543936     -6.192323    
  3.544500     -6.217954    
  3.544586     -6.222461    
  3.545154     -6.248047    
  3.545241     -6.268707    
  3.552154     -6.394096    
  3.552241     -6.370967    
  3.553235     -6.375144    
  3.553322     -6.374880    
  3.555627     -6.374730    
  3.555714     -6.376021    
  3.557696     -6.382228    
  3.557783     -6.382240    
  3.558846     -6.383705    
  3.558933     -6.382603    
  3.559110     -6.381850    
  3.559197     -6.377646    
  3.560994     -6.386984    
  3.561019     -6.388406    
  3.561080     -6.388816    
  3.561106     -6.389015    
  3.561368     -6.390554    
  3.561455     -6.390955    
  3.561702     -6.391979    
  3.561789     -6.392339    
  3.561899     -6.392780    
  3.561986     -6.388065    
  3.565681     -6.409801    
  3.565768     -6.426145    
  3.568654     -6.439458    
  3.568741     -6.428658    
  3.572245     -6.432696    
  3.572332     -6.419954    
  3.628600     -6.585879    
  3.628687     -6.604249    
  3.631423     -6.624404    
  3.631510     -6.628557    
  3.632293     -6.635747    
  3.632379     -6.637388    
  3.634321     -6.641911    
  3.634408     -6.625583    
  3.644191     -6.507740    
  3.644278     -6.664263    
  3.656741     -6.705240    
  3.656828     -6.688436    
  3.663615     -6.673240    
  3.663702     -6.704820    
  3.670110     -6.734644    
  3.670197     -7.238258    
  3.673498     -5.916927    
  3.673585     -6.234107    
  3.687730     -7.857710    
  3.687817     -6.577073    
  3.688052     -6.540409    
  3.688139     -6.530641    
  3.688708     -6.476589    
  3.688795     -6.467585    
  3.688862     -6.461010    
  3.688948     -6.406577    
  3.691459     -6.595381    
  3.691546     -6.664294    
  3.695795     -6.834135    
  3.695882     -6.825946    
  3.713236     -6.874919    
  3.713322     -6.879961    
  3.719779     -6.880489    
  3.719866     -6.885300    
  3.725984     -6.920014    
  3.726070     -6.914872    
  3.733043     -6.934146    
  3.733130     -6.853448    
  3.740126     -6.865011    
  3.740213     -6.940415    
  3.740628     -6.947448    
  3.740715     -6.960623    
  3.751777     -6.994252    
  3.751863     -6.984311    
  3.753187     -6.996379    
  3.753274     -6.996559    
  3.753882     -6.999393    
  3.753969     -6.999805    
  3.754658     -7.002755    
  3.754745     -7.003225    
  3.755217     -7.004008    
  3.755304     -7.004141    
  3.755522     -7.004494    
  3.755609     -7.004700    
  3.755717     -7.004929    
  3.755803     -7.003479    
  3.793452     -7.114273    
  3.793539     -7.118235    
  3.804079     -7.141575    
  3.804166     -7.150385    
  3.806615     -7.151581    
  3.806702     -7.802231    
  3.821564     -6.694319    
  3.821651     -7.025982    
  3.838150     -7.356506    
  3.838237     -7.250009    
  3.842793     -7.224224    
  3.842880     -7.255113    
  3.865757     -7.304936    
  3.865844     -7.340386    
  3.866035     -7.340136    
  3.866122     -7.341285    
  3.871179     -7.352307    
  3.871266     -7.344986    
  3.892235     -7.393883    
  3.892321     -7.415157    
  3.894387     -7.422011    
  3.894474     -7.422332    
  3.895132     -7.425437    
  3.895219     -7.425946    
  3.898660     -7.429162    
  3.898747     -7.434314    
  3.900415     -7.441631    
  3.900502     -7.440917    
  3.902270     -7.448335    
  3.902356     -7.448410    
  3.904208     -7.449201    
  3.904295     -7.449315    
  3.905964     -7.455063    
  3.906051     -7.455060    
  3.906858     -7.459617    
  3.906945     -7.459374    
  3.908342     -7.455196    
  3.908429     -7.455376    
  3.913068     -7.481981    
  3.913155     -7.481745    
  3.913186     -7.481939    
  3.913273     -7.482456    
  3.913769     -7.483261    
  3.913856     -7.483231    
  3.913885     -7.483246    
  3.913972     -7.483360    
  3.914081     -7.483580    
  3.914168     -7.494535    
  3.916915     -7.458164    
  3.917002     -7.474136    
  3.968835     -7.642882    
  3.968922     -7.561417    
  3.983439     -7.656238    
  3.983526     -7.664704    
  3.993238     -7.739257    
  3.993325     -7.609436    
  4.025832     -7.732962    
  4.025919     -7.811154    
  4.034774     -7.890217    
  4.034860     -7.813886    
  4.038365     -7.732666    
  4.038452     -7.659861    
  4.047778     -7.874103    
  4.047808     -7.883142    
  4.047865     -7.883670    
  4.047895     -7.955084    
  4.073362     -7.811486    
  4.073449     -7.970333    
  4.128589     -8.044344    
  4.128676     -8.114229    
  4.150175     -8.179480    
  4.150262     -8.185799    
  4.155926     -8.190271    
  4.156013     -8.175230    
  4.161727     -8.211374    
  4.161814     -8.213027    
  4.163762     -8.224774    
  4.163849     -8.224580    
  4.163959     -8.224841    
  4.164046     -8.204706    
  4.251427     -8.468723    
  4.251514     -8.491216    
  4.266067     -8.470862    
  4.266154     -8.255820    
  4.339907     -8.881871    
  4.339994     -8.606978    
  4.353233     -8.811392    
  4.353320     -8.772759    
  4.356074     -8.770444    
  4.356161     -8.767959    
  4.357582     -8.771806    
  4.357669     -8.771998    
  4.357779     -8.772232    
  4.357865     -8.795751    
  4.440368     -8.956506    
  4.440455     -8.988048    
  4.512937     -9.137855    
  4.513024     -9.226040    
  4.514610     -9.226621    
  4.514697     -9.227222    
  4.515945     -9.229324    
  4.516032     -9.231788    
  4.516141     -9.232147    
  4.516228     -9.223360    
  4.585469     -9.400172    
  4.585556     -9.338855    
  4.648489     -9.553349    
  4.648576     -9.607498    
  4.649548     -9.606705    
  4.649635     -9.606917    
  4.649838     -9.606531    
  4.649925     -9.606386    
  4.650035     -9.606303    
  4.650122     -9.546825    
  4.709765     -9.729575    
  4.709852     -9.754083    
  4.765753     -9.905879    
  4.765822     -9.927719    
  4.765844     -9.927614    
  4.765909     -9.927657    
  4.765931     -9.927807    
  4.766019     -9.928412    
  4.766106     -9.899086    
  4.818480     -10.08248    
  4.818567     -10.04890    
  4.868094     -10.15585    
  4.868127     -10.20586    
  4.868152     -10.20552    
  4.868181     -10.20515    
  4.868214     -10.20482    
  4.868239     -10.20469    
  4.868324     -10.20549    
  4.868411     -10.03657    
  4.915089     -10.42802    
  4.915176     -10.34030    
  4.959449     -10.44217    
  4.959536     -10.45786    
  4.959642     -10.45643    
  4.959667     -10.45538    
  4.959729     -10.45194    
  4.959754     -10.45011    
  4.959839     -10.44262    
  4.959925     -10.44930    
  5.002021     -10.50509    
  5.002108     -10.57254    
  5.041986     -10.67460    
  5.042072     -10.67991    
  5.042428     -10.68152    
  5.042455     -10.68171    
  5.042515     -10.68203    
  5.042541     -10.68217    
  5.042624     -10.68259    
  5.042711     -10.65287    
  5.081038     -10.77838    
  5.081125     -10.69482    
  5.117569     -10.86078    
  5.117655     -10.88664    
  5.118005     -10.88593    
  5.118030     -10.88465    
  5.118092     -10.88007    
  5.118117     -10.87723    
  5.118201     -10.85530    
  5.118288     -10.80506    
  5.153462     -11.00512    
  5.153549     -10.97232    
  5.187204     -11.06796    
  5.187290     -11.06330    
  5.187529     -11.06348    
  5.187558     -11.06359    
  5.187616     -11.06378    
  5.187645     -11.06390    
  5.187725     -11.06431    
  5.187812     -11.05674    
  5.251180     -11.20641    
  5.251266     -11.23755    
  5.251931     -11.24182    
  5.252018     -11.24196    
  5.252095     -11.24217    
  5.252182     -11.22239    
  5.311750     -11.36885    
  5.311837     -11.39790    
  5.311944     -11.39777    
  5.312021     -11.39739    
  5.312108     -11.40250    
  5.368079     -11.51323    
  5.368165     -11.54196    
  5.420737     -11.68778    
  5.420823     -11.67460    
  5.470384     -11.78431    
  5.470471     -11.80765    
  5.517346     -11.94907    
  5.517433     -11.93980    
  5.561899     -12.06312    
  5.561985     -12.06711    
  5.604277     -12.14522    
  5.604364     -12.18290    
  5.644684     -12.28558    
  5.644771     -12.27920    
  6.103027     -13.52763    
  6.321002     -14.15756    
  6.573673     -14.87438    
  6.848341     -15.66605    
  7.135565     -16.52597    
  7.429524     -17.48298    
  7.726975     -18.62295    
  8.026204     -20.17867    
  8.326331    -100.00000    
  8.626909    -100.00000    
  8.927713    -100.00000    
