 0.6989700    -100.00000    
 0.7247828    -100.00000    
 0.7491470    -100.00000    
 0.7722168    -100.00000    
 0.7941226    -100.00000    
 0.8348744    -100.00000    
 0.8721282    -100.00000    
 0.9064373    -100.00000    
 0.9382333    -100.00000    
 0.9678594    -100.00000    
 0.9955930    -100.00000    
  1.021661    -100.00000    
  1.046253     -21.20835    
  1.069527     -20.05315    
  1.091616    -100.00000    
  1.132686     -18.59991    
  1.170205     -16.86164    
  1.204739     -15.94658    
  1.236728     -15.29746    
  1.266522     -14.82158    
  1.294403     -14.47451    
  1.320601     -14.23059    
  1.345308     -14.07398    
  1.368685     -13.99437    
  1.390867     -13.98441    
  1.390954     -13.75378    
  1.407231     -13.55009    
  1.407318     -13.60784    
  1.416604     -13.63158    
  1.416691     -13.63173    
  1.434239     -13.71608    
  1.434325     -13.72139    
  1.438732     -13.74814    
  1.438819     -13.74849    
  1.442990     -13.77457    
  1.443077     -13.77361    
  1.465932     -13.97840    
  1.466019     -13.98148    
  1.466567     -13.98680    
  1.466654     -13.98868    
  1.485460     -14.21698    
  1.485547     -14.21489    
  1.485843     -14.21898    
  1.485930     -14.22331    
  1.502811     -14.47343    
  1.502898     -14.47164    
  1.515152     -14.67820    
  1.515239     -14.68967    
  1.538911     -15.15577    
  1.538998     -15.11957    
  1.541754     -15.17328    
  1.541841     -15.17484    
  1.544410     -15.22549    
  1.544497     -15.22600    
  1.546755     -15.27091    
  1.546842     -15.29391    
  1.568094     -15.69202    
  1.568181     -15.65531    
  1.576102     -15.75263    
  1.576189     -15.74909    
  1.577032     -15.75714    
  1.577119     -15.76233    
  1.586189     -15.81691    
  1.586276     -15.81182    
  1.587530     -15.81485    
  1.587617     -15.82626    
  1.602078     -15.78680    
  1.602165     -15.77656    
  1.604747     -15.75882    
  1.604834     -15.80124    
  1.629405     -15.51685    
  1.629492     -15.49117    
  1.633100     -15.44241    
  1.633187     -15.44868    
  1.643761     -15.29494    
  1.643848     -15.28820    
  1.646889     -15.24245    
  1.646976     -15.24329    
  1.653070     -15.14921    
  1.653157     -15.16542    
  1.667964     -14.92100    
  1.668051     -14.90929    
  1.673067     -14.82658    
  1.673154     -14.82353    
  1.673452     -14.81865    
  1.673539     -14.82612    
  1.683736     -14.65370    
  1.683823     -14.64823    
  1.689301     -14.55573    
  1.689388     -14.55237    
  1.690173     -14.53904    
  1.690260     -14.53770    
  1.691919     -14.50975    
  1.692006     -14.54059    
  1.709636     -14.22523    
  1.709723     -14.20833    
  1.714846     -14.11982    
  1.714933     -14.11692    
  1.717233     -14.07732    
  1.717320     -14.07553    
  1.717576     -14.07109    
  1.717663     -14.06980    
  1.719536     -14.03738    
  1.719623     -14.03604    
  1.721805     -13.99817    
  1.721892     -13.99724    
  1.725295     -13.93811    
  1.725382     -13.93392    
  1.731154     -13.32919    
  1.731241     -13.44345    
  1.731758     -13.49889    
  1.731845     -13.49477    
  1.732294     -13.47791    
  1.732381     -13.56482    
  1.735217     -13.34782    
  1.735304     -13.42092    
  1.746841     -13.36792    
  1.746929     -13.31830    
  1.747807     -13.24112    
  1.747894     -13.27653    
  1.753972     -13.31936    
  1.754058     -13.32460    
  1.756978     -13.32570    
  1.757065     -13.23380    
  1.762907     -13.11649    
  1.762994     -13.23329    
  1.763503     -13.14451    
  1.763590     -13.07516    
  1.765957     -13.02606    
  1.766044     -13.02058    
  1.768505     -12.98093    
  1.768592     -12.99070    
  1.776113     -12.91485    
  1.776200     -12.86696    
  1.781285     -12.89455    
  1.781372     -12.85472    
  1.781946     -12.81503    
  1.782033     -12.78742    
  1.786409     -12.79573    
  1.786495     -12.82964    
  1.788161     -12.77887    
  1.788248     -12.78291    
  1.789372     -12.69545    
  1.789459     -12.68679    
  1.792246     -12.72848    
  1.792333     -12.68500    
  1.800765     -12.51243    
  1.800851     -12.46970    
  1.809708     -12.32948    
  1.809795     -12.31648    
  1.810144     -12.30970    
  1.810231     -12.30950    
  1.814042     -12.26704    
  1.814129     -12.30141    
  1.834747     -11.90784    
  1.834834     -11.92558    
  1.838907     -11.77261    
  1.838994     -11.77841    
  1.840414     -11.75685    
  1.840501     -11.76580    
  1.842703     -11.71754    
  1.842790     -11.70772    
  1.844125     -11.68023    
  1.844212     -11.70320    
  1.857265     -11.43597    
  1.857352     -11.44978    
  1.870233     -11.18616    
  1.870320     -11.16344    
  1.871306     -11.14015    
  1.871393     -11.14010    
  1.872072     -11.12218    
  1.872158     -11.11952    
  1.873424     -11.08970    
  1.873511     -11.09925    
  1.880831     -10.93317    
  1.880918     -10.92651    
  1.887368     -10.80074    
  1.887455     -10.80666    
  1.899003     -10.54444    
  1.899090     -10.53537    
  1.905821     -10.38266    
  1.905908     -10.38079    
  1.911657     -10.24995    
  1.911744     -10.24555    
  1.912227     -10.24179    
  1.912313     -10.23969    
  1.913955     -10.19324    
  1.914042     -9.376308    
  1.924238     -9.286018    
  1.924325     -9.222174    
  1.925856     -9.624150    
  1.925943     -9.527356    
  1.926709     -9.495268    
  1.926796     -9.472517    
  1.926846     -9.466990    
  1.926932     -9.452820    
  1.927461     -9.404213    
  1.927548    -100.00000    
  1.930771     -8.540327    
  1.930858     -8.694620    
  1.933873     -9.662017    
  1.933960     -9.496289    
  1.936983     -9.220063    
  1.937070     -9.060931    
  1.938051     -9.160916    
  1.938138     -9.306819    
  1.940777     -8.822234    
  1.940864     -8.975604    
  1.955697     -9.173911    
  1.955784     -9.010942    
  1.959855     -8.858337    
  1.959942     -8.916918    
  1.963545     -8.893669    
  1.963632     -8.811420    
  1.974225     -8.593984    
  1.974312     -8.518627    
  1.974387     -8.508904    
  1.974474     -8.494431    
  1.977192     -8.401296    
  1.977279     -8.356772    
  1.994212     -8.144883    
  1.994299     -8.065398    
  1.996552     -7.977351    
  1.996639     -7.948417    
  1.997939     -7.575175    
  1.998026     -7.496991    
  2.000182     -7.487734    
  2.000268     -7.577987    
  2.007421     -7.325847    
  2.007508     -7.248844    
  2.009100     -6.995356    
  2.009187     -6.965143    
  2.009352     -6.926908    
  2.009439     -6.902963    
  2.009543     -6.806243    
  2.017372     -6.650577    
  2.017459    -100.00000    
  2.026471     -5.803522    
  2.026558     -6.106750    
  2.028108     -6.198736    
  2.028195     -8.008826    
  2.044930     -5.431827    
  2.061043     -6.779963    
  2.061130     -5.455747    
  2.067104     -6.451344    
  2.067191     -6.389114    
  2.068339     -6.210837    
  2.068426     -5.957262    
  2.076209     -5.726809    
  2.076296     -6.466856    
  2.097304     -5.151729    
  2.097391     -5.244163    
  2.100294     -5.090538    
  2.100380     -5.006701    
  2.101519     -5.009380    
  2.101605     -5.018690    
  2.102584     -5.070970    
  2.102671     -5.003341    
  2.104539     -5.549237    
  2.104626     -6.477869    
  2.106101     -5.448697    
  2.106187     -5.480906    
  2.111508     -4.999928    
  2.111595     -4.952805    
  2.111941     -4.923487    
  2.112028     -5.422774    
  2.124942     -4.843257    
  2.125029     -4.862260    
  2.126973     -4.976878    
  2.127060     -5.111567    
  2.127658     -4.932833    
  2.127745     -4.814864    
  2.131986     -4.438720    
  2.132073     -4.539214    
  2.137486     -5.600487    
  2.137573     -5.551690    
  2.141450     -4.705961    
  2.141537     -4.836234    
  2.141662     -4.863341    
  2.141749     -4.740992    
  2.149371     -5.145031    
  2.149458     -5.119636    
  2.154246     -5.136935    
  2.154333     -4.981761    
  2.156640     -4.994092    
  2.156727     -5.026389    
  2.156827     -5.043573    
  2.158960     -4.914684    
  2.159047     -4.839111    
  2.168424     -5.220425    
  2.177604     -4.871889    
  2.177690     -5.222863    
  2.181731     -6.133502    
  2.181818     -5.668067    
  2.184198     -4.811573    
  2.184285     -4.879130    
  2.188445     -5.021859    
  2.188532     -6.011200    
  2.191911     -5.300071    
  2.191997     -5.136159    
  2.204170     -4.862000    
  2.204257     -4.626072    
  2.213352     -5.343412    
  2.213439     -5.094555    
  2.217837     -4.806442    
  2.217924     -5.049544    
  2.218030     -5.045439    
  2.218315     -5.042136    
  2.218402     -4.990476    
  2.218688     -5.347905    
  2.218775     -5.676987    
  2.225403     -5.524714    
  2.231931     -4.764964    
  2.232018     -4.925919    
  2.234695     -5.401690    
  2.234781     -5.130210    
  2.239617     -4.682673    
  2.239704     -4.639966    
  2.245345     -4.752262    
  2.245432     -5.351148    
  2.250721     -4.753651    
  2.250808     -4.561190    
  2.252069     -4.615166    
  2.252156     -4.648015    
  2.253696     -4.567017    
  2.253782     -4.414791    
  2.257177     -4.648106    
  2.260545     -4.526685    
  2.260632     -4.950863    
  2.263836     -4.596075    
  2.267016     -4.752296    
  2.267103    -100.00000    
  2.270490     -4.347969    
  2.270577     -4.531917    
  2.271628    -100.00000    
  2.271715     -4.709755    
  2.275818     -4.545301    
  2.275905     -4.506884    
  2.278364     -4.583551    
  2.280809     -4.168995    
  2.280896     -4.141621    
  2.283804     -4.419655    
  2.283891     -4.608557    
  2.284781     -4.533943    
  2.284868     -4.415548    
  2.286288     -4.216747    
  2.286375     -4.218847    
  2.286786     -4.212960    
  2.286873     -4.160627    
  2.289459     -4.971421    
  2.292031     -4.894459    
  2.294586     -4.465321    
  2.297128     -4.316987    
  2.297214     -4.120491    
  2.297982     -3.965117    
  2.298069     -4.008047    
  2.300085     -4.072424    
  2.302092     -4.167195    
  2.304090     -4.263146    
  2.306078     -4.235227    
  2.306165     -4.130327    
  2.308268     -4.124544    
  2.309316     -4.267538    
  2.310361     -4.182504    
  2.311404     -4.085124    
  2.312444     -4.178897    
  2.313482     -4.336369    
  2.314517     -4.291511    
  2.314604     -4.194382    
  2.315597     -4.375837    
  2.315684     -4.345554    
  2.316612     -4.223982    
  2.317538     -4.409337    
  2.318463     -4.397285    
  2.319385     -4.011946    
  2.320305     -3.968190    
  2.321224    -100.00000    
  2.322140     -4.324670    
  2.323055     -4.098576    
  2.323141     -3.992800    
  2.324295     -4.085574    
  2.325445     -4.088417    
  2.326592     -4.572773    
  2.327736     -4.380473    
  2.327823     -4.675828    
  2.328799     -4.261291    
  2.329773     -3.992657    
  2.330745     -4.045499    
  2.331714     -3.991309    
  2.331801     -3.992738    
  2.333101     -3.873416    
  2.333188     -3.882874    
  2.334187     -4.118361    
  2.335184     -4.090617    
  2.336179     -4.249680    
  2.337171     -3.970423    
  2.338161     -4.568261    
  2.339149     -4.250314    
  2.340135     -4.030724    
  2.341118     -4.135894    
  2.341205     -4.075601    
  2.341283     -4.053192    
  2.341370     -4.027761    
  2.341472     -3.970474    
  2.342320     -3.912584    
  2.343166     -3.973362    
  2.344011     -4.229870    
  2.344853     -4.184261    
  2.344940     -4.156004    
  2.345621     -4.058165    
  2.346301     -3.993229    
  2.346979     -4.162342    
  2.347657     -4.049439    
  2.348333     -4.153265    
  2.349009     -4.031718    
  2.349683     -4.201517    
  2.350356     -4.288448    
  2.350443     -4.195081    
  2.351331     -4.655292    
  2.352217     -4.182521    
  2.352659     -4.026037    
  2.353101     -3.883164    
  2.353542     -3.840725    
  2.353983     -3.933028    
  2.354070     -3.920131    
  2.354494     -3.992694    
  2.354917     -4.044734    
  2.355340     -4.004084    
  2.355762     -3.910551    
  2.355849     -3.883237    
  2.356283     -3.870425    
  2.356717     -3.923343    
  2.357149     -3.893676    
  2.357582     -3.879190    
  2.357669     -3.856968    
  2.362936     -3.908998    
  2.363023     -4.237416    
  2.376702     -3.778875    
  2.376789     -3.731396    
  2.381401     -3.889848    
  2.381488     -3.920839    
  2.381574     -3.899192    
  2.381660     -3.736481    
  2.384670     -3.633285    
  2.384757     -3.609231    
  2.387126     -4.440979    
  2.387213     -3.683632    
  2.396615     -3.701026    
  2.405819     -3.642602    
  2.405905     -3.614770    
  2.409345     -3.854470    
  2.409431     -4.213629    
  2.409967     -4.141784    
  2.410054     -4.169878    
  2.411501     -3.475599    
  2.411588     -3.486937    
  2.412778     -3.510095    
  2.412865     -3.523629    
  2.413098     -3.538624    
  2.413185     -3.571235    
  2.417228     -3.615020    
  2.417315     -3.564062    
  2.417448     -3.564625    
  2.417535     -3.594352    
  2.419545     -3.562429    
  2.419632     -3.531952    
  2.424108     -3.545895    
  2.424195     -3.578781    
  2.429911     -3.561609    
  2.429998     -3.517331    
  2.432147     -3.577831    
  2.432234     -3.571189    
  2.433514     -3.581589    
  2.433601     -3.587741    
  2.434762     -3.841175    
  2.434849     -3.735760    
  2.435182     -3.677254    
  2.435269     -3.676908    
  2.435570     -3.664913    
  2.435657     -3.671127    
  2.438099     -3.735944    
  2.438186     -3.770599    
  2.443115     -3.606061    
  2.443202     -3.750348    
  2.448046     -3.608752    
  2.448133     -3.579543    
  2.449372     -3.870975    
  2.449459     -3.922348    
  2.450924     -3.694771    
  2.451011     -3.754986    
  2.456026     -3.610589    
  2.456113     -3.629789    
  2.457105     -3.595779    
  2.457192     -3.637282    
  2.461170     -3.756283    
  2.461257     -3.731473    
  2.466286     -3.709347    
  2.466372     -3.786289    
  2.466976     -3.667378    
  2.467064     -3.616797    
  2.471828     -3.647487    
  2.471915     -3.646571    
  2.476442     -3.653855    
  2.476529     -3.659886    
  2.476628     -3.663917    
  2.476715     -3.666859    
  2.476977     -3.671493    
  2.477064     -3.577337    
  2.483465     -3.967051    
  2.483551     -4.011582    
  2.483824     -3.812091    
  2.483911     -3.753357    
  2.484130     -3.604264    
  2.484217     -3.278622    
  2.487220     -3.550987    
  2.490203     -3.668893    
  2.493165     -3.658546    
  2.496107     -3.682574    
  2.496194     -3.720711    
  2.500074     -3.666897    
  2.503920     -3.738395    
  2.504007     -3.705028    
  2.504069     -3.702661    
  2.504156     -3.701173    
  2.506191     -3.705703    
  2.506278     -3.694150    
  2.508598     -3.685210    
  2.510906     -3.682451    
  2.513202     -3.731796    
  2.515486     -3.773891    
  2.515573     -3.735655    
  2.515719     -3.727386    
  2.515805     -3.723621    
  2.515872     -3.721061    
  2.515959     -3.710787    
  2.516943     -3.718985    
  2.517030     -3.726101    
  2.517941     -3.711432    
  2.518028     -3.691992    
  2.521727     -3.747956    
  2.525387     -3.776354    
  2.529016     -3.777772    
  2.532615     -3.817215    
  2.532701     -3.751735    
  2.536032     -3.754847    
  2.539337     -3.923645    
  2.539424     -3.796773    
  2.543132     -3.753177    
  2.546808     -3.763148    
  2.546895     -3.758034    
  2.547329     -3.757598    
  2.547416     -3.771147    
  2.551118     -3.792107    
  2.551204     -3.771133    
  2.554808     -3.790596    
  2.558382     -3.880562    
  2.558469     -3.816443    
  2.558869     -3.814300    
  2.558956     -3.815813    
  2.561557     -3.820928    
  2.561644     -3.964732    
  2.564082     -3.809827    
  2.566507     -3.819764    
  2.568917     -3.835716    
  2.571315     -3.865415    
  2.571402     -3.833328    
  2.571490     -3.831122    
  2.571576     -3.829206    
  2.574740     -3.832840    
  2.577880     -3.854469    
  2.580998     -3.844599    
  2.584094     -3.855850    
  2.587168     -3.874296    
  2.590220     -3.868558    
  2.593250     -3.875236    
  2.596260     -3.883709    
  2.596347     -3.875557    
  2.597646     -3.882869    
  2.597733     -3.890246    
  2.600542     -3.885877    
  2.603333     -3.889994    
  2.603420     -3.896017    
  2.606239     -3.912764    
  2.606324     -3.909773    
  2.606411     -3.909619    
  2.607237     -3.904057    
  2.607324     -3.902966    
  2.611491     -3.947444    
  2.615617     -3.912638    
  2.615704     -3.921756    
  2.619659     -3.967839    
  2.619746     -3.987584    
  2.620859     -3.925550    
  2.620946     -3.936529    
  2.621962     -3.941147    
  2.622049     -4.016364    
  2.625471     -3.952449    
  2.625557     -3.955510    
  2.626297     -4.026575    
  2.626384     -4.017389    
  2.627024     -3.951703    
  2.627111     -3.941585    
  2.630159     -3.991707    
  2.633186     -3.961730    
  2.633273     -3.965449    
  2.633585     -3.966210    
  2.633672     -3.965593    
  2.636750     -3.995116    
  2.639805     -3.987802    
  2.642840     -3.996650    
  2.645853     -3.994257    
  2.645940     -3.996815    
  2.646436     -4.017476    
  2.646523     -4.049602    
  2.648513     -3.994513    
  2.648600     -4.005669    
  2.650581     -4.009053    
  2.650668     -4.004524    
  2.652023     -4.012032    
  2.652110     -4.013567    
  2.653758     -4.017614    
  2.653845     -4.017035    
  2.654514     -4.017461    
  2.654601     -4.013653    
  2.655848     -4.032131    
  2.655935     -4.053623    
  2.656856     -4.141630    
  2.656943     -4.054368    
  2.659789     -4.022690    
  2.659876     -4.035679    
  2.661632     -4.033499    
  2.661711     -4.033787    
  2.661798     -4.033610    
  2.662838     -4.039625    
  2.662925     -4.039782    
  2.664288     -4.038404    
  2.665620     -4.036189    
  2.666947     -4.039199    
  2.668270     -4.052188    
  2.668357     -4.053642    
  2.669554     -4.057013    
  2.670748     -4.056749    
  2.670835     -4.059209    
  2.671974     -4.064940    
  2.673109     -4.068067    
  2.674242     -4.071183    
  2.675371     -4.074139    
  2.675458     -4.075427    
  2.676824     -4.075700    
  2.676911     -4.074587    
  2.677751     -4.078157    
  2.677838     -4.079307    
  2.679282     -4.083276    
  2.680721     -4.086358    
  2.682155     -4.093413    
  2.683585     -4.091650    
  2.683672     -4.094538    
  2.684694     -4.097465    
  2.685714     -4.100142    
  2.685801     -4.100596    
  2.685988     -4.101369    
  2.686075     -4.101722    
  2.686520     -4.103700    
  2.686607     -4.104297    
  2.687604     -4.106504    
  2.688599     -4.108786    
  2.688686     -4.108950    
  2.689315     -4.110064    
  2.689943     -4.112200    
  2.690571     -4.114611    
  2.691198     -4.115945    
  2.691823     -4.116885    
  2.692448     -4.118433    
  2.693072     -4.120401    
  2.693695     -4.122191    
  2.694317     -4.123957    
  2.694939     -4.125299    
  2.695559     -4.126944    
  2.696179     -4.129002    
  2.696797     -4.133827    
  2.697415     -4.126103    
  2.698032     -4.131212    
  2.698648     -4.134381    
  2.698717     -4.134824    
  2.698803     -4.135429    
  2.699142     -4.137108    
  2.699229     -4.135995    
  2.700077     -4.148781    
  2.700500     -4.150802    
  2.700923     -4.128307    
  2.701345     -4.130426    
  2.701767     -4.137986    
  2.702189     -4.142057    
  2.702610     -4.145380    
  2.702697     -4.146402    
  2.706323     -4.155417    
  2.706410     -4.156266    
  2.708352     -4.162791    
  2.708438     -4.159963    
  2.709271     -4.194460    
  2.709358     -4.158198    
  2.712230     -4.185336    
  2.712317     -4.175222    
  2.716395     -4.182721    
  2.716481     -4.184358    
  2.716568     -4.182381    
  2.718970     -4.204410    
  2.721359     -4.169478    
  2.721446     -4.183731    
  2.721792     -4.185099    
  2.721879     -4.190870    
  2.724957     -4.208206    
  2.725044     -4.207763    
  2.728368     -4.216554    
  2.728455     -4.217763    
  2.728556     -4.218065    
  2.728643     -4.218488    
  2.730036     -4.221709    
  2.730123     -4.223056    
  2.733020     -4.225440    
  2.735898     -4.238554    
  2.735985     -4.237894    
  2.736079     -4.237204    
  2.737059     -4.237422    
  2.737146     -4.240483    
  2.740300     -4.250762    
  2.740387     -4.249169    
  2.744215     -4.260079    
  2.748009     -4.268981    
  2.751770     -4.275375    
  2.755499     -4.293121    
  2.755586     -4.292363    
  2.758474     -4.300083    
  2.758561     -4.300137    
  2.759027     -4.301422    
  2.759113     -4.301889    
  2.759911     -4.302653    
  2.759997     -4.302431    
  2.760747     -4.305695    
  2.760833     -4.307657    
  2.763123     -4.308524    
  2.765400     -4.320401    
  2.765487     -4.320413    
  2.765755     -4.321220    
  2.765842     -4.321052    
  2.768363     -4.328384    
  2.770870     -4.333290    
  2.773363     -4.333888    
  2.775841     -4.348142    
  2.775928     -4.345171    
  2.777541     -4.355258    
  2.777628     -4.355151    
  2.781421     -4.366493    
  2.781508     -4.364547    
  2.784445     -4.369905    
  2.787363     -4.382777    
  2.787450     -4.383878    
  2.789348     -4.388234    
  2.789435     -4.389129    
  2.792054     -4.388061    
  2.792141     -4.394753    
  2.795962     -4.402143    
  2.796049     -4.401037    
  2.798395     -4.414822    
  2.800729     -4.409504    
  2.803050     -4.428972    
  2.805359     -4.434566    
  2.807656     -4.441259    
  2.809941     -4.448521    
  2.812213     -4.455948    
  2.814474     -4.459537    
  2.814561     -4.460749    
  2.815775     -4.465894    
  2.815862     -4.465364    
  2.816430     -4.466486    
  2.816517     -4.467524    
  2.818570     -4.474791    
  2.818657     -4.474534    
  2.821422     -4.482856    
  2.824169     -4.491752    
  2.826900     -4.499468    
  2.829613     -4.507113    
  2.829700     -4.507222    
  2.832139     -4.515226    
  2.834565     -4.521316    
  2.836978     -4.531671    
  2.839377     -4.525141    
  2.839464     -4.529530    
  2.842740     -4.547412    
  2.845992     -4.546119    
  2.846054     -4.541352    
  2.846141     -4.542993    
  2.846320     -4.546595    
  2.846407     -4.548618    
  2.846929     -4.555556    
  2.847016     -4.556395    
  2.850284     -4.569661    
  2.850371     -4.568712    
  2.851107     -4.571524    
  2.851194     -4.571970    
  2.851272     -4.572305    
  2.851359     -4.572679    
  2.851605     -4.573465    
  2.851692     -4.573415    
  2.852969     -4.576884    
  2.853056     -4.578402    
  2.856721     -4.577720    
  2.856808     -4.584891    
  2.860014     -4.590188    
  2.863196     -4.607903    
  2.863283     -4.606880    
  2.866961     -4.618809    
  2.867048     -4.619565    
  2.867158     -4.619791    
  2.871477     -4.631395    
  2.871560     -4.628460    
  2.871647     -4.628853    
  2.874394     -4.641158    
  2.877123     -4.670477    
  2.877210     -4.652299    
  2.879769     -4.656631    
  2.882313     -4.664575    
  2.882400     -4.665745    
  2.882670     -4.666905    
  2.882757     -4.666534    
  2.885337     -4.673880    
  2.885423     -4.671610    
  2.886380     -4.673004    
  2.886467     -4.674636    
  2.886654     -4.676127    
  2.886741     -4.677891    
  2.889314     -4.687725    
  2.889401     -4.686453    
  2.891964     -4.693463    
  2.892051     -4.695045    
  2.893704     -4.692976    
  2.893791     -4.696012    
  2.894071     -4.698379    
  2.894158     -4.699025    
  2.895095     -4.704037    
  2.895182     -4.704783    
  2.896767     -4.708224    
  2.896854     -4.707376    
  2.897787     -4.711667    
  2.897874     -4.712493    
  2.900589     -4.721357    
  2.900676     -4.720595    
  2.902856     -4.723747    
  2.905026     -4.734809    
  2.905113     -4.735550    
  2.908098     -4.738973    
  2.908185     -4.737513    
  2.908477     -4.737932    
  2.908564     -4.738838    
  2.910090     -4.747966    
  2.910176     -4.748959    
  2.913363     -4.762828    
  2.916527     -4.771278    
  2.916614     -4.772059    
  2.916785     -4.772631    
  2.916872     -4.772842    
  2.917171     -4.773592    
  2.917258     -4.773350    
  2.919518     -4.781047    
  2.921765     -4.787156    
  2.921852     -4.789114    
  2.925029     -4.795655    
  2.925116     -4.796479    
  2.925941     -4.799474    
  2.926028     -4.800856    
  2.927554     -4.807635    
  2.927641     -4.807210    
  2.927950     -4.808039    
  2.928037     -4.808264    
  2.928671     -4.809468    
  2.928758     -4.809001    
  2.929127     -4.807061    
  2.929213     -4.807156    
  2.929524     -4.809025    
  2.929611     -4.809855    
  2.930245     -4.815171    
  2.930332     -4.815706    
  2.930604     -4.816978    
  2.930691     -4.817219    
  2.930963     -4.817812    
  2.931050     -4.819729    
  2.934646     -4.821076    
  2.934733     -4.826310    
  2.936807     -4.838279    
  2.936894     -4.837466    
  2.937412     -4.839028    
  2.937499     -4.839199    
  2.937612     -4.840029    
  2.939332     -4.844000    
  2.939418     -4.841449    
  2.941608     -4.853283    
  2.943787     -4.848036    
  2.943874     -4.842361    
  2.945266     -4.862505    
  2.945353     -4.862631    
  2.946273     -4.867248    
  2.946360     -4.867105    
  2.946687     -4.867908    
  2.946774     -4.867156    
  2.949036     -4.860356    
  2.951287     -4.873555    
  2.951374     -4.881424    
  2.953319     -4.883003    
  2.953406     -4.886867    
  2.953750     -4.889940    
  2.953837     -4.891493    
  2.955739     -4.890904    
  2.955826     -4.889571    
  2.956162     -4.885551    
  2.956249     -4.884837    
  2.957620     -4.902868    
  2.957703     -4.901953    
  2.957790     -4.901345    
  2.959196     -4.903401    
  2.959269     -4.904348    
  2.959356     -4.904638    
  2.959520     -4.905197    
  2.959575     -4.905404    
  2.959642     -4.905662    
  2.959729     -4.906010    
  2.959839     -4.906403    
  2.959926     -4.910601    
  2.960694     -4.886344    
  2.960781     -4.883489    
  2.961122     -4.886442    
  2.961209     -4.857377    
  2.965318     -4.922473    
  2.965405     -4.922033    
  2.969227     -4.924157    
  2.969314     -4.917859    
  2.972533     -4.910374    
  2.975728     -4.898639    
  2.975815     -4.890596    
  2.976166     -4.912415    
  2.976253     -4.900522    
  2.979351     -4.952019    
  2.982423     -4.903268    
  2.982509     -4.922655    
  2.982872     -4.923240    
  2.982959     -4.939261    
  2.986873     -4.933449    
  2.990753     -4.965178    
  2.994598     -4.949497    
  2.998409     -4.976547    
  3.002187     -4.980101    
  3.005933     -4.967991    
  3.009646     -5.004836    
  3.013329     -5.010758    
  3.016980     -5.022081    
  3.020600     -5.039820    
  3.024191     -5.037166    
  3.027752     -4.999920    
  3.031285     -5.077121    
  3.034788     -5.092913    
  3.038264     -5.062685    
  3.041713     -5.124138    
  3.041799     -5.094742    
  3.044019     -5.121851    
  3.044106     -5.120065    
  3.046417     -5.131377    
  3.046504     -5.132584    
  3.047266     -5.134717    
  3.047353     -5.146180    
  3.050503     -5.147297    
  3.053630     -5.076728    
  3.056735     -5.190630    
  3.059819     -5.162955    
  3.062880     -5.164603    
  3.065920     -5.176518    
  3.068939     -5.197815    
  3.071937     -5.211545    
  3.072024     -5.231661    
  3.074515     -5.218730    
  3.074602     -5.204807    
  3.077416     -5.226023    
  3.080211     -5.244493    
  3.082988     -5.221656    
  3.085748     -5.573291    
  3.085835     -5.227275    
  3.088164     -4.857063    
  3.088251     -5.008822    
  3.089222     -5.165446    
  3.089309     -5.189059    
  3.091849     -5.276202    
  3.091936     -5.320460    
  3.095352     -5.904161    
  3.095438     -5.164021    
  3.096179     -4.987141    
  3.096266     -5.058777    
  3.099969     -5.348792    
  3.100056     -5.296439    
  3.102791     -5.312770    
  3.105509     -5.325566    
  3.105596     -5.324486    
  3.108813     -5.336027    
  3.112005     -5.347702    
  3.112092     -5.347356    
  3.114687     -5.354320    
  3.114774     -5.354984    
  3.116978     -5.366054    
  3.117065     -5.365893    
  3.118223     -5.369050    
  3.118310     -5.369090    
  3.120853     -5.377264    
  3.123381     -5.384433    
  3.123468     -5.383928    
  3.125997     -5.409099    
  3.126084     -5.398935    
  3.127687     -5.386868    
  3.127774     -5.394383    
  3.129225     -5.402012    
  3.129312     -5.400160    
  3.132455     -5.414039    
  3.135577     -5.427053    
  3.135664     -5.426479    
  3.136182     -5.428537    
  3.136269     -5.429611    
  3.138696     -5.436623    
  3.141109     -5.445161    
  3.141196     -5.445011    
  3.144101     -5.455100    
  3.144188     -5.455347    
  3.144956     -5.452444    
  3.145043     -5.452724    
  3.146758     -5.464711    
  3.146845     -5.464093    
  3.146975     -5.464543    
  3.147795     -5.466827    
  3.147882     -5.467207    
  3.148729     -5.470712    
  3.148816     -5.471181    
  3.150639     -5.476065    
  3.150726     -5.476349    
  3.151276     -5.478482    
  3.151363     -5.479105    
  3.153068     -5.485659    
  3.153155     -5.485540    
  3.153381     -5.486082    
  3.153434     -5.486224    
  3.153521     -5.486188    
  3.155016     -5.492160    
  3.155103     -5.492588    
  3.156074     -5.495773    
  3.156161     -5.495611    
  3.160418     -5.510076    
  3.164633     -5.523911    
  3.164720     -5.524752    
  3.165979     -5.528365    
  3.166066     -5.528715    
  3.168877     -5.538306    
  3.171670     -5.547705    
  3.171756     -5.548225    
  3.173578     -5.554096    
  3.173665     -5.555969    
  3.177077     -5.560494    
  3.180463     -5.577618    
  3.180550     -5.577144    
  3.181960     -5.582034    
  3.182047     -5.582453    
  3.184770     -5.592057    
  3.187477     -5.600758    
  3.187564     -5.601591    
  3.188338     -5.604623    
  3.188425     -5.604706    
  3.189356     -5.606933    
  3.189443     -5.607158    
  3.191119     -5.627775    
  3.191206     -5.632476    
  3.192224     -5.612112    
  3.192311     -5.604049    
  3.194885     -5.624960    
  3.194972     -5.623346    
  3.196916     -5.628362    
  3.197003     -5.632116    
  3.200094     -5.644576    
  3.203162     -5.654281    
  3.203250     -5.654338    
  3.204674     -5.658962    
  3.204761     -5.659371    
  3.207365     -5.668409    
  3.207452     -5.668898    
  3.209994     -5.676728    
  3.212521     -5.670269    
  3.215033     -5.759516    
  3.217531     -5.202430    
  3.217618     -5.232054    
  3.218164     -5.347650    
  3.218251     -5.364863    
  3.218329     -5.380457    
  3.218415     -5.488371    
  3.222657     -5.751160    
  3.226857     -5.736689    
  3.231016     -5.748979    
  3.235137     -5.762233    
  3.239219     -5.776774    
  3.243262     -5.789930    
  3.247269     -5.803854    
  3.251238     -5.817617    
  3.251325     -5.817292    
  3.254391     -5.828292    
  3.257436     -5.838571    
  3.260459     -5.848777    
  3.263462     -5.860090    
  3.263549     -5.859627    
  3.265995     -5.868488    
  3.268428     -5.876534    
  3.270847     -5.884472    
  3.273253     -5.876739    
  3.273340     -5.889438    
  3.276535     -5.904019    
  3.279706     -5.914734    
  3.279793     -5.915295    
  3.281662     -5.919890    
  3.281749     -5.920840    
  3.285833     -5.936160    
  3.285920     -5.934119    
  3.289028     -5.947894    
  3.289115     -5.947994    
  3.291415     -5.955139    
  3.291501     -5.956033    
  3.293929     -5.964095    
  3.296343     -5.972849    
  3.298744     -5.981077    
  3.301132     -5.988411    
  3.301219     -5.989250    
  3.305074     -6.002716    
  3.305161     -6.003654    
  3.305985     -6.005868    
  3.306072     -6.006227    
  3.306887     -6.008846    
  3.306974     -6.009498    
  3.309850     -6.019287    
  3.309937     -6.018865    
  3.310624     -6.021852    
  3.310710     -6.022581    
  3.311825     -6.026690    
  3.311912     -6.026698    
  3.312012     -6.026750    
  3.312099     -6.025270    
  3.314648     -6.031809    
  3.317181     -6.038675    
  3.319700     -6.049734    
  3.322204     -6.061795    
  3.324695     -6.070730    
  3.327170     -6.076644    
  3.329632     -6.084965    
  3.332080     -6.092776    
  3.334514     -6.106178    
  3.336935     -6.110000    
  3.339342     -6.113750    
  3.341736     -6.133628    
  3.344117     -6.127592    
  3.346485     -6.143118    
  3.348840     -6.149718    
  3.351182     -6.155117    
  3.351269     -6.148798    
  3.355367     -6.176598    
  3.359427     -6.182472    
  3.363449     -6.200530    
  3.367434     -6.210726    
  3.367521     -6.210608    
  3.370066     -6.218187    
  3.372596     -6.228447    
  3.375111     -6.233085    
  3.377612     -6.246009    
  3.377699     -6.248032    
  3.380754     -6.256777    
  3.383787     -6.266090    
  3.386800     -6.277670    
  3.389792     -6.287395    
  3.389879     -6.287700    
  3.392466     -6.296330    
  3.395039     -6.305282    
  3.395126     -6.305766    
  3.397959     -6.315444    
  3.398046     -6.315236    
  3.398416     -6.316869    
  3.398503     -6.318771    
  3.400855     -6.322824    
  3.400942     -6.318181    
  3.402428     -6.348511    
  3.402515     -6.304454    
  3.404126     -6.330649    
  3.404213     -6.330797    
  3.406921     -6.343995    
  3.409611     -6.357037    
  3.412285     -6.365250    
  3.414942     -6.374255    
  3.415029     -6.374733    
  3.419186     -6.389125    
  3.423303     -6.403492    
  3.427382     -6.417385    
  3.431422     -6.431583    
  3.431509     -6.431683    
  3.434904     -6.445738    
  3.438273     -6.429296    
  3.441616     -6.447430    
  3.444934     -6.482124    
  3.445021     -6.479453    
  3.447484     -6.487364    
  3.449934     -6.495651    
  3.450021     -6.495955    
  3.452474     -6.504521    
  3.454914     -6.513215    
  3.455001     -6.512658    
  3.457947     -6.523586    
  3.460873     -6.534114    
  3.463780     -6.543922    
  3.466667     -6.553324    
  3.466754     -6.554690    
  3.469505     -6.563017    
  3.469592     -6.563683    
  3.469843     -6.564811    
  3.469930     -6.565366    
  3.471179     -6.569271    
  3.471266     -6.569439    
  3.474100     -6.579477    
  3.474187     -6.579451    
  3.476423     -6.588628    
  3.478648     -6.548424    
  3.480861     -6.604109    
  3.483063     -6.608866    
  3.483150     -6.609372    
  3.485959     -6.621643    
  3.488749     -6.630895    
  3.491522     -6.640568    
  3.494277     -6.649747    
  3.494364     -6.651030    
  3.496766     -6.658387    
  3.499154     -6.667088    
  3.501530     -6.675757    
  3.503893     -6.685447    
  3.506243     -6.675669    
  3.508580     -6.540196    
  3.510905     -6.699460    
  3.513217     -6.716887    
  3.513304     -6.715481    
  3.515963     -6.726169    
  3.518606     -6.735389    
  3.521233     -6.744287    
  3.523845     -6.753588    
  3.526440     -6.762684    
  3.529020     -6.771485    
  3.531585     -6.780443    
  3.534135     -6.789644    
  3.534222     -6.789068    
  3.536649     -6.798683    
  3.539062     -6.806995    
  3.541462     -6.814886    
  3.543849     -6.823682    
  3.543936     -6.823385    
  3.544500     -6.825283    
  3.544586     -6.824249    
  3.547376     -6.835095    
  3.550148     -6.846244    
  3.550235     -6.845522    
  3.552940     -6.855572    
  3.555627     -6.865312    
  3.555714     -6.865813    
  3.556728     -6.868002    
  3.556815     -6.868278    
  3.557696     -6.872198    
  3.557783     -6.872681    
  3.558846     -6.876219    
  3.558933     -6.876563    
  3.559110     -6.877314    
  3.559197     -6.877759    
  3.560851     -6.883139    
  3.560938     -6.883422    
  3.561019     -6.883715    
  3.561106     -6.884054    
  3.561368     -6.885140    
  3.561455     -6.885489    
  3.561549     -6.885863    
  3.561702     -6.886471    
  3.561789     -6.886815    
  3.561899     -6.887238    
  3.561986     -6.887593    
  3.562293     -6.891738    
  3.565681     -6.883465    
  3.565768     -6.882876    
  3.568672     -6.909466    
  3.571556     -6.917500    
  3.574422     -6.928729    
  3.577268     -6.937055    
  3.580096     -6.943626    
  3.582906     -6.948682    
  3.585698     -6.977871    
  3.588471     -6.958576    
  3.591228     -6.989575    
  3.593966     -6.974942    
  3.596688     -6.991866    
  3.599393     -7.008337    
  3.602081     -7.016887    
  3.604752     -7.009863    
  3.607407     -7.033991    
  3.610046     -7.035785    
  3.610133     -7.035781    
  3.612394     -7.039053    
  3.614642     -7.097410    
  3.616880     -7.032379    
  3.619105     -7.060604    
  3.621319     -7.074967    
  3.623523     -7.076848    
  3.625715     -7.097754    
  3.627896     -7.094392    
  3.627982     -7.095720    
  3.630428     -7.100962    
  3.632293     -7.111970    
  3.632379     -7.110852    
  3.635363     -7.121864    
  3.638325     -7.147782    
  3.641268     -7.110030    
  3.644191     -7.152396    
  3.644278     -7.150463    
  3.646967     -7.160585    
  3.649640     -7.168973    
  3.652297     -7.178227    
  3.654938     -7.186831    
  3.655025     -7.187087    
  3.657211     -7.182886    
  3.659385     -7.226325    
  3.659472     -7.199093    
  3.663615     -7.209164    
  3.663702     -7.215141    
  3.666918     -7.186495    
  3.670110     -7.241848    
  3.670197     -7.353879    
  3.674031     -6.842833    
  3.677831     -7.298342    
  3.681598     -7.278979    
  3.685333     -7.290215    
  3.685420     -7.288736    
  3.688862     -7.288256    
  3.688948     -7.204333    
  3.690731     -7.216980    
  3.690818     -7.247220    
  3.691459     -7.282152    
  3.691546     -7.302401    
  3.694812     -7.287285    
  3.694898     -7.288542    
  3.695365     -7.304351    
  3.695452     -7.306405    
  3.695518     -7.308082    
  3.695605     -7.314704    
  3.698701     -7.335271    
  3.701776     -7.345178    
  3.704828     -7.355331    
  3.707860     -7.365585    
  3.710870     -7.375493    
  3.712650     -7.381179    
  3.713860     -7.386268    
  3.716830     -7.395466    
  3.719779     -7.405324    
  3.719866     -7.406207    
  3.723198     -7.417110    
  3.726504     -7.428247    
  3.729786     -7.439307    
  3.733043     -7.449999    
  3.733130     -7.457619    
  3.736895     -7.422454    
  3.740628     -7.478187    
  3.740715     -7.476162    
  3.743507     -7.486127    
  3.746281     -7.494303    
  3.749037     -7.504196    
  3.751777     -7.513742    
  3.751863     -7.513443    
  3.754658     -7.522717    
  3.754745     -7.523892    
  3.755217     -7.525376    
  3.755304     -7.525497    
  3.755522     -7.525895    
  3.755609     -7.525438    
  3.758467     -7.535951    
  3.761306     -7.545633    
  3.764127     -7.555155    
  3.766929     -7.563458    
  3.769713     -7.573601    
  3.772480     -7.582958    
  3.775229     -7.592569    
  3.777961     -7.600237    
  3.778048     -7.600620    
  3.778151     -7.602171    
  3.781161     -7.612080    
  3.784252     -7.622194    
  3.787320     -7.632341    
  3.790368     -7.642246    
  3.793394     -7.652524    
  3.796399     -7.663882    
  3.799384     -7.670993    
  3.802348     -7.686224    
  3.802435     -7.680063    
  3.806009     -7.695341    
  3.806096     -7.696051    
  3.809815     -7.707528    
  3.809902     -7.705943    
  3.811377     -7.712182    
  3.811464     -7.712223    
  3.811517     -7.712375    
  3.811568     -7.712521    
  3.811655     -7.713052    
  3.814154     -7.718205    
  3.816638     -7.777674    
  3.819108     -7.384557    
  3.821564     -7.559140    
  3.821651     -7.647660    
  3.825835     -7.770446    
  3.829979     -7.773807    
  3.834084     -7.789047    
  3.838150     -7.802440    
  3.838237     -7.801908    
  3.840994     -7.808536    
  3.843735     -7.821594    
  3.846458     -7.828157    
  3.849164     -7.839242    
  3.851853     -7.848150    
  3.854526     -7.857409    
  3.857182     -7.868945    
  3.859823     -7.861425    
  3.859910     -7.871843    
  3.862754     -7.878377    
  3.865581     -7.894890    
  3.868389     -7.903268    
  3.871179     -7.911769    
  3.871266     -7.911641    
  3.873695     -7.920730    
  3.876111     -7.929393    
  3.878513     -7.936251    
  3.880902     -7.943994    
  3.880989     -7.944168    
  3.884377     -7.934831    
  3.887739     -7.963484    
  3.891076     -7.979253    
  3.894387     -7.989571    
  3.894474     -7.988787    
  3.898660     -8.003702    
  3.898747     -8.003831    
  3.901486     -8.013173    
  3.904208     -8.022017    
  3.904295     -8.021663    
  3.905384     -8.025502    
  3.905471     -8.026516    
  3.908472     -8.033158    
  3.908559     -8.035128    
  3.912193     -8.048932    
  3.912280     -8.048530    
  3.913068     -8.051290    
  3.913155     -8.051803    
  3.913273     -8.052349    
  3.913714     -8.053960    
  3.913769     -8.054079    
  3.913842     -8.054283    
  3.913889     -8.054405    
  3.913972     -8.054623    
  3.914081     -8.054900    
  3.914168     -8.057234    
  3.916915     -8.057195    
  3.917002     -8.071774    
  3.919240     -8.047198    
  3.921466     -8.070360    
  3.923680     -8.089523    
  3.925884     -8.095184    
  3.928076     -8.101389    
  3.930258     -8.107895    
  3.934588     -8.123428    
  3.938875     -8.137021    
  3.943121     -8.148033    
  3.947325     -8.164047    
  3.951490     -8.174017    
  3.955614     -8.191099    
  3.959700     -8.199484    
  3.963748     -8.216369    
  3.967758     -8.228781    
  3.971732     -8.220572    
  3.975669     -8.237512    
  3.979571     -8.275918    
  3.983439     -8.266424    
  3.983526     -8.270633    
  3.987126     -8.291849    
  3.990697     -8.307101    
  3.994239     -8.315475    
  3.997752     -8.323749    
  3.997838     -8.325366    
  4.000147     -8.338117    
  4.002444     -8.344944    
  4.004728     -8.405575    
  4.007001     -7.968892    
  4.009262     -8.126191    
  4.011511     -8.354768    
  4.013748     -8.375712    
  4.015974     -8.387304    
  4.018189     -8.394770    
  4.020392     -8.397467    
  4.022585     -8.407792    
  4.024766     -8.413244    
  4.029096     -8.430693    
  4.033383     -8.443800    
  4.033470     -8.443117    
  4.034774     -8.448527    
  4.034861     -8.447679    
  4.038365     -8.457730    
  4.038452     -8.446638    
  4.040802     -8.465153    
  4.043140     -8.432103    
  4.045465     -8.480464    
  4.047778     -8.476608    
  4.047865     -8.483152    
  4.051277     -8.502810    
  4.054632     -8.512877    
  4.057962     -8.520537    
  4.061267     -8.534640    
  4.061354     -8.534150    
  4.065579     -8.527809    
  4.069764     -8.476499    
  4.073909     -8.581436    
  4.078015     -8.587365    
  4.078102     -8.585991    
  4.080241     -8.594035    
  4.080328     -8.593549    
  4.080857     -8.595551    
  4.080944     -8.596070    
  4.081009     -8.596367    
  4.081054     -8.596474    
  4.082194     -8.601083    
  4.082281     -8.598897    
  4.084738     -8.607055    
  4.087181     -8.616122    
  4.089611     -8.623481    
  4.092028     -8.631439    
  4.094430     -8.639411    
  4.096820     -8.642479    
  4.099197     -8.655763    
  4.101560     -8.661516    
  4.101647     -8.660492    
  4.104844     -8.673160    
  4.108018     -8.688230    
  4.111169     -8.588924    
  4.114297     -8.702751    
  4.117403     -8.712641    
  4.120486     -8.722875    
  4.123548     -8.729375    
  4.126589     -8.737573    
  4.129608     -8.750987    
  4.132606     -8.758171    
  4.135584     -8.769246    
  4.138542     -8.778825    
  4.141479     -8.788450    
  4.144397     -8.793993    
  4.147296     -8.803644    
  4.150175     -8.816500    
  4.150262     -8.815890    
  4.153103     -8.825401    
  4.155926     -8.832028    
  4.156013     -8.836438    
  4.158103     -8.831252    
  4.158190     -8.835649    
  4.161727     -8.850209    
  4.161814     -8.847420    
  4.163762     -8.858536    
  4.163849     -8.858174    
  4.163959     -8.858482    
  4.164046     -8.858842    
  4.166389     -8.868438    
  4.168720     -8.874265    
  4.171039     -8.862520    
  4.173345     -8.861964    
  4.175640     -8.884417    
  4.177922     -8.906559    
  4.180192     -8.910660    
  4.182450     -8.926144    
  4.184697     -8.924571    
  4.186932     -8.931296    
  4.189156     -8.935175    
  4.191369     -8.944620    
  4.193570     -8.950273    
  4.195760     -8.959240    
  4.197939     -8.966360    
  4.200107     -8.966111    
  4.204411     -8.982442    
  4.208673     -8.995130    
  4.212894     -9.012482    
  4.217074     -9.021977    
  4.221214     -9.034621    
  4.225315     -9.053583    
  4.229377     -9.055206    
  4.233402     -9.065360    
  4.233489     -9.071271    
  4.235773     -9.076026    
  4.238044     -9.093291    
  4.240303     -9.101818    
  4.242551     -9.085717    
  4.244787     -9.109166    
  4.247012     -9.111039    
  4.249225     -9.128500    
  4.251427     -9.128101    
  4.251514     -9.130926    
  4.255198     -9.144523    
  4.258852     -9.160030    
  4.262474     -9.147013    
  4.266067     -9.170745    
  4.266154     -9.167484    
  4.268659     -9.194781    
  4.271149     -9.115689    
  4.273626     -8.877807    
  4.276088     -8.894224    
  4.278536     -9.173631    
  4.280971     -9.215782    
  4.283392     -9.230386    
  4.285800     -9.240032    
  4.288194     -9.244482    
  4.290575     -9.241894    
  4.292943     -9.232297    
  4.295299     -9.259945    
  4.297641     -9.276340    
  4.299971     -9.282968    
  4.302289     -9.288695    
  4.304595     -9.293337    
  4.306888     -9.301709    
  4.309169     -9.309892    
  4.311438     -9.311893    
  4.313695     -9.321939    
  4.315941     -9.329379    
  4.318175     -9.333806    
  4.320398     -9.345400    
  4.322610     -9.348521    
  4.324810     -9.353502    
  4.326999     -9.363490    
  4.329177     -9.366757    
  4.331345     -9.375698    
  4.335647     -9.389405    
  4.339907     -9.350543    
  4.339994     -9.379007    
  4.343342     -9.382029    
  4.346664     -9.422357    
  4.349961     -9.433087    
  4.353233     -9.441602    
  4.353320     -9.444575    
  4.356074     -9.443977    
  4.356161     -9.444820    
  4.357582     -9.454098    
  4.357669     -9.453967    
  4.357779     -9.454407    
  4.357865     -9.454869    
  4.360696     -9.467292    
  4.363507     -9.476423    
  4.366301     -9.482883    
  4.369077     -9.491633    
  4.371835     -9.499232    
  4.374576     -9.502392    
  4.377300     -9.509482    
  4.380006     -9.524435    
  4.382696     -9.531702    
  4.385369     -9.539493    
  4.388026     -9.545290    
  4.390667     -9.555056    
  4.393292     -9.559629    
  4.395901     -9.570730    
  4.398495     -9.579303    
  4.401073     -9.587007    
  4.403636     -9.596094    
  4.406183     -9.600867    
  4.408716     -9.612459    
  4.411235     -9.603307    
  4.413739     -9.627054    
  4.416228     -9.634926    
  4.418703     -9.635433    
  4.421164     -9.584701    
  4.423612     -9.603303    
  4.426045     -9.661658    
  4.428465     -9.667039    
  4.430872     -9.671401    
  4.433266     -9.678718    
  4.435646     -9.683102    
  4.438013     -9.701217    
  4.440368     -9.704609    
  4.440455     -9.708728    
  4.442834     -9.699690    
  4.445201     -9.719909    
  4.445288     -9.717643    
  4.447569     -9.718115    
  4.449839     -9.736890    
  4.452097     -9.735116    
  4.454343     -9.684662    
  4.456578     -9.731790    
  4.458801     -9.763627    
  4.461013     -9.748208    
  4.463213     -9.763781    
  4.465403     -9.774016    
  4.467581     -9.788169    
  4.471906     -9.798638    
  4.476188     -9.812144    
  4.480428     -9.779948    
  4.512937     -9.909144    
  4.513024     -9.920818    
  4.514610     -9.926455    
  4.514697     -9.926919    
  4.515945     -9.929375    
  4.516032     -9.929349    
  4.516141     -9.929524    
  4.516228     -9.931025    
  4.585469     -10.12745    
  4.585556     -10.11523    
  4.648489     -10.30468    
  4.648576     -10.32024    
  4.649548     -10.32379    
  4.649635     -10.32401    
  4.649838     -10.32478    
  4.649925     -10.32510    
  4.650035     -10.32550    
  4.650122     -10.30956    
  4.709765     -10.48531    
  4.709852     -10.49306    
  4.765753     -10.65138    
  4.765822     -10.65819    
  4.765909     -10.65930    
  4.766019     -10.66054    
  4.766106     -10.65129    
  4.818480     -10.82034    
  4.818567     -10.80276    
  4.868094     -10.93295    
  4.868152     -10.95602    
  4.868214     -10.95645    
  4.868324     -10.95703    
  4.868411     -10.90521    
  4.915089     -11.10544    
  4.915176     -11.09131    
  4.959449     -11.20575    
  4.959536     -11.21095    
  4.959642     -11.21081    
  4.959729     -11.21119    
  4.959839     -11.21213    
  4.959925     -11.21057    
  5.002021     -11.30674    
  5.002108     -11.33472    
  5.041986     -11.44736    
  5.042072     -11.45144    
  5.042428     -11.45845    
  5.042515     -11.45975    
  5.042624     -11.46134    
  5.042711     -11.44199    
  5.081038     -11.54811    
  5.081125     -11.53609    
  5.117569     -11.65365    
  5.117655     -11.67991    
  5.118005     -11.67504    
  5.118092     -11.66823    
  5.118201     -11.65572    
  5.118288     -11.62761    
  5.153462     -11.77271    
  5.153549     -11.75488    
  5.187204     -11.85408    
  5.187290     -11.85096    
  5.187529     -11.85200    
  5.187616     -11.85213    
  5.187725     -11.85224    
  5.187812     -11.85244    
  5.251180     -12.01638    
  5.251266     -12.03045    
  5.251931     -12.03430    
  5.252018     -12.03358    
  5.252095     -12.03375    
  5.252182     -12.02971    
  5.311750     -12.19118    
  5.311837     -12.20648    
  5.311944     -12.20819    
  5.312021     -12.20951    
  5.312108     -12.20559    
  5.368079     -12.34276    
  5.368165     -12.34927    
  5.420736     -12.50308    
  5.420823     -12.49323    
  5.470384     -12.62482    
  5.470471     -12.63319    
  5.517346     -12.77173    
  5.517433     -12.76274    
  5.561899     -12.88779    
  5.561985     -12.89192    
  5.604277     -12.98566    
  5.604364     -13.01209    
  5.644684     -13.10743    
  5.644771     -13.11176    
  6.103027     -14.34411    
  6.321002     -14.95086    
  6.573673     -15.64144    
  6.848341     -16.39182    
  7.135565     -17.17778    
  7.429524     -17.99114    
  7.726975     -18.82731    
  8.026204     -19.69645    
  8.326331     -20.62691    
  8.626909     -21.70195    
  8.927713    -100.00000    
