 0.6989700    -100.00000    
 0.7247828    -100.00000    
 0.7491470    -100.00000    
 0.7722168    -100.00000    
 0.7941226    -100.00000    
 0.8348744    -100.00000    
 0.8721282    -100.00000    
 0.9064373    -100.00000    
 0.9382333    -100.00000    
 0.9678594    -100.00000    
 0.9955930    -100.00000    
  1.021661    -100.00000    
  1.046253     -48.46680    
  1.069527     -45.98225    
  1.091616     -45.45989    
  1.132686     -43.98369    
  1.170205     -43.93002    
  1.204739     -44.73891    
  1.236728    -100.00000    
  1.266522    -100.00000    
  1.294403    -100.00000    
  1.320601    -100.00000    
  1.345308    -100.00000    
  1.368685    -100.00000    
  1.390867    -100.00000    
  1.390954     -34.12877    
  1.407231     -34.63441    
  1.407318     -34.79181    
  1.416604     -35.43729    
  1.416691     -29.92214    
  1.434239     -30.36557    
  1.434325     -30.46315    
  1.438732     -30.67739    
  1.438819     -30.67542    
  1.442990     -30.87734    
  1.443077     -30.97435    
  1.465932    -100.00000    
  1.466019     -32.10276    
  1.466567     -32.13481    
  1.466654     -32.23985    
  1.485460    -100.00000    
  1.485547     -33.31500    
  1.485843     -33.33442    
  1.485930     -33.44154    
  1.502811    -100.00000    
  1.502898     -34.56082    
  1.515152     -35.85054    
  1.515239     -35.51500    
  1.538911    -100.00000    
  1.538998     -36.89018    
  1.541754     -37.05341    
  1.541841     -37.05656    
  1.544410     -37.20551    
  1.544497     -37.20870    
  1.546755     -37.33723    
  1.546842     -37.38626    
  1.568094    -100.00000    
  1.568181     -38.44775    
  1.576102     -38.89106    
  1.576189     -38.84944    
  1.577032     -38.89435    
  1.577119     -38.92598    
  1.586189     -39.45884    
  1.586276     -39.39453    
  1.587530     -39.46404    
  1.587617     -39.52979    
  1.602078     -40.69661    
  1.602165     -40.30261    
  1.604747     -40.45629    
  1.604834     -40.60211    
  1.629405    -100.00000    
  1.629492     -41.93278    
  1.633100     -42.14668    
  1.633187     -42.18374    
  1.643761     -42.88906    
  1.643848     -42.76161    
  1.646889     -42.93674    
  1.646976     -42.95137    
  1.653070     -43.31155    
  1.653157     -43.35343    
  1.667964     -44.57358    
  1.668051     -44.14178    
  1.673067     -44.43528    
  1.673154     -44.42163    
  1.673452     -44.43862    
  1.673539     -44.48097    
  1.683736     -45.15106    
  1.683823     -45.05050    
  1.689301     -45.41141    
  1.689388     -45.39417    
  1.690173     -45.45131    
  1.690260     -45.45934    
  1.691919     -45.59068    
  1.692006     -45.74132    
  1.709636    -100.00000    
  1.709723     -46.70742    
  1.714846     -46.43015    
  1.714933     -46.39999    
  1.717233     -46.19556    
  1.717320     -46.17941    
  1.717576     -46.15562    
  1.717663     -46.15538    
  1.719536     -45.97406    
  1.719623     -45.97129    
  1.721805     -45.75366    
  1.721892     -45.76916    
  1.725295     -45.41915    
  1.725382     -45.51619    
  1.731154     -44.87495    
  1.731241     -44.82870    
  1.731758     -44.77949    
  1.731845     -44.77131    
  1.732294     -44.72880    
  1.732381     -44.73791    
  1.735217     -44.46600    
  1.735304    -100.00000    
  1.746841     -43.53434    
  1.746929     -43.44011    
  1.747807     -43.37126    
  1.747894     -43.40902    
  1.753972     -42.96196    
  1.754058     -42.94026    
  1.756978     -42.80654    
  1.757065     -42.70132    
  1.762907     -43.20300    
  1.762994    -100.00000    
  1.763503    -100.00000    
  1.763590    -100.00000    
  1.765957    -100.00000    
  1.766044    -100.00000    
  1.768505    -100.00000    
  1.768592     -42.02167    
  1.776113    -100.00000    
  1.776200    -100.00000    
  1.781285    -100.00000    
  1.781372    -100.00000    
  1.781946    -100.00000    
  1.782033    -100.00000    
  1.786409    -100.00000    
  1.786495    -100.00000    
  1.788161    -100.00000    
  1.788248    -100.00000    
  1.789372    -100.00000    
  1.789459    -100.00000    
  1.792246    -100.00000    
  1.792333    -100.00000    
  1.800765    -100.00000    
  1.800851    -100.00000    
  1.809708    -100.00000    
  1.809795    -100.00000    
  1.810144    -100.00000    
  1.810231    -100.00000    
  1.814042    -100.00000    
  1.814129     -35.42983    
  1.834747    -100.00000    
  1.834834    -100.00000    
  1.838907    -100.00000    
  1.838994    -100.00000    
  1.840414    -100.00000    
  1.840501    -100.00000    
  1.842703    -100.00000    
  1.842790    -100.00000    
  1.844125    -100.00000    
  1.844212     -33.79566    
  1.857265    -100.00000    
  1.857352     -32.79305    
  1.870233    -100.00000    
  1.870320    -100.00000    
  1.871306    -100.00000    
  1.871393    -100.00000    
  1.872072    -100.00000    
  1.872158    -100.00000    
  1.873424    -100.00000    
  1.873511    -100.00000    
  1.880831    -100.00000    
  1.880918    -100.00000    
  1.887368    -100.00000    
  1.887455    -100.00000    
  1.899003    -100.00000    
  1.899090    -100.00000    
  1.905821    -100.00000    
  1.905908    -100.00000    
  1.911657    -100.00000    
  1.911744    -100.00000    
  1.912227    -100.00000    
  1.912313    -100.00000    
  1.913955    -100.00000    
  1.914042    -100.00000    
  1.924238    -100.00000    
  1.924325    -100.00000    
  1.925856    -100.00000    
  1.925943    -100.00000    
  1.926709    -100.00000    
  1.926796    -100.00000    
  1.926846    -100.00000    
  1.926932    -100.00000    
  1.927461    -100.00000    
  1.927548    -100.00000    
  1.930771    -100.00000    
  1.930858    -100.00000    
  1.933873    -100.00000    
  1.933960    -100.00000    
  1.936983    -100.00000    
  1.937070    -100.00000    
  1.938051    -100.00000    
  1.938138    -100.00000    
  1.940777    -100.00000    
  1.940864     -26.65579    
  1.955697    -100.00000    
  1.955784    -100.00000    
  1.959855    -100.00000    
  1.959942    -100.00000    
  1.963545    -100.00000    
  1.963632    -100.00000    
  1.974225    -100.00000    
  1.974312    -100.00000    
  1.974387    -100.00000    
  1.974474    -100.00000    
  1.977192    -100.00000    
  1.977279     -24.11969    
  1.994212    -100.00000    
  1.994299    -100.00000    
  1.996552    -100.00000    
  1.996639    -100.00000    
  1.997939    -100.00000    
  1.998026    -100.00000    
  2.000182    -100.00000    
  2.000268    -100.00000    
  2.007421    -100.00000    
  2.007508    -100.00000    
  2.009100    -100.00000    
  2.009187    -100.00000    
  2.009352    -100.00000    
  2.009439    -100.00000    
  2.009543    -100.00000    
  2.017372    -100.00000    
  2.017459    -100.00000    
  2.026471    -100.00000    
  2.026558    -100.00000    
  2.028108    -100.00000    
  2.028195     -20.00035    
  2.061043    -100.00000    
  2.061130    -100.00000    
  2.067104    -100.00000    
  2.067191    -100.00000    
  2.068339    -100.00000    
  2.068426    -100.00000    
  2.076209    -100.00000    
  2.076296    -100.00000    
  2.097304    -100.00000    
  2.097391    -100.00000    
  2.100294    -100.00000    
  2.100380    -100.00000    
  2.101519    -100.00000    
  2.101605    -100.00000    
  2.102584    -100.00000    
  2.102671    -100.00000    
  2.104539    -100.00000    
  2.104626    -100.00000    
  2.106101    -100.00000    
  2.106187    -100.00000    
  2.111508    -100.00000    
  2.111595    -100.00000    
  2.111941    -100.00000    
  2.112028    -100.00000    
  2.124942    -100.00000    
  2.125029    -100.00000    
  2.126973    -100.00000    
  2.127060    -100.00000    
  2.127658    -100.00000    
  2.127745    -100.00000    
  2.131986    -100.00000    
  2.132073    -100.00000    
  2.137486     -16.62012    
  2.137573    -100.00000    
  2.141450    -100.00000    
  2.141537    -100.00000    
  2.141662    -100.00000    
  2.141749    -100.00000    
  2.149371    -100.00000    
  2.149458    -100.00000    
  2.154246    -100.00000    
  2.154333    -100.00000    
  2.156640    -100.00000    
  2.156727    -100.00000    
  2.156827    -100.00000    
  2.158960    -100.00000    
  2.159047    -100.00000    
  2.177604    -100.00000    
  2.177690    -100.00000    
  2.181731    -100.00000    
  2.181818     -13.49991    
  2.184198     -13.40618    
  2.184285     -14.37305    
  2.188445    -100.00000    
  2.188532    -100.00000    
  2.191911    -100.00000    
  2.191997    -100.00000    
  2.204170     -13.55410    
  2.204257    -100.00000    
  2.213352     -12.77767    
  2.213439     -13.09041    
  2.217837     -13.34232    
  2.217924     -13.21533    
  2.218030     -13.98228    
  2.218315     -14.20155    
  2.218402     -14.20208    
  2.218688     -14.26301    
  2.218775     -13.79524    
  2.225403     -13.39373    
  2.231931     -13.56182    
  2.232018     -13.47150    
  2.234695     -13.13881    
  2.234781     -13.17059    
  2.239617     -12.98996    
  2.239704     -12.75080    
  2.245345     -14.15750    
  2.245432     -14.67005    
  2.250721     -12.70170    
  2.250808     -12.17821    
  2.252069    -100.00000    
  2.252156     -14.61356    
  2.253696     -14.82160    
  2.253782     -12.58281    
  2.257177    -100.00000    
  2.260545     -11.97755    
  2.260632     -12.88030    
  2.263836     -13.61797    
  2.267016     -13.37021    
  2.267103     -14.41472    
  2.270490     -13.19661    
  2.270577     -12.81113    
  2.271628    -100.00000    
  2.271715     -13.60939    
  2.275818     -13.89133    
  2.275905     -13.51651    
  2.278364    -100.00000    
  2.280809     -12.88337    
  2.280896     -13.57240    
  2.283804     -12.87784    
  2.283891    -100.00000    
  2.284781     -13.86879    
  2.284868    -100.00000    
  2.286288    -100.00000    
  2.286375    -100.00000    
  2.286786    -100.00000    
  2.286873     -12.43595    
  2.289459    -100.00000    
  2.292031     -13.19155    
  2.294586     -13.37046    
  2.297128    -100.00000    
  2.297214    -100.00000    
  2.297982     -15.10392    
  2.298069    -100.00000    
  2.300085     -12.31662    
  2.302092     -13.94102    
  2.304090    -100.00000    
  2.306078     -13.52663    
  2.306165    -100.00000    
  2.308268     -14.77210    
  2.309316     -13.90832    
  2.310361     -13.59906    
  2.311404    -100.00000    
  2.312444    -100.00000    
  2.313482    -100.00000    
  2.314517    -100.00000    
  2.314604    -100.00000    
  2.315597    -100.00000    
  2.315684    -100.00000    
  2.316612     -14.46087    
  2.317538    -100.00000    
  2.318463    -100.00000    
  2.319385    -100.00000    
  2.320305    -100.00000    
  2.321224     -13.31637    
  2.322140     -12.76566    
  2.323055    -100.00000    
  2.323141    -100.00000    
  2.324295     -14.05913    
  2.325445    -100.00000    
  2.326592    -100.00000    
  2.327736    -100.00000    
  2.327823    -100.00000    
  2.328799    -100.00000    
  2.329773    -100.00000    
  2.330745     -14.14726    
  2.331714    -100.00000    
  2.331801    -100.00000    
  2.333101     -13.87274    
  2.333188     -13.20757    
  2.334187    -100.00000    
  2.335184    -100.00000    
  2.336179    -100.00000    
  2.337171     -13.93036    
  2.338161    -100.00000    
  2.339149    -100.00000    
  2.340135     -14.75941    
  2.341118    -100.00000    
  2.341205    -100.00000    
  2.341283    -100.00000    
  2.341370     -14.27832    
  2.341472    -100.00000    
  2.342320     -14.34639    
  2.343166    -100.00000    
  2.344011     -13.73562    
  2.344853     -13.89634    
  2.344940     -13.48614    
  2.345621     -13.94589    
  2.346301     -13.06836    
  2.346979     -13.28865    
  2.347657     -13.53047    
  2.348333     -13.72298    
  2.349009     -12.96596    
  2.349683     -13.09239    
  2.350356     -13.14771    
  2.350443     -13.17103    
  2.351331     -13.04260    
  2.352217     -13.04517    
  2.352659    -100.00000    
  2.353101     -13.22012    
  2.353542     -12.77591    
  2.353983    -100.00000    
  2.354070    -100.00000    
  2.354494     -12.81560    
  2.354917     -14.08512    
  2.355340     -13.14309    
  2.355762    -100.00000    
  2.355849    -100.00000    
  2.356283    -100.00000    
  2.356717     -12.58071    
  2.357149    -100.00000    
  2.357582    -100.00000    
  2.357669     -9.944067    
  2.362936     -9.924607    
  2.363023    -100.00000    
  2.376702     -5.544608    
  2.376789     -5.696569    
  2.381401     -5.649188    
  2.381488     -5.483769    
  2.381574     -5.468243    
  2.381660     -5.789683    
  2.384670     -4.646878    
  2.384757     -4.906206    
  2.387126    -100.00000    
  2.387213     -5.265670    
  2.396615     -4.552852    
  2.405819     -4.117021    
  2.405905     -4.062350    
  2.409345     -6.108119    
  2.409431    -100.00000    
  2.409967     -6.415292    
  2.410054    -100.00000    
  2.411501     -4.128537    
  2.411588     -4.045025    
  2.412778     -3.912614    
  2.412865     -3.920413    
  2.413098     -3.916654    
  2.413185     -3.842256    
  2.417228     -5.955806    
  2.417315     -4.709620    
  2.417448     -4.662161    
  2.417535     -4.544572    
  2.419545     -4.290705    
  2.419632     -4.095232    
  2.424108     -4.309540    
  2.424195     -4.378941    
  2.429911     -4.245698    
  2.429998     -4.182445    
  2.432147     -4.197002    
  2.432234     -4.083145    
  2.433514     -4.398965    
  2.433601     -4.798309    
  2.434762     -4.270087    
  2.434849     -4.139639    
  2.435182     -3.978275    
  2.435269     -3.951963    
  2.435570     -3.911672    
  2.435657     -3.884212    
  2.438099     -3.979982    
  2.438186     -3.974568    
  2.443115     -4.069160    
  2.443202     -5.777255    
  2.448046     -4.359650    
  2.448133     -4.297156    
  2.449372     -4.241802    
  2.449459     -4.133676    
  2.450924     -3.927437    
  2.451011     -4.125957    
  2.456026     -4.417915    
  2.456113     -4.413474    
  2.457105     -4.424542    
  2.457192     -4.129348    
  2.461170     -4.257026    
  2.461257     -4.859368    
  2.466286     -4.873711    
  2.466372     -4.936329    
  2.466976     -5.047072    
  2.467064     -5.289374    
  2.471828     -4.635232    
  2.471915     -5.063250    
  2.476442     -4.059820    
  2.476529     -4.219255    
  2.476628     -4.489342    
  2.476715     -5.140991    
  2.476977     -5.469454    
  2.477064     -4.368128    
  2.483465     -4.580347    
  2.483551     -4.766363    
  2.483824     -4.642227    
  2.483911     -4.562725    
  2.484130     -4.400246    
  2.484217     -4.271914    
  2.487220     -3.961267    
  2.490203     -4.278365    
  2.493165     -4.188262    
  2.496107     -4.665720    
  2.496194     -4.051548    
  2.500074     -4.081251    
  2.503920     -3.844327    
  2.504007     -3.874856    
  2.504069     -3.878911    
  2.504156     -3.913882    
  2.506191     -3.712349    
  2.506278     -3.782547    
  2.508598     -4.249510    
  2.510906     -3.691351    
  2.513202     -3.717365    
  2.515486     -3.858638    
  2.515573     -3.813184    
  2.515719     -3.780187    
  2.515805     -3.760624    
  2.515872     -3.746998    
  2.515959     -3.708776    
  2.516943     -3.714049    
  2.517030     -3.740521    
  2.517941     -3.797293    
  2.518028     -3.808807    
  2.521727     -3.766752    
  2.525387     -4.178307    
  2.529016     -3.671874    
  2.532615     -3.726843    
  2.532701     -3.803932    
  2.536032     -3.811514    
  2.539337     -4.029202    
  2.539424     -3.832149    
  2.543132     -3.870806    
  2.546808     -3.854585    
  2.546895     -3.861575    
  2.547329     -3.877751    
  2.547416     -3.914083    
  2.551118     -3.871298    
  2.551204     -3.886022    
  2.554808     -3.861548    
  2.558382     -3.874801    
  2.558469     -3.908499    
  2.558869     -3.912460    
  2.558956     -3.916722    
  2.561557     -3.879823    
  2.561644     -3.858329    
  2.564082     -3.957454    
  2.566507     -3.813613    
  2.568917     -3.804326    
  2.571315     -3.861995    
  2.571402     -3.866339    
  2.571490     -3.867778    
  2.571576     -3.877414    
  2.574740     -3.972463    
  2.577880     -3.845087    
  2.580998     -3.931167    
  2.584094     -3.955669    
  2.587168     -4.129887    
  2.590220     -3.870205    
  2.593250     -3.876524    
  2.596260     -4.060700    
  2.596347     -3.967985    
  2.597646     -3.897122    
  2.597733     -3.953237    
  2.600542     -3.854432    
  2.603333     -3.948862    
  2.603420     -3.940108    
  2.606239     -3.937571    
  2.606324     -3.931538    
  2.606411     -3.926484    
  2.607237     -3.916529    
  2.607324     -3.915320    
  2.611491     -3.926657    
  2.615617     -3.925161    
  2.615704     -3.902804    
  2.619659     -3.947747    
  2.619746     -3.952792    
  2.620859     -3.988969    
  2.620946     -3.980088    
  2.621962     -3.966193    
  2.622049     -3.912819    
  2.625471     -3.885098    
  2.625557     -3.908878    
  2.626297     -3.887579    
  2.626384     -3.886928    
  2.627024     -3.882999    
  2.627111     -3.862550    
  2.630159     -3.990437    
  2.633186     -3.904169    
  2.633273     -3.924251    
  2.633585     -3.925747    
  2.633672     -3.925873    
  2.636750     -3.959872    
  2.639805     -3.923943    
  2.642840     -4.002859    
  2.645853     -3.975549    
  2.645940     -3.998288    
  2.646436     -3.989572    
  2.646523     -3.989132    
  2.648513     -3.983413    
  2.648600     -3.994856    
  2.650581     -3.990135    
  2.650668     -3.981781    
  2.652023     -3.975271    
  2.652110     -3.976828    
  2.653758     -3.984951    
  2.653845     -3.984701    
  2.654514     -3.988717    
  2.654601     -3.996438    
  2.655848     -4.077590    
  2.655935     -4.037974    
  2.656856     -3.997624    
  2.656943     -3.990766    
  2.659789     -3.986794    
  2.659876     -3.993264    
  2.661632     -4.004277    
  2.661711     -4.000881    
  2.661798     -4.001923    
  2.662838     -4.006271    
  2.662925     -4.002460    
  2.664288     -4.001412    
  2.665620     -4.004434    
  2.666947     -4.016398    
  2.668270     -3.880265    
  2.668357     -3.842211    
  2.669554     -3.921889    
  2.670748     -3.984590    
  2.670835     -3.983754    
  2.671974     -4.000367    
  2.673109     -4.008489    
  2.674242     -4.017641    
  2.675371     -4.022094    
  2.675458     -4.021583    
  2.676824     -4.024458    
  2.676911     -4.025627    
  2.677751     -4.026802    
  2.677838     -4.025862    
  2.679282     -4.027972    
  2.680721     -4.030456    
  2.682155     -4.031891    
  2.683585     -4.032757    
  2.683672     -4.031350    
  2.684694     -4.033323    
  2.685714     -4.037529    
  2.685801     -4.037259    
  2.685988     -4.037346    
  2.686075     -4.037392    
  2.686520     -4.036767    
  2.686607     -4.036260    
  2.687604     -4.041399    
  2.688599     -4.040196    
  2.688686     -4.040051    
  2.689315     -4.039816    
  2.689943     -4.041331    
  2.690571     -4.041692    
  2.691198     -4.042063    
  2.691823     -4.042354    
  2.692448     -4.042417    
  2.693072     -4.046024    
  2.693695     -4.050177    
  2.694317     -4.051249    
  2.694939     -4.052160    
  2.695559     -4.052492    
  2.696179     -4.058837    
  2.696797     -4.135446    
  2.697415     -4.087446    
  2.698032     -4.076814    
  2.698648     -4.066202    
  2.698717     -4.065775    
  2.698803     -4.064892    
  2.699142     -4.063240    
  2.699229     -4.062666    
  2.700077     -4.064567    
  2.700500     -4.068971    
  2.700923     -4.069563    
  2.701345     -4.067309    
  2.701767     -4.067302    
  2.702189     -4.066453    
  2.702610     -4.065570    
  2.702697     -4.065572    
  2.706323     -4.075011    
  2.706410     -4.071680    
  2.708352     -4.073880    
  2.708438     -4.076256    
  2.709271     -4.096294    
  2.709358     -4.099424    
  2.712230     -4.150639    
  2.712317     -4.102425    
  2.716395     -4.087099    
  2.716481     -4.089482    
  2.716568     -4.089402    
  2.718970     -4.095849    
  2.721359     -4.092828    
  2.721446     -4.092365    
  2.721792     -4.092384    
  2.721879     -4.091273    
  2.724957     -4.112245    
  2.725044     -4.104527    
  2.728368     -4.107871    
  2.728455     -4.108273    
  2.728556     -4.108927    
  2.728643     -4.108123    
  2.730036     -4.117667    
  2.730123     -4.116834    
  2.733020     -4.114675    
  2.735898     -4.119746    
  2.735985     -4.120607    
  2.736079     -4.121447    
  2.737059     -4.125288    
  2.737146     -4.125313    
  2.740300     -4.129599    
  2.740387     -4.130975    
  2.744215     -4.134190    
  2.748009     -4.144435    
  2.751770     -4.152174    
  2.755499     -4.156416    
  2.755586     -4.163188    
  2.758474     -4.160052    
  2.758561     -4.160475    
  2.759027     -4.162140    
  2.759113     -4.162446    
  2.759911     -4.165456    
  2.759997     -4.165786    
  2.760747     -4.167202    
  2.760833     -4.166613    
  2.763123     -4.169993    
  2.765400     -4.175177    
  2.765487     -4.175066    
  2.765755     -4.174691    
  2.765842     -4.192059    
  2.768363     -4.176359    
  2.770870     -4.178721    
  2.773363     -4.179591    
  2.775841     -4.191764    
  2.775928     -4.191936    
  2.777541     -4.195823    
  2.777628     -4.197195    
  2.781421     -4.205103    
  2.781508     -4.200876    
  2.784445     -4.212154    
  2.787363     -4.215193    
  2.787450     -4.215588    
  2.789348     -4.217884    
  2.789435     -4.220280    
  2.792054     -4.223165    
  2.792141     -4.221354    
  2.795962     -4.234392    
  2.796049     -4.232594    
  2.798395     -4.231926    
  2.800729     -4.262550    
  2.803050     -4.240853    
  2.805359     -4.251339    
  2.807656     -4.253260    
  2.809941     -4.262018    
  2.812213     -4.260262    
  2.814474     -4.265338    
  2.814561     -4.266037    
  2.815775     -4.271344    
  2.815862     -4.271165    
  2.816430     -4.270646    
  2.816517     -4.269933    
  2.818570     -4.274083    
  2.818657     -4.271514    
  2.821422     -4.279969    
  2.824169     -4.283294    
  2.826900     -4.296008    
  2.829613     -4.292465    
  2.829700     -4.297525    
  2.832139     -4.302024    
  2.834565     -4.260428    
  2.836978     -4.585777    
  2.839377     -4.170636    
  2.839464     -4.227457    
  2.842740     -4.315991    
  2.845992     -4.330836    
  2.846054     -4.328617    
  2.846141     -4.328787    
  2.846320     -4.329367    
  2.846407     -4.329798    
  2.846929     -4.331823    
  2.847016     -4.333228    
  2.850284     -4.336479    
  2.850371     -4.336189    
  2.851107     -4.336729    
  2.851194     -4.336974    
  2.851272     -4.337122    
  2.851359     -4.337302    
  2.851605     -4.338122    
  2.851692     -4.338550    
  2.852969     -4.342098    
  2.853056     -4.347015    
  2.856721     -4.366832    
  2.856808     -4.340921    
  2.860014     -4.357132    
  2.863196     -4.360307    
  2.863283     -4.360871    
  2.866961     -4.365597    
  2.867048     -4.364476    
  2.867158     -4.361129    
  2.871477     -4.378541    
  2.871560     -4.379062    
  2.871647     -4.379263    
  2.874394     -4.398827    
  2.877123     -4.420913    
  2.877210     -4.398846    
  2.879769     -4.390933    
  2.882313     -4.398589    
  2.882400     -4.398583    
  2.882670     -4.398844    
  2.882757     -4.729842    
  2.885337     -5.014678    
  2.885423     -4.342789    
  2.886380     -4.032812    
  2.886467     -4.073462    
  2.886654     -4.083155    
  2.886741     -4.108212    
  2.889314     -4.350944    
  2.889401     -4.332800    
  2.891964     -4.406072    
  2.892051     -4.411171    
  2.893704     -4.426515    
  2.893791     -4.419365    
  2.894071     -4.420745    
  2.894158     -4.421082    
  2.895095     -4.422601    
  2.895182     -4.422429    
  2.896767     -4.429553    
  2.896854     -4.429405    
  2.897787     -4.428738    
  2.897874     -4.429073    
  2.900589     -4.433910    
  2.900676     -4.429042    
  2.902856     -4.437818    
  2.905026     -4.440005    
  2.905113     -4.438020    
  2.908098     -4.449477    
  2.908185     -4.446311    
  2.908477     -4.445899    
  2.908564     -4.446441    
  2.910090     -4.450596    
  2.910176     -4.450755    
  2.913363     -4.447806    
  2.916527     -4.487194    
  2.916614     -4.481116    
  2.916785     -4.476178    
  2.916872     -4.473751    
  2.917171     -4.467099    
  2.917258     -4.461913    
  2.919518     -4.463384    
  2.921765     -4.470599    
  2.921852     -4.473903    
  2.925029     -4.479501    
  2.925116     -4.479571    
  2.925941     -4.480683    
  2.926028     -4.480617    
  2.927554     -4.484135    
  2.927641     -4.484113    
  2.927950     -4.484712    
  2.928037     -4.484809    
  2.928671     -4.485768    
  2.928758     -4.486133    
  2.929127     -4.486344    
  2.929213     -4.486135    
  2.929524     -4.485176    
  2.929611     -4.484680    
  2.930245     -4.483056    
  2.930332     -4.483187    
  2.930604     -4.483724    
  2.930691     -4.483966    
  2.930963     -4.484411    
  2.931050     -4.485372    
  2.934646     -4.498450    
  2.934733     -4.498022    
  2.936807     -4.499733    
  2.936894     -4.495953    
  2.937412     -4.493237    
  2.937499     -4.493440    
  2.937612     -4.490350    
  2.939332     -4.499712    
  2.939418     -4.500322    
  2.941608     -4.500039    
  2.943787     -4.512410    
  2.943874     -4.511637    
  2.945266     -4.511977    
  2.945353     -4.512561    
  2.946273     -4.517575    
  2.946360     -4.517598    
  2.946687     -4.518429    
  2.946774     -4.518699    
  2.949036     -4.526391    
  2.951287     -4.528110    
  2.951374     -4.525067    
  2.953319     -4.527889    
  2.953406     -4.528437    
  2.953750     -4.529056    
  2.953837     -4.528824    
  2.955739     -4.529037    
  2.955826     -4.530316    
  2.956162     -4.532220    
  2.956249     -4.532689    
  2.957620     -4.538648    
  2.957703     -4.539286    
  2.957790     -4.541704    
  2.959196     -4.534255    
  2.959269     -4.530901    
  2.959356     -4.529523    
  2.959520     -4.526877    
  2.959575     -4.526020    
  2.959642     -4.525012    
  2.959729     -4.523772    
  2.959839     -4.522208    
  2.959926     -4.520231    
  2.960694     -4.504344    
  2.960781     -4.502499    
  2.961122     -4.498939    
  2.961209     -4.451763    
  2.965318     -4.725309    
  2.965405    -100.00000    
  2.969227     -4.257431    
  2.969314     -4.443820    
  2.972533     -4.577439    
  2.975728     -4.484020    
  2.975815     -4.537920    
  2.976166     -4.527460    
  2.976253     -4.492035    
  2.979351     -4.657702    
  2.982423     -4.787298    
  2.982509     -4.465748    
  2.982872     -4.454261    
  2.982959     -4.432959    
  2.986873     -4.666079    
  2.990753     -4.468713    
  2.994598     -4.618833    
  2.998409     -4.603229    
  3.002187     -4.584126    
  3.005933     -4.619824    
  3.009646     -4.736675    
  3.013329     -4.424642    
  3.016980     -4.670540    
  3.020600     -4.652210    
  3.024191     -4.660386    
  3.027752     -4.677466    
  3.031285     -4.681795    
  3.034788     -4.847784    
  3.038264     -4.517621    
  3.041713     -4.719020    
  3.041799     -4.683286    
  3.044019     -4.722888    
  3.044106     -4.719466    
  3.046417     -4.724076    
  3.046504     -4.722487    
  3.047266     -4.725929    
  3.047353     -4.724729    
  3.050503     -4.742671    
  3.053630     -4.731952    
  3.056735     -4.739415    
  3.059819     -4.756303    
  3.062880     -4.780854    
  3.065920     -4.744325    
  3.068939     -4.777255    
  3.071937     -4.744163    
  3.072024     -4.774076    
  3.074515     -4.802936    
  3.074602     -4.792239    
  3.077416     -4.793698    
  3.080211     -4.809843    
  3.082988     -4.814678    
  3.085748     -5.384422    
  3.085835     -4.469100    
  3.088164     -4.235213    
  3.088251     -4.410561    
  3.089222     -4.533639    
  3.089309     -4.587313    
  3.091849     -4.845099    
  3.091936     -4.852946    
  3.095352     -4.888757    
  3.095438     -4.341463    
  3.096179     -4.199321    
  3.096266     -4.272510    
  3.099969     -5.201425    
  3.100056     -4.802019    
  3.102791     -4.822961    
  3.105509     -4.916796    
  3.105596     -4.950430    
  3.108813     -4.847650    
  3.112005     -4.772198    
  3.112092     -4.794722    
  3.114687     -4.998876    
  3.114774     -4.829786    
  3.116978     -4.803660    
  3.117065     -4.822432    
  3.118223     -4.983249    
  3.118310     -4.838930    
  3.120853     -4.844409    
  3.123381     -4.922990    
  3.123468     -4.936147    
  3.125997     -4.909287    
  3.126084     -4.836631    
  3.127687     -4.977751    
  3.127774     -4.944787    
  3.129225     -4.835949    
  3.129312     -4.889482    
  3.132455     -4.941271    
  3.135577     -5.044583    
  3.135664     -4.994834    
  3.136182     -4.887427    
  3.136269     -4.851332    
  3.138696     -5.054016    
  3.141109     -4.850694    
  3.141196     -4.893580    
  3.144101     -5.007993    
  3.144188     -4.985759    
  3.144956     -4.977214    
  3.145043     -4.973046    
  3.146758     -4.999139    
  3.146845     -5.006013    
  3.146975     -5.014609    
  3.147795     -5.018219    
  3.147882     -5.015896    
  3.148729     -5.035016    
  3.148816     -5.067167    
  3.150639     -5.012014    
  3.150726     -4.998299    
  3.151276     -4.992639    
  3.151363     -4.991531    
  3.153068     -5.021021    
  3.153155     -5.021201    
  3.153381     -5.022215    
  3.153434     -5.022061    
  3.153521     -5.023087    
  3.155016     -4.997392    
  3.155103     -4.995987    
  3.156074     -5.051099    
  3.156161     -5.030813    
  3.160418     -5.045803    
  3.164633     -5.051560    
  3.164720     -5.052066    
  3.165979     -5.055763    
  3.166066     -5.061172    
  3.168877     -5.039962    
  3.171670     -5.077064    
  3.171756     -5.016606    
  3.173578     -4.882208    
  3.173665     -4.911638    
  3.177077     -5.031860    
  3.180463     -5.112192    
  3.180550     -5.102389    
  3.181960     -5.113310    
  3.182047     -5.111958    
  3.184770     -5.122753    
  3.187477     -5.126914    
  3.187564     -5.126110    
  3.188338     -5.129307    
  3.188425     -5.131501    
  3.189356     -5.128026    
  3.189443     -5.838011    
  3.191119    -100.00000    
  3.191206     -6.288842    
  3.192224     -5.106369    
  3.192311     -4.863754    
  3.194885     -4.946669    
  3.194972     -5.005359    
  3.196916     -5.111950    
  3.197003     -5.106971    
  3.200094     -5.173519    
  3.203162     -5.145570    
  3.203250     -5.158474    
  3.204674     -5.177901    
  3.204761     -5.177283    
  3.207365     -5.182316    
  3.207452     -5.182394    
  3.209994     -5.190946    
  3.212521     -5.145074    
  3.215033    -100.00000    
  3.217531     -4.340462    
  3.217618     -4.395535    
  3.218164     -4.485065    
  3.218251     -4.507484    
  3.218329     -4.524579    
  3.218415     -4.633144    
  3.222657     -5.346175    
  3.226857     -5.249067    
  3.231016     -5.254394    
  3.235137     -5.463205    
  3.239219     -5.033042    
  3.243262     -5.295764    
  3.247269     -5.298409    
  3.251238     -5.303040    
  3.251325     -5.311795    
  3.254391     -5.321319    
  3.257436     -5.330445    
  3.260459     -5.335112    
  3.263462     -5.349048    
  3.263549     -5.348122    
  3.265995     -5.352507    
  3.268428     -5.364302    
  3.270847     -5.368017    
  3.273253     -5.352885    
  3.273340     -5.370578    
  3.276535     -5.383903    
  3.279706     -5.394674    
  3.279793     -5.396977    
  3.281662     -5.402016    
  3.281749     -5.402422    
  3.285833     -5.414906    
  3.285920     -5.414126    
  3.289028     -5.418588    
  3.289115     -5.422427    
  3.291415     -5.427070    
  3.291501     -5.425968    
  3.293929     -5.439405    
  3.296343     -5.446423    
  3.298744     -5.451844    
  3.301132     -5.457498    
  3.301219     -5.455875    
  3.305074     -5.467001    
  3.305161     -5.467225    
  3.305985     -5.472728    
  3.306072     -5.473015    
  3.306887     -5.476276    
  3.306974     -5.473927    
  3.309850     -5.483160    
  3.309937     -5.486901    
  3.310624     -5.488361    
  3.310710     -5.488242    
  3.311825     -5.489807    
  3.311912     -5.490100    
  3.312012     -5.489914    
  3.312099     -5.488071    
  3.314648     -5.494306    
  3.317181     -5.504985    
  3.319700     -5.522679    
  3.322204     -5.522102    
  3.324695     -5.526443    
  3.327170     -5.526402    
  3.329632     -5.536057    
  3.332080     -5.544923    
  3.334514     -5.556835    
  3.336935     -5.570791    
  3.339342     -5.559246    
  3.341736     -5.583484    
  3.344117     -5.572951    
  3.346485     -5.604546    
  3.348840     -5.577160    
  3.351182     -5.609896    
  3.351269     -5.612209    
  3.355367     -5.601184    
  3.359427     -5.637598    
  3.363449     -5.652128    
  3.367434     -5.612330    
  3.367521     -5.639553    
  3.370066     -5.662498    
  3.372596     -5.672584    
  3.375111     -5.677962    
  3.377612     -5.690466    
  3.377699     -5.723655    
  3.380754     -5.628272    
  3.383787     -5.680036    
  3.386800     -5.720928    
  3.389792     -5.729222    
  3.389879     -5.726793    
  3.392466     -5.732365    
  3.395039     -5.740394    
  3.395126     -5.743295    
  3.397959     -5.744646    
  3.398046     -5.745488    
  3.398416     -5.747674    
  3.398503     -5.749106    
  3.400855     -5.765295    
  3.400942     -5.817333    
  3.402428     -5.621293    
  3.402515     -5.620472    
  3.404126     -5.722793    
  3.404213     -5.719187    
  3.406921     -5.771912    
  3.409611     -5.786376    
  3.412285     -5.794278    
  3.414942     -5.800606    
  3.415029     -5.800081    
  3.419186     -5.811417    
  3.423303     -5.828879    
  3.427382     -5.838597    
  3.431422     -5.850100    
  3.431509     -5.848334    
  3.434904     -5.864906    
  3.438273     -5.730345    
  3.441616     -5.801503    
  3.444934     -5.903063    
  3.445021     -5.890836    
  3.447484     -5.902411    
  3.449934     -5.909617    
  3.450021     -5.909935    
  3.452474     -5.912926    
  3.454914     -5.919102    
  3.455001     -5.920739    
  3.457947     -5.926534    
  3.460873     -5.940909    
  3.463780     -5.949528    
  3.466667     -5.954309    
  3.466754     -5.957581    
  3.469505     -5.967079    
  3.469592     -5.963735    
  3.469843     -5.963682    
  3.469930     -5.961965    
  3.471179     -5.968978    
  3.471266     -5.971420    
  3.474100     -5.977772    
  3.474187     -5.980700    
  3.476423     -5.990867    
  3.478648     -5.945089    
  3.480861     -5.996909    
  3.483063     -6.004994    
  3.483150     -6.001931    
  3.485959     -6.017163    
  3.488749     -6.020737    
  3.491522     -6.032417    
  3.494277     -6.041537    
  3.494364     -6.043197    
  3.496766     -6.045426    
  3.499154     -6.055370    
  3.501530     -6.066958    
  3.503893     -6.069690    
  3.506243     -6.072288    
  3.508580     -5.692987    
  3.510905     -6.024479    
  3.513217     -6.096636    
  3.513304     -6.090908    
  3.515963     -6.109064    
  3.518606     -6.120046    
  3.521233     -6.123759    
  3.523845     -6.129308    
  3.526440     -6.132986    
  3.529020     -6.148917    
  3.531585     -6.157046    
  3.534135     -6.163965    
  3.534222     -6.163878    
  3.536649     -6.169435    
  3.539062     -6.179087    
  3.541462     -6.204999    
  3.543849     -6.030577    
  3.543936     -5.951103    
  3.544500     -5.974540    
  3.544586     -6.023689    
  3.547376     -6.187227    
  3.550148     -6.216359    
  3.550235     -6.210643    
  3.552940     -6.225480    
  3.555627     -6.230755    
  3.555714     -6.229421    
  3.556728     -6.233416    
  3.556815     -6.233014    
  3.557696     -6.235478    
  3.557783     -6.234593    
  3.558846     -6.236286    
  3.558933     -6.237135    
  3.559110     -6.238115    
  3.559197     -6.240102    
  3.560851     -6.240680    
  3.560938     -6.240097    
  3.561019     -6.240203    
  3.561106     -6.240273    
  3.561368     -6.239958    
  3.561455     -6.239859    
  3.561549     -6.239887    
  3.561702     -6.240413    
  3.561789     -6.241001    
  3.561899     -6.241904    
  3.561986     -6.242876    
  3.562293     -6.244962    
  3.565681     -6.263513    
  3.565768     -6.266213    
  3.568672     -6.279004    
  3.571556     -6.280598    
  3.574422     -6.283774    
  3.577268     -6.276481    
  3.580096     -6.297057    
  3.582906     -6.296355    
  3.585698     -6.310151    
  3.588471     -6.319480    
  3.591228     -6.337398    
  3.593966     -6.306741    
  3.596688     -6.344988    
  3.599393     -6.378063    
  3.602081     -6.301744    
  3.604752     -6.369701    
  3.607407     -6.396668    
  3.610046     -6.347393    
  3.610133     -6.290241    
  3.612394     -6.384984    
  3.614642     -6.345608    
  3.616880     -6.316045    
  3.619105     -6.420844    
  3.621319     -6.434661    
  3.623523     -6.445291    
  3.625715     -6.434413    
  3.627896     -6.439569    
  3.627982     -6.442937    
  3.630428     -6.451519    
  3.632293     -6.471024    
  3.632379     -6.470292    
  3.635363     -6.483528    
  3.638325     -6.437072    
  3.641268     -6.315363    
  3.644191     -6.509241    
  3.644278     -6.489945    
  3.646967     -6.511597    
  3.649640     -6.522907    
  3.652297     -6.520631    
  3.654938     -6.516693    
  3.655025     -6.523701    
  3.657211     -6.524432    
  3.659385     -6.554719    
  3.659472     -6.482622    
  3.663615     -6.553775    
  3.663702     -6.586382    
  3.666918     -6.521077    
  3.670110     -6.583461    
  3.670197     -7.211481    
  3.674031     -5.829891    
  3.677831     -6.694931    
  3.681598     -6.622285    
  3.685333     -6.630525    
  3.685420     -6.758542    
  3.688862     -6.368617    
  3.688948     -6.269034    
  3.690731     -6.393023    
  3.690818     -6.418402    
  3.691459     -6.500480    
  3.691546     -6.543238    
  3.694812     -6.638472    
  3.694898     -6.625666    
  3.695365     -6.634938    
  3.695452     -6.636914    
  3.695518     -6.638425    
  3.695605     -6.643571    
  3.698701     -6.669209    
  3.701776     -6.676008    
  3.704828     -6.681948    
  3.707860     -6.688079    
  3.710870     -6.704732    
  3.712650     -6.709073    
  3.713860     -6.710719    
  3.716830     -6.720463    
  3.719779     -6.708810    
  3.719866     -6.722884    
  3.723198     -6.736998    
  3.726504     -6.748317    
  3.729786     -6.757430    
  3.733043     -6.769440    
  3.733130     -6.806144    
  3.736895     -6.645871    
  3.740628     -6.804211    
  3.740715     -6.788177    
  3.743507     -6.802876    
  3.746281     -6.810098    
  3.749037     -6.813607    
  3.751777     -6.821985    
  3.751863     -6.819487    
  3.754658     -6.827812    
  3.754745     -6.831614    
  3.755217     -6.835700    
  3.755304     -6.836182    
  3.755522     -6.837544    
  3.755609     -6.838858    
  3.758467     -6.847867    
  3.761306     -6.858512    
  3.764127     -6.839138    
  3.766929     -6.798832    
  3.769713     -6.866125    
  3.772480     -6.881623    
  3.775229     -6.895624    
  3.777961     -6.902048    
  3.778048     -6.904213    
  3.778151     -6.903465    
  3.781161     -6.910143    
  3.784252     -6.918640    
  3.787320     -6.930881    
  3.790368     -6.939285    
  3.793394     -6.945537    
  3.796399     -6.956046    
  3.799384     -6.962323    
  3.802348     -6.977887    
  3.802435     -6.966739    
  3.806009     -6.990329    
  3.806096     -6.993038    
  3.809815     -6.985384    
  3.809902     -6.981518    
  3.811377     -6.998310    
  3.811464     -7.000706    
  3.811517     -7.001266    
  3.811568     -7.001784    
  3.811655     -7.003189    
  3.814154     -7.007181    
  3.816638     -7.118124    
  3.819108     -6.404389    
  3.821564     -6.628780    
  3.821651     -6.767110    
  3.825835     -7.064208    
  3.829979     -7.053850    
  3.834084     -7.074859    
  3.838150     -7.088547    
  3.838237     -7.093173    
  3.840994     -7.065472    
  3.843735     -7.095318    
  3.846458     -7.105900    
  3.849164     -7.122279    
  3.851853     -7.146904    
  3.854526     -6.906729    
  3.857182     -7.090762    
  3.859823     -7.093759    
  3.859910     -7.126509    
  3.862754     -7.161400    
  3.865581     -7.171710    
  3.868389     -7.176513    
  3.871179     -7.182174    
  3.871266     -7.180096    
  3.873695     -7.189050    
  3.876111     -7.200173    
  3.878513     -7.209114    
  3.880902     -7.211701    
  3.880989     -7.199699    
  3.884377     -7.174374    
  3.887739     -7.226578    
  3.891076     -7.249101    
  3.894387     -7.254165    
  3.894474     -7.253940    
  3.898660     -7.265320    
  3.898747     -7.267267    
  3.901486     -7.270341    
  3.904208     -7.285558    
  3.904295     -7.284156    
  3.905384     -7.288712    
  3.905471     -7.287990    
  3.908472     -7.297287    
  3.908559     -7.294502    
  3.912193     -7.307654    
  3.912280     -7.307702    
  3.913068     -7.309551    
  3.913155     -7.309502    
  3.913273     -7.309597    
  3.913714     -7.309296    
  3.913769     -7.309050    
  3.913842     -7.308793    
  3.913889     -7.308607    
  3.913972     -7.308267    
  3.914081     -7.307832    
  3.914168     -7.315323    
  3.916915     -7.304523    
  3.917002     -7.289827    
  3.919240     -7.250986    
  3.921466     -7.328074    
  3.923680     -7.357179    
  3.925884     -7.355289    
  3.928076     -7.361722    
  3.930258     -7.366665    
  3.934588     -7.372066    
  3.938875     -7.388350    
  3.943121     -7.398455    
  3.947325     -7.406676    
  3.951490     -7.415751    
  3.955614     -7.436538    
  3.959700     -7.435066    
  3.963748     -7.481077    
  3.967758     -7.442471    
  3.971732     -7.409387    
  3.975669     -7.443552    
  3.979571     -7.530397    
  3.983439     -7.440659    
  3.983526     -7.482151    
  3.987126     -7.541587    
  3.990697     -7.555141    
  3.994239     -7.552776    
  3.997752     -7.567379    
  3.997838     -7.570391    
  4.000147     -7.581492    
  4.002444     -7.586529    
  4.004728     -7.506052    
  4.007001     -7.209894    
  4.009262     -7.253592    
  4.011511     -7.554460    
  4.013748     -7.614007    
  4.015974     -7.628285    
  4.018189     -7.640317    
  4.020392     -7.614625    
  4.022585     -7.638063    
  4.024766     -7.642366    
  4.029096     -7.671871    
  4.033383     -7.680817    
  4.033470     -7.618658    
  4.034774     -7.905393    
  4.034861     -7.731421    
  4.038365     -7.546106    
  4.038452     -7.627286    
  4.040802     -7.502375    
  4.043140     -7.587070    
  4.045465     -7.705264    
  4.047778     -7.716332    
  4.047865     -7.717773    
  4.051277     -7.739990    
  4.054632     -7.744047    
  4.057962     -7.750685    
  4.061267     -7.758369    
  4.061354     -7.766098    
  4.065579     -7.722133    
  4.069764     -7.583652    
  4.073909     -7.817072    
  4.078015     -7.818429    
  4.078102     -7.818840    
  4.080241     -7.819747    
  4.080328     -7.819322    
  4.080857     -7.818051    
  4.080944     -7.818124    
  4.081009     -7.818040    
  4.081054     -7.817028    
  4.082194     -7.820950    
  4.082281     -7.819328    
  4.084738     -7.823842    
  4.087181     -7.829110    
  4.089611     -7.845200    
  4.092028     -7.851669    
  4.094430     -7.861694    
  4.096820     -7.856554    
  4.099197     -7.869563    
  4.101560     -7.873104    
  4.101647     -7.875437    
  4.104844     -7.889893    
  4.108018     -7.827098    
  4.111169     -7.610550    
  4.114297     -7.896269    
  4.117403     -7.927469    
  4.120486     -7.933151    
  4.123548     -7.940536    
  4.126589     -7.946871    
  4.129608     -7.953869    
  4.132606     -7.965829    
  4.135584     -7.978837    
  4.138542     -7.988042    
  4.141479     -7.984190    
  4.144397     -7.988985    
  4.147296     -8.012956    
  4.150175     -8.023964    
  4.150262     -8.025904    
  4.153103     -8.031657    
  4.155926     -8.026286    
  4.156013     -8.020515    
  4.158103     -8.019697    
  4.158190     -8.028691    
  4.161727     -8.054202    
  4.161814     -8.056497    
  4.163762     -8.062268    
  4.163849     -8.062661    
  4.163959     -8.063199    
  4.164046     -8.062872    
  4.166389     -8.077427    
  4.168720     -8.093352    
  4.171039     -7.981700    
  4.173345     -8.029560    
  4.175640     -8.065421    
  4.177922     -8.113673    
  4.180192     -8.122395    
  4.182450     -8.127716    
  4.184697     -8.124038    
  4.186932     -8.123721    
  4.189156     -8.129173    
  4.191369     -8.143877    
  4.193570     -8.150982    
  4.195760     -8.162355    
  4.197939     -8.141394    
  4.200107     -8.146653    
  4.204411     -8.173851    
  4.208673     -8.187882    
  4.212894     -8.208607    
  4.217074     -8.196998    
  4.221214     -8.232697    
  4.225315     -8.252947    
  4.229377     -8.207166    
  4.233402     -8.236616    
  4.233489     -8.248957    
  4.235773     -8.279183    
  4.238044     -8.295197    
  4.240303     -8.278229    
  4.242551     -8.237528    
  4.244787     -8.284367    
  4.247012     -8.308272    
  4.249225     -8.322577    
  4.251427     -8.313352    
  4.251514     -8.321806    
  4.255198     -8.336123    
  4.258852     -8.350017    
  4.262474     -8.282038    
  4.266067     -8.356539    
  4.266154     -8.357601    
  4.268659     -8.413752    
  4.271149     -8.166885    
  4.273626     -7.805707    
  4.276088     -7.856084    
  4.278536     -8.253760    
  4.280971     -8.378517    
  4.283392     -8.401761    
  4.285800     -8.426198    
  4.288194     -8.444937    
  4.290575     -8.333485    
  4.292943     -8.376889    
  4.295299     -8.445387    
  4.297641     -8.462067    
  4.299971     -8.473875    
  4.302289     -8.473724    
  4.304595     -8.479115    
  4.306888     -8.484450    
  4.309169     -8.488897    
  4.311438     -8.470867    
  4.313695     -8.513936    
  4.315941     -8.508432    
  4.318175     -8.517439    
  4.320398     -8.531612    
  4.322610     -8.530438    
  4.324810     -8.533345    
  4.326999     -8.536779    
  4.329177     -8.541309    
  4.331345     -8.554928    
  4.335647     -8.514470    
  4.339907     -8.431011    
  4.339994     -8.501203    
  4.343342     -8.487859    
  4.346664     -8.594170    
  4.349961     -8.611054    
  4.353233     -8.619568    
  4.353320     -8.623045    
  4.356074     -8.619451    
  4.356161     -8.618374    
  4.357582     -8.626425    
  4.357669     -8.626213    
  4.357779     -8.626453    
  4.357865     -8.626519    
  4.360696     -8.644044    
  4.363507     -8.662230    
  4.366301     -8.657859    
  4.369077     -8.677388    
  4.371835     -8.650946    
  4.374576     -8.655481    
  4.377300     -8.688921    
  4.380006     -8.701343    
  4.382696     -8.706114    
  4.385369     -8.713909    
  4.388026     -8.718714    
  4.390667     -8.730648    
  4.393292     -8.720977    
  4.395901     -8.740746    
  4.398495     -8.748400    
  4.401073     -8.764004    
  4.403636     -8.763093    
  4.406183     -8.763218    
  4.408716     -8.779119    
  4.411235     -8.759084    
  4.413739     -8.797912    
  4.416228     -8.805153    
  4.418703     -8.744985    
  4.421164     -8.599960    
  4.423612     -8.627032    
  4.426045     -8.817668    
  4.428465     -8.822119    
  4.430872     -8.831098    
  4.433266     -8.836742    
  4.435646     -8.848327    
  4.438013     -8.862414    
  4.440368     -8.877856    
  4.440455     -8.881459    
  4.442834     -8.852350    
  4.445201     -8.884886    
  4.445288     -8.881774    
  4.447569     -8.888035    
  4.449839     -8.920211    
  4.452097     -8.796477    
  4.454343     -8.762681    
  4.456578     -8.886689    
  4.458801     -8.920345    
  4.461013     -8.877122    
  4.463213     -8.914371    
  4.465403     -8.930657    
  4.467581     -8.962501    
  4.471906     -8.965273    
  4.476188     -8.979531    
  4.480428     -8.886356    
  4.512937     -9.059588    
  4.513024     -9.089994    
  4.514610     -9.093280    
  4.514697     -9.093419    
  4.515945     -9.095186    
  4.516032     -9.095286    
  4.516141     -9.095485    
  4.516228     -9.091249    
  4.585469     -9.272589    
  4.585556     -9.214809    
  4.648489     -9.427423    
  4.648576     -9.467694    
  4.649548     -9.480968    
  4.649635     -9.481395    
  4.649838     -9.483742    
  4.649925     -9.484665    
  4.650035     -9.485727    
  4.650122     -9.427721    
  4.709765     -9.621163    
  4.709852     -9.639318    
  4.765753     -9.798619    
  4.765822     -9.823946    
  4.765909     -9.823964    
  4.766019     -9.824849    
  4.766106     -9.789994    
  4.818480     -9.989815    
  4.818567     -9.947728    
  4.868094     -10.06168    
  4.868152     -10.11500    
  4.868214     -10.11399    
  4.868324     -10.11373    
  4.868411     -9.931742    
  4.915089     -10.34622    
  4.915176     -10.25896    
  4.959449     -10.35692    
  4.959536     -10.37233    
  4.959642     -10.37284    
  4.959729     -10.37216    
  4.959839     -10.36881    
  4.959925     -10.36718    
  5.002021     -10.42190    
  5.002108     -10.50031    
  5.041986     -10.60849    
  5.042072     -10.61988    
  5.042428     -10.62532    
  5.042515     -10.62662    
  5.042624     -10.62801    
  5.042711     -10.58388    
  5.081038     -10.70970    
  5.081125     -10.62363    
  5.117569     -10.81623    
  5.117655     -10.85076    
  5.118005     -10.84659    
  5.118092     -10.84392    
  5.118201     -10.83475    
  5.118288     -10.73320    
  5.153462     -10.96219    
  5.153549     -10.91714    
  5.187204     -11.02088    
  5.187290     -11.01168    
  5.187529     -11.01223    
  5.187616     -11.01263    
  5.187725     -11.01312    
  5.187812     -11.00432    
  5.251180     -11.15553    
  5.251266     -11.19301    
  5.251931     -11.19449    
  5.252018     -11.19529    
  5.252095     -11.19602    
  5.252182     -11.17691    
  5.311750     -11.32518    
  5.311837     -11.36956    
  5.311944     -11.37134    
  5.312021     -11.37256    
  5.312108     -11.37210    
  5.368079     -11.46916    
  5.368165     -11.50480    
  5.420736     -11.66143    
  5.420823     -11.63754    
  5.470384     -11.74873    
  5.470471     -11.77721    
  5.517346     -11.92989    
  5.517433     -11.90945    
  5.561899     -12.03636    
  5.561985     -12.04397    
  5.604277     -12.11132    
  5.604364     -12.16666    
  5.644684     -12.25503    
  5.644771     -12.25917    
  6.103027     -13.49983    
  6.321002     -14.11775    
  6.573673     -14.81586    
  6.848341     -15.57236    
  7.135565     -16.36374    
  7.429524     -17.18639    
  7.726975     -18.03920    
  8.026204     -18.94711    
  8.326331     -19.98593    
  8.626909     -21.34558    
  8.927713    -100.00000    
