 0.6989700    -100.00000    
 0.7247828    -100.00000    
 0.7491470    -100.00000    
 0.7722168    -100.00000    
 0.7941226    -100.00000    
 0.8348744    -100.00000    
 0.8721282    -100.00000    
 0.9064373    -100.00000    
 0.9382333     -101.2765    
 0.9678594     -100.3414    
 0.9955930     -100.3252    
  1.021661     -100.8377    
  1.046253     -101.7098    
  1.069527     -102.7501    
  1.091616     -102.7857    
  1.132686     -104.3540    
  1.170205    -100.00000    
  1.204739    -100.00000    
  1.236728    -100.00000    
  1.266522    -100.00000    
  1.294403    -100.00000    
  1.320601    -100.00000    
  1.345308    -100.00000    
  1.368685    -100.00000    
  1.390867    -100.00000    
  1.390954     -103.1113    
  1.407231    -100.00000    
  1.407318     -105.8139    
  1.416604    -100.00000    
  1.416691     -94.60945    
  1.434239    -100.00000    
  1.434325     -97.32627    
  1.438732     -97.96356    
  1.438819     -97.79938    
  1.442990     -99.11377    
  1.443077     -97.80063    
  1.465932    -100.00000    
  1.466019     -101.5725    
  1.466567     -101.6914    
  1.466654    -100.00000    
  1.485460     -100.8470    
  1.485547     -100.3876    
  1.485843     -100.3272    
  1.485930    -100.00000    
  1.502811     -97.26239    
  1.502898    -100.00000    
  1.515152     -94.70457    
  1.515239    -100.00000    
  1.538911     -90.39166    
  1.538998     -89.98362    
  1.541754     -89.42293    
  1.541841     -89.44586    
  1.544410     -88.93630    
  1.544497     -88.94193    
  1.546755     -88.50724    
  1.546842    -100.00000    
  1.568094     -85.17698    
  1.568181    -100.00000    
  1.576102     -83.56612    
  1.576189     -83.41768    
  1.577032     -83.27660    
  1.577119    -100.00000    
  1.586189     -81.94531    
  1.586276     -81.78260    
  1.587530     -81.57880    
  1.587617    -100.00000    
  1.602078     -79.54454    
  1.602165     -79.31570    
  1.604747     -78.88480    
  1.604834    -100.00000    
  1.629405     -75.32619    
  1.629492     -75.00858    
  1.633100     -74.29117    
  1.633187    -100.00000    
  1.643761     -72.65168    
  1.643848     -72.52719    
  1.646889     -71.95813    
  1.646976    -100.00000    
  1.653070     -70.99028    
  1.653157    -100.00000    
  1.667964     -68.73659    
  1.668051     -68.90309    
  1.673067     -67.70668    
  1.673154     -67.62553    
  1.673452     -67.57833    
  1.673539    -100.00000    
  1.683736     -66.13615    
  1.683823     -66.56679    
  1.689301     -65.17458    
  1.689388     -65.09079    
  1.690173     -64.96973    
  1.690260     -64.96966    
  1.691919     -64.71039    
  1.692006    -100.00000    
  1.709636     -62.36321    
  1.709723     -62.36784    
  1.714846     -61.36489    
  1.714933     -61.32142    
  1.717233     -60.97735    
  1.717320     -60.94994    
  1.717576     -60.91336    
  1.717663     -60.91817    
  1.719536     -60.64369    
  1.719623     -60.64605    
  1.721805     -60.32515    
  1.721892     -60.37629    
  1.725295     -59.84963    
  1.725382     -60.27295    
  1.731154     -59.07268    
  1.731241     -58.99348    
  1.731758     -58.92171    
  1.731845     -58.90984    
  1.732294     -58.84772    
  1.732381     -58.87958    
  1.735217     -58.46688    
  1.735304    -100.00000    
  1.746841     -57.04984    
  1.746929     -56.87115    
  1.747807     -56.75389    
  1.747894     -57.19394    
  1.753972     -56.00966    
  1.754058     -55.97224    
  1.756978     -55.57144    
  1.757065     -55.87957    
  1.762907     -54.85181    
  1.762994     -54.78001    
  1.763503     -54.71462    
  1.763590     -54.72657    
  1.765957     -54.41595    
  1.766044     -54.41724    
  1.768505     -54.09563    
  1.768592    -100.00000    
  1.776113     -53.22060    
  1.776200     -53.29459    
  1.781285     -52.54715    
  1.781372     -52.49141    
  1.781946     -52.42131    
  1.782033     -52.51328    
  1.786409     -51.91657    
  1.786495     -51.87984    
  1.788161     -51.67731    
  1.788248     -51.66440    
  1.789372     -51.52927    
  1.789459     -51.54605    
  1.792246     -51.20042    
  1.792333    -100.00000    
  1.800765     -50.27896    
  1.800851    -100.00000    
  1.809708     -49.25560    
  1.809795     -49.14891    
  1.810144     -49.10910    
  1.810231     -49.15759    
  1.814042     -48.69335    
  1.814129    -100.00000    
  1.834747     -46.65610    
  1.834834     -46.44393    
  1.838907     -45.97349    
  1.838994     -45.94343    
  1.840414     -45.79126    
  1.840501     -45.79156    
  1.842703     -45.55383    
  1.842790     -45.54054    
  1.844125     -45.39873    
  1.844212    -100.00000    
  1.857265     -44.17670    
  1.857352    -100.00000    
  1.870233     -42.86075    
  1.870320     -42.71704    
  1.871306     -42.61862    
  1.871393     -42.60923    
  1.872072     -42.54201    
  1.872158     -42.53575    
  1.873424     -42.40978    
  1.873511     -42.68917    
  1.880831     -41.73910    
  1.880918     -41.84685    
  1.887368     -41.09561    
  1.887455    -100.00000    
  1.899003     -40.05442    
  1.899090     -40.11492    
  1.905821     -39.35884    
  1.905908     -39.40809    
  1.911657     -38.81217    
  1.911744     -38.76889    
  1.912227     -38.72465    
  1.912313     -38.72137    
  1.913955     -38.57116    
  1.914042     -40.93388    
  1.924238     -37.72982    
  1.924325     -37.64151    
  1.925856     -37.50524    
  1.925943     -37.49524    
  1.926709     -37.42774    
  1.926796     -37.41947    
  1.926846     -37.41508    
  1.926932     -37.40752    
  1.927461     -37.36096    
  1.927548     -37.37387    
  1.930771     -37.08247    
  1.930858     -37.08029    
  1.933873     -36.81077    
  1.933960     -36.81004    
  1.936983     -36.54164    
  1.937070     -36.52499    
  1.938051     -36.44030    
  1.938138     -36.44418    
  1.940777     -36.21354    
  1.940864    -100.00000    
  1.955697     -35.08194    
  1.955784     -34.97612    
  1.959855     -34.62619    
  1.959942     -34.62561    
  1.963545     -34.32202    
  1.963632     -35.00837    
  1.974225     -33.52884    
  1.974312     -33.44609    
  1.974387     -33.44009    
  1.974474     -33.44412    
  1.977192     -33.22598    
  1.977279    -100.00000    
  1.994212     -32.04556    
  1.994299     -31.90670    
  1.996552     -31.73515    
  1.996639     -31.72577    
  1.997939     -31.62801    
  1.998026     -31.62574    
  2.000182     -31.46321    
  2.000268     -31.55936    
  2.007421     -30.96065    
  2.007508     -30.92080    
  2.009100     -30.80404    
  2.009187     -30.79555    
  2.009352     -30.78347    
  2.009439     -30.77714    
  2.009543     -30.90015    
  2.017372     -30.24518    
  2.017459     -30.39162    
  2.026471     -29.61076    
  2.026558     -29.55791    
  2.028108     -29.44943    
  2.028195    -100.00000    
  2.061043     -27.50428    
  2.061130     -27.28521    
  2.067104     -26.88195    
  2.067191     -26.85648    
  2.068339     -26.78409    
  2.068426     -26.86257    
  2.076209     -26.32493    
  2.076296    -100.00000    
  2.097304     -25.16240    
  2.097391     -25.03052    
  2.100294     -24.86019    
  2.100380     -24.85118    
  2.101519     -24.78552    
  2.101605     -24.78033    
  2.102584     -24.72402    
  2.102671     -24.72093    
  2.104539     -24.61350    
  2.104626     -24.60797    
  2.106101     -24.52380    
  2.106187     -24.54273    
  2.111508     -24.23138    
  2.111595     -24.21327    
  2.111941     -24.19295    
  2.112028     -24.48343    
  2.124942     -23.53793    
  2.125029     -23.47696    
  2.126973     -23.37187    
  2.127060     -23.36615    
  2.127658     -23.33344    
  2.127745     -23.34160    
  2.131986     -23.11188    
  2.132073     -23.12101    
  2.137486     -22.82845    
  2.137573     -22.82112    
  2.141450     -22.61807    
  2.141537     -22.60703    
  2.141662     -22.60064    
  2.141749     -22.64308    
  2.149371     -22.23247    
  2.149458     -22.22093    
  2.154246     -21.97830    
  2.154333     -21.96763    
  2.156640     -21.85428    
  2.156727     -21.84788    
  2.156827     -21.84514    
  2.158960     -21.74133    
  2.159047     -22.71999    
  2.177604     -20.94818    
  2.177690     -20.87296    
  2.181731     -20.69059    
  2.181818     -20.68361    
  2.184198     -20.57877    
  2.184285     -20.58071    
  2.188445     -20.39864    
  2.188532     -20.39416    
  2.191911     -20.24979    
  2.191997     -20.33416    
  2.204170     -19.78150    
  2.204257     -19.77941    
  2.213352     -19.42045    
  2.213439     -19.40565    
  2.217837     -19.24927    
  2.217924     -19.23939    
  2.218030     -19.66375    
  2.218315     -19.38268    
  2.218402     -19.42911    
  2.218688     -19.42715    
  2.218775     -19.32186    
  2.225403    -100.00000    
  2.231931     -18.14774    
  2.232018     -18.66867    
  2.234695     -18.08282    
  2.234781     -18.29890    
  2.239617     -18.19731    
  2.239704     -18.32405    
  2.245345     -18.00444    
  2.245432     -18.02301    
  2.250721     -17.99916    
  2.250808     -18.20385    
  2.252069     -17.78482    
  2.252156     -18.04936    
  2.253696     -18.08482    
  2.253782     -17.72880    
  2.257177     -17.56480    
  2.260545     -17.71495    
  2.260632     -17.36126    
  2.263836     -17.64929    
  2.267016     -17.38740    
  2.267103     -17.45632    
  2.270490     -17.51339    
  2.270577     -17.51780    
  2.271628     -17.42726    
  2.271715     -16.87559    
  2.275818     -16.90827    
  2.275905     -17.14367    
  2.278364     -17.27502    
  2.280809     -17.15362    
  2.280896     -17.20690    
  2.283804     -17.08758    
  2.283891     -17.12364    
  2.284781     -17.09136    
  2.284868     -17.16284    
  2.286288     -17.02284    
  2.286375     -17.04076    
  2.286786     -17.05131    
  2.286873     -15.98560    
  2.289459     -17.07398    
  2.292031     -16.51135    
  2.294586     -16.53059    
  2.297128     -16.69234    
  2.297214     -16.69853    
  2.297982     -16.72919    
  2.298069     -16.84733    
  2.300085     -16.06668    
  2.302092     -16.40621    
  2.304090     -16.61293    
  2.306078     -16.44704    
  2.306165     -16.52666    
  2.308268     -16.44805    
  2.309316     -16.39498    
  2.310361     -16.37127    
  2.311404     -16.28848    
  2.312444     -16.27809    
  2.313482     -16.35782    
  2.314517     -16.32193    
  2.314604     -16.33463    
  2.315597     -16.29316    
  2.315684     -16.32425    
  2.316612     -16.26854    
  2.317538     -16.26124    
  2.318463     -16.17825    
  2.319385     -16.20573    
  2.320305     -16.19550    
  2.321224     -16.12811    
  2.322140     -15.92543    
  2.323055     -16.36511    
  2.323141     -16.10755    
  2.324295     -16.11750    
  2.325445     -16.12093    
  2.326592     -16.10395    
  2.327736     -16.08466    
  2.327823     -16.09243    
  2.328799     -16.08716    
  2.329773     -16.06180    
  2.330745     -16.05712    
  2.331714     -16.03428    
  2.331801     -16.01810    
  2.333101     -16.03568    
  2.333188     -15.99361    
  2.334187     -16.03663    
  2.335184     -16.01927    
  2.336179     -16.01817    
  2.337171     -15.99840    
  2.338161     -16.00592    
  2.339149     -16.01392    
  2.340135     -16.01286    
  2.341118     -16.01688    
  2.341205     -16.02311    
  2.341283     -16.02587    
  2.341370     -16.02694    
  2.341472     -16.02594    
  2.342320     -16.03367    
  2.343166     -16.05388    
  2.344011     -16.06399    
  2.344853     -16.09420    
  2.344940     -16.07357    
  2.345621     -16.11871    
  2.346301     -16.14730    
  2.346979     -16.18476    
  2.347657     -16.23694    
  2.348333     -16.32638    
  2.349009     -16.27333    
  2.349683     -16.35868    
  2.350356     -16.31917    
  2.350443     -16.55646    
  2.351331     -16.71989    
  2.352217    -100.00000    
  2.352659    -100.00000    
  2.353101    -100.00000    
  2.353542    -100.00000    
  2.353983    -100.00000    
  2.354070    -100.00000    
  2.354494     -15.93186    
  2.354917     -16.00060    
  2.355340     -16.02755    
  2.355762     -15.98949    
  2.355849     -16.04777    
  2.356283     -15.98923    
  2.356717     -16.00788    
  2.357149     -16.09561    
  2.357582    -100.00000    
  2.357669    -100.00000    
  2.362936     -11.48328    
  2.363023    -100.00000    
  2.376702     -9.279049    
  2.376789     -9.169744    
  2.381401     -8.839275    
  2.381488     -8.866635    
  2.381574     -8.865998    
  2.381660     -8.823402    
  2.384670     -8.764553    
  2.384757     -9.045139    
  2.387126     -9.620865    
  2.387213     -9.204308    
  2.405819     -8.597568    
  2.405905     -8.358142    
  2.409345     -9.681664    
  2.409431     -9.443972    
  2.409967     -8.902995    
  2.410054     -8.892383    
  2.411501     -8.787158    
  2.411588     -8.753203    
  2.412778     -8.696940    
  2.412865     -8.667150    
  2.413098     -8.639114    
  2.413185     -8.609427    
  2.417228     -8.531648    
  2.417315     -8.361825    
  2.417448     -8.091353    
  2.417535    -100.00000    
  2.419545     -6.268676    
  2.419632     -6.865045    
  2.424108    -100.00000    
  2.424195     -8.659375    
  2.429911     -7.864210    
  2.429998     -6.949214    
  2.432147     -7.387563    
  2.432234     -7.261078    
  2.433514     -7.535491    
  2.433601     -7.534813    
  2.434762     -6.637739    
  2.434849     -6.578468    
  2.435182     -6.202249    
  2.435269     -6.794333    
  2.435570    -100.00000    
  2.435657     -7.856886    
  2.438099     -6.805128    
  2.438186     -6.791581    
  2.443115     -6.863773    
  2.443202     -6.574986    
  2.448046     -6.253905    
  2.448133     -5.922659    
  2.449372     -6.049167    
  2.449459     -5.863052    
  2.450924    -100.00000    
  2.451011    -100.00000    
  2.456026     -5.731173    
  2.456113     -7.561083    
  2.457105     -6.991373    
  2.457192     -6.080072    
  2.461170     -5.618208    
  2.461257     -5.757235    
  2.466286     -6.540253    
  2.466372    -100.00000    
  2.466976     -7.890895    
  2.467064    -100.00000    
  2.471828     -5.881143    
  2.471915     -5.858562    
  2.476442     -5.766520    
  2.476529     -9.575752    
  2.476628    -100.00000    
  2.476715     -11.46725    
  2.476977     -10.38392    
  2.477064     -6.268202    
  2.483465     -6.968248    
  2.483551     -6.248100    
  2.483824     -6.132443    
  2.483911     -6.121002    
  2.484130     -6.099008    
  2.484217     -5.921734    
  2.487220     -5.654688    
  2.490203     -6.192145    
  2.493165     -6.073572    
  2.496107     -6.230596    
  2.496194     -5.655781    
  2.500074     -6.571263    
  2.503920     -5.763284    
  2.504007     -5.922657    
  2.504069     -5.883565    
  2.504156     -5.909935    
  2.506191     -5.451418    
  2.506278     -5.331380    
  2.508598     -6.203763    
  2.510906    -100.00000    
  2.513202     -5.035735    
  2.515486     -5.346313    
  2.515573     -5.208070    
  2.515719     -5.211941    
  2.515805     -5.206027    
  2.515872     -5.195448    
  2.515959     -5.149741    
  2.516943     -4.851410    
  2.517030     -4.840294    
  2.517941     -5.189468    
  2.518028     -5.032272    
  2.521727     -5.574131    
  2.525387     -5.679496    
  2.529016     -5.974623    
  2.532615     -5.383352    
  2.532701     -5.559815    
  2.536032     -5.595000    
  2.539337     -6.024504    
  2.539424     -5.704113    
  2.543132     -5.868630    
  2.546808     -5.622765    
  2.546895     -5.501536    
  2.547329     -5.438435    
  2.547416     -5.460027    
  2.551118     -5.739675    
  2.551204     -5.551413    
  2.554808     -5.519043    
  2.558382     -5.364574    
  2.558469     -5.869804    
  2.558869     -5.865236    
  2.558956     -6.030381    
  2.561557     -5.915803    
  2.561644     -6.256864    
  2.564082     -6.047310    
  2.566507     -5.382997    
  2.568917     -5.095905    
  2.571315     -5.484786    
  2.571402     -5.272590    
  2.571490     -5.262754    
  2.571576     -5.216695    
  2.574740     -6.211443    
  2.577880     -5.518106    
  2.580998     -5.926945    
  2.584094     -5.688110    
  2.587168    -100.00000    
  2.590220     -5.685797    
  2.593250     -5.572222    
  2.596260     -5.824636    
  2.596347     -5.568385    
  2.597646     -5.661826    
  2.597733     -5.648749    
  2.600542     -5.090204    
  2.603333     -5.786681    
  2.603420     -5.497059    
  2.606239     -5.183421    
  2.606324     -5.028864    
  2.606411     -4.891451    
  2.607237     -4.983831    
  2.607324     -5.275167    
  2.611491     -5.003967    
  2.615617     -5.265148    
  2.615704     -4.576518    
  2.619659     -5.026763    
  2.619746     -5.180474    
  2.620859     -5.775577    
  2.620946     -5.384850    
  2.621962     -5.504033    
  2.622049     -4.981063    
  2.625471     -5.211978    
  2.625557     -5.450454    
  2.626297     -4.989059    
  2.626384     -4.947362    
  2.627024     -5.052822    
  2.627111     -4.863166    
  2.630159     -5.184721    
  2.633186     -4.820931    
  2.633273     -4.798273    
  2.633585     -4.746545    
  2.633672     -4.619548    
  2.636750     -4.854767    
  2.639805     -4.609694    
  2.642840     -4.647971    
  2.645853     -4.278531    
  2.645940     -4.321920    
  2.646436     -4.345391    
  2.646523     -4.290990    
  2.648513     -4.183971    
  2.648600     -4.501938    
  2.650581     -4.689813    
  2.650668     -4.589783    
  2.652023     -4.412686    
  2.652110     -4.354381    
  2.653758     -4.181003    
  2.653845     -4.232256    
  2.654514     -4.209825    
  2.654601     -4.305819    
  2.655848    -100.00000    
  2.655935     -5.304660    
  2.656856     -4.403558    
  2.656943     -4.108801    
  2.659789     -4.112029    
  2.659876     -4.200410    
  2.661632     -4.616913    
  2.661711     -4.507592    
  2.661798     -4.430926    
  2.662838     -4.887082    
  2.662925     -4.791223    
  2.664288     -4.057025    
  2.665620     -4.030904    
  2.666947     -4.252198    
  2.668270     -4.290907    
  2.668357     -4.144374    
  2.669554     -4.143079    
  2.670748     -4.246370    
  2.670835     -4.362155    
  2.671974     -4.477122    
  2.673109     -4.380579    
  2.674242     -4.232686    
  2.675371     -4.311591    
  2.675458     -4.399259    
  2.676824     -4.064285    
  2.676911     -4.080614    
  2.677751     -4.218764    
  2.677838     -4.103360    
  2.679282     -4.199208    
  2.680721     -4.273922    
  2.682155     -4.214353    
  2.683585     -4.223275    
  2.683672     -4.246178    
  2.684694     -4.208241    
  2.685714     -4.203751    
  2.685801     -4.182187    
  2.685988     -4.221851    
  2.686075     -4.380470    
  2.686520     -4.316052    
  2.686607     -4.255581    
  2.687604     -4.348182    
  2.688599     -4.253216    
  2.688686     -4.163101    
  2.689315     -4.231486    
  2.689943     -4.265111    
  2.690571     -4.112152    
  2.691198     -4.141016    
  2.691823     -3.985097    
  2.692448     -4.110587    
  2.693072     -4.136689    
  2.693695     -4.146824    
  2.694317     -4.170062    
  2.694939     -4.138691    
  2.695559     -4.178966    
  2.696179     -4.113602    
  2.696797     -4.192093    
  2.697415     -4.146495    
  2.698032     -4.141071    
  2.698648     -4.120852    
  2.698717     -4.131971    
  2.698803     -4.166293    
  2.699142     -4.198946    
  2.699229     -4.178072    
  2.700077     -4.155827    
  2.700500     -4.129297    
  2.700923     -4.302389    
  2.701345     -4.465415    
  2.701767     -4.332058    
  2.702189     -4.260799    
  2.702610     -4.172176    
  2.702697     -4.233411    
  2.706323     -4.263898    
  2.706410     -4.082425    
  2.708352     -4.122301    
  2.708438     -4.176729    
  2.709271     -4.064083    
  2.709358     -4.132158    
  2.712230     -4.065472    
  2.712317     -4.322270    
  2.716395     -4.165751    
  2.716481     -4.212760    
  2.716568     -4.139371    
  2.718970     -4.183261    
  2.721359     -5.090432    
  2.721446     -5.758874    
  2.721792     -5.091220    
  2.721879     -4.467886    
  2.724957     -4.246925    
  2.725044     -4.297855    
  2.728368     -4.095182    
  2.728455     -4.132233    
  2.728556     -4.151014    
  2.728643     -4.206815    
  2.730036     -5.196317    
  2.730123     -5.776900    
  2.733020     -4.235518    
  2.735898     -4.349063    
  2.735985     -4.408997    
  2.736079     -4.327789    
  2.737059     -4.159567    
  2.737146     -4.289824    
  2.740300     -4.548096    
  2.740387     -4.537749    
  2.744215     -4.292109    
  2.748009     -4.066234    
  2.751770     -4.231538    
  2.755499     -4.220369    
  2.755586     -4.331472    
  2.758474     -4.074821    
  2.758561     -4.147823    
  2.759027     -4.146653    
  2.759113     -4.326331    
  2.759911     -4.456083    
  2.759997     -4.347454    
  2.760747     -4.171990    
  2.760833     -4.241755    
  2.763123     -4.293918    
  2.765400     -4.164234    
  2.765487     -4.129049    
  2.765755     -4.207315    
  2.765842     -4.542177    
  2.768363     -4.075262    
  2.770870     -4.026552    
  2.773363     -4.136192    
  2.775841     -4.134393    
  2.775928     -4.170644    
  2.777541     -4.398444    
  2.777628     -4.163833    
  2.781421     -4.178058    
  2.781508     -4.015277    
  2.784445     -4.556198    
  2.787363     -4.106043    
  2.787450     -4.143750    
  2.789348     -3.986264    
  2.789435     -4.006264    
  2.792054     -4.098623    
  2.792141     -4.123508    
  2.795962     -4.083182    
  2.796049     -4.132658    
  2.798395     -4.190934    
  2.800729     -4.228925    
  2.803050     -4.148662    
  2.805359     -4.128438    
  2.807656     -4.087965    
  2.809941     -4.189857    
  2.812213     -4.138120    
  2.814474     -4.164531    
  2.814561     -4.125317    
  2.815775     -4.109487    
  2.815862     -4.137194    
  2.816430     -4.187904    
  2.816517     -4.160575    
  2.818570     -4.147445    
  2.818657     -4.139910    
  2.821422     -4.205769    
  2.824169     -4.278581    
  2.826900     -4.112542    
  2.829613     -4.056673    
  2.829700     -4.113593    
  2.832139     -4.202993    
  2.834565     -4.148174    
  2.836978    -100.00000    
  2.839377     -4.000759    
  2.839464     -4.135770    
  2.842740     -4.143727    
  2.845992     -4.104386    
  2.846054     -4.121215    
  2.846141     -4.125243    
  2.846320     -4.133881    
  2.846407     -4.137894    
  2.846929     -4.165615    
  2.847016     -4.184420    
  2.850284     -4.228885    
  2.850371     -4.219966    
  2.851107     -4.216583    
  2.851194     -4.218117    
  2.851272     -4.219755    
  2.851359     -4.221338    
  2.851605     -4.220339    
  2.851692     -4.219502    
  2.852969     -4.216797    
  2.853056     -4.207332    
  2.856721     -4.261517    
  2.856808     -4.239717    
  2.860014     -4.239102    
  2.863196     -4.233675    
  2.863283     -4.235006    
  2.866961     -4.239897    
  2.867048     -4.240890    
  2.867158     -4.240616    
  2.871477     -4.260249    
  2.871560     -4.255044    
  2.871647     -4.236561    
  2.874394     -4.310998    
  2.877123     -4.263012    
  2.877210     -4.278647    
  2.879769     -4.261727    
  2.882313     -4.242882    
  2.882400     -4.243656    
  2.882670     -4.276633    
  2.882757    -100.00000    
  2.885337     -4.510867    
  2.885423     -4.201238    
  2.886380     -3.941739    
  2.886467     -3.945700    
  2.886654     -3.944075    
  2.886741     -4.013989    
  2.889314    -100.00000    
  2.889401     -4.227855    
  2.891964     -4.063834    
  2.892051     -4.131724    
  2.893704     -4.198906    
  2.893791     -4.177291    
  2.894071     -4.184831    
  2.894158     -4.188036    
  2.895095     -4.207585    
  2.895182     -4.210663    
  2.896767     -4.240314    
  2.896854     -4.241460    
  2.897787     -4.254085    
  2.897874     -4.245738    
  2.900589     -4.297293    
  2.900676     -4.275706    
  2.902856     -4.266751    
  2.905026     -4.272271    
  2.905113     -4.271389    
  2.908098     -4.275211    
  2.908185     -4.273457    
  2.908477     -4.273301    
  2.908564     -4.273237    
  2.910090     -4.274671    
  2.910176     -4.272111    
  2.913363     -4.267726    
  2.916527     -4.361158    
  2.916614     -4.446944    
  2.916785     -4.452210    
  2.916872     -4.451901    
  2.917171     -4.391968    
  2.917258     -4.322506    
  2.919518     -4.277398    
  2.921765     -4.284509    
  2.921852     -4.285328    
  2.925029     -4.286538    
  2.925116     -4.286289    
  2.925941     -4.287568    
  2.926028     -4.288875    
  2.927554     -4.286523    
  2.927641     -4.286136    
  2.927950     -4.287790    
  2.928037     -4.288572    
  2.928671     -4.290772    
  2.928758     -4.290713    
  2.929127     -4.289310    
  2.929213     -4.288242    
  2.929524     -4.287063    
  2.929611     -4.287473    
  2.930245     -4.291023    
  2.930332     -4.290770    
  2.930604     -4.291729    
  2.930691     -4.291933    
  2.930963     -4.291962    
  2.931050     -4.289855    
  2.934646     -4.297904    
  2.934733     -4.295134    
  2.936807     -4.296316    
  2.936894     -4.295643    
  2.937412     -4.294797    
  2.937499     -4.295183    
  2.937612     -4.294857    
  2.939332     -4.298148    
  2.939418     -4.298548    
  2.941608     -4.295413    
  2.943787     -4.289260    
  2.943874     -4.297462    
  2.945266     -4.298857    
  2.945353     -4.300465    
  2.946273     -4.306826    
  2.946360     -4.306604    
  2.946687     -4.306132    
  2.946774     -4.305330    
  2.949036     -4.304616    
  2.951287     -4.308686    
  2.951374     -4.313281    
  2.953319     -4.312291    
  2.953406     -4.317611    
  2.953750     -4.336415    
  2.953837     -4.342646    
  2.955739     -4.291436    
  2.955826     -4.306707    
  2.956162     -4.311632    
  2.956249     -4.315564    
  2.957620     -4.322650    
  2.957703     -4.322259    
  2.957790     -4.322582    
  2.959196     -4.314601    
  2.959269     -4.315683    
  2.959356     -4.316043    
  2.959520     -4.317543    
  2.959575     -4.318240    
  2.959642     -4.319030    
  2.959729     -4.322601    
  2.960694     -4.311608    
  2.960781     -4.304973    
  2.961122     -4.274019    
  2.961209     -4.190582    
  2.965318     -4.496087    
  2.965405    -100.00000    
  2.969227     -4.070832    
  2.969314     -4.237296    
  2.972533     -4.301154    
  2.975728     -4.332914    
  2.975815     -4.429256    
  2.976166     -4.308133    
  2.976253     -4.185131    
  2.979351     -4.365410    
  2.982423     -4.786246    
  2.982509     -4.386099    
  2.982872     -4.452359    
  2.982959     -4.255585    
  2.986873     -4.258786    
  2.990753     -5.230616    
  2.994598     -4.196443    
  2.998409     -4.376735    
  3.002187     -4.288936    
  3.005933     -4.311184    
  3.009646     -4.404565    
  3.013329     -4.262847    
  3.016980     -4.424603    
  3.020600     -4.378207    
  3.024191     -4.393898    
  3.027752     -4.409532    
  3.031285     -4.413164    
  3.034788     -4.643172    
  3.038264     -4.182254    
  3.041713     -4.527773    
  3.041799     -4.439233    
  3.044019     -4.444557    
  3.044106     -4.425604    
  3.046417     -4.444894    
  3.046504     -4.437207    
  3.047266     -4.459764    
  3.047353     -4.482433    
  3.050503     -4.441774    
  3.053630     -4.461593    
  3.056735     -4.493515    
  3.059819     -4.467099    
  3.062880     -4.485248    
  3.065920     -4.478547    
  3.068939     -4.525118    
  3.071937     -4.954334    
  3.072024     -4.365342    
  3.074515     -4.473456    
  3.074602     -4.472271    
  3.077416     -4.441988    
  3.080211     -4.517045    
  3.082988     -4.448828    
  3.085748     -5.178234    
  3.085835     -4.337557    
  3.088164     -4.061166    
  3.088251     -4.286839    
  3.089222     -4.432695    
  3.089309     -4.448543    
  3.091849     -4.575089    
  3.091936     -4.500772    
  3.095352     -5.120381    
  3.095438     -4.568050    
  3.096179     -4.411799    
  3.096266     -4.436010    
  3.099969     -4.594480    
  3.100056     -4.537216    
  3.102791     -4.599166    
  3.105509     -4.558374    
  3.105596     -4.593039    
  3.108813     -4.603434    
  3.112005     -4.578096    
  3.112092     -4.552149    
  3.114687     -4.611279    
  3.114774     -4.599548    
  3.116978     -4.653598    
  3.117065     -4.655434    
  3.118223     -4.627494    
  3.118310     -4.606905    
  3.120853     -4.661449    
  3.123381     -4.706904    
  3.123468     -4.572325    
  3.125997     -4.705929    
  3.126084     -4.590233    
  3.127687     -4.605310    
  3.127774     -4.622467    
  3.129225     -4.609664    
  3.129312     -4.612229    
  3.132455     -4.656918    
  3.135577     -4.810732    
  3.135664     -4.869772    
  3.136182     -4.803623    
  3.136269     -4.640232    
  3.138696     -4.855172    
  3.141109     -4.722697    
  3.141196     -4.590687    
  3.144101     -4.917644    
  3.144188     -4.660462    
  3.144956     -4.579293    
  3.145043     -4.661028    
  3.146758     -4.734542    
  3.146845     -4.730498    
  3.146975     -4.768949    
  3.147795     -4.857104    
  3.147882     -4.829893    
  3.148729     -4.809529    
  3.148816     -5.010466    
  3.150639     -4.833298    
  3.150726     -4.694934    
  3.151276     -4.618894    
  3.151363     -4.626864    
  3.153068     -4.803793    
  3.153155     -4.777085    
  3.153381     -4.777440    
  3.153434     -4.774970    
  3.153521     -4.773864    
  3.155016     -4.614394    
  3.155103     -4.593834    
  3.156074     -4.956475    
  3.156161     -4.708368    
  3.160418     -4.732683    
  3.164633     -4.854877    
  3.164720     -4.844702    
  3.165979     -4.842507    
  3.166066     -4.874911    
  3.168877     -4.703683    
  3.171670     -4.703815    
  3.171756     -4.696821    
  3.173578     -4.417648    
  3.173665     -4.413718    
  3.177077     -4.679156    
  3.180463     -4.715488    
  3.180550     -4.718990    
  3.181960     -4.744470    
  3.182047     -4.758284    
  3.184770     -4.824198    
  3.187477     -4.808838    
  3.187564     -4.616238    
  3.188338     -4.801112    
  3.188425     -4.889912    
  3.189356     -4.803227    
  3.189443     -5.541711    
  3.191119    -100.00000    
  3.191206     -5.880420    
  3.192224     -4.675036    
  3.192311     -4.564656    
  3.194885     -4.653227    
  3.194972     -4.723079    
  3.196916     -4.715853    
  3.197003     -4.656879    
  3.200094     -4.678537    
  3.203162     -4.792850    
  3.203250     -4.741618    
  3.204674     -4.778386    
  3.204761     -4.818272    
  3.207365     -4.831848    
  3.207452     -4.774657    
  3.209994     -4.752038    
  3.212521     -4.933048    
  3.215033     -4.989478    
  3.217531     -4.236910    
  3.217618     -4.254236    
  3.218164     -4.397054    
  3.218251     -4.431153    
  3.218329     -4.462340    
  3.218415     -4.587279    
  3.222657     -4.800933    
  3.226857     -4.770769    
  3.231016     -4.822277    
  3.235137     -5.072883    
  3.239219     -4.625892    
  3.243262     -4.945228    
  3.247269     -4.783678    
  3.251238     -4.914125    
  3.251325     -4.910648    
  3.254391     -4.938910    
  3.257436     -4.899020    
  3.260459     -4.898809    
  3.263462     -4.944034    
  3.263549     -4.884461    
  3.265995     -4.921817    
  3.268428     -4.937037    
  3.270847     -4.960851    
  3.273253     -4.977189    
  3.273340     -4.966918    
  3.276535     -4.937615    
  3.279706     -4.983638    
  3.279793     -4.992905    
  3.281662     -5.000060    
  3.281749     -4.995995    
  3.285833     -5.017684    
  3.285920     -5.027159    
  3.289028     -5.009731    
  3.289115     -5.021405    
  3.291415     -5.024154    
  3.291501     -5.027068    
  3.293929     -5.029180    
  3.296343     -5.031483    
  3.298744     -5.047505    
  3.301132     -5.047054    
  3.301219     -5.049717    
  3.305074     -5.066114    
  3.305161     -5.064516    
  3.305985     -5.070017    
  3.306072     -5.070405    
  3.306887     -5.074490    
  3.306974     -5.072251    
  3.309850     -5.066249    
  3.309937     -5.077124    
  3.310624     -5.081568    
  3.310710     -5.082116    
  3.311825     -5.086250    
  3.311912     -5.086159    
  3.312012     -5.086390    
  3.312099     -5.089376    
  3.314648     -5.092653    
  3.317181     -5.111472    
  3.319700     -5.133898    
  3.322204     -5.111413    
  3.324695     -5.102451    
  3.327170     -5.112547    
  3.329632     -5.126336    
  3.332080     -5.142386    
  3.334514     -5.138553    
  3.336935     -5.194773    
  3.339342     -5.138542    
  3.341736     -5.180607    
  3.344117     -5.184651    
  3.346485     -5.241736    
  3.348840     -5.120734    
  3.351182     -5.219042    
  3.351269     -5.241349    
  3.355367     -5.168966    
  3.359427     -5.260962    
  3.363449     -5.251722    
  3.367434     -5.171783    
  3.367521     -5.249459    
  3.370066     -5.271931    
  3.372596     -5.281886    
  3.375111     -5.289179    
  3.377612     -5.293336    
  3.377699     -5.386962    
  3.380754     -5.173683    
  3.383787     -5.313967    
  3.386800     -5.323678    
  3.389792     -5.328966    
  3.389879     -5.328987    
  3.392466     -5.337259    
  3.395039     -5.343454    
  3.395126     -5.343203    
  3.397959     -5.347599    
  3.398046     -5.347708    
  3.398416     -5.348799    
  3.398503     -5.346404    
  3.400855     -5.372320    
  3.400942     -5.512230    
  3.402428     -5.127741    
  3.402515     -5.135926    
  3.404126     -5.325282    
  3.404213     -5.324053    
  3.406921     -5.371073    
  3.409611     -5.379231    
  3.412285     -5.388750    
  3.414942     -5.400275    
  3.415029     -5.397763    
  3.419186     -5.405193    
  3.423303     -5.429081    
  3.427382     -5.433021    
  3.431422     -5.442198    
  3.431509     -5.442036    
  3.434904     -5.430336    
  3.438273     -5.291647    
  3.441616     -5.402965    
  3.444934     -5.487972    
  3.445021     -5.479348    
  3.447484     -5.487858    
  3.449934     -5.494954    
  3.450021     -5.495725    
  3.452474     -5.514362    
  3.454914     -5.503224    
  3.455001     -5.505110    
  3.457947     -5.512030    
  3.460873     -5.523049    
  3.463780     -5.534345    
  3.466667     -5.538281    
  3.466754     -5.529996    
  3.469505     -5.621468    
  3.469592     -5.563289    
  3.469843     -5.551254    
  3.469930     -5.544625    
  3.471179     -5.541054    
  3.471266     -5.540561    
  3.474100     -5.556348    
  3.474187     -5.556251    
  3.476423     -5.565462    
  3.478648     -5.569975    
  3.480861     -5.580391    
  3.483063     -5.586291    
  3.483150     -5.587562    
  3.485959     -5.593892    
  3.488749     -5.597701    
  3.491522     -5.610438    
  3.494277     -5.621086    
  3.494364     -5.619413    
  3.496766     -5.623711    
  3.499154     -5.623438    
  3.501530     -5.673309    
  3.503893     -5.655050    
  3.506243     -5.694044    
  3.508580     -5.248006    
  3.510905     -5.645840    
  3.513217     -5.673438    
  3.513304     -5.669091    
  3.515963     -5.682063    
  3.518606     -5.689840    
  3.521233     -5.698268    
  3.523845     -5.705729    
  3.526440     -5.707773    
  3.529020     -5.703535    
  3.531585     -5.720614    
  3.534135     -5.731940    
  3.534222     -5.733372    
  3.536649     -5.740027    
  3.539062     -5.760590    
  3.541462     -5.710840    
  3.543849     -5.789366    
  3.543936     -5.691163    
  3.544500     -5.689133    
  3.544586     -5.713928    
  3.547376     -5.772620    
  3.550148     -5.784087    
  3.550235     -5.780987    
  3.552940     -5.787073    
  3.555627     -5.804842    
  3.555714     -5.816400    
  3.556728     -5.793974    
  3.556815     -5.794201    
  3.557696     -5.793838    
  3.557783     -5.794492    
  3.558846     -5.800915    
  3.558933     -5.800992    
  3.559110     -5.801818    
  3.559197     -5.802660    
  3.560851     -5.813590    
  3.560938     -5.823570    
  3.561019     -5.827266    
  3.561106     -5.831332    
  3.561368     -5.839379    
  3.561455     -5.839336    
  3.561549     -5.837349    
  3.561702     -5.831148    
  3.561789     -5.826692    
  3.562293     -5.803534    
  3.565681     -5.817739    
  3.565768     -5.826096    
  3.568672     -5.847259    
  3.571556     -5.854702    
  3.574422     -5.869641    
  3.577268     -5.846460    
  3.580096     -5.859257    
  3.582906     -5.904989    
  3.585698     -5.837090    
  3.588471     -5.895309    
  3.591228     -5.898553    
  3.593966     -5.811744    
  3.596688     -5.886969    
  3.599393     -5.962590    
  3.602081     -5.904206    
  3.604752     -5.960802    
  3.607407     -5.924944    
  3.610046     -5.896182    
  3.610133     -5.842383    
  3.612394     -5.958426    
  3.614642     -5.997636    
  3.616880     -5.944365    
  3.619105     -5.975193    
  3.621319     -5.994880    
  3.623523     -6.020331    
  3.625715     -5.956577    
  3.627896     -6.014777    
  3.627982     -6.008369    
  3.630428     -6.021218    
  3.632293     -6.034944    
  3.632379     -6.034299    
  3.635363     -6.041449    
  3.638325     -6.070616    
  3.641268     -6.003356    
  3.644191     -6.026196    
  3.644278     -6.024635    
  3.646967     -6.061096    
  3.649640     -6.083612    
  3.652297     -6.162897    
  3.654938     -6.028266    
  3.655025     -5.930339    
  3.657211     -6.026520    
  3.659385     -6.104402    
  3.659472     -5.996311    
  3.663615     -6.140787    
  3.663702     -6.121047    
  3.666918     -6.064365    
  3.670110     -5.951025    
  3.670197     -6.594305    
  3.674031     -5.559788    
  3.677831     -6.252694    
  3.681598     -6.180950    
  3.685333     -6.189737    
  3.685420     -6.206602    
  3.688862     -6.175842    
  3.688948     -6.046182    
  3.690731     -6.158499    
  3.690818     -6.167781    
  3.691459     -6.184205    
  3.691546     -6.197025    
  3.694812     -6.170628    
  3.694898     -6.167324    
  3.695365     -6.174031    
  3.695452     -6.175329    
  3.695518     -6.176240    
  3.695605     -6.178972    
  3.698701     -6.217922    
  3.701776     -6.261141    
  3.704828     -6.233480    
  3.707860     -6.249498    
  3.710870     -6.266604    
  3.712650     -6.270358    
  3.713860     -6.269778    
  3.716830     -6.286005    
  3.719779     -6.273695    
  3.719866     -6.286557    
  3.723198     -6.300314    
  3.726504     -6.308610    
  3.729786     -6.320579    
  3.733043     -6.330526    
  3.733130     -6.384782    
  3.736895     -6.204852    
  3.740628     -6.371352    
  3.740715     -6.353911    
  3.743507     -6.365859    
  3.746281     -6.373441    
  3.749037     -6.382065    
  3.751777     -6.390074    
  3.751863     -6.388132    
  3.754658     -6.396832    
  3.754745     -6.398445    
  3.755217     -6.400366    
  3.755304     -6.400730    
  3.755522     -6.401515    
  3.755609     -6.402261    
  3.758467     -6.408376    
  3.761306     -6.422726    
  3.764127     -6.428783    
  3.766929     -6.378285    
  3.769713     -6.609994    
  3.772480     -6.119497    
  3.775229     -6.439565    
  3.777961     -6.466919    
  3.778048     -6.472731    
  3.778151     -6.465067    
  3.781161     -6.479522    
  3.784252     -6.489137    
  3.787320     -6.492375    
  3.790368     -6.501453    
  3.793394     -6.504255    
  3.796399     -6.530572    
  3.799384     -6.511448    
  3.802348     -6.569805    
  3.802435     -6.515006    
  3.806009     -6.557645    
  3.806096     -6.571909    
  3.809815     -6.547988    
  3.809902     -6.544659    
  3.811377     -6.566410    
  3.811464     -6.564010    
  3.811517     -6.563683    
  3.811568     -6.563282    
  3.811655     -6.554367    
  3.814154     -6.564722    
  3.816638     -6.626908    
  3.819108     -6.336552    
  3.821564     -6.527729    
  3.821651     -6.571010    
  3.825835     -6.337373    
  3.829979     -6.297327    
  3.834084     -6.653565    
  3.838150     -6.656037    
  3.838237     -6.674568    
  3.840994     -6.628227    
  3.843735     -6.667947    
  3.846458     -6.672908    
  3.849164     -6.772896    
  3.851853     -6.516482    
  3.854526     -6.624928    
  3.857182     -6.729143    
  3.859823     -6.643122    
  3.859910     -6.701025    
  3.862754     -6.713077    
  3.865581     -6.708880    
  3.868389     -6.734793    
  3.871179     -6.756174    
  3.871266     -6.756852    
  3.873695     -6.760522    
  3.876111     -6.768508    
  3.878513     -6.774105    
  3.880902     -6.776848    
  3.880989     -6.805638    
  3.884377     -6.741213    
  3.887739     -6.797760    
  3.891076     -6.813847    
  3.894387     -6.823923    
  3.894474     -6.824278    
  3.898660     -6.832600    
  3.898747     -6.835906    
  3.901486     -6.846492    
  3.904208     -6.853674    
  3.904295     -6.854253    
  3.905384     -6.856941    
  3.905471     -6.854446    
  3.908472     -6.866895    
  3.908559     -6.866244    
  3.912193     -6.878654    
  3.912280     -6.880592    
  3.913068     -6.881740    
  3.913155     -6.881435    
  3.913273     -6.881284    
  3.913714     -6.881910    
  3.913769     -6.882123    
  3.913842     -6.882266    
  3.913889     -6.882342    
  3.913972     -6.882855    
  3.916915     -6.887096    
  3.917002     -6.912685    
  3.919240     -6.807164    
  3.921466     -6.901996    
  3.923680     -6.911414    
  3.925884     -6.923144    
  3.928076     -6.929295    
  3.930258     -6.939740    
  3.934588     -6.945779    
  3.938875     -6.964045    
  3.943121     -6.971912    
  3.947325     -6.980069    
  3.951490     -7.001065    
  3.955614     -7.011205    
  3.959700     -7.013960    
  3.963748     -7.035275    
  3.967758     -7.039915    
  3.971732     -7.020818    
  3.975669     -7.017104    
  3.979571     -7.097925    
  3.983439     -7.065545    
  3.983526     -7.085131    
  3.987126     -7.108443    
  3.990697     -7.133531    
  3.994239     -7.120438    
  3.997752     -7.140568    
  3.997838     -7.137283    
  4.000147     -7.153569    
  4.002444     -7.172358    
  4.004728     -7.179036    
  4.007001     -6.806399    
  4.009262     -6.875496    
  4.011511     -7.169626    
  4.013748     -7.195641    
  4.015974     -7.186082    
  4.018189     -7.191025    
  4.020392     -7.182245    
  4.022585     -7.216530    
  4.024766     -7.231174    
  4.029096     -7.244428    
  4.033383     -7.255310    
  4.033470     -7.167423    
  4.034774     -7.655893    
  4.034861     -7.214983    
  4.038365     -6.531340    
  4.038452     -6.775391    
  4.040802     -7.080114    
  4.043140     -7.240022    
  4.045465     -7.267645    
  4.047778     -7.298228    
  4.047865     -7.296794    
  4.051277     -7.314997    
  4.054632     -7.324742    
  4.057962     -7.331377    
  4.061267     -7.342571    
  4.061354     -7.345745    
  4.065579     -7.326150    
  4.069764     -7.212859    
  4.073909     -7.399133    
  4.078015     -7.396820    
  4.078102     -7.395464    
  4.080241     -7.406990    
  4.080328     -7.428475    
  4.080857     -7.479507    
  4.080944     -7.471726    
  4.081009     -7.467285    
  4.081054     -7.444674    
  4.082194     -7.310553    
  4.082281     -7.309751    
  4.084738     -7.385422    
  4.087181     -7.423367    
  4.089611     -7.421140    
  4.092028     -7.443462    
  4.094430     -7.435071    
  4.096820     -7.439825    
  4.099197     -7.456957    
  4.101560     -7.463543    
  4.101647     -7.458324    
  4.104844     -7.483583    
  4.108018     -7.488503    
  4.111169     -7.327445    
  4.114297     -7.466958    
  4.117403     -7.505598    
  4.120486     -7.532654    
  4.123548     -7.525804    
  4.126589     -7.541825    
  4.129608     -7.560587    
  4.132606     -7.546499    
  4.135584     -7.570636    
  4.138542     -7.569212    
  4.141479     -7.595874    
  4.144397     -7.582692    
  4.147296     -7.604276    
  4.150175     -7.614952    
  4.150262     -7.615678    
  4.153103     -7.624816    
  4.155926     -7.644053    
  4.156013     -7.639116    
  4.158103     -7.610599    
  4.158190     -7.634117    
  4.161727     -7.649983    
  4.161814     -7.651706    
  4.163762     -7.664084    
  4.163849     -7.664576    
  4.166200     -7.672556    
  4.168538     -7.686751    
  4.170864     -7.611188    
  4.173177     -7.636257    
  4.175478     -7.664333    
  4.177767     -7.710066    
  4.180044     -7.718107    
  4.182309     -7.725974    
  4.184563     -7.727970    
  4.186804     -7.735437    
  4.189034     -7.742424    
  4.191253     -7.742699    
  4.193461     -7.759664    
  4.195657     -7.760208    
  4.197842     -7.781972    
  4.200017     -7.743149    
  4.204333     -7.792230    
  4.208607     -7.803422    
  4.212839     -7.807782    
  4.217030     -7.827848    
  4.221182     -7.843543    
  4.225294     -7.852306    
  4.229367     -7.856950    
  4.233402     -7.843694    
  4.233489     -7.866376    
  4.235773     -7.870911    
  4.238044     -7.891628    
  4.240303     -7.911462    
  4.242551     -7.774396    
  4.244787     -7.904172    
  4.247012     -7.922621    
  4.249225     -7.935444    
  4.251427     -7.924328    
  4.251514     -7.920054    
  4.255198     -7.943752    
  4.258852     -7.959731    
  4.262474     -7.959619    
  4.266067     -7.983599    
  4.266154     -7.976142    
  4.268659     -8.004974    
  4.271149     -7.830718    
  4.273626     -7.618268    
  4.276088     -7.667558    
  4.278536     -7.986120    
  4.280971     -8.036958    
  4.283392     -7.766643    
  4.285800     -7.903340    
  4.288194     -8.025588    
  4.290575     -8.054494    
  4.292943     -8.056642    
  4.295299     -8.073107    
  4.297641     -8.080818    
  4.299971     -8.089322    
  4.302289     -8.098562    
  4.304595     -8.105409    
  4.306888     -8.110142    
  4.309169     -8.115173    
  4.311438     -8.096161    
  4.313695     -8.307797    
  4.315941     -8.213400    
  4.318175     -8.144944    
  4.320398     -8.145333    
  4.322610     -8.157916    
  4.324810     -8.155803    
  4.326999     -8.140964    
  4.329177     -8.151620    
  4.331345     -8.181810    
  4.335647     -8.198147    
  4.339907     -8.187504    
  4.339994     -8.207663    
  4.343342     -8.125812    
  4.346664     -8.238088    
  4.349961     -8.239706    
  4.353233     -8.258258    
  4.353320     -8.254288    
  4.356074     -8.270784    
  4.356161     -8.260393    
  4.357582     -8.255901    
  4.357669     -8.261724    
  4.360507     -8.278653    
  4.363326     -8.290432    
  4.366127     -8.297186    
  4.368910     -8.302422    
  4.371675     -8.301866    
  4.374422     -8.288338    
  4.377153     -8.335457    
  4.379866     -8.331739    
  4.382563     -8.348934    
  4.385243     -8.350940    
  4.387906     -8.368312    
  4.390553     -8.380131    
  4.393185     -8.375671    
  4.395800     -8.385210    
  4.398400     -8.394001    
  4.400984     -8.411117    
  4.403553     -8.417766    
  4.406107     -8.419930    
  4.408646     -8.410201    
  4.411170     -8.350380    
  4.413679     -8.435528    
  4.416174     -8.454743    
  4.418655     -8.426970    
  4.421122     -8.402453    
  4.423575     -8.448666    
  4.426014     -8.484855    
  4.428439     -8.494478    
  4.430851     -8.498777    
  4.433250     -8.494717    
  4.435636     -8.499126    
  4.438008     -8.507557    
  4.440368     -8.529428    
  4.440455     -8.530979    
  4.442834     -8.536506    
  4.445201     -8.546755    
  4.445288     -8.545854    
  4.447569     -8.551862    
  4.449839     -8.564069    
  4.452097     -8.473283    
  4.454343     -8.424402    
  4.456578     -8.550490    
  4.458801     -8.589542    
  4.461013     -8.585395    
  4.463213     -8.577147    
  4.465403     -8.606176    
  4.467581     -8.608769    
  4.471906     -8.626536    
  4.476188     -8.644365    
  4.480428     -8.563031    
  4.512937     -8.727833    
  4.513024     -8.756611    
  4.514610     -8.740798    
  4.514697     -8.745558    
  4.515945     -8.753810    
  4.516032     -8.766977    
  4.585469     -8.971239    
  4.585556     -8.948827    
  4.648489     -9.110136    
  4.648576     -9.166832    
  4.649548     -9.168561    
  4.649635     -9.170037    
  4.649838     -9.171592    
  4.649925     -9.137075    
  4.709765     -9.332123    
  4.709852     -9.361067    
  4.765753     -9.502837    
  4.765822     -9.528965    
  4.765909     -9.510606    
  4.818480     -9.704789    
  4.818567     -9.665458    
  4.868094     -9.782797    
  4.868152     -9.779493    
  4.868214     -9.764909    
  4.915089     -10.01219    
  4.915176     -9.979395    
  4.959449     -10.09874    
  4.959536     -10.10687    
  4.959642     -10.10662    
  4.959729     -10.09388    
  5.002021     -10.15842    
  5.002108     -10.23222    
  5.041986     -10.35355    
  5.042072     -10.37261    
  5.042428     -10.37479    
  5.042515     -10.32756    
  5.081038     -10.45593    
  5.081125     -10.37910    
  5.117569     -10.58649    
  5.117655     -10.59142    
  5.118005     -10.58916    
  5.118092     -10.48328    
  5.153462     -10.70803    
  5.153549     -10.65566    
  5.187204     -10.79263    
  5.187290     -10.77496    
  5.187529     -10.77243    
  5.187616     -10.75825    
  5.251180     -10.92328    
  5.251266     -10.95436    
  5.251931     -10.95388    
  5.252018     -10.94483    
  5.311750     -11.11210    
  5.311837     -11.13471    
  5.311944     -11.12057    
  5.614629     -11.97958    
  5.791270     -12.47122    
  6.013559     -13.07638    
  6.269124     -13.77742    
  6.545503     -14.53664    
  6.833661     -15.32065    
  7.128110     -16.12184    
  7.425812     -16.94269    
  7.725168     -17.78590    
  8.025358     -18.65795    
  8.325968     -19.59515    
  8.626788     -20.65986    
  8.927713    -100.00000    
