 0.6989700    -100.00000    
 0.7332060    -100.00000    
 0.7649392     -189.3425    
 0.7945108    -100.00000    
 0.8221965     -184.9811    
 0.8482226    -100.00000    
 0.8727768    -100.00000    
 0.8960167     -179.7703    
 0.9180759    -100.00000    
 0.9590933    -100.00000    
 0.9965688    -100.00000    
  1.031066    -100.00000    
  1.063023    -100.00000    
  1.092789     -175.9486    
  1.120645    -100.00000    
  1.146822     -175.3254    
  1.171510     -171.5978    
  1.194870    -100.00000    
  1.217037    -100.00000    
  1.258242     -160.4835    
  1.258328    -100.00000    
  1.281053     -157.0328    
  1.281140     -154.9401    
  1.305129    -100.00000    
  1.305216    -100.00000    
  1.326885     -154.7132    
  1.326972    -100.00000    
  1.346664     -169.2311    
  1.346750     -168.8889    
  1.369611    -100.00000    
  1.391328    -100.00000    
  1.431753    -100.00000    
  1.468734     -160.6593    
  1.502811    -100.00000    
  1.502898    -100.00000    
  1.538911     -158.0525    
  1.538998    -100.00000    
  1.541754     -157.1960    
  1.541841     -157.5920    
  1.544410     -157.4953    
  1.544497     -157.4898    
  1.546755    -100.00000    
  1.546842     -149.5779    
  1.576102    -100.00000    
  1.576189    -100.00000    
  1.577032     -100.2456    
  1.577119    -100.00000    
  1.586189     -102.6225    
  1.586276    -100.00000    
  1.587530     -102.0349    
  1.587617    -100.00000    
  1.602078     -101.9908    
  1.602165    -100.00000    
  1.604747     -101.5433    
  1.604834    -100.00000    
  1.633100     -100.5351    
  1.633187     -101.3630    
  1.643761     -99.97564    
  1.643848     -100.2724    
  1.653070     -99.51680    
  1.653157     -99.94239    
  1.667964     -99.04852    
  1.668051     -99.22809    
  1.673067     -98.82813    
  1.673154     -98.46606    
  1.673452    -100.00000    
  1.673539     -98.98751    
  1.683736     -98.53367    
  1.683823     -98.64084    
  1.689301     -98.35376    
  1.689388     -98.49844    
  1.690173     -98.67250    
  1.690260     -99.02488    
  1.691919     -98.15810    
  1.692006     -98.36464    
  1.709636     -97.84258    
  1.709723     -97.94712    
  1.714846     -97.63494    
  1.714933     -98.32489    
  1.717233     -97.51552    
  1.717320     -97.99713    
  1.717576     -97.71388    
  1.717663     -98.03045    
  1.721805     -97.50349    
  1.721892     -97.74024    
  1.725295     -97.43721    
  1.725382     -97.61989    
  1.731758     -97.43883    
  1.731845     -97.43242    
  1.732294    -100.00000    
  1.732381     -98.02291    
  1.735217     -97.59142    
  1.735304     -97.99131    
  1.746841     -98.07617    
  1.746929     -97.80684    
  1.747807     -97.67494    
  1.747894    -100.00000    
  1.753972     -96.31318    
  1.754058     -96.43232    
  1.756978     -95.57387    
  1.757065    -100.00000    
  1.762907     -94.19323    
  1.762994     -94.07587    
  1.763503     -93.84522    
  1.763590     -93.99804    
  1.765957     -93.33681    
  1.766044     -93.40585    
  1.768505     -92.71478    
  1.768592    -100.00000    
  1.781285     -89.99175    
  1.781372     -89.64705    
  1.781946     -89.50941    
  1.782033    -100.00000    
  1.786409     -88.56252    
  1.786495     -88.50490    
  1.788161     -88.08903    
  1.788248     -88.06681    
  1.789372     -87.80797    
  1.789459     -87.94322    
  1.792246     -87.19415    
  1.792333    -100.00000    
  1.800765     -85.46030    
  1.800851    -100.00000    
  1.809708     -83.51901    
  1.809795     -83.28325    
  1.810144     -83.20543    
  1.810231     -83.67091    
  1.814042     -82.44281    
  1.814129    -100.00000    
  1.834747     -78.54366    
  1.834834     -78.55814    
  1.838907     -77.31539    
  1.838994     -77.24866    
  1.840414     -76.95696    
  1.840501     -76.98714    
  1.842703     -76.51587    
  1.842790     -76.49131    
  1.844125     -76.21991    
  1.844212    -100.00000    
  1.857265     -73.95188    
  1.857352    -100.00000    
  1.870233     -71.50275    
  1.870320     -71.21562    
  1.871306     -71.03173    
  1.871393     -71.01349    
  1.872072     -70.88890    
  1.872158     -70.88219    
  1.873424     -70.64592    
  1.873511    -100.00000    
  1.880831     -69.43256    
  1.880918    -100.00000    
  1.887368     -68.24495    
  1.887455    -100.00000    
  1.899003     -66.34087    
  1.899090    -100.00000    
  1.905821     -65.07459    
  1.905908    -100.00000    
  1.911657     -64.08325    
  1.911744     -63.98306    
  1.912227     -63.90353    
  1.912313     -63.90570    
  1.913955     -63.63096    
  1.914042    -100.00000    
  1.924238     -62.15087    
  1.924325     -61.99724    
  1.926709     -61.60310    
  1.926796     -61.57177    
  1.927461     -61.46850    
  1.927548     -61.53822    
  1.930771     -60.98503    
  1.930858    -100.00000    
  1.936983     -60.09176    
  1.937070     -59.99844    
  1.938051     -59.85046    
  1.938138    -100.00000    
  1.953068     -57.91830    
  1.953155     -57.69539    
  1.955697     -57.32948    
  1.955784     -57.41108    
  1.959855     -56.79059    
  1.959942     -56.81261    
  1.963545     -56.30479    
  1.963632    -100.00000    
  1.974225     -55.16865    
  1.974312     -55.06145    
  1.974387     -55.05464    
  1.974474     -55.04845    
  1.977192     -54.84238    
  1.977279     -53.06104    
  1.992517    -100.00000    
  1.992604    -100.00000    
  1.994212    -100.00000    
  1.994299    -100.00000    
  1.996552    -100.00000    
  1.996639    -100.00000    
  1.997939    -100.00000    
  1.998026    -100.00000    
  2.000182    -100.00000    
  2.000268     -51.12126    
  2.007421    -100.00000    
  2.007508    -100.00000    
  2.009100    -100.00000    
  2.009187    -100.00000    
  2.009352    -100.00000    
  2.009439    -100.00000    
  2.009543     -49.59629    
  2.017372    -100.00000    
  2.017459     -48.16877    
  2.026471    -100.00000    
  2.026558    -100.00000    
  2.028108    -100.00000    
  2.028195     -46.88744    
  2.036803    -100.00000    
  2.036890     -43.40779    
  2.061043    -100.00000    
  2.061130    -100.00000    
  2.067104    -100.00000    
  2.067191    -100.00000    
  2.068339    -100.00000    
  2.068426     -43.53343    
  2.076209    -100.00000    
  2.076296    -100.00000    
  2.077530    -100.00000    
  2.077617     -39.32639    
  2.095978    -100.00000    
  2.096065    -100.00000    
  2.097304    -100.00000    
  2.097391    -100.00000    
  2.100294    -100.00000    
  2.100380    -100.00000    
  2.101519    -100.00000    
  2.101605    -100.00000    
  2.104539    -100.00000    
  2.104626    -100.00000    
  2.105825    -100.00000    
  2.105912    -100.00000    
  2.106101    -100.00000    
  2.106187    -100.00000    
  2.111508    -100.00000    
  2.111595    -100.00000    
  2.111941    -100.00000    
  2.112028    -100.00000    
  2.119223    -100.00000    
  2.119310    -100.00000    
  2.124942    -100.00000    
  2.125029    -100.00000    
  2.126973    -100.00000    
  2.127060    -100.00000    
  2.127658    -100.00000    
  2.127745    -100.00000    
  2.131986    -100.00000    
  2.132073    -100.00000    
  2.137486    -100.00000    
  2.137573    -100.00000    
  2.138137    -100.00000    
  2.138224    -100.00000    
  2.141450    -100.00000    
  2.141537    -100.00000    
  2.141662    -100.00000    
  2.141749     -33.62910    
  2.154246    -100.00000    
  2.154333    -100.00000    
  2.156640    -100.00000    
  2.156727    -100.00000    
  2.156827    -100.00000    
  2.158960    -100.00000    
  2.159047     -31.18864    
  2.177604    -100.00000    
  2.177690    -100.00000    
  2.181731    -100.00000    
  2.181818    -100.00000    
  2.188445    -100.00000    
  2.188532     -29.28392    
  2.202362    -100.00000    
  2.202449    -100.00000    
  2.209936    -100.00000    
  2.210023    -100.00000    
  2.213352    -100.00000    
  2.213439    -100.00000    
  2.217837    -100.00000    
  2.217924    -100.00000    
  2.218030    -100.00000    
  2.218315    -100.00000    
  2.218402    -100.00000    
  2.218688    -100.00000    
  2.218775    -100.00000    
  2.225403    -100.00000    
  2.231931    -100.00000    
  2.232018    -100.00000    
  2.234695    -100.00000    
  2.234781    -100.00000    
  2.239617    -100.00000    
  2.239704    -100.00000    
  2.242430    -100.00000    
  2.242517    -100.00000    
  2.245345    -100.00000    
  2.245432    -100.00000    
  2.250721    -100.00000    
  2.250808    -100.00000    
  2.252069    -100.00000    
  2.252156    -100.00000    
  2.256371    -100.00000    
  2.260545    -100.00000    
  2.260632    -100.00000    
  2.263836    -100.00000    
  2.267016    -100.00000    
  2.267103    -100.00000    
  2.270490    -100.00000    
  2.270577    -100.00000    
  2.271628    -100.00000    
  2.271715    -100.00000    
  2.271808    -100.00000    
  2.271895    -100.00000    
  2.274141    -100.00000    
  2.276375    -100.00000    
  2.278598    -100.00000    
  2.280809    -100.00000    
  2.280896    -100.00000    
  2.283804    -100.00000    
  2.283891    -100.00000    
  2.284781    -100.00000    
  2.284868    -100.00000    
  2.285233    -100.00000    
  2.285319    -100.00000    
  2.286288    -100.00000    
  2.286375    -100.00000    
  2.289089    -100.00000    
  2.291785    -100.00000    
  2.294464    -100.00000    
  2.297128    -100.00000    
  2.297214    -100.00000    
  2.297982    -100.00000    
  2.298069    -100.00000    
  2.300160    -100.00000    
  2.302240    -100.00000    
  2.304310    -100.00000    
  2.306371    -100.00000    
  2.308422    -100.00000    
  2.310463    -100.00000    
  2.311480    -100.00000    
  2.312495    -100.00000    
  2.313507    -100.00000    
  2.314517    -100.00000    
  2.314604    -100.00000    
  2.315597    -100.00000    
  2.315684    -100.00000    
  2.316612    -100.00000    
  2.317538    -100.00000    
  2.318463    -100.00000    
  2.319385    -100.00000    
  2.320305    -100.00000    
  2.321224    -100.00000    
  2.322140    -100.00000    
  2.323055    -100.00000    
  2.323141    -100.00000    
  2.324207    -100.00000    
  2.324294    -100.00000    
  2.325229    -100.00000    
  2.326161    -100.00000    
  2.327092    -100.00000    
  2.328020    -100.00000    
  2.328947    -100.00000    
  2.329871    -100.00000    
  2.330794    -100.00000    
  2.331714    -100.00000    
  2.331801    -100.00000    
  2.333101    -100.00000    
  2.333188    -100.00000    
  2.334187    -100.00000    
  2.335184    -100.00000    
  2.336179    -100.00000    
  2.337171    -100.00000    
  2.338161    -100.00000    
  2.339149    -100.00000    
  2.340135    -100.00000    
  2.341118    -100.00000    
  2.341205    -100.00000    
  2.341283    -100.00000    
  2.341370    -100.00000    
  2.341472    -100.00000    
  2.342517    -100.00000    
  2.342604    -100.00000    
  2.343168    -100.00000    
  2.343730    -100.00000    
  2.344292    -100.00000    
  2.344853    -100.00000    
  2.344940    -100.00000    
  2.345929    -100.00000    
  2.346916    -100.00000    
  2.347408    -100.00000    
  2.347900    -100.00000    
  2.348391    -100.00000    
  2.348882    -100.00000    
  2.348969    -100.00000    
  2.349663    -100.00000    
  2.350356    -100.00000    
  2.350443    -100.00000    
  2.351189    -100.00000    
  2.351935    -100.00000    
  2.352679    -100.00000    
  2.353421    -100.00000    
  2.353508    -100.00000    
  2.353983    -100.00000    
  2.354070    -100.00000    
  2.354494    -100.00000    
  2.354917    -100.00000    
  2.355340    -100.00000    
  2.355762    -100.00000    
  2.355849    -100.00000    
  2.356497    -100.00000    
  2.357144    -100.00000    
  2.357231    -100.00000    
  2.357582    -100.00000    
  2.357669     -18.97893    
  2.362936     -17.83045    
  2.363023    -100.00000    
  2.373546     -16.24823    
  2.373633     -16.17255    
  2.376702     -15.98249    
  2.376789     -16.53126    
  2.381401     -15.66771    
  2.381488     -15.68994    
  2.381574     -15.70799    
  2.381660     -15.93044    
  2.387126     -16.12778    
  2.387213     -16.06494    
  2.397727     -15.49925    
  2.397814     -15.04474    
  2.403706     -14.88636    
  2.403793     -13.98137    
  2.409345    -100.00000    
  2.409431     -14.88886    
  2.409967     -14.96386    
  2.410054     -15.13327    
  2.412778     -15.12922    
  2.412865     -15.08520    
  2.413098    -100.00000    
  2.413185     -12.98708    
  2.414109     -12.10126    
  2.414195     -11.80972    
  2.419545     -12.01373    
  2.419632     -11.41117    
  2.429013     -12.31024    
  2.429100     -11.36637    
  2.429782     -11.26319    
  2.429869     -11.11929    
  2.435182     -10.85224    
  2.435269     -11.39450    
  2.435570     -11.50007    
  2.435657    -100.00000    
  2.438099     -10.93200    
  2.438186     -10.53359    
  2.441087     -10.58520    
  2.441174     -10.48880    
  2.441592     -10.58615    
  2.441679     -10.58490    
  2.443115     -10.76187    
  2.443202     -10.84529    
  2.446825     -11.20886    
  2.446912     -11.14958    
  2.448046     -12.37509    
  2.448133     -11.38862    
  2.450924     -10.47625    
  2.451011     -10.64976    
  2.454772     -10.99796    
  2.454858     -10.90051    
  2.456026     -10.87843    
  2.456113     -10.27920    
  2.461170    -100.00000    
  2.461257     -10.51912    
  2.465051     -10.46780    
  2.465138     -10.61859    
  2.466286     -10.42663    
  2.466372     -10.54525    
  2.471129     -10.15273    
  2.471216     -10.48706    
  2.471342     -10.54059    
  2.471828     -10.67979    
  2.471915     -10.58261    
  2.473908     -10.47122    
  2.473994     -10.51438    
  2.476442     -10.58115    
  2.476529     -10.57796    
  2.476628     -10.69264    
  2.476715     -10.59907    
  2.479546     -10.87467    
  2.479633     -11.41503    
  2.483465     -11.46522    
  2.483551     -11.54185    
  2.483824     -10.70609    
  2.483911     -10.63307    
  2.484268     -10.40940    
  2.484355     -10.32554    
  2.484517     -10.24007    
  2.484604     -10.51036    
  2.487037    -100.00000    
  2.487124     -10.93746    
  2.491399     -10.23854    
  2.491486    -100.00000    
  2.493799     -10.14913    
  2.493886     -9.968022    
  2.497233     -10.44031    
  2.497320     -10.40408    
  2.497678     -10.40527    
  2.497765     -10.33564    
  2.498024     -10.41410    
  2.498111     -10.46778    
  2.501025     -10.71952    
  2.503920     -10.37775    
  2.504007     -10.19175    
  2.504069     -10.17076    
  2.504156     -10.40096    
  2.507046     -10.85842    
  2.507133     -10.35498    
  2.509451     -11.03561    
  2.511756     -9.921152    
  2.511843     -10.17531    
  2.512347     -9.996264    
  2.512434     -10.21355    
  2.514176     -10.23773    
  2.514263     -10.18291    
  2.515719     -10.20323    
  2.515805     -10.27793    
  2.515872     -10.29827    
  2.515959     -10.25658    
  2.516706     -12.35567    
  2.516793     -10.59862    
  2.517941     -10.30198    
  2.518028     -10.15266    
  2.519341     -10.35520    
  2.519428     -10.63859    
  2.521714     -10.36881    
  2.523988     -9.919903    
  2.526250     -10.01409    
  2.528500     -10.29772    
  2.528587     -10.07006    
  2.532615     -10.11344    
  2.532701     -9.886141    
  2.536032     -10.19031    
  2.539337     -10.19417    
  2.539424     -10.13459    
  2.543132     -9.939079    
  2.546808    -100.00000    
  2.546895     -9.136036    
  2.547329     -9.939747    
  2.547416     -9.531603    
  2.547523     -9.971867    
  2.551118     -7.603618    
  2.551204     -7.408818    
  2.554808     -8.596609    
  2.558382     -8.171430    
  2.558469     -8.069338    
  2.558869     -7.826530    
  2.558956     -7.544528    
  2.561557     -8.227792    
  2.561644    -100.00000    
  2.564082     -7.778884    
  2.566507     -7.244918    
  2.568917     -7.036770    
  2.571315    -100.00000    
  2.571402     -7.423628    
  2.571490     -7.349619    
  2.571576     -7.963174    
  2.574409     -6.479853    
  2.577223     -7.579176    
  2.580019     -7.211268    
  2.582797     -6.902141    
  2.582884     -6.793833    
  2.584935     -7.494650    
  2.585022     -7.555468    
  2.586210     -7.309644    
  2.586297     -8.588691    
  2.590598     -7.752663    
  2.590685    -100.00000    
  2.593482     -6.720033    
  2.596260     -6.675296    
  2.596347     -6.543482    
  2.597646    -100.00000    
  2.597733    -100.00000    
  2.600921     -6.599500    
  2.601008     -6.453577    
  2.604043     -6.475061    
  2.607057     -6.316231    
  2.607144     -6.215520    
  2.607237     -6.204072    
  2.607324     -6.188680    
  2.607391     -6.173024    
  2.607478     -6.161302    
  2.608791     -6.395185    
  2.608878     -6.436126    
  2.611614     -6.492706    
  2.614332     -7.362125    
  2.614419     -6.388109    
  2.615617     -6.623188    
  2.615704    -100.00000    
  2.618289     -5.961837    
  2.620859     -6.442737    
  2.620946     -6.664339    
  2.623214    -100.00000    
  2.625471     -6.164854    
  2.625557     -6.208286    
  2.626297     -6.345836    
  2.626384     -6.431208    
  2.629798     -6.166602    
  2.633186     -6.288051    
  2.633273    -100.00000    
  2.634830     -7.197450    
  2.634917     -6.244502    
  2.637233     -6.602117    
  2.637320    -100.00000    
  2.640964     -6.020886    
  2.644578     -5.928768    
  2.644665     -5.713094    
  2.646436     -5.700840    
  2.646523     -5.948369    
  2.648478    -100.00000    
  2.648565     -6.661225    
  2.650297     -6.354177    
  2.652023     -6.039224    
  2.652110     -5.786845    
  2.653758     -6.343226    
  2.653845     -7.311064    
  2.655573     -6.063088    
  2.657293     -6.077213    
  2.657380     -5.872615    
  2.660118     -6.228726    
  2.662838    -100.00000    
  2.662925    -100.00000    
  2.664912     -6.113309    
  2.664998     -6.180139    
  2.666494     -6.577904    
  2.667985     -6.319556    
  2.669471     -6.427350    
  2.670951     -6.804025    
  2.672427     -6.914005    
  2.673897     -6.638371    
  2.675363     -6.546800    
  2.676824     -6.365645    
  2.676911     -6.232457    
  2.678009     -6.585348    
  2.679104     -6.931308    
  2.680197     -6.916303    
  2.681287     -6.733458    
  2.682374     -6.591252    
  2.683459     -6.684555    
  2.684541     -6.250161    
  2.685620     -6.752770    
  2.685707    -100.00000    
  2.685988    -100.00000    
  2.686075    -100.00000    
  2.687275     -6.565043    
  2.688473     -6.643191    
  2.689666     -6.476951    
  2.690857     -6.055347    
  2.690944     -5.960945    
  2.691915     -6.021910    
  2.692883     -6.098920    
  2.693849     -5.997404    
  2.694813     -5.992674    
  2.695775     -5.907554    
  2.696735     -6.012490    
  2.697214     -5.931712    
  2.697693     -5.772326    
  2.698170     -5.928916    
  2.698648     -5.764720    
  2.698717     -5.871281    
  2.698803     -6.163630    
  2.699668     -5.846687    
  2.700100     -5.685863    
  2.700532     -5.685843    
  2.700619     -5.892703    
  2.701117     -6.485918    
  2.701615     -5.955762    
  2.702113     -5.815115    
  2.702610     -5.804721    
  2.702697     -6.025635    
  2.704233     -6.067957    
  2.704319     -6.084475    
  2.704748     -6.191289    
  2.704835     -6.130774    
  2.706323    -100.00000    
  2.706410     -5.973130    
  2.707308     -5.270790    
  2.707395     -5.245281    
  2.709271     -5.307276    
  2.709358     -5.792464    
  2.710035     -5.448814    
  2.710122     -5.185725    
  2.713270     -6.026057    
  2.716395     -6.111925    
  2.716481     -5.838885    
  2.716568     -6.121096    
  2.719188     -5.432576    
  2.721792    -100.00000    
  2.721879     -6.129693    
  2.724957     -6.481052    
  2.725044     -6.540515    
  2.725254     -6.226163    
  2.725341     -6.123201    
  2.728146     -5.788280    
  2.728233     -5.821131    
  2.730036    -100.00000    
  2.730123    -100.00000    
  2.733154     -6.384539    
  2.733241     -6.330125    
  2.735898     -6.559124    
  2.735985     -5.939958    
  2.738167     -6.043547    
  2.738254     -6.130953    
  2.740300     -6.530686    
  2.740387     -6.059322    
  2.742815     -6.042888    
  2.742902     -5.941677    
  2.745557     -6.044378    
  2.748197     -6.004399    
  2.750821     -5.435964    
  2.753428     -5.797412    
  2.753515     -5.503361    
  2.754509     -5.666783    
  2.754596     -5.673304    
  2.754850     -5.428990    
  2.754937     -5.503009    
  2.759027     -5.268148    
  2.759113     -6.016783    
  2.759911     -5.817627    
  2.759997     -5.598390    
  2.760747     -5.446589    
  2.760833     -5.686876    
  2.763464     -5.611244    
  2.763551     -5.819428    
  2.766689     -5.745976    
  2.766776     -7.238806    
  2.768842     -5.562270    
  2.768929     -5.575575    
  2.772541     -5.304776    
  2.772628     -5.333302    
  2.775841     -6.133686    
  2.775928     -5.672818    
  2.777541     -5.710653    
  2.777628    -100.00000    
  2.781421     -5.150293    
  2.781508     -5.131471    
  2.783749     -5.836294    
  2.783836     -5.762112    
  2.786316     -5.555628    
  2.786403     -5.544877    
  2.789776     -5.295743    
  2.793122     -5.462627    
  2.796443     -4.944400    
  2.799738     -6.143758    
  2.799825     -6.260060    
  2.803534     -5.596572    
  2.807211     -4.795049    
  2.810858     -5.528579    
  2.814474     -4.984469    
  2.814561     -4.529339    
  2.816430     -4.796953    
  2.816517     -5.124543    
  2.817018     -4.808123    
  2.817105     -4.797531    
  2.819346     -4.456578    
  2.821577     -4.966516    
  2.823795     -4.990210    
  2.826003     -4.988067    
  2.826090    -100.00000    
  2.829613     -4.333988    
  2.829700     -3.975190    
  2.832995     -4.555459    
  2.833082     -4.464222    
  2.836249     -4.496486    
  2.836336    -100.00000    
  2.839377     -4.570093    
  2.839464     -4.871080    
  2.842101     -5.053291    
  2.844722     -4.601856    
  2.844809     -4.336135    
  2.845992     -3.975893    
  2.846079     -3.951229    
  2.846320     -3.902876    
  2.846407     -3.786629    
  2.846929    -100.00000    
  2.847016    -100.00000    
  2.850284     -4.066301    
  2.850371     -4.006343    
  2.851272     -4.033177    
  2.851359     -4.093285    
  2.851605     -4.107759    
  2.851692     -4.096972    
  2.853657     -4.117482    
  2.853744     -3.926484    
  2.856721     -5.111776    
  2.856808     -5.067929    
  2.860424     -4.011638    
  2.864011     -4.047973    
  2.864097     -4.026648    
  2.867803     -4.027421    
  2.871477     -4.091998    
  2.871560     -4.091543    
  2.871647     -4.121144    
  2.874338     -4.285199    
  2.877013     -3.986338    
  2.879671     -4.017292    
  2.882313     -4.142955    
  2.882400     -4.273106    
  2.882670     -4.450424    
  2.882757     -4.688491    
  2.885163     -4.082582    
  2.887555     -4.045425    
  2.887642     -4.204396    
  2.891964     -4.308196    
  2.892051     -4.296780    
  2.893704     -4.409713    
  2.893791     -4.226432    
  2.894071     -4.149868    
  2.894158     -4.129033    
  2.895095     -3.950116    
  2.895182     -3.990019    
  2.897787     -4.469442    
  2.897874    -100.00000    
  2.900589     -3.987567    
  2.900676     -4.323719    
  2.902856     -4.026634    
  2.905026     -4.270471    
  2.905113     -4.389531    
  2.908098     -4.097168    
  2.908185     -4.056649    
  2.908477     -4.079346    
  2.908564     -4.070161    
  2.912694     -4.166516    
  2.916785     -3.836132    
  2.916872     -3.916523    
  2.917171     -3.941627    
  2.917258     -3.932358    
  2.921161     -5.307804    
  2.925029     -3.980553    
  2.925116     -3.958278    
  2.925683     -3.987298    
  2.925770     -3.994016    
  2.925849     -3.998237    
  2.925936     -3.998687    
  2.927554     -4.072705    
  2.927641     -4.070719    
  2.927759     -4.072723    
  2.927950     -4.076449    
  2.928037     -4.079491    
  2.929127     -4.079919    
  2.929213     -4.085341    
  2.929524     -4.093977    
  2.929611     -4.095971    
  2.929967     -4.109807    
  2.930054     -4.116139    
  2.930245     -4.137632    
  2.930332     -4.153072    
  2.930644     -4.195533    
  2.930731     -4.049518    
  2.934646     -4.781652    
  2.934733     -4.220533    
  2.935353     -4.014748    
  2.935440     -4.003352    
  2.939332     -4.025676    
  2.939418     -4.064570    
  2.943758     -4.149193    
  2.943845     -4.148516    
  2.946273     -4.155473    
  2.946360     -4.156825    
  2.946687     -4.155746    
  2.946774     -4.738321    
  2.950770     -3.795226    
  2.950857     -3.908828    
  2.951287     -3.941034    
  2.951374     -3.948882    
  2.951710     -3.989462    
  2.951797     -4.005100    
  2.952601     -4.118924    
  2.952688     -4.133005    
  2.953990     -4.150332    
  2.954077     -4.163743    
  2.955739     -4.190667    
  2.955826     -4.614321    
  2.956162    -100.00000    
  2.956249    -100.00000    
  2.956346    -100.00000    
  2.956433    -100.00000    
  2.958723     -4.057267    
  2.958810     -4.033925    
  2.959196     -3.992136    
  2.959283     -3.991066    
  2.959520     -3.993168    
  2.959575     -3.995749    
  2.959642     -3.998327    
  2.959729     -4.004301    
  2.960694     -4.031948    
  2.960781     -4.032021    
  2.961122     -4.048936    
  2.961209     -4.085603    
  2.963780     -4.046588    
  2.963867     -4.155754    
  2.966863     -4.492747    
  2.969838     -4.174326    
  2.972793     -4.193861    
  2.975728     -4.220907    
  2.975815     -4.256921    
  2.976171     -4.300574    
  2.976258     -4.199694    
  2.979351     -4.299316    
  2.982423     -4.061629    
  2.982509     -4.133236    
  2.982872     -4.159611    
  2.982959     -4.275956    
  2.986163     -4.183164    
  2.989344     -4.703057    
  2.992501     -4.286480    
  2.995636     -4.205631    
  2.998749     -4.385349    
  3.001839     -4.278963    
  3.004907     -4.367515    
  3.007954     -4.387891    
  3.008041     -4.346241    
  3.008392     -4.256963    
  3.008479     -4.184330    
  3.012582     -4.282859    
  3.016646     -4.500557    
  3.020672     -4.141831    
  3.024662     -4.235317    
  3.024749     -4.170574    
  3.028863     -4.228801    
  3.032938     -4.190223    
  3.036976     -4.339440    
  3.040976     -4.207905    
  3.044940     -4.332438    
  3.048868     -4.242278    
  3.052761     -4.300449    
  3.056619     -4.474063    
  3.056706     -4.299914    
  3.060564     -4.236231    
  3.064388     -4.405013    
  3.068179     -4.353570    
  3.071937    -100.00000    
  3.072024     -4.287709    
  3.075496     -4.174727    
  3.078940     -4.354818    
  3.082358     -4.395698    
  3.085748     -4.374750    
  3.085835     -4.616197    
  3.088853     -4.277689    
  3.091849     -4.479484    
  3.091936     -4.611426    
  3.092941     -4.341965    
  3.093028     -4.269064    
  3.096179     -4.644349    
  3.096266    -100.00000    
  3.099391     -4.113185    
  3.099477     -4.164120    
  3.099969     -4.336467    
  3.100056     -4.501769    
  3.103074     -4.292684    
  3.106072     -4.414481    
  3.109049     -4.427087    
  3.112005     -4.432777    
  3.112092     -4.424752    
  3.114687     -4.448511    
  3.114774     -4.487201    
  3.115819     -4.412295    
  3.115905     -4.393800    
  3.116258     -4.395263    
  3.116345     -4.409712    
  3.118223     -4.546506    
  3.118310     -4.123908    
  3.121475     -4.452066    
  3.124616     -4.450624    
  3.124703     -4.375950    
  3.125997    -100.00000    
  3.126084    -100.00000    
  3.127687     -4.292591    
  3.127774     -4.368130    
  3.131998     -4.397631    
  3.136182     -4.552764    
  3.136269     -4.522891    
  3.139938     -4.650265    
  3.143577     -4.502969    
  3.143664     -4.529896    
  3.146758     -4.780975    
  3.146845     -4.714564    
  3.146975     -4.530623    
  3.149747     -4.580724    
  3.149834     -4.738156    
  3.153068     -4.595085    
  3.153155     -4.719088    
  3.153381     -4.704999    
  3.153434     -4.698562    
  3.153521     -4.645131    
  3.156074     -5.034363    
  3.156161     -4.774959    
  3.159418     -4.471151    
  3.159505     -4.663689    
  3.162077     -4.633860    
  3.164633     -4.613284    
  3.164720     -4.724482    
  3.167983     -4.482433    
  3.168070     -4.527032    
  3.171670     -4.613722    
  3.171756     -4.677805    
  3.173578     -4.580080    
  3.173665     -4.618659    
  3.174167     -4.600515    
  3.174254     -4.569143    
  3.176868     -4.713619    
  3.179466     -4.534835    
  3.179553     -4.540676    
  3.182832     -4.630530    
  3.186087     -5.147168    
  3.186174     -5.036001    
  3.187494     -4.836934    
  3.187581     -4.717506    
  3.188338     -4.953052    
  3.188425     -4.945730    
  3.191119    -100.00000    
  3.191206     -5.341208    
  3.192224     -4.655301    
  3.192311     -4.553389    
  3.194885     -4.753957    
  3.194972     -4.830660    
  3.196916     -4.923141    
  3.197003     -4.874656    
  3.200094     -4.725613    
  3.203162     -4.833944    
  3.203250     -4.796514    
  3.207365     -5.304587    
  3.207452     -5.011276    
  3.209135     -5.160758    
  3.209222     -5.053690    
  3.211475     -5.037520    
  3.213716     -4.844703    
  3.215946     -4.944215    
  3.218164     -4.900876    
  3.218251     -4.957941    
  3.218329     -4.991394    
  3.218415     -4.951862    
  3.221247     -4.935225    
  3.224060     -4.925662    
  3.226855     -4.772549    
  3.229632     -5.011390    
  3.232391     -4.928303    
  3.235133     -5.175219    
  3.237858     -4.950059    
  3.240566     -4.671380    
  3.243257     -4.615643    
  3.245931     -4.838163    
  3.248589     -4.644649    
  3.251231     -4.779555    
  3.253857     -4.842911    
  3.256467     -4.761763    
  3.259062     -4.816518    
  3.261641     -4.796739    
  3.261728     -4.934988    
  3.263462     -4.960572    
  3.263549     -4.687474    
  3.267500     -4.743983    
  3.271415     -4.938813    
  3.271502     -4.631548    
  3.273253     -4.978999    
  3.273340     -5.000686    
  3.276754     -4.631392    
  3.276841     -4.657793    
  3.279706     -4.772242    
  3.279793     -5.072714    
  3.283538     -4.442322    
  3.283625     -4.578142    
  3.287537     -4.634754    
  3.291415     -4.788088    
  3.291501     -4.875768    
  3.292656     -4.912957    
  3.292743     -4.886887    
  3.294670     -4.822484    
  3.294757     -4.832446    
  3.295898     -4.836007    
  3.295985     -4.830874    
  3.296762     -4.811198    
  3.296849     -4.794356    
  3.300012     -4.877633    
  3.303151     -4.925195    
  3.306269     -4.744958    
  3.309364     -4.970022    
  3.309451     -4.886210    
  3.310624     -4.910481    
  3.310710     -4.931313    
  3.311327     -4.902581    
  3.311414     -4.887444    
  3.311825     -4.826837    
  3.311912     -4.814288    
  3.314285     -4.930658    
  3.316646     -4.895028    
  3.318994     -4.922580    
  3.321329     -4.975464    
  3.323652     -4.793303    
  3.325962     -4.849708    
  3.328260     -4.967196    
  3.330547     -5.023607    
  3.332821     -4.934796    
  3.335083     -5.044550    
  3.337334     -4.830256    
  3.339573     -4.792742    
  3.341800     -4.977553    
  3.344016     -5.024673    
  3.346221     -5.006281    
  3.348415     -5.049243    
  3.350598     -5.054699    
  3.352769     -5.074654    
  3.357081     -5.028338    
  3.361350     -5.500777    
  3.365577     -4.610969    
  3.369763     -5.108408    
  3.373910     -5.099414    
  3.378017     -5.153814    
  3.382086     -5.084211    
  3.382173     -5.129714    
  3.385882     -5.043906    
  3.385969     -5.139829    
  3.388254     -5.170847    
  3.390528     -5.185333    
  3.392789     -5.201977    
  3.395039     -5.092061    
  3.395126     -5.161802    
  3.398000     -5.180396    
  3.400855     -5.212206    
  3.400942     -5.322193    
  3.403595     -5.151442    
  3.403681     -5.207730    
  3.404126     -5.293416    
  3.404213     -5.342847    
  3.406921     -5.068497    
  3.409611     -5.260078    
  3.412285     -5.242781    
  3.414942     -5.243776    
  3.415029     -5.247004    
  3.419274     -5.211389    
  3.419361     -5.183353    
  3.422408     -5.276457    
  3.425434     -5.293744    
  3.428438     -5.299819    
  3.431422     -5.288353    
  3.431509     -5.330980    
  3.434904     -5.246920    
  3.438273     -5.354302    
  3.441616     -5.199402    
  3.444934     -5.324409    
  3.445021     -5.352736    
  3.447515     -5.308583    
  3.449995     -5.375710    
  3.452462     -5.392421    
  3.454914     -5.267906    
  3.455001     -5.276428    
  3.457947     -5.312003    
  3.460873     -5.388100    
  3.463780     -5.430884    
  3.466667     -5.357765    
  3.466754     -5.284712    
  3.468972     -5.477234    
  3.471179     -5.434617    
  3.471266     -5.460812    
  3.474100     -5.426057    
  3.474187     -5.369277    
  3.477159     -5.321530    
  3.480112     -5.426256    
  3.483044     -5.499217    
  3.485957     -5.521019    
  3.486044     -5.307340    
  3.490180     -5.474253    
  3.494277     -5.511353    
  3.494364     -5.503248    
  3.497290     -5.446249    
  3.500197     -5.494748    
  3.503084     -5.560299    
  3.505952     -5.539127    
  3.506039     -5.588710    
  3.508509     -5.396794    
  3.510965     -5.590982    
  3.513408     -5.559233    
  3.515836     -5.702542    
  3.515923     -5.508976    
  3.518242     -5.432629    
  3.520548     -5.604111    
  3.522842     -5.788264    
  3.525125     -5.405139    
  3.527395     -5.588444    
  3.529653     -5.637895    
  3.531900     -5.677369    
  3.534135     -5.663437    
  3.534222     -5.644650    
  3.536814     -5.644094    
  3.539391     -5.535703    
  3.541953     -5.713344    
  3.544500     -5.645104    
  3.544586     -5.639347    
  3.545154     -5.664600    
  3.545241     -5.675393    
  3.547861     -5.703742    
  3.550465     -5.765345    
  3.553054     -5.516112    
  3.555627     -5.667896    
  3.555714     -5.696291    
  3.557696     -5.727926    
  3.557783     -5.715465    
  3.558846     -5.717510    
  3.558933     -5.719026    
  3.561019     -5.728966    
  3.561106     -5.734317    
  3.561702     -5.739322    
  3.561789     -5.739737    
  3.562293     -5.742889    
  3.565681     -5.762625    
  3.565768     -5.792614    
  3.568654     -5.705994    
  3.568741     -5.723561    
  3.571441     -5.731393    
  3.574124     -5.660716    
  3.576791     -6.088085    
  3.579441     -5.533432    
  3.582076     -5.793320    
  3.584694     -5.802729    
  3.587297     -5.817453    
  3.589884     -5.850398    
  3.592456     -5.791499    
  3.595013     -5.764035    
  3.597555     -5.661299    
  3.600082     -5.860981    
  3.602595     -5.693930    
  3.605093     -5.806656    
  3.607577     -5.923239    
  3.610046     -5.864757    
  3.610133     -5.959260    
  3.612966     -5.746547    
  3.615780     -5.864533    
  3.618576     -5.951975    
  3.621354     -5.810692    
  3.624115     -5.665344    
  3.626858     -5.681366    
  3.629584     -5.997933    
  3.630428     -5.973319    
  3.632293     -5.906458    
  3.632379     -5.923390    
  3.635264     -5.935304    
  3.638130     -5.938151    
  3.640977     -5.933193    
  3.643805     -5.876060    
  3.646615     -5.999402    
  3.649407     -6.025010    
  3.652181     -5.968740    
  3.654938     -5.925454    
  3.655025     -5.892812    
  3.659341     -6.081185    
  3.663615     -6.078420    
  3.663702     -6.068212    
  3.666918     -6.220770    
  3.670110     -5.900778    
  3.670197     -5.754585    
  3.672574     -5.784180    
  3.674939     -5.824060    
  3.677290     -6.142487    
  3.679629     -6.145225    
  3.681956     -6.156397    
  3.684270     -6.166188    
  3.686572     -6.159330    
  3.688862     -6.215385    
  3.688948     -6.152926    
  3.691459     -6.151111    
  3.691546     -6.188608    
  3.693780     -6.181332    
  3.696003     -6.156214    
  3.698214     -6.178900    
  3.700414     -6.232162    
  3.702604     -6.169943    
  3.704782     -6.122042    
  3.709106     -6.251562    
  3.712650     -6.248544    
  3.713387     -6.256382    
  3.717627     -6.199104    
  3.721825     -6.323002    
  3.725983     -6.190232    
  3.726071     -6.295805    
  3.729627     -6.313150    
  3.733155     -6.314164    
  3.736655     -6.301294    
  3.740126     -6.295523    
  3.740213     -6.247531    
  3.740628     -6.283512    
  3.740715     -6.312076    
  3.743507     -6.369911    
  3.746281     -6.369389    
  3.749037     -6.444674    
  3.751777     -6.237635    
  3.751863     -6.339194    
  3.753882     -6.418499    
  3.753969     -6.404703    
  3.754658     -6.407052    
  3.754745     -6.406658    
  3.755217     -6.407594    
  3.755304     -6.408434    
  3.755522     -6.410058    
  3.755609     -6.529206    
  3.758802     -5.463863    
  3.761972    -100.00000    
  3.765119     -6.273285    
  3.768243     -6.059591    
  3.771345     -6.334161    
  3.774425     -6.315741    
  3.777483     -6.477711    
  3.778151     -6.473628    
  3.780520     -6.494325    
  3.783536     -6.508128    
  3.786531     -6.518443    
  3.789505     -6.537450    
  3.792459     -6.509640    
  3.795393     -6.533815    
  3.798308     -6.529973    
  3.801203     -6.565268    
  3.804079     -6.573832    
  3.804166     -6.577389    
  3.806379     -6.586514    
  3.808581     -6.607892    
  3.810772     -6.593206    
  3.812952     -6.608645    
  3.817280     -6.639265    
  3.821564     -6.347433    
  3.821651     -6.439383    
  3.825835     -6.581298    
  3.829979     -6.498489    
  3.834084     -6.563568    
  3.838150     -6.711068    
  3.838237     -6.698249    
  3.842494     -6.688000    
  3.846710     -6.757100    
  3.850885     -6.517133    
  3.855020     -6.738136    
  3.859117     -6.726301    
  3.863175     -6.573802    
  3.867196     -6.763646    
  3.871179     -6.768521    
  3.871266     -6.742540    
  3.873943     -6.813668    
  3.876604     -6.730259    
  3.879249     -6.819361    
  3.881877     -6.862571    
  3.884490     -6.721965    
  3.887087     -6.884937    
  3.889668     -6.665368    
  3.892234     -6.878963    
  3.892321     -6.878889    
  3.894387     -6.719565    
  3.894474     -6.733064    
  3.896928     -6.883338    
  3.899368     -6.898676    
  3.901795     -6.962933    
  3.904208     -6.674941    
  3.904295     -6.702881    
  3.906505     -6.798669    
  3.908704     -6.588066    
  3.910891     -6.895452    
  3.913068     -6.945937    
  3.913155     -6.940968    
  3.913273     -6.942551    
  3.913769     -6.947483    
  3.913856     -6.948116    
  3.913972     -6.951163    
  3.916915     -6.968178    
  3.917002     -7.089298    
  3.919240     -6.756210    
  3.921466     -6.923123    
  3.923680     -6.852669    
  3.925884     -6.881499    
  3.928076     -6.974926    
  3.930258     -7.052368    
  3.934588     -6.830216    
  3.938875     -7.052197    
  3.943121     -7.055669    
  3.947325     -7.068817    
  3.951490     -7.073972    
  3.955614     -7.101217    
  3.959700     -7.106360    
  3.963748     -7.130424    
  3.967758     -7.083908    
  3.971732     -7.095613    
  3.975669     -7.013663    
  3.979571     -7.192286    
  3.983439     -7.179564    
  3.983526     -7.188827    
  3.986294     -7.202029    
  3.989045     -7.017995    
  3.991778     -6.371517    
  3.994495    -100.00000    
  3.997194     -6.914271    
  3.999877     -7.095638    
  4.002544     -7.205677    
  4.005194     -7.249789    
  4.007828     -7.144161    
  4.010446     -7.236546    
  4.013048     -7.288364    
  4.015635     -7.224309    
  4.018207     -7.284216    
  4.020764     -7.312468    
  4.023305     -7.338215    
  4.025832     -7.297356    
  4.025919     -7.306946    
  4.029064     -7.350178    
  4.032186     -7.309389    
  4.035287     -7.466587    
  4.038365     -6.812652    
  4.038452     -6.912764    
  4.040802     -7.181364    
  4.043140     -7.294156    
  4.045465     -7.376264    
  4.047778     -7.398734    
  4.047865     -7.401969    
  4.051711     -7.419648    
  4.055494     -7.425069    
  4.059244     -7.439248    
  4.062962     -7.468703    
  4.066649     -7.495163    
  4.070304     -7.416321    
  4.073930     -7.537726    
  4.077524     -7.340415    
  4.081090     -7.291840    
  4.084626     -7.315784    
  4.088134     -7.514775    
  4.091614     -7.565381    
  4.095066     -7.571059    
  4.098491     -7.588704    
  4.101889     -7.560418    
  4.105261     -7.607736    
  4.108607     -7.612892    
  4.111927     -7.503397    
  4.115222     -7.605294    
  4.118492     -7.645271    
  4.121738     -7.666718    
  4.124960     -7.674874    
  4.128158     -7.588353    
  4.131332     -7.551289    
  4.134484     -7.714700    
  4.137613     -7.722775    
  4.140719     -7.733728    
  4.143803     -7.739600    
  4.146866     -7.713537    
  4.149907     -7.554557    
  4.152927     -7.783536    
  4.155926     -7.785129    
  4.156013     -7.831371    
  4.158880     -7.618182    
  4.161727     -7.780693    
  4.161814     -7.791326    
  4.163762     -7.808714    
  4.163849     -7.810527    
  4.167436     -7.822225    
  4.170993     -7.825609    
  4.174521     -7.829745    
  4.178021     -7.853551    
  4.181494     -7.871314    
  4.184938     -7.881526    
  4.188355     -7.889714    
  4.191746     -7.907774    
  4.195110     -7.913045    
  4.198449     -7.925071    
  4.201762     -7.928770    
  4.205050     -7.950168    
  4.208313     -7.963768    
  4.211552     -7.970463    
  4.214767     -7.980686    
  4.217959     -7.988605    
  4.221127     -8.004754    
  4.224272     -8.005648    
  4.227394     -8.004900    
  4.230494     -8.010185    
  4.233573     -8.074734    
  4.236629     -8.005301    
  4.239665     -8.107066    
  4.242679     -7.933771    
  4.245672     -8.034501    
  4.248645     -8.051598    
  4.251598     -8.100600    
  4.254530     -7.960020    
  4.257443     -8.035308    
  4.260337     -8.130991    
  4.263212     -8.139235    
  4.266067     -8.153846    
  4.266154     -8.149760    
  4.269157     -8.165203    
  4.272139     -8.172348    
  4.275101     -8.003227    
  4.278043     -7.905805    
  4.280965     -8.154497    
  4.283867     -7.878311    
  4.286751     -8.071412    
  4.289615     -8.280770    
  4.292460     -8.014782    
  4.295287     -8.076972    
  4.298096     -8.238998    
  4.300886     -8.268877    
  4.303659     -8.280373    
  4.306414     -8.291213    
  4.309152     -8.302998    
  4.311873     -8.282518    
  4.314576     -8.459860    
  4.317263     -8.303959    
  4.319934     -8.094890    
  4.322588     -8.021331    
  4.325226     -8.302721    
  4.327848     -8.343226    
  4.330454     -8.355128    
  4.333045     -8.383184    
  4.335621     -8.385819    
  4.338181     -8.389599    
  4.340726     -8.406578    
  4.343256     -8.366332    
  4.345772     -8.416833    
  4.348274     -8.429497    
  4.350760     -8.439157    
  4.353233     -8.448863    
  4.353320     -8.456013    
  4.356074     -8.454030    
  4.356161     -8.464102    
  4.357582     -8.453569    
  4.357669     -8.455740    
  4.360507     -8.468718    
  4.363326     -8.477744    
  4.366127     -8.494634    
  4.368910     -8.498892    
  4.371675     -8.513381    
  4.374422     -8.501695    
  4.377153     -8.529421    
  4.379866     -8.534598    
  4.382563     -8.543997    
  4.385243     -8.575767    
  4.387906     -8.539267    
  4.390553     -8.575513    
  4.393185     -8.581680    
  4.395800     -8.590025    
  4.398400     -8.602792    
  4.400984     -8.609616    
  4.403553     -8.607405    
  4.406107     -8.634740    
  4.408646     -8.700790    
  4.411170     -8.458058    
  4.413679     -8.573322    
  4.416174     -8.640579    
  4.418655     -8.653161    
  4.421122     -8.654690    
  4.423575     -8.655710    
  4.426014     -8.681640    
  4.428439     -8.704834    
  4.430851     -8.706517    
  4.433250     -8.715014    
  4.435636     -8.714202    
  4.438008     -8.720959    
  4.440368     -8.757632    
  4.440455     -8.709312    
  4.442913     -8.585104    
  4.445357     -8.749317    
  4.447787     -8.766546    
  4.450204     -8.778906    
  4.452608     -8.752593    
  4.454999     -8.731364    
  4.457376     -8.799743    
  4.459740     -8.739310    
  4.462092     -8.804551    
  4.464431     -8.807611    
  4.466757     -8.826343    
  4.469071     -8.839533    
  4.471373     -8.819479    
  4.473663     -8.833081    
  4.475940     -8.851048    
  4.478206     -8.784286    
  4.512937     -8.987070    
  4.513024     -8.970845    
  4.514610     -8.967774    
  4.514697     -8.967774    
  4.515945     -8.976341    
  4.516032     -8.991152    
  4.585469     -9.208975    
  4.585556     -9.188113    
  4.648489     -9.381117    
  4.648576     -9.427581    
  4.649548     -9.429592    
  4.649635     -9.430140    
  4.649838     -9.430728    
  4.649925     -9.396218    
  4.709765     -9.621673    
  4.709852     -9.624406    
  4.765753     -9.799949    
  4.765822     -9.793499    
  4.765909     -9.789457    
  4.818480     -9.984467    
  4.818567     -9.972658    
  4.868094     -10.11486    
  4.868152     -10.19755    
  4.868214     -10.06483    
  4.915089     -10.32267    
  4.915176     -10.28007    
  4.959449     -10.40187    
  4.959536     -10.39870    
  4.959642     -10.40476    
  4.959729     -10.40112    
  5.002021     -10.55115    
  5.002108     -10.55187    
  5.041986     -10.67539    
  5.042072     -10.68747    
  5.042428     -10.68881    
  5.042515     -10.65672    
  5.081038     -10.79586    
  5.081125     -10.67480    
  5.117569     -10.94234    
  5.117655     -10.91892    
  5.118005     -10.92271    
  5.118092     -10.91309    
  5.153462     -11.01856    
  5.153549     -11.00028    
  5.187204     -11.14151    
  5.187290     -11.13998    
  5.187529     -11.13958    
  5.187616     -11.11657    
  5.251180     -11.30204    
  5.251266     -11.31490    
  5.251931     -11.31606    
  5.252018     -11.29784    
  5.311750     -11.48413    
  5.311837     -11.49310    
  5.311944     -11.49837    
  5.615486     -12.36746    
  5.792412     -12.85764    
  6.014927     -13.46770    
  6.270643     -14.17838    
  6.547110     -14.96432    
  6.835317     -15.80907    
  7.129791     -16.73124    
  7.427505     -17.79022    
  7.726868     -19.13271    
  8.027062     -21.04199    
  8.327673    -100.00000    
  8.628494    -100.00000    
  8.929419    -100.00000    
