 0.6989700     -68.00452    
 0.7332060     -67.18662    
 0.7649392     -67.14118    
 0.7945108     -67.67268    
 0.8221965     -68.68213    
 0.8482226     -70.28925    
 0.8727768    -100.00000    
 0.8960167    -100.00000    
 0.9180759    -100.00000    
 0.9590933    -100.00000    
 0.9965688    -100.00000    
  1.031066    -100.00000    
  1.063023    -100.00000    
  1.092789    -100.00000    
  1.120645    -100.00000    
  1.146822    -100.00000    
  1.171510    -100.00000    
  1.194870    -100.00000    
  1.217037    -100.00000    
  1.258242     -76.63572    
  1.258328     -64.38924    
  1.281053    -100.00000    
  1.281140     -29.14131    
  1.305129     -29.33845    
  1.305216     -29.40817    
  1.326885     -29.97910    
  1.326972     -30.02543    
  1.346664     -30.82306    
  1.346750     -30.77317    
  1.378043    -100.00000    
  1.407231    -100.00000    
  1.407318     -33.48763    
  1.434239     -33.48275    
  1.434325     -33.27298    
  1.438732     -33.10981    
  1.438819    -100.00000    
  1.466567     -32.22365    
  1.466654     -32.31553    
  1.485460     -31.56117    
  1.485547     -31.64474    
  1.502811     -31.00342    
  1.502898     -31.01055    
  1.515152     -30.59485    
  1.515239     -30.96477    
  1.538911     -29.89877    
  1.538998     -29.83210    
  1.541754     -29.74834    
  1.541841     -29.74615    
  1.544410     -29.66882    
  1.544497     -29.66653    
  1.546755     -29.59986    
  1.546842     -29.37517    
  1.568094     -28.48548    
  1.568181     -28.44882    
  1.576102     -28.22216    
  1.576189     -28.21164    
  1.577032     -28.18866    
  1.577119     -28.20159    
  1.586189     -27.95695    
  1.586276     -27.94560    
  1.587530     -27.91384    
  1.587617     -27.94844    
  1.602078     -27.58452    
  1.602165     -27.56572    
  1.604747     -27.50843    
  1.604834     -27.63641    
  1.633100     -26.99833    
  1.633187     -26.96801    
  1.643761     -26.80082    
  1.643848     -26.79550    
  1.646889     -26.75164    
  1.646976     -26.75154    
  1.653070     -26.66821    
  1.653157     -26.67346    
  1.667964     -26.49353    
  1.668051     -26.48831    
  1.673067     -26.43544    
  1.673154     -26.43406    
  1.673452     -26.43104    
  1.673539     -26.43228    
  1.683736     -26.33476    
  1.683823     -26.33289    
  1.689301     -26.28542    
  1.689388     -26.28427    
  1.690173     -26.27769    
  1.690260     -26.27703    
  1.691919     -26.26340    
  1.692006     -26.26832    
  1.709636     -26.13122    
  1.709723     -26.12828    
  1.714846     -26.09147    
  1.714933     -26.08985    
  1.717233     -26.07075    
  1.717320     -26.07426    
  1.717576     -26.07251    
  1.717663     -26.07196    
  1.719536     -26.05845    
  1.719623     -26.05842    
  1.721805     -26.04057    
  1.721892     -26.04028    
  1.725295     -26.01024    
  1.725382     -25.95970    
  1.731154     -24.37525    
  1.731241     -24.28889    
  1.731758     -24.20618    
  1.731845     -24.13471    
  1.732294     -24.12574    
  1.732381     -24.14414    
  1.735217     -24.03372    
  1.735304     -24.14059    
  1.746841     -23.60548    
  1.746929     -23.68887    
  1.747807     -23.75828    
  1.747894     -23.73568    
  1.753972     -23.20681    
  1.754058     -22.97707    
  1.756978     -23.05970    
  1.757065     -23.14994    
  1.762907     -23.16441    
  1.762994     -23.12854    
  1.763503     -23.09413    
  1.763590     -23.16044    
  1.765957     -23.45615    
  1.766044     -23.43169    
  1.768505     -23.43040    
  1.768592     -23.43994    
  1.776113     -22.92415    
  1.776200     -23.06900    
  1.781285     -22.66742    
  1.781372     -22.73150    
  1.781946     -22.83402    
  1.782033     -23.10392    
  1.786409     -22.46506    
  1.786495     -22.35731    
  1.788161     -22.40517    
  1.788248     -22.41700    
  1.789372     -22.49977    
  1.789459     -22.50542    
  1.792246     -22.26506    
  1.792333     -22.38384    
  1.800765     -22.31259    
  1.800851     -23.03825    
  1.809708     -23.15973    
  1.809795     -22.99104    
  1.810144     -22.99481    
  1.810231     -22.72181    
  1.814042     -22.51321    
  1.814129    -100.00000    
  1.834747     -21.65217    
  1.834834     -21.33998    
  1.838907     -21.83727    
  1.838994     -21.82558    
  1.840414     -21.68901    
  1.840501     -21.62298    
  1.842703     -21.89758    
  1.842790     -21.77889    
  1.844125     -21.86117    
  1.844212     -22.04221    
  1.857265     -21.50438    
  1.857352     -21.41190    
  1.870233     -20.54096    
  1.870320     -20.63615    
  1.871306     -20.68451    
  1.871393     -20.69342    
  1.872072     -20.73810    
  1.872158     -20.79333    
  1.873424     -20.72166    
  1.873511     -20.73153    
  1.880831     -21.22526    
  1.880918     -21.42015    
  1.887368     -20.99225    
  1.887455     -21.14209    
  1.899003     -20.89231    
  1.899090     -21.07717    
  1.905821     -20.91790    
  1.905908     -21.10503    
  1.911657     -20.53193    
  1.911744     -20.49901    
  1.912227     -20.35667    
  1.912313     -20.40774    
  1.913955     -20.25504    
  1.914042     -20.41626    
  1.924238     -19.98305    
  1.924325     -19.98255    
  1.925856     -19.91714    
  1.925943     -19.93557    
  1.926709     -19.87444    
  1.926796     -19.93929    
  1.926846     -19.93930    
  1.926932     -19.91912    
  1.927461     -19.91795    
  1.927548     -19.99327    
  1.930771     -19.88831    
  1.930858     -19.91589    
  1.933873     -19.54582    
  1.933960     -19.41475    
  1.936983     -19.24583    
  1.937070     -19.23767    
  1.938051     -19.15371    
  1.938138     -19.17545    
  1.940777     -18.96548    
  1.940864    -100.00000    
  1.953068     -17.83846    
  1.953155     -17.70925    
  1.955697     -17.46257    
  1.955784     -17.49896    
  1.959855     -17.05675    
  1.959942     -17.06514    
  1.963545     -16.66797    
  1.963632    -100.00000    
  1.974225     -15.60420    
  1.974312     -15.47276    
  1.974387     -15.46422    
  1.974474     -15.48181    
  1.977192     -15.15515    
  1.977279    -100.00000    
  1.992517     -13.46012    
  1.992604     -13.22993    
  1.994212     -13.01261    
  1.994299     -13.01847    
  1.996552     -12.70853    
  1.996639     -12.69355    
  1.997939     -12.69746    
  1.998026     -12.74747    
  2.000182     -12.44201    
  2.000268     -12.59958    
  2.007421     -11.96258    
  2.007508     -12.08224    
  2.009100     -12.27087    
  2.009187     -12.25765    
  2.009352     -12.25555    
  2.009439     -12.27317    
  2.009543     -12.14774    
  2.017372     -12.09037    
  2.017459     -11.96046    
  2.026471     -12.06523    
  2.026558     -11.87733    
  2.028108     -11.80631    
  2.028195     -12.14560    
  2.036803     -11.67834    
  2.036890     -10.56996    
  2.061043     -9.494307    
  2.061130     -9.429135    
  2.067104     -9.647636    
  2.067191     -9.543965    
  2.068339     -9.976250    
  2.068426     -9.432651    
  2.076209     -9.107599    
  2.076296     -9.218110    
  2.077530     -9.128730    
  2.077617     -8.574476    
  2.095978     -8.308523    
  2.096065     -8.113730    
  2.097304     -8.096280    
  2.097391     -8.177796    
  2.100294     -7.978467    
  2.100380     -7.842120    
  2.101519     -7.639029    
  2.101605     -7.701941    
  2.104539     -10.09264    
  2.104626     -9.385921    
  2.105825     -8.471882    
  2.105912     -8.436738    
  2.106101     -8.421595    
  2.106187     -8.869291    
  2.111508     -7.876647    
  2.111595     -7.749258    
  2.111941     -7.652355    
  2.112028     -7.878722    
  2.119223     -8.084035    
  2.119310     -7.414478    
  2.124942     -7.870188    
  2.125029     -8.258637    
  2.126973     -7.973950    
  2.127060     -8.082168    
  2.127658     -8.229882    
  2.127745     -7.888169    
  2.131986     -7.158034    
  2.132073    -100.00000    
  2.137486     -7.973358    
  2.137573     -7.761703    
  2.138137     -7.690860    
  2.138224     -7.686168    
  2.141450     -9.290918    
  2.141537     -8.120978    
  2.141662     -8.085605    
  2.141749     -8.583462    
  2.154246     -7.367496    
  2.154333     -7.509313    
  2.156640     -7.656714    
  2.156727     -7.636861    
  2.156827     -7.692696    
  2.158960     -7.278775    
  2.159047     -7.169027    
  2.177604     -7.089961    
  2.177690     -8.063915    
  2.181731     -7.686056    
  2.181818     -7.776867    
  2.184198     -7.065088    
  2.184285     -7.058755    
  2.188445     -7.216040    
  2.188532     -7.781071    
  2.191911     -6.963659    
  2.191997     -6.951665    
  2.202362     -6.673377    
  2.202449     -6.574450    
  2.209936     -6.518153    
  2.210023     -6.265664    
  2.213352     -6.812156    
  2.213439     -6.344157    
  2.217837     -6.832631    
  2.217924     -6.821239    
  2.218030     -6.779060    
  2.218315     -6.681924    
  2.218402     -6.601996    
  2.218688     -7.312955    
  2.218775    -100.00000    
  2.225403     -6.593732    
  2.231931     -6.437854    
  2.232018     -6.612434    
  2.234695     -6.542155    
  2.234781     -6.865855    
  2.239617     -7.472990    
  2.239704     -6.493393    
  2.242430     -6.166808    
  2.242517     -6.378151    
  2.245345     -6.629426    
  2.245432     -6.707876    
  2.250721     -6.716906    
  2.250808     -6.938467    
  2.252069     -5.982229    
  2.252156     -5.856818    
  2.256371     -6.465560    
  2.260545     -7.384811    
  2.260632     -7.476535    
  2.263836     -6.427897    
  2.267016     -6.391407    
  2.267103     -6.449147    
  2.270490     -6.378925    
  2.270577     -6.306981    
  2.271628     -6.686328    
  2.271715     -6.490909    
  2.271808     -6.439975    
  2.271895     -6.413121    
  2.274141     -6.233200    
  2.276375     -6.224093    
  2.278598     -6.427644    
  2.280809     -5.920427    
  2.280896     -5.842362    
  2.283804     -6.030294    
  2.283891     -6.182462    
  2.284781     -5.694094    
  2.284868     -5.705613    
  2.285233    -100.00000    
  2.285319     -7.402671    
  2.286288     -6.160592    
  2.286375     -5.997681    
  2.289089     -5.434663    
  2.291785     -6.018827    
  2.294464     -6.243053    
  2.297128     -5.589270    
  2.297214     -5.448507    
  2.297982     -5.127691    
  2.298069     -5.281837    
  2.300160     -5.300647    
  2.302240     -5.497728    
  2.304310     -5.317934    
  2.306371     -5.317091    
  2.308422     -5.943954    
  2.310463     -5.622011    
  2.311480     -5.269883    
  2.312495     -4.910734    
  2.313507     -5.147127    
  2.314517     -5.265722    
  2.314604     -5.643698    
  2.315597    -100.00000    
  2.315684     -5.792166    
  2.316612     -7.763135    
  2.317538     -6.544245    
  2.318463     -5.645145    
  2.319385     -5.314196    
  2.320305     -5.073707    
  2.321224     -4.793941    
  2.322140     -4.897061    
  2.323055     -4.921002    
  2.323141     -4.894249    
  2.324207     -5.198467    
  2.324294     -5.092062    
  2.325229     -4.950964    
  2.326161     -5.340533    
  2.327092    -100.00000    
  2.328020     -6.030140    
  2.328947     -5.381919    
  2.329871     -5.234053    
  2.330794    -100.00000    
  2.331714     -5.500442    
  2.331801     -5.082911    
  2.333101     -5.585128    
  2.333188     -5.890319    
  2.334187     -5.138338    
  2.335184     -4.899018    
  2.336179     -5.008719    
  2.337171     -4.863424    
  2.338161     -4.773633    
  2.339149     -4.890336    
  2.340135     -5.000536    
  2.341118     -4.911566    
  2.341205     -4.916756    
  2.341283     -4.913927    
  2.341370     -4.912293    
  2.341472     -4.925745    
  2.342517     -4.807708    
  2.342604     -4.754122    
  2.343168     -5.139920    
  2.343730     -5.722965    
  2.344292     -5.345652    
  2.344853     -5.168722    
  2.344940     -5.142696    
  2.345929     -4.765665    
  2.346916     -4.744949    
  2.347408     -4.698590    
  2.347900    -100.00000    
  2.348391     -6.560246    
  2.348882     -5.834161    
  2.348969     -5.769554    
  2.349663     -5.287551    
  2.350356     -4.982477    
  2.350443     -4.928703    
  2.351189     -4.927217    
  2.351935     -5.071403    
  2.352679     -5.214773    
  2.353421     -5.019269    
  2.353508     -4.980316    
  2.353983     -4.964684    
  2.354070     -4.936658    
  2.354494     -4.851398    
  2.354917     -4.805754    
  2.355340     -4.834307    
  2.355762     -4.885657    
  2.355849     -4.872036    
  2.356497     -4.877294    
  2.357144     -4.869160    
  2.357231     -4.885450    
  2.357582     -4.947597    
  2.357669     -4.952058    
  2.362936     -4.705275    
  2.363023     -5.188931    
  2.373546     -5.297966    
  2.373633     -5.345095    
  2.376702     -4.909066    
  2.376789     -5.194157    
  2.381401     -4.580714    
  2.381488     -4.795524    
  2.381574     -4.776224    
  2.381660     -4.412776    
  2.387126     -4.577634    
  2.387213     -5.274884    
  2.397727     -4.478843    
  2.397814     -3.961480    
  2.403706     -3.743642    
  2.403793     -3.800824    
  2.409345     -4.206570    
  2.409431     -4.988994    
  2.409967     -4.571206    
  2.410054    -100.00000    
  2.412778     -3.581548    
  2.412865     -3.543841    
  2.413098     -3.537002    
  2.413185     -3.537383    
  2.414109     -3.565084    
  2.414195     -3.971506    
  2.419545     -3.810329    
  2.419632     -3.730564    
  2.424108     -3.700939    
  2.424195     -3.903889    
  2.429013     -3.938678    
  2.429100     -3.972698    
  2.429782     -3.804373    
  2.429869     -3.732288    
  2.432147     -3.656474    
  2.432234     -3.592497    
  2.435182     -4.009920    
  2.435269     -4.387803    
  2.435570     -4.334854    
  2.435657     -3.914042    
  2.438099     -3.801181    
  2.438186     -3.656730    
  2.441087     -3.652142    
  2.441174     -3.726368    
  2.441592     -3.817149    
  2.441679     -3.812860    
  2.443115     -3.597978    
  2.443202     -3.620438    
  2.446825     -3.881444    
  2.446912    -100.00000    
  2.448046     -4.364874    
  2.448133     -3.941678    
  2.450924     -3.667948    
  2.451011     -3.610097    
  2.454772     -3.666538    
  2.454858     -3.621664    
  2.456026     -3.670137    
  2.456113     -3.696091    
  2.461170     -3.878719    
  2.461257     -4.430219    
  2.465051     -3.892503    
  2.465138     -3.906648    
  2.466286     -3.873358    
  2.466372     -3.982775    
  2.471129     -4.009723    
  2.471216     -3.983979    
  2.471342     -4.055329    
  2.471828     -3.997875    
  2.471915     -3.873876    
  2.473908     -4.190201    
  2.473994     -3.929040    
  2.476442     -3.894568    
  2.476529     -3.788097    
  2.476628     -3.750094    
  2.476715     -3.610846    
  2.479546     -3.782574    
  2.479633     -3.673835    
  2.483465     -4.506521    
  2.483551     -4.359582    
  2.483824     -4.200256    
  2.483911     -4.126248    
  2.484268     -3.908029    
  2.484355     -3.863646    
  2.484517     -3.795647    
  2.484604     -3.688892    
  2.487037     -3.528572    
  2.487124     -3.601720    
  2.491399     -3.908286    
  2.491486     -3.979228    
  2.493799     -3.662655    
  2.493886     -4.172802    
  2.497233     -4.201408    
  2.497320     -3.893463    
  2.497678     -3.785940    
  2.497765     -3.733066    
  2.498024     -3.618796    
  2.498111     -3.600704    
  2.501025     -3.667082    
  2.503920     -3.757545    
  2.504007     -3.862570    
  2.504069     -3.859114    
  2.504156     -3.716111    
  2.507046     -3.616657    
  2.507133     -3.600202    
  2.509451     -3.629156    
  2.511756     -3.601866    
  2.511843     -3.615737    
  2.512347     -3.625173    
  2.512434     -3.619611    
  2.514176     -3.635765    
  2.514263     -3.634727    
  2.515719     -3.686505    
  2.515805     -3.679692    
  2.515872     -3.676254    
  2.515959     -3.665196    
  2.516706     -3.667150    
  2.516793     -3.684487    
  2.517941     -3.603890    
  2.518028     -3.607541    
  2.519341     -3.632363    
  2.519428     -3.600920    
  2.521714     -3.704743    
  2.523988     -3.621708    
  2.526250     -3.661752    
  2.528500     -3.711492    
  2.528587     -3.662459    
  2.532615     -3.674899    
  2.532701     -3.621949    
  2.536032     -3.758664    
  2.539337     -3.644678    
  2.539424     -3.698953    
  2.543132     -3.783584    
  2.546808     -3.689106    
  2.546895     -3.685036    
  2.547329     -3.682072    
  2.547416     -3.682031    
  2.547523     -3.686054    
  2.551118     -3.704737    
  2.551204     -3.643687    
  2.554808     -3.820990    
  2.558382     -3.713183    
  2.558469     -3.727725    
  2.558869     -3.714834    
  2.558956     -3.717758    
  2.561557     -3.722877    
  2.561644     -3.724124    
  2.564082     -3.738305    
  2.566507     -3.741285    
  2.568917     -3.735679    
  2.571315     -3.763306    
  2.571402     -3.750966    
  2.571490     -3.750154    
  2.571576     -3.752810    
  2.574409     -3.756080    
  2.577223     -3.770352    
  2.580019     -3.767311    
  2.582797     -3.779976    
  2.582884     -3.671737    
  2.584935     -4.352231    
  2.585022     -5.040066    
  2.586210     -4.201068    
  2.586297     -3.836813    
  2.590598     -3.666402    
  2.590685     -3.754103    
  2.593482     -3.804489    
  2.596260     -3.807195    
  2.596347     -3.807269    
  2.597646     -3.811468    
  2.597733     -3.813271    
  2.600921     -3.818097    
  2.601008     -3.819047    
  2.604043     -3.826388    
  2.607057     -3.831644    
  2.607144     -3.831072    
  2.607237     -3.831324    
  2.607324     -3.831607    
  2.607391     -3.831848    
  2.607478     -3.832625    
  2.608791     -3.834920    
  2.608878     -3.819768    
  2.611614     -3.898481    
  2.614332     -3.831749    
  2.614419     -3.845019    
  2.615617     -3.848054    
  2.615704     -3.849374    
  2.618289     -3.851919    
  2.620859     -3.871604    
  2.620946     -3.841264    
  2.623214     -4.084923    
  2.625471     -3.863137    
  2.625557     -3.801642    
  2.626297     -3.690742    
  2.626384     -3.700989    
  2.629798     -3.875862    
  2.633186     -3.887973    
  2.633273     -3.887680    
  2.634830     -3.893977    
  2.634917     -3.922843    
  2.637233     -3.910812    
  2.637320     -3.919057    
  2.640964     -3.913233    
  2.644578     -3.932389    
  2.644665     -3.931528    
  2.646436     -3.945128    
  2.646523     -4.034903    
  2.648478     -4.000889    
  2.648565     -3.937706    
  2.650297     -3.935486    
  2.652023     -3.995575    
  2.652110     -4.122775    
  2.653758     -4.096998    
  2.653845     -4.126646    
  2.655573     -3.933100    
  2.657293     -3.982323    
  2.657380     -3.976612    
  2.660118     -3.971105    
  2.662838     -3.983086    
  2.662925     -3.985026    
  2.664912     -4.000864    
  2.664998     -4.048132    
  2.666317     -3.963580    
  2.667630     -3.970034    
  2.668940     -3.970522    
  2.670246     -3.981819    
  2.671549     -4.001188    
  2.672847     -4.004434    
  2.674141     -3.983770    
  2.675432     -3.993960    
  2.676718     -3.988719    
  2.678001     -4.008320    
  2.679280     -3.997295    
  2.680556     -4.008810    
  2.681827     -4.003266    
  2.683095     -4.010627    
  2.684359     -4.031938    
  2.685620     -4.033949    
  2.685707     -4.044609    
  2.685988     -4.044699    
  2.686075     -4.036263    
  2.687275     -4.037974    
  2.688473     -4.222073    
  2.689666     -4.027607    
  2.690857     -4.066747    
  2.690944     -4.064119    
  2.691915     -4.031576    
  2.692883     -4.035730    
  2.693849     -4.038447    
  2.694813     -4.041116    
  2.695775     -4.067026    
  2.696735     -4.049792    
  2.697214     -4.049518    
  2.697693     -4.060146    
  2.698170     -4.063161    
  2.698648     -4.055381    
  2.698717     -4.055383    
  2.698803     -4.042683    
  2.699668     -4.133638    
  2.700100     -4.268748    
  2.700532     -4.246630    
  2.700619     -4.206703    
  2.701117     -4.094709    
  2.701615     -4.071904    
  2.702113     -4.079842    
  2.702610     -4.075287    
  2.702697     -4.051764    
  2.704233     -4.002273    
  2.704319     -4.014399    
  2.704748     -4.018409    
  2.704835     -4.029818    
  2.706323     -4.072880    
  2.706410     -4.043271    
  2.707308     -4.027730    
  2.707395     -4.026069    
  2.709271     -4.037550    
  2.709358     -4.042629    
  2.710035     -4.065517    
  2.710122     -4.057147    
  2.713069     -4.089333    
  2.715996     -3.935567    
  2.718904     -4.116785    
  2.721792     -4.047157    
  2.721879     -3.980001    
  2.725254     -4.131186    
  2.725341     -4.142499    
  2.728146     -4.103764    
  2.728233     -4.094310    
  2.730036     -4.040540    
  2.730123     -4.001979    
  2.733154     -4.210222    
  2.733241     -4.076122    
  2.735711     -4.160466    
  2.738167     -4.012094    
  2.738254     -4.017841    
  2.740300     -4.133824    
  2.740387     -4.157294    
  2.742815     -4.074484    
  2.742902     -4.268414    
  2.745557     -4.709485    
  2.748197     -3.897978    
  2.750821     -4.106932    
  2.753428     -4.156729    
  2.753515     -4.135432    
  2.754509     -4.072638    
  2.754596     -4.088402    
  2.754850     -4.097085    
  2.754937     -4.172403    
  2.759027     -4.089340    
  2.759113     -4.107178    
  2.760747     -4.108156    
  2.760833     -4.090250    
  2.763464     -4.222745    
  2.763551     -4.157766    
  2.766689     -4.200865    
  2.766776     -4.127818    
  2.768842     -4.133102    
  2.768929     -4.133843    
  2.772541     -4.160955    
  2.772628     -4.174787    
  2.775841     -4.154639    
  2.775928     -4.249149    
  2.777541     -4.212915    
  2.777628     -4.270640    
  2.780699     -4.169580    
  2.783749     -4.235400    
  2.783836     -4.421391    
  2.786316    -100.00000    
  2.786403     -4.375220    
  2.789776     -4.032020    
  2.793122     -4.261488    
  2.796443     -4.508890    
  2.799738     -4.782784    
  2.799825    -100.00000    
  2.803534     -4.075502    
  2.807211     -4.230300    
  2.810858     -4.260291    
  2.814474     -4.275338    
  2.814561     -4.273545    
  2.817018     -4.288349    
  2.817105     -4.286483    
  2.819346     -4.287592    
  2.821577     -4.304626    
  2.823795     -4.427825    
  2.826003     -4.314705    
  2.826090     -4.313715    
  2.829613     -4.331079    
  2.829700     -4.324760    
  2.832995     -4.340399    
  2.833082     -4.305526    
  2.836249     -4.552605    
  2.836336     -4.480569    
  2.839377     -4.407695    
  2.839464     -4.361984    
  2.842101     -4.380539    
  2.844722     -4.387172    
  2.844809     -4.381835    
  2.845992     -4.401185    
  2.846079     -4.404942    
  2.846320     -4.405109    
  2.846407     -4.402898    
  2.846929     -4.391892    
  2.847016     -4.396727    
  2.850284     -4.396690    
  2.850371     -4.405934    
  2.851272     -4.404489    
  2.851359     -4.402179    
  2.851605     -4.400748    
  2.851692     -4.397949    
  2.853657     -4.416619    
  2.853744     -4.435691    
  2.856721     -4.421330    
  2.856808     -4.494169    
  2.860424     -4.434239    
  2.864011     -4.431259    
  2.864097     -4.549904    
  2.867803     -4.453749    
  2.871477     -4.486237    
  2.871560     -4.542188    
  2.871647     -4.570224    
  2.874338     -4.498060    
  2.877013     -4.481633    
  2.879671     -4.467656    
  2.882313    -100.00000    
  2.882400     -5.132574    
  2.882670     -4.987137    
  2.882757     -4.891462    
  2.885163     -4.299215    
  2.887555     -4.481060    
  2.887642     -4.612416    
  2.891964     -4.938539    
  2.892051     -4.415208    
  2.893704     -4.463640    
  2.893791     -4.456075    
  2.894071     -4.470216    
  2.894158     -4.506347    
  2.895095     -4.664747    
  2.895182     -4.404047    
  2.897787     -5.803982    
  2.897874    -100.00000    
  2.900589     -4.416396    
  2.900676     -4.350484    
  2.902856     -4.500004    
  2.905026     -4.673222    
  2.905113     -4.671097    
  2.908098     -4.632333    
  2.908185     -4.634736    
  2.908477     -4.630343    
  2.908564     -4.616225    
  2.912694     -4.586552    
  2.916785     -4.606213    
  2.916872     -4.605466    
  2.917171     -4.606276    
  2.917258     -4.605742    
  2.921161     -4.617440    
  2.925029     -4.631047    
  2.925116     -4.632742    
  2.925683     -4.633031    
  2.925770     -4.633226    
  2.925849     -4.633432    
  2.925936     -4.633306    
  2.927554     -4.651840    
  2.927641     -4.651163    
  2.927759     -4.652830    
  2.927950     -4.655379    
  2.928037     -4.657731    
  2.929127     -4.646382    
  2.929213     -4.648433    
  2.929524     -4.653298    
  2.929611     -4.655357    
  2.929967     -4.660113    
  2.930054     -4.660398    
  2.930245     -4.661287    
  2.930332     -4.661460    
  2.930644     -4.667941    
  2.930731     -4.676309    
  2.934646     -4.649787    
  2.934733     -4.659095    
  2.935353     -4.661019    
  2.935440     -4.668843    
  2.939332     -4.690416    
  2.939418     -4.677647    
  2.943758     -4.691873    
  2.943845     -4.680401    
  2.946273     -4.746610    
  2.946360     -4.719882    
  2.946687     -4.702275    
  2.946774     -4.701103    
  2.950770     -4.726740    
  2.950857     -4.712205    
  2.951287     -4.714466    
  2.951374     -4.714855    
  2.951710     -4.716086    
  2.951797     -4.716358    
  2.952601     -4.721475    
  2.952688     -4.721318    
  2.953990     -4.722125    
  2.954077     -4.723370    
  2.955739     -4.725837    
  2.955826     -4.727902    
  2.956162     -4.730663    
  2.956249     -4.731070    
  2.956346     -4.731416    
  2.956433     -4.729178    
  2.958723     -4.735082    
  2.958810     -4.735374    
  2.959196     -4.737800    
  2.959283     -4.738767    
  2.959520     -4.742516    
  2.959575     -4.743889    
  2.959642     -4.745594    
  2.959729     -4.752817    
  2.960694     -4.757593    
  2.960781     -4.749548    
  2.961122     -4.743692    
  2.961209     -4.765438    
  2.963780     -4.678178    
  2.963867     -4.669697    
  2.966863     -4.825748    
  2.969838     -4.723159    
  2.972793     -4.811629    
  2.975728     -4.873946    
  2.975815     -4.807241    
  2.976171     -4.859830    
  2.976258     -4.848749    
  2.979351     -4.728067    
  2.982423     -4.710612    
  2.982509     -4.731600    
  2.982872     -4.733010    
  2.982959     -4.763242    
  2.986163     -4.771088    
  2.989344     -4.891186    
  2.992501     -4.793691    
  2.995636     -4.781946    
  2.998749     -4.902496    
  3.001839     -4.805505    
  3.004907     -4.863100    
  3.007954     -4.823885    
  3.008041     -4.837628    
  3.008392     -4.834768    
  3.008479     -4.830692    
  3.012582     -4.910625    
  3.016646     -4.873972    
  3.020672     -4.761342    
  3.024662     -4.945973    
  3.024749     -4.900203    
  3.028863     -4.945272    
  3.032938     -4.935450    
  3.036976     -5.007182    
  3.040976     -4.977967    
  3.044940     -5.030276    
  3.048868     -4.894655    
  3.052761     -4.986473    
  3.056619     -5.088662    
  3.056706     -5.066560    
  3.060564     -5.045209    
  3.064388     -5.068252    
  3.068179     -5.126636    
  3.071937     -4.982109    
  3.072024     -5.022676    
  3.074552     -5.104825    
  3.077066     -5.086128    
  3.079565     -5.063711    
  3.082050     -5.092657    
  3.084520     -5.109718    
  3.086977     -5.175537    
  3.089420     -5.136507    
  3.091849     -5.153786    
  3.091936     -5.155572    
  3.092941     -5.180473    
  3.093028     -5.098144    
  3.096221     -5.139675    
  3.099391     -5.169645    
  3.099477     -5.155336    
  3.099969     -5.168493    
  3.100056     -5.177690    
  3.103074     -5.172169    
  3.106072     -5.170264    
  3.109049     -5.183779    
  3.112005     -5.185286    
  3.112092     -5.199594    
  3.114687     -5.200444    
  3.114774     -5.202768    
  3.115819     -5.200715    
  3.115905     -5.202350    
  3.116258     -5.202023    
  3.116345     -5.210470    
  3.118223     -5.213048    
  3.118310     -5.206315    
  3.121475     -5.235084    
  3.124616     -5.232725    
  3.124703     -5.232509    
  3.125997     -5.245076    
  3.126084     -5.262690    
  3.127687     -5.276871    
  3.127774     -5.261831    
  3.131998     -5.285610    
  3.136182     -5.292929    
  3.136269     -5.652575    
  3.139938     -5.168645    
  3.143577     -5.255959    
  3.143664     -5.258100    
  3.146758     -5.308234    
  3.146845     -5.304803    
  3.149747     -5.320440    
  3.149834     -5.325828    
  3.153068     -5.344731    
  3.153155     -5.330346    
  3.153381     -5.332908    
  3.153434     -5.333208    
  3.153521     -5.336212    
  3.156074     -5.344538    
  3.156161     -5.360544    
  3.159418     -5.358287    
  3.159505     -5.362143    
  3.162077     -5.359440    
  3.164633     -5.364989    
  3.164720     -5.366512    
  3.167983     -5.377682    
  3.168070     -5.377958    
  3.171129     -5.390170    
  3.174167     -5.400034    
  3.174254     -5.402363    
  3.176868     -5.410752    
  3.179466     -5.419125    
  3.179553     -5.418509    
  3.182832     -5.433811    
  3.186087     -5.443832    
  3.186174     -5.444523    
  3.188338     -5.451790    
  3.188425     -5.650491    
  3.192224     -6.051294    
  3.192311     -5.227594    
  3.194885     -5.044925    
  3.194972     -5.173613    
  3.196916     -5.339959    
  3.197003     -5.346896    
  3.199617     -5.446974    
  3.202215     -5.491447    
  3.204798     -5.514249    
  3.207365     -5.529071    
  3.207452     -5.524847    
  3.209135     -5.525834    
  3.209222     -5.526188    
  3.211475     -5.534782    
  3.213716     -5.542898    
  3.215946     -5.566656    
  3.218164     -5.374848    
  3.218251     -5.378447    
  3.221094     -5.534007    
  3.223918     -5.575647    
  3.226724     -5.592905    
  3.229512     -5.611445    
  3.232282     -5.610203    
  3.235034     -5.619417    
  3.237770     -5.637103    
  3.240488     -5.649758    
  3.243189     -5.667457    
  3.245873     -5.660061    
  3.248541     -5.674043    
  3.251193     -5.677585    
  3.253829     -5.685168    
  3.256448     -5.717898    
  3.259052     -5.701676    
  3.261641     -5.717498    
  3.261728     -5.696331    
  3.264170     -5.699362    
  3.266598     -5.734543    
  3.269013     -5.743167    
  3.271415     -5.751906    
  3.271502     -5.759269    
  3.274136     -5.761942    
  3.276754     -5.771710    
  3.276841     -5.774999    
  3.280202     -5.793484    
  3.283538     -5.797200    
  3.283625     -5.794024    
  3.285901     -5.800834    
  3.288164     -5.832332    
  3.290416     -5.819422    
  3.292656     -5.829781    
  3.292743     -5.830180    
  3.294670     -5.836896    
  3.294757     -5.837192    
  3.295898     -5.841672    
  3.295985     -5.842079    
  3.296762     -5.844773    
  3.296849     -5.844892    
  3.300012     -5.856670    
  3.303151     -5.868124    
  3.306269     -5.882430    
  3.309364     -5.892483    
  3.309451     -5.896416    
  3.310624     -5.892728    
  3.310710     -5.895282    
  3.311327     -5.898335    
  3.311414     -5.898500    
  3.311825     -5.900083    
  3.311912     -5.901738    
  3.314285     -5.903455    
  3.316646     -5.889724    
  3.318994     -5.907636    
  3.321329     -5.929859    
  3.323652     -5.934900    
  3.325962     -5.940714    
  3.328260     -5.949486    
  3.330547     -5.954612    
  3.332821     -5.969532    
  3.335083     -5.998892    
  3.337334     -5.979379    
  3.339573     -5.992235    
  3.341800     -6.004566    
  3.344016     -6.006168    
  3.346221     -6.005935    
  3.348415     -6.044696    
  3.350598     -6.022351    
  3.352769     -6.034986    
  3.357081     -6.058350    
  3.361350     -6.067679    
  3.365577     -6.107626    
  3.369763     -6.097336    
  3.373910     -6.107282    
  3.378017     -6.132143    
  3.382086     -6.160566    
  3.382173     -6.104304    
  3.385882     -6.081339    
  3.385969     -6.128707    
  3.388254     -6.164716    
  3.390528     -6.176288    
  3.392789     -6.189027    
  3.395039     -6.189681    
  3.395126     -6.191792    
  3.398000     -6.202235    
  3.400855     -6.214748    
  3.400942     -6.224211    
  3.403595     -6.277541    
  3.403681     -6.289292    
  3.406524     -6.128830    
  3.409348     -6.245715    
  3.412154     -6.256458    
  3.414942     -6.261510    
  3.415029     -6.266992    
  3.419274     -6.275428    
  3.419361     -6.275069    
  3.422408     -6.292604    
  3.425434     -6.304225    
  3.428438     -6.315320    
  3.431422     -6.326337    
  3.431509     -6.325904    
  3.434904     -6.302564    
  3.438273     -6.375054    
  3.441616     -6.375199    
  3.444934     -6.365743    
  3.445021     -6.453879    
  3.447515     -6.248490    
  3.449995     -6.379561    
  3.452462     -6.402228    
  3.454914     -6.402551    
  3.455001     -6.408573    
  3.459102     -6.427408    
  3.463165     -6.449458    
  3.467191     -6.408106    
  3.471179     -6.480452    
  3.471266     -6.470721    
  3.474100     -6.483601    
  3.474187     -6.483353    
  3.477159     -6.494407    
  3.480112     -6.516575    
  3.483044     -6.515068    
  3.485957     -6.528021    
  3.486044     -6.528643    
  3.490180     -6.528375    
  3.494277     -6.558277    
  3.494364     -6.558602    
  3.497290     -6.575357    
  3.500197     -6.526879    
  3.503084     -6.597279    
  3.505952     -6.596367    
  3.506039     -6.574364    
  3.508509     -6.638381    
  3.510965     -6.605211    
  3.513408     -6.631571    
  3.515836     -6.636063    
  3.515923     -6.635925    
  3.518242     -6.651288    
  3.520548     -6.656939    
  3.522842     -6.665981    
  3.525125     -6.674637    
  3.527395     -6.682084    
  3.529653     -6.688736    
  3.531900     -6.705217    
  3.534135     -6.689880    
  3.534222     -6.680480    
  3.536981     -6.702140    
  3.539723     -6.725805    
  3.542447     -6.739762    
  3.545154     -6.750511    
  3.545241     -6.750822    
  3.547861     -6.761194    
  3.550465     -6.770742    
  3.553054     -6.782541    
  3.555627     -6.794841    
  3.555714     -6.796926    
  3.558846     -6.808184    
  3.558933     -6.805499    
  3.561019     -6.809428    
  3.561106     -6.810722    
  3.561702     -6.812849    
  3.561789     -6.813172    
  3.562293     -6.816209    
  3.565681     -6.822995    
  3.565768     -6.824841    
  3.568654     -6.799968    
  3.568741     -6.806822    
  3.571441     -6.846234    
  3.574124     -6.862242    
  3.576791     -6.866371    
  3.579441     -6.878451    
  3.582076     -6.879638    
  3.584694     -6.906671    
  3.587297     -6.906604    
  3.589884     -6.910652    
  3.592456     -6.933070    
  3.595013     -6.931000    
  3.597555     -6.943244    
  3.600082     -6.953019    
  3.602595     -6.963573    
  3.605093     -6.968647    
  3.607577     -6.994800    
  3.610046     -6.981567    
  3.610133     -6.988788    
  3.613073     -6.997900    
  3.615993     -7.032425    
  3.618894     -6.982070    
  3.621775     -7.044323    
  3.624637     -7.049090    
  3.627481     -7.056173    
  3.630306     -7.062048    
  3.630428     -7.066043    
  3.633113     -7.077126    
  3.635902     -7.087674    
  3.638673     -7.101900    
  3.641426     -7.115416    
  3.644162     -7.117712    
  3.646881     -7.127435    
  3.649583     -7.142410    
  3.652269     -7.119829    
  3.654938     -7.160979    
  3.655025     -7.152981    
  3.659341     -7.192622    
  3.663615     -7.178571    
  3.663702     -7.189716    
  3.666928     -7.205519    
  3.670130     -7.230699    
  3.673309     -6.906187    
  3.676464     -7.163178    
  3.679597     -7.242158    
  3.682707     -7.258497    
  3.685795     -7.273130    
  3.688862     -7.290389    
  3.688948     -7.342843    
  3.691459     -7.275139    
  3.691546     -7.292881    
  3.693780     -7.302312    
  3.696003     -7.313855    
  3.698214     -7.321784    
  3.700414     -7.330939    
  3.702604     -7.338666    
  3.704782     -7.346734    
  3.709106     -7.367829    
  3.712650     -7.369000    
  3.713387     -7.378184    
  3.717627     -7.394168    
  3.721825     -7.415922    
  3.725983     -7.403867    
  3.726071     -7.423887    
  3.729627     -7.441930    
  3.733155     -7.445419    
  3.736655     -7.485796    
  3.740126     -7.435417    
  3.740213     -7.439497    
  3.743671     -7.497500    
  3.747101     -7.511687    
  3.750505     -7.453763    
  3.753882     -7.546296    
  3.753969     -7.528591    
  3.755217     -7.535979    
  3.755304     -7.536201    
  3.755522     -7.537166    
  3.755609     -7.538396    
  3.758802     -7.550504    
  3.761972     -7.694938    
  3.765119     -6.753905    
  3.768243     -7.683070    
  3.771345     -7.311055    
  3.774425     -7.556861    
  3.777483     -7.608998    
  3.778151     -7.615220    
  3.780520     -7.631062    
  3.783536     -7.643988    
  3.786531     -7.655413    
  3.789505     -7.667760    
  3.792459     -7.678872    
  3.795393     -7.686135    
  3.798308     -7.701186    
  3.801203     -7.712073    
  3.804079     -7.717779    
  3.804166     -7.698802    
  3.806379     -7.732175    
  3.808581     -7.741243    
  3.810772     -7.745609    
  3.812952     -7.748374    
  3.817280     -7.766604    
  3.821564     -7.761182    
  3.821651     -7.773413    
  3.825835     -7.805275    
  3.829979     -7.818867    
  3.834084     -7.834259    
  3.838150     -7.840628    
  3.838237     -7.849587    
  3.842494     -7.867432    
  3.846710     -7.893557    
  3.850885     -7.804513    
  3.855020     -7.918815    
  3.859117     -7.932102    
  3.863175     -7.941801    
  3.867196     -7.959141    
  3.871179     -7.974681    
  3.871266     -7.986484    
  3.873943     -7.949011    
  3.876604     -8.000002    
  3.879249     -8.004171    
  3.881877     -8.016084    
  3.884490     -8.038298    
  3.887087     -7.860126    
  3.889668     -7.763475    
  3.892234     -8.041476    
  3.892321     -8.018973    
  3.894387     -8.053120    
  3.894474     -8.052175    
  3.896842     -8.064862    
  3.899197     -8.068470    
  3.901540     -8.087038    
  3.903870     -8.097107    
  3.906188     -8.105453    
  3.908494     -8.114550    
  3.910787     -8.123259    
  3.913068     -8.131441    
  3.913155     -8.131593    
  3.913273     -8.131974    
  3.913769     -8.133755    
  3.913856     -8.134109    
  3.913972     -8.136448    
  3.916915     -8.142991    
  3.917002     -8.140686    
  3.919240     -8.154162    
  3.921466     -8.158429    
  3.923680     -8.169605    
  3.925884     -8.180438    
  3.928076     -8.188217    
  3.930258     -8.195982    
  3.934588     -8.212669    
  3.938875     -8.228068    
  3.943121     -8.243823    
  3.947325     -8.259044    
  3.951490     -8.263642    
  3.955614     -8.289394    
  3.959700     -8.306586    
  3.963748     -8.320430    
  3.967758     -8.337795    
  3.971732     -8.347328    
  3.975669     -8.343477    
  3.979571     -8.381581    
  3.983439     -8.394510    
  3.983526     -8.392712    
  3.986294     -8.405870    
  3.989045     -8.416416    
  3.991778     -8.426724    
  3.994495     -8.433162    
  3.997194     -8.445149    
  3.999877     -8.455176    
  4.002544     -8.464648    
  4.005194     -8.446588    
  4.007828     -8.332580    
  4.010446     -8.395020    
  4.013048     -8.494756    
  4.015635     -8.511631    
  4.018207     -8.522195    
  4.020764     -8.533921    
  4.023305     -8.543584    
  4.025832     -8.515218    
  4.025919     -8.523605    
  4.028712     -8.562404    
  4.031488     -8.579870    
  4.034246     -8.580974    
  4.036986     -8.595738    
  4.039709     -8.603093    
  4.042416     -8.610121    
  4.045105     -8.622125    
  4.047778     -8.631702    
  4.047865     -8.634331    
  4.051711     -8.650330    
  4.055494     -8.664465    
  4.059244     -8.678225    
  4.062962     -8.694816    
  4.066649     -8.682264    
  4.070304     -8.668182    
  4.073930     -8.751874    
  4.077524     -8.481911    
  4.081090     -8.751775    
  4.084626     -8.768778    
  4.088134     -8.778936    
  4.091614     -8.798341    
  4.095066     -8.810285    
  4.098491     -8.822356    
  4.101889     -8.834776    
  4.105261     -8.849111    
  4.108607     -8.856701    
  4.111927     -8.858916    
  4.115222     -8.877329    
  4.118492     -8.898098    
  4.121738     -8.907130    
  4.124960     -8.920170    
  4.128158     -8.932732    
  4.131332     -8.942852    
  4.134484     -8.953918    
  4.137613     -8.964261    
  4.140719     -8.978911    
  4.143803     -8.990991    
  4.146866     -8.903020    
  4.149907     -9.004840    
  4.152927     -9.022145    
  4.155926     -9.032470    
  4.156013     -9.098062    
  4.158880     -8.889087    
  4.161727     -9.001966    
  4.161814     -9.020047    
  4.163762     -9.054136    
  4.163849     -9.055497    
  4.167436     -9.080196    
  4.170993     -9.071708    
  4.174521     -9.077957    
  4.178021     -9.111655    
  4.181494     -9.129748    
  4.184938     -9.140099    
  4.188355     -9.155122    
  4.191746     -9.165842    
  4.195110     -9.179559    
  4.198449     -9.187087    
  4.201762     -9.188825    
  4.205050     -9.208590    
  4.208313     -9.228351    
  4.211552     -9.236951    
  4.214767     -9.248457    
  4.217959     -9.260777    
  4.221127     -9.271550    
  4.224272     -9.283663    
  4.227394     -9.294849    
  4.230494     -9.299869    
  4.233573     -9.304746    
  4.236629     -9.348432    
  4.239665     -9.272186    
  4.242679     -8.940964    
  4.245672     -9.342563    
  4.248645     -9.368390    
  4.251598     -9.377149    
  4.254530     -9.394351    
  4.257443     -9.373667    
  4.260337     -9.399131    
  4.263212     -9.416256    
  4.266067     -9.435982    
  4.266154     -9.433891    
  4.269157     -9.468003    
  4.272139     -9.296836    
  4.275101     -9.277829    
  4.278043     -9.395033    
  4.280965     -9.480924    
  4.283867     -9.498217    
  4.286751     -9.510596    
  4.289615     -9.520544    
  4.292460     -9.523372    
  4.295287     -9.541124    
  4.298096     -9.549672    
  4.300886     -9.561390    
  4.303659     -9.570132    
  4.306414     -9.581414    
  4.309152     -9.588898    
  4.311873     -9.594949    
  4.314576     -9.591848    
  4.317263     -9.687039    
  4.319934     -9.806519    
  4.322588     -9.591712    
  4.325226     -9.645143    
  4.327848     -9.654294    
  4.330454     -9.663298    
  4.333045     -9.676107    
  4.335621     -9.679669    
  4.338181     -9.683352    
  4.340726     -9.704740    
  4.343256     -9.642558    
  4.345772     -9.699899    
  4.348274     -9.725009    
  4.350760     -9.735458    
  4.353233     -9.744276    
  4.353320     -9.747696    
  4.356074     -9.754885    
  4.356161     -9.757054    
  4.357582     -9.757361    
  4.357669     -9.757702    
  4.360507     -9.770850    
  4.363326     -9.781556    
  4.366127     -9.788713    
  4.368910     -9.800408    
  4.371675     -9.807394    
  4.374422     -9.801926    
  4.377153     -9.824232    
  4.379866     -9.835112    
  4.382563     -9.869703    
  4.385243     -9.906555    
  4.387906     -9.467455    
  4.390553     -9.728656    
  4.393185     -9.864921    
  4.395800     -9.883747    
  4.398400     -9.902299    
  4.400984     -9.913647    
  4.403553     -9.923611    
  4.406107     -9.932520    
  4.408646     -9.941167    
  4.411170     -9.944768    
  4.413679     -9.955406    
  4.416174     -9.965314    
  4.418655     -9.976264    
  4.421122     -9.966528    
  4.423575     -9.954096    
  4.426014     -9.993947    
  4.428439     -10.00894    
  4.430851     -10.01531    
  4.433250     -10.02119    
  4.435636     -10.02444    
  4.438008     -10.03471    
  4.440368     -10.04485    
  4.440455     -10.04287    
  4.442913     -10.05823    
  4.445357     -10.06441    
  4.447787     -10.07830    
  4.450204     -10.09661    
  4.452608     -10.07395    
  4.454999     -9.948247    
  4.457376     -10.08403    
  4.459740     -10.16286    
  4.462092     -10.09461    
  4.464431     -10.11603    
  4.466757     -10.14222    
  4.469071     -10.14915    
  4.471373     -10.15335    
  4.473663     -10.16306    
  4.475940     -10.17226    
  4.478206     -10.12991    
  4.512937     -10.25798    
  4.513024     -10.30562    
  4.514610     -10.31157    
  4.514697     -10.30148    
  4.515945     -10.31420    
  4.516032     -10.26660    
  4.585469     -10.56040    
  4.585556     -10.53873    
  4.648489     -10.70319    
  4.648576     -10.74702    
  4.649548     -10.75152    
  4.649635     -10.75192    
  4.649838     -10.75268    
  4.649925     -10.73152    
  4.709765     -10.91019    
  4.709852     -10.94613    
  4.765753     -11.05538    
  4.765822     -11.12511    
  4.765909     -11.11751    
  4.818480     -11.29158    
  4.818567     -11.26674    
  4.868094     -11.35248    
  4.868152     -11.43799    
  4.868214     -11.40876    
  4.915089     -11.59923    
  4.915176     -11.58948    
  4.959449     -11.72023    
  4.959536     -11.71965    
  4.959642     -11.71632    
  4.959729     -11.71604    
  5.002021     -11.76379    
  5.002108     -11.85371    
  5.041986     -11.98312    
  5.042072     -11.98871    
  5.042428     -11.98967    
  5.042515     -11.97133    
  5.081038     -12.08115    
  5.081125     -12.07966    
  5.117569     -12.19840    
  5.117655     -12.21692    
  5.118005     -12.21481    
  5.118092     -12.10948    
  5.153462     -12.34418    
  5.153549     -12.30641    
  5.187204     -12.42535    
  5.187290     -12.42892    
  5.187529     -12.42910    
  5.187616     -12.40892    
  5.251180     -12.56122    
  5.251266     -12.59866    
  5.251931     -12.60191    
  5.252018     -12.60171    
  5.311750     -12.76187    
  5.311837     -12.78330    
  5.311944     -12.77493    
  5.615486     -13.67861    
  5.792412     -14.19502    
  6.014927     -14.82040    
  6.270643     -15.52415    
  6.547110     -16.28827    
  6.835317     -17.07230    
  7.129791     -17.87889    
  7.427505     -18.71720    
  7.726868     -19.59447    
  8.027062     -20.50937    
  8.327673     -21.50650    
  8.628494     -22.76781    
  8.929419    -100.00000    
