 0.6989700    -100.00000    
 0.7247828    -100.00000    
 0.7491470    -100.00000    
 0.7722168    -100.00000    
 0.7941226    -100.00000    
 0.8348744    -100.00000    
 0.8721282    -100.00000    
 0.9064373    -100.00000    
 0.9382333     -54.63208    
 0.9678594     -53.25382    
 0.9955930     -52.81149    
  1.021661     -52.92376    
  1.046253     -53.53348    
  1.069527     -54.60150    
  1.091616     -56.06910    
  1.132686    -100.00000    
  1.170205    -100.00000    
  1.204739    -100.00000    
  1.236728    -100.00000    
  1.266522    -100.00000    
  1.294403    -100.00000    
  1.320601    -100.00000    
  1.345308    -100.00000    
  1.368685    -100.00000    
  1.390867    -100.00000    
  1.390954     -61.92742    
  1.407231    -100.00000    
  1.407318     -63.70437    
  1.416604    -100.00000    
  1.416691     -52.62915    
  1.434239    -100.00000    
  1.434325     -53.97889    
  1.438732     -54.47544    
  1.438819     -54.34038    
  1.442990     -54.79958    
  1.443077     -54.93187    
  1.465932    -100.00000    
  1.466019     -56.72662    
  1.466567     -56.77432    
  1.466654     -56.95672    
  1.485460    -100.00000    
  1.485547     -58.48002    
  1.485843     -58.50569    
  1.485930     -58.63729    
  1.499937    -100.00000    
  1.500023     -58.03909    
  1.502811     -58.15925    
  1.502898     -58.48041    
  1.515152     -59.64276    
  1.515239     -59.64006    
  1.538911    -100.00000    
  1.538998     -61.65895    
  1.541754     -61.91845    
  1.541841     -61.84530    
  1.544410    -100.00000    
  1.544497     -61.51107    
  1.546755    -100.00000    
  1.546842     -62.19497    
  1.568094    -100.00000    
  1.568181     -64.11260    
  1.576102     -64.87074    
  1.576189     -64.71024    
  1.577032     -64.77832    
  1.577119     -64.83483    
  1.586189     -65.66726    
  1.586276     -65.46784    
  1.587530     -65.56178    
  1.587617     -65.65596    
  1.602078    -100.00000    
  1.602165     -66.54266    
  1.604747     -66.93861    
  1.604834     -66.41730    
  1.629405    -100.00000    
  1.629492     -68.09558    
  1.633100     -67.46965    
  1.633187    -100.00000    
  1.643761     -65.96049    
  1.643848     -65.83649    
  1.646889     -65.33070    
  1.646976     -66.96447    
  1.653070     -64.45378    
  1.653157    -100.00000    
  1.667964     -62.42850    
  1.668051     -62.45058    
  1.673067     -61.50185    
  1.673154     -61.43242    
  1.673452     -61.38990    
  1.673539    -100.00000    
  1.683736     -60.09237    
  1.683823     -60.28341    
  1.689301     -59.22862    
  1.689388     -59.15604    
  1.690173     -59.04732    
  1.690260     -59.04556    
  1.691919     -58.81319    
  1.692006    -100.00000    
  1.709636     -56.68783    
  1.709723     -56.62763    
  1.714846     -55.77326    
  1.714933     -55.73282    
  1.717233     -55.41956    
  1.717320     -55.39549    
  1.717576     -55.36162    
  1.717663     -55.36429    
  1.719536     -55.11337    
  1.719623     -55.11365    
  1.721805     -54.82015    
  1.721892     -54.85909    
  1.725295     -54.38128    
  1.725382     -54.66900    
  1.731154     -53.66235    
  1.731241     -53.59129    
  1.731758     -53.52488    
  1.731845     -53.51403    
  1.732294     -53.45630    
  1.732381     -53.48152    
  1.735217     -53.10266    
  1.735304    -100.00000    
  1.746841     -51.78606    
  1.746929     -51.62246    
  1.747807     -51.51380    
  1.747894     -51.82431    
  1.753972     -50.82109    
  1.754058     -50.78452    
  1.756978     -50.41631    
  1.757065     -50.63778    
  1.762907     -49.74923    
  1.762994     -49.68511    
  1.763503     -49.62467    
  1.763590     -49.63353    
  1.765957     -49.34847    
  1.766044     -49.34780    
  1.768505     -49.05328    
  1.768592     -49.75472    
  1.776113     -48.24745    
  1.776200     -48.29049    
  1.781285     -47.63272    
  1.781372     -47.58400    
  1.781946     -47.52014    
  1.782033     -47.58906    
  1.786409     -47.05920    
  1.786495     -47.02684    
  1.788161     -46.84365    
  1.788248     -46.83198    
  1.789372     -46.70980    
  1.789459     -46.72157    
  1.792246     -46.41159    
  1.792333     -47.40410    
  1.800765     -45.57961    
  1.800851     -46.93872    
  1.809708     -44.66503    
  1.809795     -44.57416    
  1.810144     -44.53870    
  1.810231     -44.57298    
  1.814042     -44.16781    
  1.814129    -100.00000    
  1.834747     -42.37216    
  1.834834     -42.17791    
  1.838907     -41.77341    
  1.838994     -41.74844    
  1.840414     -41.61532    
  1.840501     -41.61426    
  1.842703     -41.40696    
  1.842790     -41.39559    
  1.844125     -41.27153    
  1.844212    -100.00000    
  1.857265     -40.19530    
  1.857352    -100.00000    
  1.870233     -39.03345    
  1.870320     -38.90985    
  1.871306     -38.82227    
  1.871393     -38.81401    
  1.872072     -38.75412    
  1.872158     -38.74831    
  1.873424     -38.63607    
  1.873511     -38.82349    
  1.880831     -38.03258    
  1.880918     -38.10388    
  1.887368     -37.45149    
  1.887455    -100.00000    
  1.899003     -36.49789    
  1.899090     -36.53430    
  1.905821     -35.85393    
  1.905908     -35.89165    
  1.911657     -35.34244    
  1.911744     -35.30286    
  1.912227     -35.26125    
  1.912313     -35.25788    
  1.913955     -35.11637    
  1.914042     -36.19665    
  1.924238     -34.35495    
  1.924325     -34.26960    
  1.925856     -34.13694    
  1.925943     -34.12719    
  1.926709     -34.06145    
  1.926796     -34.05341    
  1.926846     -34.04914    
  1.926932     -34.04172    
  1.927461     -33.99636    
  1.927548     -34.00836    
  1.930771     -33.72428    
  1.930858     -33.72191    
  1.933873     -33.45858    
  1.933960     -33.45764    
  1.936983     -33.19483    
  1.937070     -33.17858    
  1.938051     -33.09549    
  1.938138     -33.09909    
  1.940777     -32.87250    
  1.940864    -100.00000    
  1.955697     -31.75161    
  1.955784     -31.64644    
  1.959855     -31.29506    
  1.959942     -31.29489    
  1.963545     -30.98794    
  1.963632     -31.84799    
  1.974225     -30.17698    
  1.974312     -30.08991    
  1.974387     -30.08367    
  1.974474     -30.08859    
  1.977192     -29.86078    
  1.977279    -100.00000    
  1.994212     -28.59837    
  1.994299     -28.44265    
  1.996552     -28.25108    
  1.996639     -28.24120    
  1.997939     -28.13062    
  1.998026     -28.12884    
  2.000182     -27.94515    
  2.000268     -28.09670    
  2.007421     -27.37094    
  2.007508     -27.32186    
  2.009100     -27.18415    
  2.009187     -27.17384    
  2.009352     -27.16018    
  2.009439     -27.15207    
  2.009543     -27.37652    
  2.017372     -26.52436    
  2.017459     -26.89109    
  2.026471     -25.75126    
  2.026558     -25.67981    
  2.028108     -25.54538    
  2.028195    -100.00000    
  2.061043     -23.05554    
  2.061130     -22.80410    
  2.067104     -22.24917    
  2.067191     -22.21076    
  2.068339     -22.11586    
  2.068426     -22.29702    
  2.076209     -21.51898    
  2.076296    -100.00000    
  2.097304     -20.03053    
  2.097391     -20.50731    
  2.100294     -20.31116    
  2.100380     -20.30374    
  2.101519     -20.21806    
  2.101605     -20.21022    
  2.102584     -20.13753    
  2.102671     -20.11079    
  2.104539     -19.58988    
  2.104626     -19.39860    
  2.106101     -20.35790    
  2.106187     -19.69118    
  2.111508     -19.20458    
  2.111595     -19.27367    
  2.111941     -19.37697    
  2.112028     -18.82318    
  2.124229     -18.06948    
  2.124316     -17.83971    
  2.124942     -17.01613    
  2.125029     -17.36496    
  2.126973    -100.00000    
  2.127060     -18.38039    
  2.127658     -18.41105    
  2.127745     -18.85524    
  2.131986     -17.75772    
  2.132073     -17.44951    
  2.137486     -17.83092    
  2.137573     -17.96215    
  2.141450     -17.31122    
  2.141537     -17.69716    
  2.141662     -17.76956    
  2.141749     -16.98968    
  2.149371     -17.07253    
  2.149458     -17.04230    
  2.150293     -16.86957    
  2.150380     -16.90249    
  2.150508     -16.49124    
  2.154246     -17.37037    
  2.154333     -16.97522    
  2.156640     -16.59641    
  2.156727     -16.74571    
  2.156827     -16.70819    
  2.158960     -16.59025    
  2.159047     -15.80828    
  2.168055     -15.73043    
  2.168141     -15.79071    
  2.177604     -15.36122    
  2.177690     -15.41761    
  2.181731     -15.12792    
  2.181818     -14.56104    
  2.184198     -14.52878    
  2.184285     -15.00403    
  2.188445     -14.84104    
  2.188532     -14.73776    
  2.191911     -14.62127    
  2.191997     -14.48276    
  2.204170     -13.99801    
  2.204257     -14.01900    
  2.213352     -13.62579    
  2.213439     -13.66637    
  2.217837     -13.94788    
  2.217924     -14.07133    
  2.218030    -100.00000    
  2.218315     -13.89852    
  2.218402     -13.96964    
  2.218688     -13.95810    
  2.218775     -13.94521    
  2.225403     -13.64774    
  2.231931     -13.40741    
  2.232018     -13.46729    
  2.234695     -13.42551    
  2.234781     -13.40405    
  2.239617     -14.27319    
  2.239704     -14.18226    
  2.245345     -14.06296    
  2.245432     -14.00672    
  2.250721     -13.72450    
  2.250808     -13.74843    
  2.252069     -14.20883    
  2.252156     -14.11511    
  2.253696     -14.17970    
  2.253782     -13.50725    
  2.257177     -13.80846    
  2.260545     -13.08934    
  2.260632     -13.52409    
  2.263836     -13.71999    
  2.267016     -13.59007    
  2.267103     -13.82272    
  2.270490     -13.79071    
  2.270577     -13.77771    
  2.271628     -13.86751    
  2.271715     -13.14536    
  2.275818     -13.19494    
  2.275905     -13.43157    
  2.278364     -13.87588    
  2.280809     -13.52874    
  2.280896     -13.78962    
  2.283804     -13.66000    
  2.283891     -13.87451    
  2.284781     -14.00100    
  2.284868     -14.38937    
  2.286288     -13.89388    
  2.286375     -13.92751    
  2.286786     -13.87657    
  2.286873     -12.05376    
  2.289459     -13.53488    
  2.292031     -12.75001    
  2.294586     -12.72646    
  2.297128     -13.49428    
  2.297214     -13.60695    
  2.297982     -13.75735    
  2.298069    -100.00000    
  2.300085     -12.01036    
  2.302092     -13.05232    
  2.304090     -14.07689    
  2.306078     -13.12382    
  2.306165     -13.50851    
  2.308268     -13.34162    
  2.309316     -13.06672    
  2.310361     -13.16800    
  2.311404     -12.88609    
  2.312444     -12.89245    
  2.313482     -13.35320    
  2.314517     -13.20834    
  2.314604     -13.32892    
  2.315597     -13.20089    
  2.315684     -13.35448    
  2.316612     -13.21022    
  2.317538     -13.24299    
  2.318463     -12.82042    
  2.319385     -12.99271    
  2.320305     -12.89499    
  2.321224     -12.85249    
  2.322140     -12.13695    
  2.323055    -100.00000    
  2.323141     -12.96847    
  2.324295     -12.91186    
  2.325445     -13.15977    
  2.326592     -13.20084    
  2.327736     -13.24353    
  2.327823     -13.31630    
  2.328799     -13.50425    
  2.329773     -13.24828    
  2.330745     -13.40563    
  2.331714     -13.20354    
  2.331801     -13.05962    
  2.333101     -13.28506    
  2.333188     -12.95323    
  2.334187     -13.54463    
  2.335184     -13.37170    
  2.336179     -13.35436    
  2.337171     -13.24644    
  2.338161     -13.22991    
  2.339149     -13.34654    
  2.340135     -13.23685    
  2.341118     -13.18477    
  2.341205     -13.23872    
  2.341283     -13.25398    
  2.341370     -13.25143    
  2.341472     -13.28830    
  2.342320     -13.21853    
  2.343166     -13.18194    
  2.344011     -13.10994    
  2.344853     -13.03642    
  2.344940     -12.97448    
  2.345621     -12.85787    
  2.346301    -100.00000    
  2.346979     -13.21021    
  2.347657     -13.03580    
  2.348333     -13.11323    
  2.349009    -100.00000    
  2.349683     -12.92588    
  2.350356     -12.45731    
  2.350443     -12.80092    
  2.351331     -12.50798    
  2.352217     -13.51034    
  2.352659     -13.17054    
  2.353101     -12.90601    
  2.353542     -13.26976    
  2.353983     -12.78702    
  2.354070     -12.87123    
  2.354494     -12.89317    
  2.354917     -13.43785    
  2.355340     -13.64578    
  2.355762     -12.71306    
  2.355849     -13.39683    
  2.356283     -12.70260    
  2.356717     -12.56522    
  2.357149     -12.96206    
  2.357582    -100.00000    
  2.357669     -9.244924    
  2.362936     -8.958437    
  2.363023    -100.00000    
  2.376702     -5.929064    
  2.376789     -5.671525    
  2.381401     -6.089007    
  2.381488     -6.106432    
  2.381574     -6.026215    
  2.381660     -5.662305    
  2.384670     -5.249972    
  2.384757     -5.602935    
  2.387126     -6.225128    
  2.387213     -5.642618    
  2.396615     -4.879780    
  2.405819     -4.731854    
  2.405905     -4.476113    
  2.409345     -7.074286    
  2.409431    -100.00000    
  2.409967     -5.010514    
  2.410054     -5.011737    
  2.411501     -4.466830    
  2.411588     -4.261328    
  2.412778     -4.082957    
  2.412865     -4.196297    
  2.413098     -4.270161    
  2.413185     -4.370490    
  2.417228    -100.00000    
  2.417315     -4.833498    
  2.417448     -4.760345    
  2.417535     -4.857560    
  2.419545     -4.857340    
  2.419632     -4.477149    
  2.424108     -5.595674    
  2.424195     -4.903159    
  2.429911     -4.751633    
  2.429998     -4.752343    
  2.432147     -4.789417    
  2.432234     -4.644049    
  2.433514     -6.017838    
  2.433601     -5.241424    
  2.434762     -4.210505    
  2.434849     -4.254733    
  2.435182     -4.183340    
  2.435269     -4.139349    
  2.435570     -4.618606    
  2.435657     -4.296694    
  2.438099     -4.315203    
  2.438186     -4.280006    
  2.443115     -4.718678    
  2.443202    -100.00000    
  2.448046     -4.915616    
  2.448133     -5.529867    
  2.449372     -4.222057    
  2.449459     -4.143561    
  2.450924     -5.004018    
  2.451011     -4.327362    
  2.456026    -100.00000    
  2.456113     -5.295461    
  2.457105     -4.914829    
  2.457192     -4.609278    
  2.461170     -4.830721    
  2.461257     -5.763465    
  2.466286     -5.346838    
  2.466372     -5.930190    
  2.466976     -5.655093    
  2.467064     -6.002154    
  2.471828     -5.248832    
  2.471915    -100.00000    
  2.476442     -4.252696    
  2.476529     -5.936481    
  2.476628     -7.120266    
  2.476715     -7.418820    
  2.476977     -7.176883    
  2.477064     -4.880806    
  2.483465     -5.200346    
  2.483551     -4.821201    
  2.483824     -4.925471    
  2.483911     -4.742268    
  2.484130     -4.523518    
  2.484217     -4.414743    
  2.487600     -4.659181    
  2.490956     -4.586694    
  2.491043     -4.492178    
  2.493583     -5.096918    
  2.496107     -4.612242    
  2.496194     -4.699394    
  2.500074     -4.632275    
  2.503920     -4.390463    
  2.504007     -4.351645    
  2.504069     -4.345142    
  2.504156     -4.294475    
  2.506191     -3.823871    
  2.506278     -4.422241    
  2.506857     -4.264155    
  2.506943     -4.220520    
  2.507203     -4.078402    
  2.507290     -4.476877    
  2.511408     -3.799372    
  2.515486     -4.104782    
  2.515573     -3.736708    
  2.515719     -3.735447    
  2.515805     -3.733975    
  2.515872     -3.732993    
  2.515959     -3.728117    
  2.516943     -3.921844    
  2.517030     -3.856855    
  2.517941     -3.782655    
  2.518028     -3.783651    
  2.518445     -3.764055    
  2.518532     -3.983763    
  2.522095     -3.901810    
  2.525630     -4.670848    
  2.529136     -4.041651    
  2.532615     -3.758676    
  2.532701     -3.826607    
  2.536032     -3.933886    
  2.539337     -4.164969    
  2.539424     -3.875771    
  2.543132     -4.035829    
  2.546808     -3.931239    
  2.546895     -4.364328    
  2.547329     -4.089485    
  2.547416     -4.004929    
  2.551118     -4.044967    
  2.551204     -3.816127    
  2.554808     -3.842929    
  2.558382     -4.122192    
  2.558469     -4.231115    
  2.558869     -4.086617    
  2.558956     -4.338175    
  2.561557     -3.916091    
  2.561644     -4.396115    
  2.564082     -4.152469    
  2.566507     -3.738323    
  2.568917     -3.850517    
  2.571315     -3.879018    
  2.571402     -3.894174    
  2.571490     -3.923208    
  2.571576     -4.063351    
  2.574740     -4.039388    
  2.577880     -3.996075    
  2.580998     -4.515477    
  2.584094     -4.087440    
  2.587168     -5.352594    
  2.590220     -4.101233    
  2.593250     -4.232449    
  2.596260     -4.359568    
  2.596347     -4.067270    
  2.597646     -4.238141    
  2.597733     -4.004807    
  2.600542     -3.748591    
  2.603333     -4.652820    
  2.603420     -4.107243    
  2.606239     -3.770727    
  2.606324     -3.689862    
  2.606411     -3.632073    
  2.607237     -4.041432    
  2.607324     -4.028003    
  2.611491     -3.818628    
  2.615617     -3.838085    
  2.615704     -3.653644    
  2.619659     -4.176853    
  2.619746     -4.076179    
  2.620859     -4.309539    
  2.620946     -3.997423    
  2.621962     -4.148169    
  2.622049     -3.674246    
  2.625471     -3.991960    
  2.625557     -4.404430    
  2.626297     -3.518017    
  2.626384     -3.697441    
  2.627024     -3.740192    
  2.627111     -3.650383    
  2.630159     -3.958826    
  2.633186     -3.639485    
  2.633273     -3.735726    
  2.633585     -3.694889    
  2.633672     -3.717173    
  2.636750     -3.960281    
  2.639805     -3.732221    
  2.642840     -3.941386    
  2.645853     -3.908794    
  2.645940     -3.911256    
  2.646436     -3.889234    
  2.646523     -3.870307    
  2.648513     -4.018022    
  2.648600     -4.128001    
  2.650581     -3.828459    
  2.650668     -3.826052    
  2.652023     -3.841902    
  2.652110     -3.842862    
  2.653758     -3.909204    
  2.653845     -3.963043    
  2.654514     -4.019428    
  2.654601     -4.041953    
  2.655848     -4.457208    
  2.655935     -3.935896    
  2.656856     -3.819077    
  2.656943     -3.845206    
  2.659789     -3.954693    
  2.659876     -4.028768    
  2.661632     -3.918496    
  2.661711     -3.912421    
  2.661798     -3.931384    
  2.662838     -3.947549    
  2.662925     -3.877066    
  2.664288     -3.909447    
  2.665620     -3.941827    
  2.666947     -3.992931    
  2.668270     -3.670233    
  2.668357     -3.746489    
  2.669554     -3.880497    
  2.670748     -3.954080    
  2.670835     -3.940020    
  2.671974     -3.938394    
  2.673109     -3.946652    
  2.674242     -3.972729    
  2.675371     -3.966670    
  2.675458     -3.968963    
  2.676824     -3.991947    
  2.676911     -3.984733    
  2.677751     -3.991088    
  2.677838     -3.989486    
  2.679282     -4.002897    
  2.680721     -4.003939    
  2.682155     -4.004866    
  2.683585     -4.010343    
  2.683672     -4.010052    
  2.684694     -4.006323    
  2.685714     -4.010026    
  2.685801     -4.009280    
  2.685988     -4.010089    
  2.686075     -4.011003    
  2.686520     -4.012916    
  2.686607     -4.098349    
  2.687604     -3.943084    
  2.688599     -3.991840    
  2.688686     -3.986240    
  2.689315     -3.913553    
  2.689943     -3.973815    
  2.690571     -3.920872    
  2.691198     -3.943967    
  2.691823     -3.963229    
  2.692448     -3.985719    
  2.693072     -4.006678    
  2.693695     -4.011107    
  2.694317     -4.025490    
  2.694939     -4.006168    
  2.695559     -4.147875    
  2.696179     -4.070754    
  2.696797     -4.056053    
  2.697415     -4.040425    
  2.698032     -4.035967    
  2.698648     -4.035630    
  2.698717     -4.035897    
  2.698803     -4.036100    
  2.699142     -4.036100    
  2.699229     -4.038444    
  2.700077     -4.044734    
  2.700500     -4.038636    
  2.700923     -4.039102    
  2.701345     -4.041155    
  2.701767     -4.034415    
  2.702189     -4.033215    
  2.702610     -4.033239    
  2.702697     -4.056598    
  2.706323     -4.042787    
  2.706410     -4.035875    
  2.708352     -4.070156    
  2.708438     -4.084643    
  2.709271     -4.066774    
  2.709358     -4.192925    
  2.712230     -4.067067    
  2.712317     -4.095272    
  2.716395     -4.058975    
  2.716481     -4.074676    
  2.716568     -4.081931    
  2.718970     -4.078536    
  2.721359     -4.093362    
  2.721446     -4.095695    
  2.721792     -4.083893    
  2.721879     -4.080344    
  2.724957     -4.126799    
  2.725044     -4.084349    
  2.728368     -4.099969    
  2.728455     -4.099824    
  2.728556     -4.099961    
  2.728643     -4.068498    
  2.730036     -4.205085    
  2.730123     -4.124386    
  2.733020     -4.078925    
  2.735898     -4.116452    
  2.735985     -4.115438    
  2.736079     -4.114688    
  2.737059     -4.118129    
  2.737146     -4.120083    
  2.740300     -4.127220    
  2.740387     -4.128516    
  2.744215     -4.132757    
  2.748009     -4.142065    
  2.751770     -4.145447    
  2.755499     -4.176705    
  2.755586     -4.182223    
  2.758474     -4.158802    
  2.758561     -4.164067    
  2.759027     -4.164294    
  2.759113     -4.165134    
  2.759268     -4.168114    
  2.759355     -4.168162    
  2.759911     -4.165017    
  2.759997     -4.166036    
  2.760747     -4.167123    
  2.760833     -4.168276    
  2.762307     -4.170130    
  2.762394     -4.171656    
  2.764577     -4.175895    
  2.764664     -4.176195    
  2.765400     -4.176358    
  2.765487     -4.176499    
  2.765755     -4.177966    
  2.765842     -4.302218    
  2.767568     -4.196697    
  2.767655     -4.079738    
  2.771767     -4.114640    
  2.775841     -4.187258    
  2.775928     -4.192309    
  2.777541     -4.201032    
  2.777628     -4.203148    
  2.781421     -4.211006    
  2.781508     -4.211105    
  2.784445     -4.219933    
  2.787363     -4.221660    
  2.787450     -4.222917    
  2.789348     -4.227303    
  2.789435     -4.227766    
  2.792054     -4.233565    
  2.792141     -4.233284    
  2.795962     -4.242236    
  2.796049     -4.242192    
  2.798395     -4.272824    
  2.800729     -4.240151    
  2.803050     -4.257737    
  2.805359     -4.261384    
  2.807656     -4.263585    
  2.809941     -4.284896    
  2.812213     -4.273845    
  2.814474     -4.280172    
  2.814561     -4.284358    
  2.815775     -4.282859    
  2.815862     -4.281966    
  2.816430     -4.283915    
  2.816517     -4.283701    
  2.818570     -4.287282    
  2.818657     -4.286850    
  2.821422     -4.296859    
  2.824169     -4.303806    
  2.826900     -4.311180    
  2.829613     -4.313153    
  2.829700     -4.313138    
  2.832139     -4.325679    
  2.834565     -4.297417    
  2.836978     -4.467923    
  2.839377     -4.218457    
  2.839464     -4.263532    
  2.842740     -4.334549    
  2.845992     -4.349038    
  2.846054     -4.346877    
  2.846141     -4.346633    
  2.846320     -4.346190    
  2.846407     -4.346235    
  2.846929     -4.347818    
  2.847016     -4.347711    
  2.850284     -4.355107    
  2.850371     -4.353421    
  2.851107     -4.356724    
  2.851194     -4.356474    
  2.851272     -4.356387    
  2.851359     -4.356385    
  2.851605     -4.357891    
  2.851692     -4.359664    
  2.852969     -4.361928    
  2.853056     -4.404098    
  2.856721     -4.344564    
  2.856808     -4.366448    
  2.860014     -4.370907    
  2.863196     -4.375276    
  2.863283     -4.380687    
  2.866961     -4.384069    
  2.867048     -4.384344    
  2.867158     -4.382890    
  2.871477     -4.405366    
  2.871560     -4.399851    
  2.871647     -4.444737    
  2.874394     -4.442492    
  2.877123     -4.406867    
  2.877210     -4.401189    
  2.879769     -4.408897    
  2.882313     -4.411576    
  2.882400     -4.409958    
  2.882670     -4.410309    
  2.882757    -100.00000    
  2.885337     -4.010297    
  2.885423     -3.886216    
  2.886380     -4.012113    
  2.886467     -4.029309    
  2.886654     -4.070040    
  2.886741     -4.207776    
  2.889314     -4.414314    
  2.889401     -4.304755    
  2.891964     -4.454023    
  2.892051     -4.418397    
  2.893704     -4.433088    
  2.893791     -4.434347    
  2.894071     -4.438099    
  2.894158     -4.438588    
  2.895095     -4.438605    
  2.895182     -4.442584    
  2.896767     -4.444520    
  2.896854     -4.442032    
  2.897787     -4.441702    
  2.897874     -4.486349    
  2.900589     -4.441154    
  2.900676     -4.447176    
  2.902856     -4.455603    
  2.905026     -4.459720    
  2.905113     -4.468706    
  2.908098     -4.463538    
  2.908185     -4.463029    
  2.908477     -4.462938    
  2.908564     -4.462729    
  2.910090     -4.463694    
  2.910176     -4.463670    
  2.913363     -4.466851    
  2.916527     -4.524702    
  2.916614     -4.410139    
  2.916785     -4.408009    
  2.916872     -4.409010    
  2.917171     -4.419290    
  2.917258     -4.431243    
  2.919518     -4.477681    
  2.921765     -4.482317    
  2.921852     -4.483439    
  2.925029     -4.490723    
  2.925116     -4.490775    
  2.925941     -4.491221    
  2.926028     -4.493452    
  2.927554     -4.496029    
  2.927641     -4.497240    
  2.927950     -4.500751    
  2.928037     -4.501018    
  2.928671     -4.494488    
  2.928758     -4.493631    
  2.929127     -4.493022    
  2.929213     -4.493459    
  2.929524     -4.494034    
  2.929611     -4.493636    
  2.930245     -4.498288    
  2.930332     -4.499188    
  2.930604     -4.499986    
  2.930691     -4.500093    
  2.930963     -4.500962    
  2.931050     -4.501332    
  2.934646     -4.502193    
  2.934733     -4.505464    
  2.936807     -4.490167    
  2.936894     -4.486415    
  2.937412     -4.486910    
  2.937499     -4.490007    
  2.937612     -4.496265    
  2.939332     -4.504674    
  2.939418     -4.505737    
  2.941608     -4.503890    
  2.943787     -4.517351    
  2.943874     -4.517291    
  2.945266     -4.520717    
  2.945353     -4.521810    
  2.946273     -4.523770    
  2.946360     -4.523838    
  2.946687     -4.523438    
  2.946774     -4.524896    
  2.949036     -4.531307    
  2.951287     -4.527245    
  2.951374     -4.536727    
  2.953319     -4.515702    
  2.953406     -4.510229    
  2.953750     -4.512533    
  2.953837     -4.513398    
  2.954344     -4.516152    
  2.954431     -4.516617    
  2.955739     -4.531738    
  2.955826     -4.531079    
  2.956162     -4.530854    
  2.956249     -4.530532    
  2.956822     -4.536419    
  2.956909     -4.538599    
  2.957620     -4.540282    
  2.957703     -4.538968    
  2.957790     -4.540247    
  2.958622     -4.535452    
  2.958708     -4.525377    
  2.959196     -4.505711    
  2.959269     -4.508578    
  2.959356     -4.509958    
  2.959520     -4.513293    
  2.959575     -4.514345    
  2.959642     -4.516228    
  2.959729     -4.511899    
  2.959839     -4.492463    
  2.959926     -4.463242    
  2.960694     -4.407307    
  2.960781     -4.415070    
  2.961021     -4.430136    
  2.961108     -4.436686    
  2.961209     -4.431519    
  2.965318     -4.865517    
  2.965405     -4.491357    
  2.969227     -4.258816    
  2.969314     -4.400642    
  2.972533     -4.549902    
  2.975728     -4.506914    
  2.975815     -4.401278    
  2.976166     -4.417453    
  2.976253     -4.609401    
  2.979351     -4.502823    
  2.982423     -4.682191    
  2.982509     -4.465060    
  2.982872     -4.373518    
  2.982959     -4.353778    
  2.986873     -4.677859    
  2.990753     -4.407101    
  2.994598     -4.699672    
  2.998409     -4.414130    
  3.002187     -4.557822    
  3.005933     -4.591998    
  3.009646     -4.787928    
  3.013329     -4.295308    
  3.016980     -4.665187    
  3.020600     -4.652146    
  3.024191     -4.634224    
  3.027752     -4.665661    
  3.031285     -4.690416    
  3.034788     -4.749444    
  3.038264     -4.327759    
  3.041713     -4.715029    
  3.041799     -4.691253    
  3.044019     -4.692354    
  3.044106     -4.686537    
  3.046417     -4.679687    
  3.046504     -4.690923    
  3.047266     -4.682952    
  3.047353     -4.706499    
  3.050503     -4.689126    
  3.053630     -4.746978    
  3.056735     -4.659116    
  3.059819     -4.738891    
  3.062880     -4.724483    
  3.065920     -4.767758    
  3.068939     -4.695359    
  3.071937     -4.770747    
  3.072024     -4.738146    
  3.074515     -4.769196    
  3.074602     -4.766750    
  3.077416     -4.768242    
  3.080211     -4.728754    
  3.082988     -4.995281    
  3.085748     -4.498219    
  3.085835     -4.006882    
  3.088164     -4.468370    
  3.088251     -4.485953    
  3.089222     -4.576103    
  3.089309     -4.747883    
  3.091849     -4.715466    
  3.091936     -5.296475    
  3.095352     -4.382761    
  3.095438     -4.207534    
  3.096179     -4.349376    
  3.096266     -4.492902    
  3.099969     -4.903908    
  3.100056     -4.872699    
  3.102791     -4.739736    
  3.105509     -4.874997    
  3.105596     -4.785191    
  3.108813     -4.840602    
  3.112005     -4.675515    
  3.112092     -4.934531    
  3.114687     -4.737902    
  3.114774     -4.838116    
  3.114901     -4.847511    
  3.114988     -4.778845    
  3.116978     -4.815383    
  3.117065     -4.971237    
  3.117740     -4.869805    
  3.117827     -4.856454    
  3.118223     -4.748188    
  3.118310     -4.670021    
  3.120853     -4.964035    
  3.123381     -4.770352    
  3.123468     -4.948838    
  3.125997     -4.747271    
  3.126084     -4.901789    
  3.127687     -4.812457    
  3.127774     -4.752134    
  3.129225     -4.886647    
  3.129312     -4.860943    
  3.132455     -4.913258    
  3.135577     -5.014534    
  3.135664     -4.751334    
  3.136182     -4.675764    
  3.136269     -4.719076    
  3.138696     -5.210706    
  3.141109     -4.633942    
  3.141196     -4.924326    
  3.144101     -4.787741    
  3.144188     -4.865104    
  3.144956     -4.891595    
  3.145043     -4.833944    
  3.146758     -5.027362    
  3.146845     -5.288447    
  3.146975     -5.299059    
  3.147795     -4.762742    
  3.147882     -4.911002    
  3.148729     -5.339108    
  3.148816     -5.514092    
  3.150639     -4.593996    
  3.150726     -4.877181    
  3.151276     -4.876773    
  3.151363     -4.853488    
  3.153068     -4.983894    
  3.153155     -4.847635    
  3.153381     -4.812924    
  3.153434     -4.808731    
  3.153521     -4.794079    
  3.155016     -4.891398    
  3.155103     -5.379443    
  3.156074     -5.020577    
  3.156161     -4.777465    
  3.160418     -4.946097    
  3.164633     -4.981890    
  3.164720     -4.843993    
  3.165979     -5.132014    
  3.166066     -4.896367    
  3.168877     -4.879182    
  3.171670     -4.927805    
  3.171756     -4.446221    
  3.173578     -4.414046    
  3.173665     -4.536054    
  3.177077     -5.043690    
  3.180463     -5.085228    
  3.180550     -5.082945    
  3.181960     -5.099382    
  3.182047     -5.062413    
  3.184770     -5.103789    
  3.187477     -5.034979    
  3.187564     -5.055540    
  3.188338     -5.072331    
  3.188425     -5.206851    
  3.189356     -5.022778    
  3.189443    -100.00000    
  3.191119     -5.559816    
  3.191206     -4.823592    
  3.192224     -4.445284    
  3.192311     -4.436984    
  3.194885     -4.971923    
  3.194972     -4.921734    
  3.196916     -5.064578    
  3.197003     -5.068955    
  3.200094     -5.135295    
  3.203162     -5.083074    
  3.203250     -5.142117    
  3.204674     -5.115890    
  3.204761     -5.104661    
  3.207365     -5.121873    
  3.207452     -5.126774    
  3.209994     -5.129376    
  3.212521     -5.057660    
  3.215033     -4.886333    
  3.217531     -3.985216    
  3.217618     -4.229088    
  3.218164     -4.415125    
  3.218251     -4.438022    
  3.218329     -4.462924    
  3.218415     -4.648236    
  3.222383     -5.340870    
  3.226315     -5.192374    
  3.230212     -5.200346    
  3.234074     -5.454563    
  3.237901     -4.775388    
  3.241696     -5.288099    
  3.245457     -5.233894    
  3.249187     -5.240119    
  3.249274     -5.249344    
  3.251238     -5.263684    
  3.251325     -5.262561    
  3.251523     -5.263785    
  3.251610     -5.265246    
  3.254604     -5.279865    
  3.257576     -5.253998    
  3.260529     -5.268919    
  3.263462     -5.299883    
  3.263549     -5.300978    
  3.265995     -5.300560    
  3.268428     -5.313171    
  3.270847     -5.287133    
  3.273253     -5.309938    
  3.273340     -5.322420    
  3.276535     -5.320059    
  3.279706     -5.335590    
  3.279793     -5.335688    
  3.281662     -5.342154    
  3.281749     -5.341316    
  3.285833     -5.362864    
  3.285920     -5.350965    
  3.289028     -5.359489    
  3.289115     -5.362495    
  3.291415     -5.362153    
  3.291501     -5.365323    
  3.293929     -5.375962    
  3.296343     -5.383025    
  3.298744     -5.388016    
  3.301132     -5.394221    
  3.301219     -5.395550    
  3.305074     -5.405644    
  3.305161     -5.406485    
  3.305985     -5.407784    
  3.306072     -5.410290    
  3.306887     -5.403285    
  3.306974     -5.393584    
  3.309850     -5.418498    
  3.309937     -5.416318    
  3.310624     -5.418039    
  3.310710     -5.420284    
  3.311825     -5.413507    
  3.311912     -5.416636    
  3.312012     -5.416834    
  3.312099     -5.401949    
  3.314648     -5.448693    
  3.317181     -5.476865    
  3.319700     -5.470776    
  3.322204     -5.449342    
  3.324695     -5.441452    
  3.327170     -5.454758    
  3.329632     -5.471494    
  3.332080     -5.467914    
  3.334514     -5.453153    
  3.336935     -5.468657    
  3.339342     -5.543655    
  3.341736     -5.436941    
  3.344117     -5.535142    
  3.346485     -5.483110    
  3.348840     -5.471629    
  3.351182     -5.568442    
  3.351269     -5.639483    
  3.354866     -5.436231    
  3.358433     -5.595722    
  3.361971     -5.635847    
  3.365480     -5.382947    
  3.365567     -5.464117    
  3.367434     -5.594024    
  3.367521     -5.589345    
  3.370087     -5.617476    
  3.372609     -5.595186    
  3.375118     -5.623156    
  3.377612     -5.633512    
  3.377699     -5.589132    
  3.380754     -5.431260    
  3.383787     -5.633912    
  3.386800     -5.660683    
  3.389792     -5.667958    
  3.389879     -5.666421    
  3.392466     -5.673980    
  3.395039     -5.680837    
  3.395126     -5.680773    
  3.397959     -5.687879    
  3.398046     -5.688421    
  3.398416     -5.689221    
  3.398503     -5.739855    
  3.400855     -5.622045    
  3.400942     -5.366144    
  3.402428     -5.385456    
  3.402515     -5.463944    
  3.404126     -5.645768    
  3.404213     -5.644577    
  3.406921     -5.718249    
  3.409611     -5.707259    
  3.412285     -5.726513    
  3.414942     -5.733113    
  3.415029     -5.731451    
  3.419186     -5.744110    
  3.423303     -5.757930    
  3.427382     -5.765022    
  3.431422     -5.775332    
  3.431509     -5.768893    
  3.434904     -5.927742    
  3.438273     -5.351117    
  3.441616     -5.819999    
  3.444934     -5.826372    
  3.445021     -5.815287    
  3.447484     -5.821860    
  3.449934     -5.826460    
  3.450021     -5.835235    
  3.452474     -5.833653    
  3.454914     -5.838951    
  3.455001     -5.839968    
  3.457947     -5.843644    
  3.460873     -5.852176    
  3.463780     -5.862494    
  3.466667     -5.867817    
  3.466754     -5.869021    
  3.467583     -5.871331    
  3.467670     -5.925155    
  3.469453     -5.877477    
  3.469505     -5.878888    
  3.469592     -5.878744    
  3.469843     -5.877819    
  3.469930     -5.876729    
  3.471179     -5.875996    
  3.471266     -5.876500    
  3.474100     -5.890034    
  3.474187     -5.892486    
  3.476423     -5.883537    
  3.478648     -5.842189    
  3.480861     -5.906701    
  3.483063     -5.913300    
  3.483150     -5.910761    
  3.485959     -5.923578    
  3.488749     -5.921524    
  3.491522     -5.936319    
  3.494277     -5.943194    
  3.494364     -5.944045    
  3.496766     -5.942606    
  3.499154     -5.954705    
  3.501530     -5.997876    
  3.503893     -5.987251    
  3.506243     -5.566492    
  3.508580     -5.537054    
  3.510905     -5.960072    
  3.513217     -6.004993    
  3.513304     -5.996105    
  3.515963     -6.005722    
  3.518606     -6.010351    
  3.521233     -6.016865    
  3.523845     -6.024316    
  3.526440     -6.027861    
  3.529020     -6.032535    
  3.531585     -6.043965    
  3.534135     -6.047768    
  3.534222     -6.050587    
  3.536649     -6.060024    
  3.539062     -6.059252    
  3.541462     -6.129200    
  3.543849     -5.742311    
  3.543936     -5.829076    
  3.544500     -5.909637    
  3.544586     -5.941789    
  3.547376     -6.094916    
  3.550148     -6.094646    
  3.550235     -6.094786    
  3.552940     -6.104873    
  3.555627     -6.111007    
  3.555714     -6.108526    
  3.556728     -6.114046    
  3.556815     -6.114131    
  3.557696     -6.115244    
  3.557783     -6.114626    
  3.558846     -6.123096    
  3.558933     -6.118722    
  3.559110     -6.118789    
  3.559197     -6.119085    
  3.559291     -6.119420    
  3.559378     -6.119971    
  3.560851     -6.125082    
  3.560938     -6.117609    
  3.561019     -6.117773    
  3.561106     -6.118230    
  3.561368     -6.119806    
  3.561455     -6.120272    
  3.561549     -6.120763    
  3.561702     -6.121552    
  3.561789     -6.122132    
  3.561899     -6.122502    
  3.561986     -6.122527    
  3.562293     -6.116464    
  3.565681     -6.177089    
  3.565768     -6.175990    
  3.568672     -6.174387    
  3.571556     -6.176916    
  3.574422     -6.147557    
  3.577268     -6.151720    
  3.580096     -6.183179    
  3.582906     -6.173491    
  3.585698     -6.169996    
  3.588471     -6.235539    
  3.591228     -6.111826    
  3.593966     -6.227701    
  3.596688     -6.204270    
  3.599393     -6.226917    
  3.602081     -6.197436    
  3.604752     -6.309398    
  3.607407     -6.218278    
  3.610046     -5.948144    
  3.610133     -6.048201    
  3.612394     -6.313104    
  3.614642     -6.083788    
  3.616880     -6.274158    
  3.619105     -6.315102    
  3.621319     -6.322058    
  3.623523     -6.345955    
  3.625715     -6.191303    
  3.627896     -6.340581    
  3.627982     -6.331351    
  3.630428     -6.351077    
  3.632293     -6.355560    
  3.632379     -6.355607    
  3.635363     -6.378298    
  3.638325     -6.191351    
  3.641268     -6.282604    
  3.644191     -6.376144    
  3.644278     -6.375028    
  3.646967     -6.394515    
  3.649640     -6.408190    
  3.652297     -6.377005    
  3.654938     -6.336879    
  3.655025     -6.349486    
  3.657211     -6.428717    
  3.659385     -6.161596    
  3.659472     -6.273365    
  3.663615     -6.465839    
  3.663702     -6.443398    
  3.666918     -6.378460    
  3.670110     -6.427419    
  3.670197     -6.068221    
  3.674031     -5.679805    
  3.677831     -6.582814    
  3.681598     -6.489862    
  3.685333     -6.494428    
  3.685420     -6.709524    
  3.688862     -6.086093    
  3.688948     -6.166060    
  3.690731     -6.437414    
  3.690818     -6.408422    
  3.691459     -6.451554    
  3.691546     -6.469554    
  3.694812     -6.488952    
  3.694898     -6.506029    
  3.695365     -6.510672    
  3.695452     -6.512066    
  3.695518     -6.513044    
  3.695605     -6.516090    
  3.698701     -6.533661    
  3.701776     -6.540565    
  3.704828     -6.545820    
  3.707860     -6.555896    
  3.710870     -6.564467    
  3.712650     -6.565543    
  3.713860     -6.570518    
  3.716830     -6.580889    
  3.719779     -6.569215    
  3.719866     -6.584518    
  3.723198     -6.595700    
  3.726504     -6.605008    
  3.729786     -6.614128    
  3.733043     -6.623114    
  3.733130     -6.481383    
  3.736895     -6.426342    
  3.740628     -6.669193    
  3.740715     -6.644260    
  3.743507     -6.654578    
  3.746281     -6.660424    
  3.749037     -6.667271    
  3.751777     -6.674528    
  3.751863     -6.674764    
  3.754658     -6.682256    
  3.754745     -6.682504    
  3.755217     -6.683785    
  3.755304     -6.684015    
  3.755522     -6.684597    
  3.755609     -6.681109    
  3.758467     -6.703976    
  3.761306     -6.730563    
  3.764127     -6.581684    
  3.766929     -6.619085    
  3.769713     -6.650509    
  3.772480     -6.659483    
  3.775229     -6.733829    
  3.777961     -6.746327    
  3.778048     -6.740720    
  3.778151     -6.749462    
  3.781161     -6.746871    
  3.784252     -6.759715    
  3.787320     -6.765909    
  3.790368     -6.783825    
  3.793394     -6.777106    
  3.796399     -6.774383    
  3.799384     -6.819112    
  3.802348     -6.776075    
  3.802435     -6.774600    
  3.806009     -6.885018    
  3.806096     -6.854802    
  3.809815     -6.782534    
  3.809902     -6.818427    
  3.811377     -6.841086    
  3.811464     -6.841227    
  3.811517     -6.841634    
  3.811568     -6.841901    
  3.811655     -6.840149    
  3.814154     -6.874535    
  3.816638     -6.795522    
  3.819108     -6.224978    
  3.821564     -6.879150    
  3.821651     -6.787943    
  3.825835     -6.819332    
  3.829979     -6.897118    
  3.834084     -6.916095    
  3.838150     -6.925395    
  3.838237     -6.936760    
  3.840994     -6.828543    
  3.843735     -6.941771    
  3.846458     -6.947661    
  3.849164     -6.948850    
  3.851853     -6.900659    
  3.854526     -6.706828    
  3.857182     -6.864084    
  3.859823     -6.944066    
  3.859910     -6.957960    
  3.862754     -6.983234    
  3.865581     -6.996101    
  3.868389     -7.007530    
  3.871179     -7.008879    
  3.871266     -7.007646    
  3.873695     -7.020038    
  3.876111     -7.025949    
  3.878513     -7.031245    
  3.880902     -7.044725    
  3.880989     -6.875165    
  3.884377     -6.991092    
  3.887739     -7.056913    
  3.891076     -7.067931    
  3.894387     -7.076461    
  3.894474     -7.076803    
  3.898660     -7.088587    
  3.898747     -7.088737    
  3.901486     -7.095944    
  3.904208     -7.102930    
  3.904295     -7.101505    
  3.905384     -7.100765    
  3.905471     -7.101876    
  3.908472     -7.113910    
  3.908559     -7.114133    
  3.912193     -7.122900    
  3.912280     -7.122107    
  3.913068     -7.124395    
  3.913155     -7.124850    
  3.913273     -7.125268    
  3.913714     -7.126965    
  3.913769     -7.127097    
  3.913842     -7.127233    
  3.913889     -7.127311    
  3.913972     -7.127769    
  3.914081     -7.128484    
  3.914168     -7.186684    
  3.916915     -7.019663    
  3.917002     -6.885789    
  3.919240     -7.069357    
  3.921466     -7.165890    
  3.923680     -7.167379    
  3.925884     -7.174696    
  3.928076     -7.178035    
  3.930258     -7.184299    
  3.934588     -7.197749    
  3.938875     -7.201252    
  3.943121     -7.199663    
  3.947325     -7.222820    
  3.951490     -7.219810    
  3.955614     -7.234476    
  3.959700     -7.257675    
  3.963748     -7.279547    
  3.967758     -7.265676    
  3.971732     -7.068034    
  3.975669     -7.309503    
  3.979571     -7.306590    
  3.983439     -7.255714    
  3.983526     -7.317532    
  3.987126     -7.356024    
  3.990697     -7.317685    
  3.994239     -7.363063    
  3.997752     -7.380304    
  3.997838     -7.378456    
  4.000147     -7.387768    
  4.002444     -7.333965    
  4.004728     -7.371647    
  4.007001     -6.773201    
  4.009262     -7.260367    
  4.011511     -7.392535    
  4.013748     -7.420899    
  4.015974     -7.416049    
  4.018189     -7.421826    
  4.020392     -7.345417    
  4.022585     -7.442495    
  4.024766     -7.451978    
  4.029096     -7.463421    
  4.033383     -7.473717    
  4.033470     -7.375994    
  4.034774     -7.999582    
  4.034861     -6.988595    
  4.038365     -7.085690    
  4.038452     -7.283875    
  4.040802     -7.243658    
  4.043140     -7.475831    
  4.045465     -7.506085    
  4.047778     -7.513927    
  4.047865     -7.513310    
  4.051277     -7.534437    
  4.054632     -7.542231    
  4.057962     -7.551116    
  4.061267     -7.561458    
  4.061354     -7.563479    
  4.065579     -7.380417    
  4.069764     -7.384014    
  4.073909     -7.611101    
  4.078015     -7.606396    
  4.078102     -7.607348    
  4.080241     -7.613448    
  4.080328     -7.584687    
  4.080857     -7.585936    
  4.080944     -7.589555    
  4.081009     -7.589170    
  4.081054     -7.584034    
  4.082194     -7.580949    
  4.082281     -7.593747    
  4.084738     -7.607799    
  4.087181     -7.619109    
  4.089611     -7.633099    
  4.092028     -7.621762    
  4.094430     -7.645584    
  4.096820     -7.637143    
  4.099197     -7.657159    
  4.101560     -7.643873    
  4.101647     -7.652549    
  4.104844     -7.682372    
  4.108018     -7.499991    
  4.111169     -7.495728    
  4.114297     -7.686593    
  4.117403     -7.719407    
  4.120486     -7.691480    
  4.123548     -7.720758    
  4.126589     -7.740350    
  4.129608     -7.715853    
  4.132606     -7.742399    
  4.135584     -7.761512    
  4.138542     -7.760649    
  4.141479     -7.733086    
  4.144397     -7.776789    
  4.147296     -7.791333    
  4.150175     -7.800459    
  4.150262     -7.801272    
  4.153103     -7.818654    
  4.155926     -7.770623    
  4.156013     -7.752903    
  4.158103     -7.794282    
  4.158190     -7.809604    
  4.161727     -7.837818    
  4.161814     -7.834083    
  4.163762     -7.840050    
  4.163849     -7.840300    
  4.163959     -7.840715    
  4.164046     -7.839814    
  4.166389     -7.858572    
  4.168720     -7.879848    
  4.171039     -7.606434    
  4.173345     -7.811808    
  4.175640     -7.828495    
  4.177922     -7.893054    
  4.180192     -7.896807    
  4.182450     -7.903316    
  4.184697     -7.904860    
  4.186932     -7.911057    
  4.189156     -7.917639    
  4.191369     -7.926316    
  4.193570     -7.925281    
  4.195760     -7.951402    
  4.197939     -7.839599    
  4.200107     -7.923994    
  4.204411     -7.965456    
  4.208673     -7.957246    
  4.212894     -7.981228    
  4.217074     -7.970968    
  4.221214     -7.997893    
  4.225315     -8.020538    
  4.229377     -7.927635    
  4.233402     -8.029734    
  4.233489     -8.013739    
  4.235773     -8.048300    
  4.238044     -8.072813    
  4.240303     -7.974418    
  4.242551     -8.020655    
  4.244787     -8.073140    
  4.247012     -8.082415    
  4.249225     -8.073899    
  4.251427     -8.062624    
  4.251514     -8.075516    
  4.255198     -8.105987    
  4.258852     -8.106343    
  4.262474     -8.066417    
  4.266067     -8.141421    
  4.266154     -8.133328    
  4.268659     -8.266253    
  4.271149     -7.755142    
  4.273626     -7.565373    
  4.276088     -7.835455    
  4.278536     -8.148102    
  4.280971     -8.142327    
  4.283392     -8.056805    
  4.285800     -8.178166    
  4.288194     -8.204080    
  4.290575     -8.083262    
  4.292943     -8.200901    
  4.295299     -8.220244    
  4.297641     -8.227786    
  4.299971     -8.234641    
  4.302289     -8.240519    
  4.304595     -8.246880    
  4.306888     -8.253672    
  4.309169     -8.248672    
  4.311438     -8.180730    
  4.313695     -8.363060    
  4.315941     -8.267989    
  4.318175     -8.284252    
  4.320398     -8.295216    
  4.322610     -8.284466    
  4.324810     -8.282123    
  4.326999     -8.271846    
  4.329177     -8.299897    
  4.331345     -8.318840    
  4.335647     -8.233145    
  4.339907     -8.280989    
  4.339994     -8.195202    
  4.343342     -8.219572    
  4.346664     -8.351678    
  4.349961     -8.368541    
  4.353233     -8.380307    
  4.353320     -8.383812    
  4.356074     -8.366274    
  4.356161     -8.371667    
  4.357582     -8.377550    
  4.357669     -8.379680    
  4.357779     -8.380768    
  4.357865     -8.383424    
  4.360696     -8.410889    
  4.363507     -8.419587    
  4.366301     -8.394976    
  4.369077     -8.438933    
  4.371835     -8.331708    
  4.374576     -8.433697    
  4.377300     -8.434746    
  4.380006     -8.448822    
  4.382696     -8.468212    
  4.385369     -8.474617    
  4.388026     -8.482378    
  4.390667     -8.486632    
  4.393292     -8.459483    
  4.395901     -8.504192    
  4.398495     -8.507207    
  4.401073     -8.522683    
  4.403636     -8.519730    
  4.406183     -8.536178    
  4.408716     -8.494038    
  4.411235     -8.487872    
  4.413739     -8.553834    
  4.416228     -8.561510    
  4.418703     -8.469105    
  4.421164     -8.341136    
  4.423612     -8.538715    
  4.426045     -8.585810    
  4.428465     -8.568513    
  4.430872     -8.596216    
  4.433266     -8.551985    
  4.435646     -8.599121    
  4.438013     -8.622866    
  4.440368     -8.629559    
  4.440455     -8.613682    
  4.442834     -8.610611    
  4.445201     -8.645406    
  4.445288     -8.647005    
  4.447569     -8.657098    
  4.449839     -8.611010    
  4.452097     -8.489795    
  4.454343     -8.452851    
  4.456578     -8.591826    
  4.458801     -8.643782    
  4.461013     -8.604710    
  4.463213     -8.667387    
  4.465403     -8.703088    
  4.467581     -8.712819    
  4.471906     -8.703870    
  4.476188     -8.734278    
  4.480428     -8.607059    
  4.512937     -8.809793    
  4.513024     -8.829809    
  4.514610     -8.838671    
  4.514697     -8.839323    
  4.515945     -8.843882    
  4.516032     -8.843746    
  4.516141     -8.844193    
  4.516228     -8.838339    
  4.585469     -9.015410    
  4.585556     -8.973385    
  4.648489     -9.155912    
  4.648576     -9.200590    
  4.649548     -9.215402    
  4.649635     -9.216546    
  4.649838     -9.218987    
  4.649925     -9.219910    
  4.650035     -9.221025    
  4.650122     -9.157521    
  4.709765     -9.353461    
  4.709852     -9.374806    
  4.765753     -9.509263    
  4.765822     -9.547259    
  4.765909     -9.547953    
  4.766019     -9.552024    
  4.766106     -9.519778    
  4.818480     -9.712455    
  4.818567     -9.661850    
  4.868094     -9.760553    
  4.868152     -9.817696    
  4.868214     -9.814644    
  4.868324     -9.815499    
  4.868411     -9.674718    
  4.915089     -10.06116    
  4.915176     -9.977862    
  4.959449     -10.08768    
  4.959536     -10.12431    
  4.959642     -9.820045    
  4.959729     -9.574584    
  4.959839     -9.598287    
  4.959925     -10.08231    
  5.002021     -10.11396    
  5.002108     -10.22105    
  5.041986     -10.33218    
  5.042072     -10.35191    
  5.042428     -10.34747    
  5.042515     -10.34662    
  5.042624     -10.34560    
  5.042711     -10.29396    
  5.081038     -10.43863    
  5.081125     -10.33311    
  5.117569     -10.56168    
  5.117655     -10.60637    
  5.118005     -10.38729    
  5.118092     -9.854601    
  5.118201     -9.603648    
  5.118288     -10.43702    
  5.153462     -10.68311    
  5.153549     -10.64183    
  5.187204     -10.74598    
  5.187290     -10.73023    
  5.187529     -10.73297    
  5.187616     -10.73368    
  5.187725     -10.73448    
  5.187812     -10.71823    
  5.251180     -10.86823    
  5.251266     -10.91499    
  5.251931     -10.91678    
  5.252018     -10.91720    
  5.252095     -10.91747    
  5.252182     -10.89598    
  5.311750     -11.05478    
  5.311837     -11.10921    
  5.311944     -11.11182    
  5.312021     -11.11323    
  5.312108     -11.09699    
  5.368079     -11.18650    
  5.368165     -11.23547    
  5.420736     -11.39776    
  5.420823     -11.36393    
  5.470384     -11.48763    
  5.470471     -11.51867    
  5.517346     -11.67103    
  5.517433     -11.63774    
  5.561899     -11.78030    
  5.561985     -11.78468    
  5.604277     -11.86399    
  5.604364     -11.90561    
  5.644684     -11.99961    
  5.644771     -12.01070    
  6.101351     -13.26013    
  6.318972     -13.87245    
  6.571403     -14.56979    
  6.845929     -15.33200    
  7.133075     -16.14106    
  7.426993     -17.00219    
  7.724423     -17.95017    
  8.023641     -19.10114    
  8.323763     -20.73351    
  8.624338     -22.54419    
  8.925140    -100.00000    
