 0.6989700    -100.00000    
 0.7247828    -100.00000    
 0.7491470    -100.00000    
 0.7722168    -100.00000    
 0.7941226    -100.00000    
 0.8348744    -100.00000    
 0.8721282    -100.00000    
 0.9064373    -100.00000    
 0.9382333     -44.89996    
 0.9678594     -43.75770    
 0.9955930     -43.28352    
  1.021661     -43.25008    
  1.046253     -43.61161    
  1.069527     -44.33195    
  1.091616     -45.33661    
  1.132686    -100.00000    
  1.170205    -100.00000    
  1.204739    -100.00000    
  1.236728    -100.00000    
  1.266522    -100.00000    
  1.294403    -100.00000    
  1.320601    -100.00000    
  1.345308    -100.00000    
  1.368685    -100.00000    
  1.390867    -100.00000    
  1.390954     -56.65987    
  1.407231    -100.00000    
  1.407318     -58.07451    
  1.416604    -100.00000    
  1.416691     -49.10892    
  1.434239    -100.00000    
  1.434325     -50.47404    
  1.438732     -51.00537    
  1.438819     -50.83449    
  1.442990     -51.33227    
  1.443077     -51.45606    
  1.465932    -100.00000    
  1.466019     -53.30347    
  1.466567     -53.35277    
  1.466654     -53.54127    
  1.485460    -100.00000    
  1.485547     -55.10058    
  1.485843     -55.12685    
  1.485930     -55.26249    
  1.499937    -100.00000    
  1.500023     -54.58224    
  1.502811     -54.81860    
  1.502898     -55.05995    
  1.515152     -56.45385    
  1.515239     -56.28510    
  1.538911    -100.00000    
  1.538998     -58.42319    
  1.541754     -58.69072    
  1.541841     -58.62433    
  1.544410     -62.43383    
  1.544497     -58.18602    
  1.546755    -100.00000    
  1.546842     -59.05702    
  1.568094    -100.00000    
  1.568181     -60.94638    
  1.576102     -61.73789    
  1.576189     -61.56375    
  1.577032     -61.63443    
  1.577119     -61.69570    
  1.586189     -62.61801    
  1.586276     -62.36758    
  1.587530     -62.46882    
  1.587617     -62.56930    
  1.602078    -100.00000    
  1.602165     -63.53208    
  1.604747     -63.77045    
  1.604834     -61.78717    
  1.629405    -100.00000    
  1.629492    -100.00000    
  1.633100    -100.00000    
  1.633187     -59.62637    
  1.643761    -100.00000    
  1.643848    -100.00000    
  1.646889    -100.00000    
  1.646976    -100.00000    
  1.653070    -100.00000    
  1.653157     -55.98631    
  1.667964    -100.00000    
  1.668051    -100.00000    
  1.673067    -100.00000    
  1.673154    -100.00000    
  1.673452    -100.00000    
  1.673539     -53.92581    
  1.683736    -100.00000    
  1.683823    -100.00000    
  1.689301    -100.00000    
  1.689388    -100.00000    
  1.690173    -100.00000    
  1.690260    -100.00000    
  1.691919    -100.00000    
  1.692006     -50.31036    
  1.709636    -100.00000    
  1.709723    -100.00000    
  1.714846    -100.00000    
  1.714933    -100.00000    
  1.717233    -100.00000    
  1.717320    -100.00000    
  1.717576    -100.00000    
  1.717663    -100.00000    
  1.719536    -100.00000    
  1.719623    -100.00000    
  1.721805    -100.00000    
  1.721892    -100.00000    
  1.725295    -100.00000    
  1.725382    -100.00000    
  1.731154    -100.00000    
  1.731241    -100.00000    
  1.731758    -100.00000    
  1.731845    -100.00000    
  1.732294    -100.00000    
  1.732381    -100.00000    
  1.735217    -100.00000    
  1.735304     -45.89718    
  1.746841    -100.00000    
  1.746929    -100.00000    
  1.747807    -100.00000    
  1.747894    -100.00000    
  1.753972    -100.00000    
  1.754058    -100.00000    
  1.756978    -100.00000    
  1.757065    -100.00000    
  1.762907    -100.00000    
  1.762994    -100.00000    
  1.763503    -100.00000    
  1.763590    -100.00000    
  1.765957    -100.00000    
  1.766044    -100.00000    
  1.768505    -100.00000    
  1.768592    -100.00000    
  1.776113    -100.00000    
  1.776200    -100.00000    
  1.781285    -100.00000    
  1.781372    -100.00000    
  1.781946    -100.00000    
  1.782033    -100.00000    
  1.786409    -100.00000    
  1.786495    -100.00000    
  1.788161    -100.00000    
  1.788248    -100.00000    
  1.789372    -100.00000    
  1.789459    -100.00000    
  1.792246    -100.00000    
  1.792333    -100.00000    
  1.800765    -100.00000    
  1.800851    -100.00000    
  1.809708    -100.00000    
  1.809795    -100.00000    
  1.810144    -100.00000    
  1.810231    -100.00000    
  1.814042    -100.00000    
  1.814129     -36.43077    
  1.834747    -100.00000    
  1.834834    -100.00000    
  1.838907    -100.00000    
  1.838994    -100.00000    
  1.840414    -100.00000    
  1.840501    -100.00000    
  1.842703    -100.00000    
  1.842790    -100.00000    
  1.844125    -100.00000    
  1.844212     -34.69333    
  1.857265    -100.00000    
  1.857352     -33.63354    
  1.870233    -100.00000    
  1.870320    -100.00000    
  1.871306    -100.00000    
  1.871393    -100.00000    
  1.872072    -100.00000    
  1.872158    -100.00000    
  1.873424    -100.00000    
  1.873511    -100.00000    
  1.880831    -100.00000    
  1.880918    -100.00000    
  1.887368    -100.00000    
  1.887455     -32.13204    
  1.899003    -100.00000    
  1.899090    -100.00000    
  1.905821    -100.00000    
  1.905908    -100.00000    
  1.911657    -100.00000    
  1.911744    -100.00000    
  1.912227    -100.00000    
  1.912313    -100.00000    
  1.913955    -100.00000    
  1.914042    -100.00000    
  1.924238    -100.00000    
  1.924325    -100.00000    
  1.925856    -100.00000    
  1.925943    -100.00000    
  1.926709    -100.00000    
  1.926796    -100.00000    
  1.926846    -100.00000    
  1.926932    -100.00000    
  1.927461    -100.00000    
  1.927548    -100.00000    
  1.930771    -100.00000    
  1.930858    -100.00000    
  1.933873    -100.00000    
  1.933960    -100.00000    
  1.936983    -100.00000    
  1.937070    -100.00000    
  1.938051    -100.00000    
  1.938138    -100.00000    
  1.940777    -100.00000    
  1.940864     -27.20784    
  1.955697    -100.00000    
  1.955784    -100.00000    
  1.959855    -100.00000    
  1.959942    -100.00000    
  1.963545    -100.00000    
  1.963632    -100.00000    
  1.974225    -100.00000    
  1.974312    -100.00000    
  1.974387    -100.00000    
  1.974474    -100.00000    
  1.977192    -100.00000    
  1.977279     -24.59082    
  1.994212    -100.00000    
  1.994299    -100.00000    
  1.996552    -100.00000    
  1.996639    -100.00000    
  1.997939    -100.00000    
  1.998026    -100.00000    
  2.000182    -100.00000    
  2.000268    -100.00000    
  2.007421    -100.00000    
  2.007508    -100.00000    
  2.009100    -100.00000    
  2.009187    -100.00000    
  2.009352    -100.00000    
  2.009439    -100.00000    
  2.009543    -100.00000    
  2.017372    -100.00000    
  2.017459    -100.00000    
  2.026471    -100.00000    
  2.026558    -100.00000    
  2.028108    -100.00000    
  2.028195     -20.33022    
  2.061043    -100.00000    
  2.061130    -100.00000    
  2.067104    -100.00000    
  2.067191    -100.00000    
  2.068339    -100.00000    
  2.068426    -100.00000    
  2.076209    -100.00000    
  2.076296     -19.31069    
  2.097304    -100.00000    
  2.097391    -100.00000    
  2.100294    -100.00000    
  2.100380    -100.00000    
  2.101519    -100.00000    
  2.101605    -100.00000    
  2.102584    -100.00000    
  2.102671    -100.00000    
  2.104539    -100.00000    
  2.104626    -100.00000    
  2.106101    -100.00000    
  2.106187    -100.00000    
  2.111508    -100.00000    
  2.111595    -100.00000    
  2.111941    -100.00000    
  2.112028    -100.00000    
  2.124229    -100.00000    
  2.124316    -100.00000    
  2.124942    -100.00000    
  2.125029    -100.00000    
  2.126973    -100.00000    
  2.127060    -100.00000    
  2.127658    -100.00000    
  2.127745    -100.00000    
  2.131986    -100.00000    
  2.132073    -100.00000    
  2.137486    -100.00000    
  2.137573    -100.00000    
  2.141450    -100.00000    
  2.141537    -100.00000    
  2.141662    -100.00000    
  2.141749    -100.00000    
  2.149371    -100.00000    
  2.149458    -100.00000    
  2.150293    -100.00000    
  2.150380    -100.00000    
  2.150508    -100.00000    
  2.154246    -100.00000    
  2.154333    -100.00000    
  2.156640    -100.00000    
  2.156727    -100.00000    
  2.156827    -100.00000    
  2.158960    -100.00000    
  2.159047    -100.00000    
  2.168055    -100.00000    
  2.168141    -100.00000    
  2.177604    -100.00000    
  2.177690    -100.00000    
  2.181731    -100.00000    
  2.181818    -100.00000    
  2.184198    -100.00000    
  2.184285    -100.00000    
  2.188445    -100.00000    
  2.188532    -100.00000    
  2.191911    -100.00000    
  2.191997    -100.00000    
  2.204170    -100.00000    
  2.204257    -100.00000    
  2.213352     -14.32465    
  2.213439     -14.32876    
  2.217837     -13.70183    
  2.217924     -13.66648    
  2.218030    -100.00000    
  2.218315    -100.00000    
  2.218402    -100.00000    
  2.218688    -100.00000    
  2.218775    -100.00000    
  2.225403    -100.00000    
  2.231931    -100.00000    
  2.232018     -13.80855    
  2.234695     -13.55669    
  2.234781     -13.54806    
  2.239617     -13.16229    
  2.239704    -100.00000    
  2.245345    -100.00000    
  2.245432    -100.00000    
  2.250721    -100.00000    
  2.250808    -100.00000    
  2.252069    -100.00000    
  2.252156    -100.00000    
  2.253696    -100.00000    
  2.253782    -100.00000    
  2.257177     -14.31775    
  2.260545    -100.00000    
  2.260632    -100.00000    
  2.263836    -100.00000    
  2.267016     -15.09576    
  2.267103    -100.00000    
  2.270490    -100.00000    
  2.270577    -100.00000    
  2.271628    -100.00000    
  2.271715    -100.00000    
  2.275818    -100.00000    
  2.275905    -100.00000    
  2.278364     -14.27633    
  2.280809     -14.22227    
  2.280896    -100.00000    
  2.283804    -100.00000    
  2.283891    -100.00000    
  2.284781     -14.32662    
  2.284868    -100.00000    
  2.286288    -100.00000    
  2.286375    -100.00000    
  2.286786    -100.00000    
  2.286873     -13.79698    
  2.289459    -100.00000    
  2.292031     -14.05580    
  2.294586    -100.00000    
  2.297128    -100.00000    
  2.297214    -100.00000    
  2.297982    -100.00000    
  2.298069    -100.00000    
  2.300085     -12.36484    
  2.302092    -100.00000    
  2.304090    -100.00000    
  2.306078    -100.00000    
  2.306165    -100.00000    
  2.308268    -100.00000    
  2.309316    -100.00000    
  2.310361    -100.00000    
  2.311404    -100.00000    
  2.312444    -100.00000    
  2.313482    -100.00000    
  2.314517    -100.00000    
  2.314604    -100.00000    
  2.315597    -100.00000    
  2.315684    -100.00000    
  2.316612    -100.00000    
  2.317538    -100.00000    
  2.318463    -100.00000    
  2.319385    -100.00000    
  2.320305    -100.00000    
  2.321224     -13.78186    
  2.322140     -13.11744    
  2.323055    -100.00000    
  2.323141    -100.00000    
  2.324295    -100.00000    
  2.325445    -100.00000    
  2.326592    -100.00000    
  2.327736    -100.00000    
  2.327823    -100.00000    
  2.328799    -100.00000    
  2.329773    -100.00000    
  2.330745    -100.00000    
  2.331714    -100.00000    
  2.331801    -100.00000    
  2.333101    -100.00000    
  2.333188     -13.34857    
  2.334187    -100.00000    
  2.335184    -100.00000    
  2.336179    -100.00000    
  2.337171    -100.00000    
  2.338161    -100.00000    
  2.339149    -100.00000    
  2.340135    -100.00000    
  2.341118    -100.00000    
  2.341205    -100.00000    
  2.341283    -100.00000    
  2.341370    -100.00000    
  2.341472    -100.00000    
  2.342320    -100.00000    
  2.343166    -100.00000    
  2.344011    -100.00000    
  2.344853    -100.00000    
  2.344940    -100.00000    
  2.345621    -100.00000    
  2.346301     -13.53717    
  2.346979    -100.00000    
  2.347657    -100.00000    
  2.348333    -100.00000    
  2.349009     -13.42554    
  2.349683    -100.00000    
  2.350356    -100.00000    
  2.350443    -100.00000    
  2.351331    -100.00000    
  2.352217    -100.00000    
  2.352659    -100.00000    
  2.353101    -100.00000    
  2.353542     -13.97203    
  2.353983    -100.00000    
  2.354070    -100.00000    
  2.354494    -100.00000    
  2.354917    -100.00000    
  2.355340     -15.54022    
  2.355762    -100.00000    
  2.355849    -100.00000    
  2.356283    -100.00000    
  2.356717    -100.00000    
  2.357149    -100.00000    
  2.357582    -100.00000    
  2.357669     -9.153500    
  2.362936     -8.863607    
  2.363023    -100.00000    
  2.376702     -5.676350    
  2.376789     -5.489210    
  2.381401     -5.913578    
  2.381488     -5.818708    
  2.381574     -5.740046    
  2.381660     -5.342657    
  2.384670     -5.005068    
  2.384757     -5.391284    
  2.387126     -6.143758    
  2.387213     -5.549048    
  2.396615     -4.618794    
  2.405819     -4.444738    
  2.405905     -4.271039    
  2.409345     -5.889172    
  2.409431    -100.00000    
  2.409967     -4.545861    
  2.410054     -4.449865    
  2.411501     -4.123799    
  2.411588     -3.997745    
  2.412778     -3.915326    
  2.412865     -3.987951    
  2.413098     -4.062665    
  2.413185     -4.163669    
  2.417228    -100.00000    
  2.417315     -4.579175    
  2.417448     -4.503472    
  2.417535     -4.709999    
  2.419545     -4.398248    
  2.419632     -4.160565    
  2.424108     -5.279075    
  2.424195     -4.699559    
  2.429911     -4.430385    
  2.429998     -4.493600    
  2.432147     -4.425912    
  2.432234     -4.323329    
  2.433514    -100.00000    
  2.433601     -4.522391    
  2.434762     -3.978562    
  2.434849     -4.010087    
  2.435182     -3.958779    
  2.435269     -3.949010    
  2.435570     -4.294629    
  2.435657     -4.081186    
  2.438099     -4.147702    
  2.438186     -4.052752    
  2.443115     -4.472853    
  2.443202    -100.00000    
  2.448046     -4.619744    
  2.448133     -4.800325    
  2.449372     -3.973708    
  2.449459     -3.977301    
  2.450924     -4.472882    
  2.451011     -4.123344    
  2.456026    -100.00000    
  2.456113     -4.865035    
  2.457105     -4.564965    
  2.457192     -4.280948    
  2.461170     -4.532019    
  2.461257     -5.634700    
  2.466286     -5.104359    
  2.466372     -5.737352    
  2.466976     -5.488198    
  2.467064     -5.866710    
  2.471828     -5.056974    
  2.471915    -100.00000    
  2.476442     -3.991429    
  2.476529     -5.446324    
  2.476628     -6.439181    
  2.476715     -6.816075    
  2.476977     -6.667468    
  2.477064     -4.652864    
  2.483465     -4.951683    
  2.483551     -4.849446    
  2.483824     -4.883309    
  2.483911     -4.676507    
  2.484130     -4.406640    
  2.484217     -4.182607    
  2.487600     -4.409064    
  2.490956     -4.346046    
  2.491043     -4.208455    
  2.493583     -4.934770    
  2.496107     -4.362058    
  2.496194     -4.461599    
  2.500074     -4.378623    
  2.503920     -4.121581    
  2.504007     -4.055338    
  2.504069     -4.043366    
  2.504156     -3.905643    
  2.506191     -3.662580    
  2.506278     -4.321566    
  2.506857     -3.958705    
  2.506943     -3.893521    
  2.507203     -3.790802    
  2.507290     -4.248175    
  2.511408     -3.610288    
  2.515486     -3.820731    
  2.515573     -3.557876    
  2.515719     -3.561820    
  2.515805     -3.565330    
  2.515872     -3.569520    
  2.515959     -3.589668    
  2.516943     -3.797502    
  2.517030     -3.694682    
  2.517941     -3.688313    
  2.518028     -3.681478    
  2.518445     -3.680345    
  2.518532     -3.953060    
  2.522095     -3.675999    
  2.525630     -4.362559    
  2.529136     -3.746170    
  2.532615     -3.715902    
  2.532701     -3.770331    
  2.536032     -3.848439    
  2.539337     -3.992748    
  2.539424     -3.743523    
  2.543132     -3.925568    
  2.546808     -3.891589    
  2.546895     -4.228879    
  2.547329     -3.893017    
  2.547416     -3.885256    
  2.551118     -3.903891    
  2.551204     -3.774183    
  2.554808     -3.817216    
  2.558382     -4.027310    
  2.558469     -4.039146    
  2.558869     -3.946588    
  2.558956     -4.126277    
  2.561557     -3.825840    
  2.561644     -4.298608    
  2.564082     -3.956484    
  2.566507     -3.679537    
  2.568917     -3.781105    
  2.571315     -3.853538    
  2.571402     -3.872297    
  2.571490     -3.888039    
  2.571576     -4.017429    
  2.574740     -3.937760    
  2.577880     -3.893138    
  2.580998     -4.269402    
  2.584094     -4.022661    
  2.587168     -4.737057    
  2.590220     -3.916437    
  2.593250     -4.105817    
  2.596260     -4.184790    
  2.596347     -3.895805    
  2.597646     -4.098102    
  2.597733     -3.873899    
  2.600542     -3.735089    
  2.603333     -4.322229    
  2.603420     -3.983289    
  2.606239     -3.784997    
  2.606324     -3.746450    
  2.606411     -3.707081    
  2.607237     -3.956497    
  2.607324     -3.956937    
  2.611491     -3.825610    
  2.615617     -3.842560    
  2.615704     -3.724018    
  2.619659     -4.080820    
  2.619746     -4.005714    
  2.620859     -4.189345    
  2.620946     -3.910144    
  2.621962     -4.030930    
  2.622049     -3.673797    
  2.625471     -3.865835    
  2.625557     -4.106189    
  2.626297     -3.540536    
  2.626384     -3.698693    
  2.627024     -3.712740    
  2.627111     -3.682910    
  2.630159     -3.925158    
  2.633186     -3.692461    
  2.633273     -3.773767    
  2.633585     -3.748478    
  2.633672     -3.774851    
  2.636750     -3.974327    
  2.639805     -3.767652    
  2.642840     -3.965332    
  2.645853     -3.940181    
  2.645940     -3.942830    
  2.646436     -3.939043    
  2.646523     -3.926844    
  2.648513     -4.007367    
  2.648600     -4.071434    
  2.650581     -3.887108    
  2.650668     -3.889100    
  2.652023     -3.898532    
  2.652110     -3.895582    
  2.653758     -3.958446    
  2.653845     -4.025233    
  2.654514     -4.004111    
  2.654601     -4.072547    
  2.655848     -4.266469    
  2.655935     -3.957847    
  2.656856     -3.882667    
  2.656943     -3.905715    
  2.659789     -3.970953    
  2.659876     -4.017088    
  2.661632     -3.964141    
  2.661711     -3.955943    
  2.661798     -3.975295    
  2.662838     -3.970084    
  2.662925     -3.934431    
  2.664288     -3.957788    
  2.665620     -3.996338    
  2.666947     -3.888423    
  2.668270     -3.681095    
  2.668357     -3.738194    
  2.669554     -3.880817    
  2.670748     -3.958178    
  2.670835     -3.957498    
  2.671974     -3.974327    
  2.673109     -3.985073    
  2.674242     -4.000264    
  2.675371     -3.996483    
  2.675458     -4.000276    
  2.676824     -4.013006    
  2.676911     -4.008996    
  2.677751     -4.013540    
  2.677838     -4.012884    
  2.679282     -4.021722    
  2.680721     -4.022228    
  2.682155     -4.026029    
  2.683585     -4.028733    
  2.683672     -4.028271    
  2.684694     -4.027409    
  2.685714     -4.030341    
  2.685801     -4.030183    
  2.685988     -4.031062    
  2.686075     -4.031725    
  2.686520     -4.033029    
  2.686607     -4.085753    
  2.687604     -3.991068    
  2.688599     -4.032169    
  2.688686     -4.018328    
  2.689315     -3.975974    
  2.689943     -4.016583    
  2.690571     -3.982414    
  2.691198     -3.999764    
  2.691823     -4.010177    
  2.692448     -4.025069    
  2.693072     -4.034388    
  2.693695     -4.036763    
  2.694317     -4.045166    
  2.694939     -4.034712    
  2.695559     -4.208131    
  2.696179     -4.071400    
  2.696797     -4.065639    
  2.697415     -4.056372    
  2.698032     -4.055107    
  2.698648     -4.056567    
  2.698717     -4.056624    
  2.698803     -4.056353    
  2.699142     -4.059425    
  2.699229     -4.068431    
  2.700077     -4.061110    
  2.700500     -4.057202    
  2.700923     -4.057582    
  2.701345     -4.060415    
  2.701767     -4.056888    
  2.702189     -4.057647    
  2.702610     -4.058495    
  2.702697     -4.078184    
  2.706323     -4.065675    
  2.706410     -4.063111    
  2.708352     -4.098427    
  2.708438     -4.087102    
  2.709271     -4.084927    
  2.709358     -4.232021    
  2.712230     -4.069147    
  2.712317     -4.108764    
  2.716395     -4.088628    
  2.716481     -4.101417    
  2.716568     -4.109935    
  2.718970     -4.105595    
  2.721359     -4.115604    
  2.721446     -4.115118    
  2.721792     -4.112371    
  2.721879     -4.111531    
  2.724957     -4.148382    
  2.725044     -4.118350    
  2.728368     -4.128047    
  2.728455     -4.128737    
  2.728556     -4.129021    
  2.728643     -4.099061    
  2.730036     -4.228426    
  2.730123     -4.140131    
  2.733020     -4.114640    
  2.735898     -4.146095    
  2.735985     -4.145412    
  2.736079     -4.145477    
  2.737059     -4.149590    
  2.737146     -4.150720    
  2.740300     -4.157552    
  2.740387     -4.158363    
  2.744215     -4.164249    
  2.748009     -4.174331    
  2.751770     -4.179342    
  2.755499     -4.208626    
  2.755586     -4.203294    
  2.758474     -4.195438    
  2.758561     -4.197043    
  2.759027     -4.197682    
  2.759113     -4.198329    
  2.759268     -4.199541    
  2.759355     -4.199320    
  2.759911     -4.199948    
  2.759997     -4.200733    
  2.760747     -4.201507    
  2.760833     -4.202484    
  2.762307     -4.205631    
  2.762394     -4.206367    
  2.764577     -4.211283    
  2.764664     -4.211564    
  2.765400     -4.211869    
  2.765487     -4.212113    
  2.765755     -4.213118    
  2.765842     -4.335240    
  2.767568     -4.221270    
  2.767655     -4.122453    
  2.771767     -4.173303    
  2.775841     -4.229364    
  2.775928     -4.229618    
  2.777541     -4.237947    
  2.777628     -4.239504    
  2.781421     -4.247592    
  2.781508     -4.248407    
  2.784445     -4.255484    
  2.787363     -4.261050    
  2.787450     -4.262250    
  2.789348     -4.266588    
  2.789435     -4.266714    
  2.792054     -4.272484    
  2.792141     -4.272441    
  2.795962     -4.282527    
  2.796049     -4.282576    
  2.798395     -4.326569    
  2.800729     -4.248574    
  2.803050     -4.297624    
  2.805359     -4.301134    
  2.807656     -4.307412    
  2.809941     -4.321290    
  2.812213     -4.316058    
  2.814474     -4.323098    
  2.814561     -4.326811    
  2.815775     -4.323551    
  2.815862     -4.323672    
  2.816430     -4.325919    
  2.816517     -4.325477    
  2.818570     -4.329902    
  2.818657     -4.329920    
  2.821422     -4.339430    
  2.824169     -4.346646    
  2.826900     -4.349045    
  2.829613     -4.355228    
  2.829700     -4.352634    
  2.832139     -4.366344    
  2.834565     -4.351038    
  2.836978     -4.467610    
  2.839377     -4.273175    
  2.839464     -4.306114    
  2.842740     -4.376461    
  2.845992     -4.393850    
  2.846054     -4.390403    
  2.846141     -4.390005    
  2.846320     -4.390096    
  2.846407     -4.390946    
  2.846929     -4.392553    
  2.847016     -4.392947    
  2.850284     -4.398846    
  2.850371     -4.397893    
  2.851107     -4.401492    
  2.851194     -4.400516    
  2.851272     -4.400795    
  2.851359     -4.401359    
  2.851605     -4.404201    
  2.851692     -4.404267    
  2.852969     -4.405632    
  2.853056     -4.457727    
  2.856721     -4.348904    
  2.856808     -4.402214    
  2.860014     -4.421282    
  2.863196     -4.422203    
  2.863283     -4.425147    
  2.866961     -4.431021    
  2.867048     -4.431239    
  2.867158     -4.430275    
  2.871477     -4.453034    
  2.871560     -4.447288    
  2.871647     -4.472260    
  2.874394     -4.485372    
  2.877123     -4.408958    
  2.877210     -4.435411    
  2.879769     -4.455551    
  2.882313     -4.458753    
  2.882400     -4.458304    
  2.882670     -4.459549    
  2.882757    -100.00000    
  2.885337     -3.959435    
  2.885423     -3.878182    
  2.886380     -3.976755    
  2.886467     -3.992987    
  2.886654     -4.036567    
  2.886741     -4.170840    
  2.889314     -4.445510    
  2.889401     -4.361782    
  2.891964     -4.500942    
  2.892051     -4.439208    
  2.893704     -4.470924    
  2.893791     -4.475420    
  2.894071     -4.481503    
  2.894158     -4.481768    
  2.895095     -4.484408    
  2.895182     -4.492159    
  2.896767     -4.488180    
  2.896854     -4.487545    
  2.897787     -4.488286    
  2.897874     -4.525494    
  2.900589     -4.475643    
  2.900676     -4.491098    
  2.902856     -4.503165    
  2.905026     -4.513104    
  2.905113     -4.514270    
  2.908098     -4.513311    
  2.908185     -4.512312    
  2.908477     -4.512341    
  2.908564     -4.512055    
  2.910090     -4.513444    
  2.910176     -4.513084    
  2.913363     -4.516590    
  2.916527     -4.561069    
  2.916614     -4.473541    
  2.916785     -4.474466    
  2.916872     -4.476524    
  2.917171     -4.485190    
  2.917258     -4.489865    
  2.919518     -4.525850    
  2.921765     -4.531973    
  2.921852     -4.533837    
  2.925029     -4.541690    
  2.925116     -4.540404    
  2.925941     -4.542625    
  2.926028     -4.544393    
  2.927554     -4.546867    
  2.927641     -4.550165    
  2.927950     -4.551770    
  2.928037     -4.550093    
  2.928671     -4.541480    
  2.928758     -4.542705    
  2.929127     -4.542749    
  2.929213     -4.542904    
  2.929524     -4.543481    
  2.929611     -4.543246    
  2.930245     -4.549691    
  2.930332     -4.549525    
  2.930604     -4.549835    
  2.930691     -4.550539    
  2.930963     -4.552190    
  2.931050     -4.551635    
  2.934646     -4.553386    
  2.934733     -4.557945    
  2.936807     -4.536623    
  2.936894     -4.533044    
  2.937412     -4.535327    
  2.937499     -4.537786    
  2.937612     -4.543554    
  2.939332     -4.548768    
  2.939418     -4.549260    
  2.941608     -4.553103    
  2.943787     -4.567945    
  2.943874     -4.567927    
  2.945266     -4.571894    
  2.945353     -4.572714    
  2.946273     -4.574835    
  2.946360     -4.574554    
  2.946687     -4.576183    
  2.946774     -4.578253    
  2.949036     -4.583601    
  2.951287     -4.577310    
  2.951374     -4.589021    
  2.953319     -4.562012    
  2.953406     -4.559150    
  2.953750     -4.562198    
  2.953837     -4.563544    
  2.954344     -4.567268    
  2.954431     -4.568078    
  2.955739     -4.575805    
  2.955826     -4.576692    
  2.956162     -4.581196    
  2.956249     -4.582235    
  2.956822     -4.589607    
  2.956909     -4.591430    
  2.957620     -4.589638    
  2.957703     -4.589635    
  2.957790     -4.597558    
  2.958622     -4.568713    
  2.958708     -4.557962    
  2.959196     -4.553799    
  2.959269     -4.555625    
  2.959356     -4.556486    
  2.959520     -4.558401    
  2.959575     -4.559229    
  2.959642     -4.561479    
  2.959729     -4.553113    
  2.959839     -4.528253    
  2.959926     -4.496111    
  2.960694     -4.446718    
  2.960781     -4.459017    
  2.961021     -4.480982    
  2.961108     -4.488827    
  2.961209     -4.486198    
  2.965318     -4.924715    
  2.965405     -4.456505    
  2.969227     -4.272627    
  2.969314     -4.430450    
  2.972533     -4.597142    
  2.975728     -4.554717    
  2.975815     -4.454544    
  2.976166     -4.476308    
  2.976253     -4.679681    
  2.979351     -4.539126    
  2.982423     -4.707312    
  2.982509     -4.483637    
  2.982872     -4.404432    
  2.982959     -4.396213    
  2.986873     -4.759694    
  2.990753     -4.433726    
  2.994598     -4.797558    
  2.998409     -4.445862    
  3.002187     -4.621174    
  3.005933     -4.658043    
  3.009646     -4.850810    
  3.013329     -4.331300    
  3.016980     -4.714513    
  3.020600     -4.708042    
  3.024191     -4.681400    
  3.027752     -4.724216    
  3.031285     -4.747939    
  3.034788     -4.784922    
  3.038264     -4.360415    
  3.041713     -4.751024    
  3.041799     -4.730795    
  3.044019     -4.751663    
  3.044106     -4.744119    
  3.046417     -4.736834    
  3.046504     -4.738872    
  3.047266     -4.741407    
  3.047353     -4.769344    
  3.050503     -4.746854    
  3.053630     -4.783177    
  3.056735     -4.725881    
  3.059819     -4.776477    
  3.062880     -4.766619    
  3.065920     -4.821129    
  3.068939     -4.677187    
  3.071937     -4.815926    
  3.072024     -4.812028    
  3.074515     -4.801956    
  3.074602     -4.804214    
  3.077416     -4.827787    
  3.080211     -4.773358    
  3.082988     -5.112871    
  3.085748     -4.483491    
  3.085835     -4.043945    
  3.088164     -4.543827    
  3.088251     -4.509196    
  3.089222     -4.573229    
  3.089309     -4.835380    
  3.091849     -4.694092    
  3.091936     -6.431591    
  3.095352     -4.277421    
  3.095438     -4.142931    
  3.096179     -4.277640    
  3.096266     -4.431388    
  3.099969     -4.994335    
  3.100056     -4.893048    
  3.102791     -4.733022    
  3.105509     -4.910302    
  3.105596     -4.797634    
  3.108813     -4.863822    
  3.112005     -4.658418    
  3.112092     -5.007850    
  3.114687     -4.738160    
  3.114774     -4.907094    
  3.114901     -4.873407    
  3.114988     -4.730017    
  3.116978     -4.844786    
  3.117065     -5.057181    
  3.117740     -4.881213    
  3.117827     -4.847018    
  3.118223     -4.718452    
  3.118310     -4.660186    
  3.120853     -4.955549    
  3.123381     -4.833987    
  3.123468     -5.023719    
  3.125997     -4.752846    
  3.126084     -4.995255    
  3.127687     -4.799867    
  3.127774     -4.771477    
  3.129225     -4.897006    
  3.129312     -4.912689    
  3.132455     -4.964205    
  3.135577     -4.975720    
  3.135664     -4.769192    
  3.136182     -4.739495    
  3.136269     -4.805068    
  3.138696     -5.133255    
  3.141109     -4.704906    
  3.141196     -4.952296    
  3.144101     -4.885554    
  3.144188     -4.943830    
  3.144956     -4.939045    
  3.145043     -4.913841    
  3.146758     -5.062068    
  3.146845     -5.281016    
  3.146975     -5.235445    
  3.147795     -4.864451    
  3.147882     -5.018628    
  3.148729     -5.250629    
  3.148816     -5.362590    
  3.150639     -4.701803    
  3.150726     -4.950081    
  3.151276     -4.921761    
  3.151363     -4.925859    
  3.153068     -5.025864    
  3.153155     -4.932807    
  3.153381     -4.911699    
  3.153434     -4.910169    
  3.153521     -4.899082    
  3.155016     -4.975909    
  3.155103     -5.379026    
  3.156074     -5.033844    
  3.156161     -4.893760    
  3.160418     -5.013809    
  3.164633     -5.027570    
  3.164720     -4.890672    
  3.165979     -5.157134    
  3.166066     -4.941940    
  3.168877     -4.974970    
  3.171670     -4.996606    
  3.171756     -4.474317    
  3.173578     -4.469636    
  3.173665     -4.581713    
  3.177077     -5.105577    
  3.180463     -5.158874    
  3.180550     -5.149906    
  3.181960     -5.155337    
  3.182047     -5.134793    
  3.184770     -5.164996    
  3.187477     -5.126082    
  3.187564     -5.132127    
  3.188338     -5.143203    
  3.188425     -5.225742    
  3.189356     -5.104908    
  3.189443    -100.00000    
  3.191119     -5.511236    
  3.191206     -4.772397    
  3.192224     -4.438015    
  3.192311     -4.450861    
  3.194885     -5.046065    
  3.194972     -4.961510    
  3.196916     -5.115835    
  3.197003     -5.128048    
  3.200094     -5.190906    
  3.203162     -5.152080    
  3.203250     -5.198825    
  3.204674     -5.182191    
  3.204761     -5.180378    
  3.207365     -5.200211    
  3.207452     -5.204324    
  3.209994     -5.162305    
  3.212521     -5.124201    
  3.215033     -4.866564    
  3.217531     -3.989947    
  3.217618     -4.220792    
  3.218164     -4.405387    
  3.218251     -4.430070    
  3.218329     -4.455716    
  3.218415     -4.642616    
  3.222383     -5.457767    
  3.226315     -5.263851    
  3.230212     -5.264546    
  3.234074     -5.539266    
  3.237901     -4.790679    
  3.241696     -5.346524    
  3.245457     -5.291415    
  3.249187     -5.292821    
  3.249274     -5.309855    
  3.251238     -5.322944    
  3.251325     -5.321598    
  3.251523     -5.324044    
  3.251610     -5.327175    
  3.254604     -5.340871    
  3.257576     -5.319060    
  3.260529     -5.329955    
  3.263462     -5.362342    
  3.263549     -5.361269    
  3.265995     -5.363489    
  3.268428     -5.374713    
  3.270847     -5.342192    
  3.273253     -5.368228    
  3.273340     -5.381420    
  3.276535     -5.378614    
  3.279706     -5.394296    
  3.279793     -5.396767    
  3.281662     -5.406493    
  3.281749     -5.405195    
  3.285833     -5.420661    
  3.285920     -5.411044    
  3.289028     -5.420388    
  3.289115     -5.424050    
  3.291415     -5.424265    
  3.291501     -5.425981    
  3.293929     -5.435745    
  3.296343     -5.441929    
  3.298744     -5.446932    
  3.301132     -5.451820    
  3.301219     -5.453403    
  3.305074     -5.463893    
  3.305161     -5.464308    
  3.305985     -5.465735    
  3.306072     -5.468661    
  3.306887     -5.459619    
  3.306974     -5.453573    
  3.309850     -5.475268    
  3.309937     -5.474453    
  3.310624     -5.476950    
  3.310710     -5.478425    
  3.311825     -5.469962    
  3.311912     -5.473517    
  3.312012     -5.472829    
  3.312099     -5.458734    
  3.314648     -5.510027    
  3.317181     -5.539684    
  3.319700     -5.529246    
  3.322204     -5.504637    
  3.324695     -5.500641    
  3.327170     -5.510879    
  3.329632     -5.526954    
  3.332080     -5.523169    
  3.334514     -5.513839    
  3.336935     -5.520068    
  3.339342     -5.601299    
  3.341736     -5.489539    
  3.344117     -5.599114    
  3.346485     -5.527970    
  3.348840     -5.534344    
  3.351182     -5.624454    
  3.351269     -5.702848    
  3.354866     -5.484613    
  3.358433     -5.654771    
  3.361971     -5.695192    
  3.365480     -5.427124    
  3.365567     -5.511324    
  3.367434     -5.644095    
  3.367521     -5.640873    
  3.370087     -5.679393    
  3.372609     -5.647435    
  3.375118     -5.679025    
  3.377612     -5.696883    
  3.377699     -5.620009    
  3.380754     -5.475396    
  3.383787     -5.689178    
  3.386800     -5.718325    
  3.389792     -5.722769    
  3.389879     -5.720587    
  3.392466     -5.730430    
  3.395039     -5.737432    
  3.395126     -5.737186    
  3.397959     -5.744545    
  3.398046     -5.745160    
  3.398416     -5.746371    
  3.398503     -5.820452    
  3.400855     -5.635812    
  3.400942     -5.397305    
  3.402428     -5.427551    
  3.402515     -5.497112    
  3.404126     -5.694721    
  3.404213     -5.687520    
  3.406921     -5.775128    
  3.409611     -5.765489    
  3.412285     -5.781529    
  3.414942     -5.788297    
  3.415029     -5.786579    
  3.419186     -5.798611    
  3.423303     -5.814341    
  3.427382     -5.820345    
  3.431422     -5.828581    
  3.431509     -5.820781    
  3.434904     -6.002418    
  3.438273     -5.375553    
  3.441616     -5.858545    
  3.444934     -5.884239    
  3.445021     -5.869068    
  3.447484     -5.873459    
  3.449934     -5.878311    
  3.450021     -5.887409    
  3.452474     -5.886054    
  3.454914     -5.890080    
  3.455001     -5.890724    
  3.457947     -5.894257    
  3.460873     -5.899088    
  3.463780     -5.913776    
  3.466667     -5.918669    
  3.466754     -5.919957    
  3.467583     -5.922408    
  3.467670     -5.979116    
  3.469453     -5.927466    
  3.469505     -5.930055    
  3.469592     -5.929873    
  3.469843     -5.928727    
  3.469930     -5.927406    
  3.471179     -5.926337    
  3.471266     -5.927098    
  3.474100     -5.939128    
  3.474187     -5.947167    
  3.476423     -5.922771    
  3.478648     -5.863377    
  3.480861     -5.951360    
  3.483063     -5.964459    
  3.483150     -5.963155    
  3.485959     -5.971842    
  3.488749     -5.971447    
  3.491522     -5.984409    
  3.494277     -5.991071    
  3.494364     -5.992526    
  3.496766     -5.991539    
  3.499154     -6.004000    
  3.501530     -6.048110    
  3.503893     -6.049269    
  3.506243     -5.574523    
  3.508580     -5.555655    
  3.510905     -5.996729    
  3.513217     -6.054412    
  3.513304     -6.044034    
  3.515963     -6.052318    
  3.518606     -6.056680    
  3.521233     -6.062994    
  3.523845     -6.070039    
  3.526440     -6.073287    
  3.529020     -6.079382    
  3.531585     -6.088826    
  3.534135     -6.095578    
  3.534222     -6.094658    
  3.536649     -6.103709    
  3.539062     -6.099219    
  3.541462     -6.173099    
  3.543849     -5.712701    
  3.543936     -5.806883    
  3.544500     -5.883865    
  3.544586     -5.944278    
  3.547376     -6.134930    
  3.550148     -6.138972    
  3.550235     -6.137259    
  3.552940     -6.147355    
  3.555627     -6.153856    
  3.555714     -6.151286    
  3.556728     -6.158094    
  3.556815     -6.156693    
  3.557696     -6.157798    
  3.557783     -6.157349    
  3.558846     -6.165834    
  3.558933     -6.161565    
  3.559110     -6.161861    
  3.559197     -6.162218    
  3.559291     -6.162601    
  3.559378     -6.163714    
  3.560851     -6.166319    
  3.560938     -6.159917    
  3.561019     -6.160326    
  3.561106     -6.160976    
  3.561368     -6.162797    
  3.561455     -6.163275    
  3.561549     -6.163798    
  3.561702     -6.164631    
  3.561789     -6.165269    
  3.561899     -6.165447    
  3.561986     -6.165389    
  3.562293     -6.162432    
  3.565681     -6.221933    
  3.565768     -6.220131    
  3.568672     -6.217972    
  3.571556     -6.222806    
  3.574422     -6.182519    
  3.577268     -6.193043    
  3.580096     -6.226743    
  3.582906     -6.214906    
  3.585698     -6.210545    
  3.588471     -6.283231    
  3.591228     -6.147192    
  3.593966     -6.266510    
  3.596688     -6.249913    
  3.599393     -6.260602    
  3.602081     -6.238822    
  3.604752     -6.347508    
  3.607407     -6.222318    
  3.610046     -6.035767    
  3.610133     -6.043946    
  3.612394     -6.321393    
  3.614642     -6.116915    
  3.616880     -6.308070    
  3.619105     -6.357731    
  3.621319     -6.363592    
  3.623523     -6.376593    
  3.625715     -6.232441    
  3.627896     -6.376274    
  3.627982     -6.370552    
  3.630428     -6.392851    
  3.632293     -6.395972    
  3.632379     -6.396287    
  3.635363     -6.422761    
  3.638325     -6.215897    
  3.641268     -6.314617    
  3.644191     -6.420154    
  3.644278     -6.416156    
  3.646967     -6.433948    
  3.649640     -6.446889    
  3.652297     -6.415373    
  3.654938     -6.371887    
  3.655025     -6.387345    
  3.657211     -6.461983    
  3.659385     -6.193993    
  3.659472     -6.302757    
  3.663615     -6.507558    
  3.663702     -6.476200    
  3.666918     -6.398971    
  3.670110     -6.476753    
  3.670197     -6.067686    
  3.674031     -5.681503    
  3.677831     -6.633206    
  3.681598     -6.531495    
  3.685333     -6.532189    
  3.685420     -6.752220    
  3.688862     -6.101240    
  3.688948     -6.188581    
  3.690731     -6.459548    
  3.690818     -6.435952    
  3.691459     -6.481980    
  3.691546     -6.500748    
  3.694812     -6.510329    
  3.694898     -6.532447    
  3.695365     -6.541582    
  3.695452     -6.543306    
  3.695518     -6.544477    
  3.695605     -6.547881    
  3.698701     -6.570008    
  3.701776     -6.577290    
  3.704828     -6.582171    
  3.707860     -6.591110    
  3.710870     -6.597120    
  3.712650     -6.601712    
  3.713860     -6.606183    
  3.716830     -6.610432    
  3.719779     -6.601938    
  3.719866     -6.617310    
  3.723198     -6.630396    
  3.726504     -6.639606    
  3.729786     -6.649319    
  3.733043     -6.658034    
  3.733130     -6.495505    
  3.736895     -6.446838    
  3.740628     -6.705308    
  3.740715     -6.677647    
  3.743507     -6.686326    
  3.746281     -6.692876    
  3.749037     -6.699901    
  3.751777     -6.707084    
  3.751863     -6.707306    
  3.754658     -6.714635    
  3.754745     -6.714886    
  3.755217     -6.716128    
  3.755304     -6.716354    
  3.755522     -6.716919    
  3.755609     -6.713587    
  3.758467     -6.738389    
  3.761306     -6.777032    
  3.764127     -6.559404    
  3.766929     -6.622300    
  3.769713     -6.672488    
  3.772480     -6.702274    
  3.775229     -6.762977    
  3.777961     -6.778866    
  3.778048     -6.775120    
  3.778151     -6.782287    
  3.781161     -6.781801    
  3.784252     -6.786435    
  3.787320     -6.801820    
  3.790368     -6.812739    
  3.793394     -6.805695    
  3.796399     -6.804923    
  3.799384     -6.848228    
  3.802348     -6.808257    
  3.802435     -6.811217    
  3.806009     -6.893981    
  3.806096     -6.871320    
  3.809815     -6.812799    
  3.809902     -6.847352    
  3.811377     -6.871964    
  3.811464     -6.870924    
  3.811517     -6.870680    
  3.811568     -6.870299    
  3.811655     -6.868434    
  3.814154     -6.901903    
  3.816638     -6.810645    
  3.819108     -6.232174    
  3.821564     -6.896893    
  3.821651     -6.811238    
  3.825835     -6.853879    
  3.829979     -6.923730    
  3.834084     -6.942911    
  3.838150     -6.951854    
  3.838237     -6.955544    
  3.840994     -6.855286    
  3.843735     -6.968248    
  3.846458     -6.973794    
  3.849164     -6.968605    
  3.851853     -6.912047    
  3.854526     -6.678546    
  3.857182     -6.882942    
  3.859823     -6.965671    
  3.859910     -6.982327    
  3.862754     -7.008815    
  3.865581     -7.021588    
  3.868389     -7.032433    
  3.871179     -7.031118    
  3.871266     -7.030914    
  3.873695     -7.044156    
  3.876111     -7.050254    
  3.878513     -7.054492    
  3.880902     -7.067328    
  3.880989     -6.889163    
  3.884377     -7.012007    
  3.887739     -7.081673    
  3.891076     -7.091290    
  3.894387     -7.099539    
  3.894474     -7.099913    
  3.898660     -7.111357    
  3.898747     -7.111527    
  3.901486     -7.118611    
  3.904208     -7.125306    
  3.904295     -7.122984    
  3.905384     -7.124098    
  3.905471     -7.125582    
  3.908472     -7.136825    
  3.908559     -7.137432    
  3.912193     -7.146099    
  3.912280     -7.145501    
  3.913068     -7.147941    
  3.913155     -7.148391    
  3.913273     -7.148794    
  3.913714     -7.150375    
  3.913769     -7.150478    
  3.913842     -7.150560    
  3.913889     -7.150594    
  3.913972     -7.151031    
  3.914081     -7.151694    
  3.914168     -7.217568    
  3.916915     -7.029610    
  3.917002     -6.908087    
  3.919240     -7.084836    
  3.921466     -7.188653    
  3.923680     -7.190987    
  3.925884     -7.196328    
  3.928076     -7.200746    
  3.930258     -7.207406    
  3.934588     -7.220014    
  3.938875     -7.224895    
  3.943121     -7.219544    
  3.947325     -7.247073    
  3.951490     -7.239556    
  3.955614     -7.254680    
  3.959700     -7.278340    
  3.963748     -7.300464    
  3.967758     -7.289325    
  3.971732     -7.078606    
  3.975669     -7.324913    
  3.979571     -7.325280    
  3.983439     -7.275320    
  3.983526     -7.334966    
  3.987126     -7.375748    
  3.990697     -7.336724    
  3.994239     -7.380275    
  3.997752     -7.398834    
  3.997838     -7.397412    
  4.000147     -7.407219    
  4.002444     -7.348788    
  4.004728     -7.392094    
  4.007001     -6.771364    
  4.009262     -7.266806    
  4.011511     -7.410597    
  4.013748     -7.438214    
  4.015974     -7.435653    
  4.018189     -7.435609    
  4.020392     -7.364886    
  4.022585     -7.458095    
  4.024766     -7.468648    
  4.029096     -7.480534    
  4.033383     -7.491419    
  4.033470     -7.393253    
  4.034774     -8.025452    
  4.034861     -7.000727    
  4.038365     -7.112308    
  4.038452     -7.301134    
  4.040802     -7.260250    
  4.043140     -7.486335    
  4.045465     -7.520804    
  4.047778     -7.525936    
  4.047865     -7.527957    
  4.051277     -7.550719    
  4.054632     -7.558236    
  4.057962     -7.566738    
  4.061267     -7.577376    
  4.061354     -7.579177    
  4.065579     -7.385130    
  4.069764     -7.393193    
  4.073909     -7.627151    
  4.078015     -7.620920    
  4.078102     -7.621774    
  4.080241     -7.623133    
  4.080328     -7.596210    
  4.080857     -7.602430    
  4.080944     -7.603980    
  4.081009     -7.603220    
  4.081054     -7.597654    
  4.082194     -7.599368    
  4.082281     -7.610154    
  4.084738     -7.621670    
  4.087181     -7.635071    
  4.089611     -7.646858    
  4.092028     -7.639783    
  4.094430     -7.654670    
  4.096820     -7.655182    
  4.099197     -7.670697    
  4.101560     -7.659143    
  4.101647     -7.662727    
  4.104844     -7.698831    
  4.108018     -7.503678    
  4.111169     -7.510107    
  4.114297     -7.700395    
  4.117403     -7.732309    
  4.120486     -7.703220    
  4.123548     -7.734528    
  4.126589     -7.752750    
  4.129608     -7.727614    
  4.132606     -7.754698    
  4.135584     -7.773397    
  4.138542     -7.774209    
  4.141479     -7.743817    
  4.144397     -7.788166    
  4.147296     -7.803302    
  4.150175     -7.812557    
  4.150262     -7.812767    
  4.153103     -7.829730    
  4.155926     -7.777527    
  4.156013     -7.765998    
  4.158103     -7.803256    
  4.158190     -7.820505    
  4.161727     -7.848966    
  4.161814     -7.845342    
  4.163762     -7.851228    
  4.163849     -7.851487    
  4.163959     -7.851888    
  4.164046     -7.851102    
  4.166389     -7.869768    
  4.168720     -7.887801    
  4.171039     -7.613813    
  4.173345     -7.814293    
  4.175640     -7.840422    
  4.177922     -7.903013    
  4.180192     -7.909909    
  4.182450     -7.915652    
  4.184697     -7.914496    
  4.186932     -7.920445    
  4.189156     -7.926661    
  4.191369     -7.934692    
  4.193570     -7.934086    
  4.195760     -7.961554    
  4.197939     -7.848792    
  4.200107     -7.931667    
  4.204411     -7.975391    
  4.208673     -7.965717    
  4.212894     -7.991299    
  4.217074     -7.979770    
  4.221214     -8.006600    
  4.225315     -8.029973    
  4.229377     -7.934345    
  4.233402     -8.034847    
  4.233489     -8.022416    
  4.235773     -8.056157    
  4.238044     -8.080704    
  4.240303     -7.983413    
  4.242551     -8.030220    
  4.244787     -8.081160    
  4.247012     -8.090871    
  4.249225     -8.079580    
  4.251427     -8.071044    
  4.251514     -8.083469    
  4.255198     -8.113776    
  4.258852     -8.111513    
  4.262474     -8.074757    
  4.266067     -8.148324    
  4.266154     -8.140539    
  4.268659     -8.278899    
  4.271149     -7.752158    
  4.273626     -7.557653    
  4.276088     -7.845005    
  4.278536     -8.152351    
  4.280971     -8.148182    
  4.283392     -8.075263    
  4.285800     -8.185912    
  4.288194     -8.209926    
  4.290575     -8.091178    
  4.292943     -8.205204    
  4.295299     -8.226671    
  4.297641     -8.234082    
  4.299971     -8.240795    
  4.302289     -8.246424    
  4.304595     -8.252785    
  4.306888     -8.259607    
  4.309169     -8.251602    
  4.311438     -8.187647    
  4.313695     -8.365505    
  4.315941     -8.275937    
  4.318175     -8.295157    
  4.320398     -8.303008    
  4.322610     -8.289584    
  4.324810     -8.288254    
  4.326999     -8.278988    
  4.329177     -8.305896    
  4.331345     -8.323758    
  4.335647     -8.237048    
  4.339907     -8.285840    
  4.339994     -8.191351    
  4.343342     -8.224758    
  4.346664     -8.353250    
  4.349961     -8.375972    
  4.353233     -8.385780    
  4.353320     -8.389453    
  4.356074     -8.370873    
  4.356161     -8.377576    
  4.357582     -8.381303    
  4.357669     -8.384400    
  4.357779     -8.386222    
  4.357865     -8.390098    
  4.360696     -8.415545    
  4.363507     -8.423484    
  4.366301     -8.399993    
  4.369077     -8.444363    
  4.371835     -8.333516    
  4.374576     -8.438025    
  4.377300     -8.437720    
  4.380006     -8.453655    
  4.382696     -8.473327    
  4.385369     -8.479836    
  4.388026     -8.487603    
  4.390667     -8.491403    
  4.393292     -8.462970    
  4.395901     -8.509375    
  4.398495     -8.512234    
  4.401073     -8.527394    
  4.403636     -8.524622    
  4.406183     -8.541139    
  4.408716     -8.497725    
  4.411235     -8.493851    
  4.413739     -8.556464    
  4.416228     -8.566219    
  4.418703     -8.416179    
  4.421164     -8.402045    
  4.423612     -8.524580    
  4.426045     -8.586603    
  4.428465     -8.570573    
  4.430872     -8.601577    
  4.433266     -8.554354    
  4.435646     -8.602932    
  4.438013     -8.625165    
  4.440368     -8.634415    
  4.440455     -8.616445    
  4.442834     -8.615081    
  4.445201     -8.649917    
  4.445288     -8.649814    
  4.447569     -8.661482    
  4.449839     -8.647451    
  4.452097     -8.417059    
  4.454343     -8.482612    
  4.456578     -8.668135    
  4.458801     -8.656751    
  4.461013     -8.602094    
  4.463213     -8.673479    
  4.465403     -8.704534    
  4.467581     -8.716642    
  4.471906     -8.707128    
  4.476188     -8.738054    
  4.480428     -8.606701    
  4.512937     -8.813500    
  4.513024     -8.833635    
  4.514610     -8.842007    
  4.514697     -8.842652    
  4.515945     -8.847058    
  4.516032     -8.847005    
  4.516141     -8.847417    
  4.516228     -8.840838    
  4.585469     -9.016240    
  4.585556     -8.975043    
  4.648489     -9.156478    
  4.648576     -9.200021    
  4.649548     -9.216477    
  4.649635     -9.217100    
  4.649838     -9.219507    
  4.649925     -9.220455    
  4.650035     -9.221610    
  4.650122     -9.157203    
  4.709765     -9.351446    
  4.709852     -9.373352    
  4.765753     -9.509972    
  4.765822     -9.546815    
  4.765909     -9.547332    
  4.766019     -9.551666    
  4.766106     -9.518681    
  4.818480     -9.712058    
  4.818567     -9.663322    
  4.868094     -9.766637    
  4.868152     -9.813213    
  4.868214     -9.808552    
  4.868324     -9.807652    
  4.868411     -9.678209    
  4.915089     -10.05689    
  4.915176     -9.976517    
  4.959449     -10.08664    
  4.959536     -10.14321    
  4.959642     -9.676917    
  4.959729     -9.414745    
  4.959839     -9.531079    
  4.959925     -10.08938    
  5.002021     -10.11566    
  5.002108     -10.21989    
  5.041986     -10.33077    
  5.042072     -10.35099    
  5.042428     -10.34661    
  5.042515     -10.34557    
  5.042624     -10.34437    
  5.042711     -10.28942    
  5.081038     -10.43578    
  5.081125     -10.33604    
  5.117569     -10.56331    
  5.117655     -10.61054    
  5.118005     -10.37855    
  5.118092     -9.721217    
  5.118201     -9.448779    
  5.118288     -10.48310    
  5.153462     -10.64849    
  5.153549     -10.63993    
  5.187204     -10.74398    
  5.187290     -10.72560    
  5.187529     -10.72823    
  5.187616     -10.72927    
  5.187725     -10.73057    
  5.187812     -10.71742    
  5.251180     -10.86844    
  5.251266     -10.91178    
  5.251931     -10.91411    
  5.252018     -10.91488    
  5.252095     -10.91528    
  5.252182     -10.89465    
  5.311750     -11.05380    
  5.311837     -11.10750    
  5.311944     -11.10988    
  5.312021     -11.11100    
  5.312108     -11.09551    
  5.368079     -11.17999    
  5.368165     -11.23352    
  5.420736     -11.39688    
  5.420823     -11.35892    
  5.470384     -11.48206    
  5.470471     -11.51802    
  5.517346     -11.67071    
  5.517433     -11.63308    
  5.561899     -11.77643    
  5.561985     -11.78493    
  5.604277     -11.86391    
  5.604364     -11.90439    
  5.644684     -12.00239    
  5.644771     -12.01130    
  6.101351     -13.26828    
  6.318972     -13.88314    
  6.571403     -14.58479    
  6.845929     -15.35420    
  7.133075     -16.17538    
  7.426993     -17.05670    
  7.724423     -18.03351    
  8.023641     -19.21197    
  8.323763     -21.05337    
  8.624338    -100.00000    
  8.925140    -100.00000    
