 0.6989700    -100.00000    
 0.7247828    -100.00000    
 0.7491470    -100.00000    
 0.7722168    -100.00000    
 0.7941226    -100.00000    
 0.8348744    -100.00000    
 0.8721282    -100.00000    
 0.9064373     -73.56785    
 0.9382333     -72.59481    
 0.9678594     -72.43168    
 0.9955930     -72.81872    
  1.021661     -73.69170    
  1.046253     -75.21985    
  1.069527    -100.00000    
  1.091616    -100.00000    
  1.132686    -100.00000    
  1.170205    -100.00000    
  1.204739    -100.00000    
  1.236728    -100.00000    
  1.266522    -100.00000    
  1.294403    -100.00000    
  1.320601    -100.00000    
  1.345308    -100.00000    
  1.368685    -100.00000    
  1.390867    -100.00000    
  1.390954     -85.30938    
  1.407231    -100.00000    
  1.407318     -87.25062    
  1.416604    -100.00000    
  1.416691     -72.68120    
  1.434239    -100.00000    
  1.434325     -75.03171    
  1.438732     -74.74998    
  1.438819     -74.80979    
  1.442990    -100.00000    
  1.443077     -74.44967    
  1.465932    -100.00000    
  1.466019     -76.78163    
  1.466567     -76.85744    
  1.466654     -77.06270    
  1.485460    -100.00000    
  1.485547     -78.58465    
  1.485843     -78.59832    
  1.485930     -78.93478    
  1.499937    -100.00000    
  1.500023     -77.65225    
  1.502811    -100.00000    
  1.502898     -78.28616    
  1.515152    -100.00000    
  1.515239     -79.76010    
  1.538911    -100.00000    
  1.538998     -81.86553    
  1.541754     -81.44362    
  1.541841     -82.39161    
  1.544410     -80.70621    
  1.544497     -80.81629    
  1.546755     -80.80604    
  1.546842     -78.50792    
  1.568094    -100.00000    
  1.568181    -100.00000    
  1.576102     -75.45556    
  1.576189     -75.24842    
  1.577032     -75.07112    
  1.577119    -100.00000    
  1.586189     -73.55308    
  1.586276     -73.37503    
  1.587530     -73.15639    
  1.587617    -100.00000    
  1.602078     -71.02713    
  1.602165     -70.79241    
  1.604747     -70.35058    
  1.604834    -100.00000    
  1.629405     -66.93896    
  1.629492     -66.61092    
  1.633100     -65.99934    
  1.633187    -100.00000    
  1.643761     -64.56420    
  1.643848     -64.44291    
  1.646889     -63.96657    
  1.646976     -64.73431    
  1.653070     -63.13153    
  1.653157    -100.00000    
  1.667964     -61.20394    
  1.668051     -61.19367    
  1.673067     -60.31880    
  1.673154     -60.25368    
  1.673452     -60.21306    
  1.673539    -100.00000    
  1.683736     -58.97090    
  1.683823     -59.10991    
  1.689301     -58.14542    
  1.689388     -58.07731    
  1.690173     -57.97345    
  1.690260     -57.97122    
  1.691919     -57.74963    
  1.692006    -100.00000    
  1.709636     -55.72542    
  1.709723     -55.64122    
  1.714846     -54.85705    
  1.714933     -54.81863    
  1.717233     -54.52338    
  1.717320     -54.50105    
  1.717576     -54.46913    
  1.717663     -54.47073    
  1.719536     -54.23416    
  1.719623     -54.23341    
  1.721805     -53.95719    
  1.721892     -53.98923    
  1.725295     -53.54273    
  1.725382     -53.76581    
  1.731154     -52.86460    
  1.731241     -52.79941    
  1.731758     -52.73681    
  1.731845     -52.72660    
  1.732294     -52.67231    
  1.732381     -52.69326    
  1.735217     -52.33869    
  1.735304    -100.00000    
  1.746841     -51.09761    
  1.746929     -50.94544    
  1.747807     -50.84300    
  1.747894     -51.08982    
  1.753972     -50.18752    
  1.754058     -50.15220    
  1.756978     -49.80550    
  1.757065     -49.98723    
  1.762907     -49.17191    
  1.762994     -49.11224    
  1.763503     -49.05482    
  1.763590     -49.06219    
  1.765957     -48.79150    
  1.766044     -48.79014    
  1.768505     -48.50994    
  1.768592     -49.03769    
  1.776113     -47.73737    
  1.776200     -47.77199    
  1.781285     -47.14596    
  1.781372     -47.09958    
  1.781946     -47.03796    
  1.782033     -47.10092    
  1.786409     -46.59120    
  1.786495     -46.56007    
  1.788161     -46.38228    
  1.788248     -46.37093    
  1.789372     -46.25216    
  1.789459     -46.26298    
  1.792246     -45.96145    
  1.792333     -46.76780    
  1.800765     -45.14650    
  1.800851     -46.20690    
  1.809708     -44.24475    
  1.809795     -44.15499    
  1.810144     -44.11991    
  1.810231     -44.15359    
  1.814042     -43.75196    
  1.814129    -100.00000    
  1.834747     -41.95925    
  1.834834     -41.76472    
  1.838907     -41.35900    
  1.838994     -41.33384    
  1.840414     -41.20043    
  1.840501     -41.19932    
  1.842703     -40.99149    
  1.842790     -40.98002    
  1.844125     -40.85572    
  1.844212    -100.00000    
  1.857265     -39.77887    
  1.857352    -100.00000    
  1.870233     -38.62506    
  1.870320     -38.50356    
  1.871306     -38.41742    
  1.871393     -38.40921    
  1.872072     -38.35035    
  1.872158     -38.34453    
  1.873424     -38.23432    
  1.873511     -38.40676    
  1.880831     -37.64349    
  1.880918     -37.70501    
  1.887368     -37.08016    
  1.887455    -100.00000    
  1.899003     -36.16615    
  1.899090     -36.18684    
  1.905821     -35.55794    
  1.905908     -35.58547    
  1.911657     -35.07902    
  1.911744     -35.04336    
  1.912227     -35.00465    
  1.912313     -35.00118    
  1.913955     -34.86964    
  1.914042     -35.35699    
  1.924238     -34.12743    
  1.924325     -34.05349    
  1.925856     -33.93400    
  1.925943     -33.92538    
  1.926709     -33.86614    
  1.926796     -33.85892    
  1.926846     -33.85507    
  1.926932     -33.84837    
  1.927461     -33.80754    
  1.927548     -33.81612    
  1.930771     -33.56191    
  1.930858     -33.55869    
  1.933873     -33.32327    
  1.933960     -33.32123    
  1.936983     -33.08671    
  1.937070     -33.07275    
  1.938051     -32.99838    
  1.938138     -33.00031    
  1.940777     -32.79840    
  1.940864    -100.00000    
  1.955697     -31.79889    
  1.955784     -31.70583    
  1.959855     -31.40077    
  1.959942     -31.39848    
  1.963545     -31.13305    
  1.963632     -31.47525    
  1.974225     -30.43126    
  1.974312     -30.36202    
  1.974387     -30.35672    
  1.974474     -30.35894    
  1.977192     -30.16733    
  1.977279    -100.00000    
  1.994212     -29.12208    
  1.994299     -29.00307    
  1.996552     -28.85197    
  1.996639     -28.84384    
  1.997939     -28.75760    
  1.998026     -28.75506    
  2.000182     -28.61184    
  2.000268     -28.67889    
  2.007421     -28.16597    
  2.007508     -28.13272    
  2.009100     -28.02966    
  2.009187     -28.02233    
  2.009352     -28.01167    
  2.009439     -28.00608    
  2.009543     -28.09137    
  2.017372     -27.53343    
  2.017459     -27.62635    
  2.026471     -26.97204    
  2.026558     -26.92782    
  2.028108     -26.83194    
  2.028195    -100.00000    
  2.061043     -25.10834    
  2.061130     -24.90947    
  2.067104     -24.55652    
  2.067191     -24.53524    
  2.068339     -24.47107    
  2.068426     -24.52760    
  2.076209     -24.06169    
  2.076296    -100.00000    
  2.097304     -23.02645    
  2.097391     -22.91204    
  2.100294     -22.76076    
  2.100380     -22.75301    
  2.101519     -22.69455    
  2.101605     -22.68991    
  2.102584     -22.63977    
  2.102671     -22.63651    
  2.104539     -22.54078    
  2.104626     -22.53583    
  2.106101     -22.46091    
  2.106187     -22.47490    
  2.111508     -22.19911    
  2.111595     -22.18420    
  2.111941     -22.16436    
  2.112028     -22.32596    
  2.124229     -21.60667    
  2.124316     -21.55676    
  2.124942     -21.52658    
  2.125029     -21.52371    
  2.126973     -21.43079    
  2.127060     -21.42696    
  2.127658     -21.39525    
  2.127745     -21.40175    
  2.131986     -21.19637    
  2.132073     -21.20294    
  2.137486     -20.94146    
  2.137573     -20.93453    
  2.141450     -20.75212    
  2.141537     -20.74261    
  2.141662     -20.73686    
  2.141749     -20.76965    
  2.149371     -20.40325    
  2.149458     -20.38083    
  2.150293     -20.34292    
  2.150380     -20.33881    
  2.150508     -20.33969    
  2.154246     -20.17024    
  2.154333     -20.16375    
  2.156640     -20.06090    
  2.156727     -20.05523    
  2.156827     -20.05254    
  2.158960     -19.95814    
  2.159047     -20.00249    
  2.168055     -19.58423    
  2.168141     -19.61134    
  2.177604     -19.18191    
  2.177690     -19.16173    
  2.181731     -18.99323    
  2.181818     -18.98688    
  2.184198     -18.88956    
  2.184285     -18.89174    
  2.188445     -18.72166    
  2.188532     -18.71757    
  2.191911     -18.58276    
  2.191997     -18.65429    
  2.204170     -18.14191    
  2.204257     -18.13793    
  2.213352     -17.80129    
  2.213439     -17.78713    
  2.217837     -17.64040    
  2.217924     -17.63131    
  2.218030     -17.71526    
  2.218315     -17.68057    
  2.218402     -17.68888    
  2.218688     -17.68377    
  2.218775     -17.63516    
  2.225403     -17.64835    
  2.231931     -16.76512    
  2.232018     -17.07955    
  2.234695     -16.75797    
  2.234781     -16.90779    
  2.239617     -16.78817    
  2.239704     -16.84595    
  2.245345     -16.68206    
  2.245432     -16.65905    
  2.250721     -16.68012    
  2.250808     -16.59624    
  2.252069     -16.32764    
  2.252156     -16.49653    
  2.253696     -16.46851    
  2.253782     -16.27452    
  2.257177    -100.00000    
  2.260545     -16.14036    
  2.260632     -15.90516    
  2.263836     -16.16276    
  2.267016     -16.06269    
  2.267103     -16.06906    
  2.270490     -16.02883    
  2.270577     -16.01745    
  2.271628     -15.97842    
  2.271715     -15.57151    
  2.275818     -15.49462    
  2.275905     -15.91501    
  2.278364     -15.92976    
  2.280809     -15.92433    
  2.280896     -15.78401    
  2.283804     -15.69023    
  2.283891     -15.64731    
  2.284781     -15.72130    
  2.284868     -15.66302    
  2.286288     -15.51286    
  2.286375     -15.54494    
  2.286786     -15.57647    
  2.286873     -14.78650    
  2.289459     -15.54624    
  2.292031     -15.23993    
  2.294586     -15.22909    
  2.297128     -15.31795    
  2.297214     -15.32491    
  2.297982     -15.32971    
  2.298069     -15.20588    
  2.300085     -15.31692    
  2.302092     -15.07627    
  2.304090     -15.36116    
  2.306078     -15.23345    
  2.306165     -15.32731    
  2.308268     -15.36691    
  2.309316     -15.34184    
  2.310361     -15.46719    
  2.311404     -15.29318    
  2.312444     -15.44888    
  2.313482     -16.38079    
  2.314517    -100.00000    
  2.314604    -100.00000    
  2.315597    -100.00000    
  2.315684    -100.00000    
  2.316612    -100.00000    
  2.317538    -100.00000    
  2.318463    -100.00000    
  2.319385    -100.00000    
  2.320305    -100.00000    
  2.321224    -100.00000    
  2.322140    -100.00000    
  2.323055    -100.00000    
  2.323141    -100.00000    
  2.324295    -100.00000    
  2.325445    -100.00000    
  2.326592    -100.00000    
  2.327736    -100.00000    
  2.327823    -100.00000    
  2.328799    -100.00000    
  2.329773    -100.00000    
  2.330745    -100.00000    
  2.331714    -100.00000    
  2.331801    -100.00000    
  2.333101    -100.00000    
  2.333188    -100.00000    
  2.334187    -100.00000    
  2.335184    -100.00000    
  2.336179    -100.00000    
  2.337171    -100.00000    
  2.338161    -100.00000    
  2.339149    -100.00000    
  2.340135    -100.00000    
  2.341118    -100.00000    
  2.341205    -100.00000    
  2.341283    -100.00000    
  2.341370    -100.00000    
  2.341472    -100.00000    
  2.342320    -100.00000    
  2.343166    -100.00000    
  2.344011    -100.00000    
  2.344853    -100.00000    
  2.344940    -100.00000    
  2.345621    -100.00000    
  2.346301    -100.00000    
  2.346979    -100.00000    
  2.347657    -100.00000    
  2.348333    -100.00000    
  2.349009    -100.00000    
  2.349683    -100.00000    
  2.350356    -100.00000    
  2.350443    -100.00000    
  2.351331    -100.00000    
  2.352217    -100.00000    
  2.352659    -100.00000    
  2.353101    -100.00000    
  2.353542    -100.00000    
  2.353983    -100.00000    
  2.354070    -100.00000    
  2.354494    -100.00000    
  2.354917    -100.00000    
  2.355340    -100.00000    
  2.355762    -100.00000    
  2.355849    -100.00000    
  2.356283    -100.00000    
  2.356717    -100.00000    
  2.357149    -100.00000    
  2.357582    -100.00000    
  2.357669     -11.08230    
  2.362936     -10.90628    
  2.363023     -10.03596    
  2.376702     -9.160836    
  2.376789     -9.021345    
  2.381401     -8.873836    
  2.381488     -8.868075    
  2.381574     -8.870082    
  2.381660     -8.858942    
  2.384670     -8.852333    
  2.384757     -9.234147    
  2.387126     -9.082606    
  2.387213     -8.906318    
  2.396615     -8.871685    
  2.405819     -8.465622    
  2.405905     -8.382434    
  2.409345     -9.522779    
  2.409431     -8.945751    
  2.409967     -8.586411    
  2.410054     -8.628836    
  2.411501     -8.691104    
  2.411588     -8.596923    
  2.412778     -8.558177    
  2.412865     -8.493476    
  2.413098     -8.469342    
  2.413185     -8.463905    
  2.417228     -8.469335    
  2.417315     -8.015038    
  2.417448     -7.173788    
  2.417535     -6.336184    
  2.419545     -7.598587    
  2.419632     -7.031998    
  2.424108     -8.789432    
  2.424195     -7.017186    
  2.429911     -7.503081    
  2.429998     -7.011681    
  2.432147     -7.252510    
  2.432234     -7.205491    
  2.433514     -7.603288    
  2.433601     -6.709980    
  2.434762     -6.166314    
  2.434849     -5.810952    
  2.435182     -5.733485    
  2.435269    -100.00000    
  2.435570    -100.00000    
  2.435657     -6.977573    
  2.438099     -6.421899    
  2.438186     -6.830890    
  2.443115     -6.754186    
  2.443202     -6.680351    
  2.448046     -6.271378    
  2.448133     -6.445972    
  2.449372     -6.179881    
  2.449459     -5.918394    
  2.450924    -100.00000    
  2.451011     -5.999071    
  2.456026     -6.158643    
  2.456113    -100.00000    
  2.457105     -6.516208    
  2.457192     -5.934408    
  2.461170     -6.007064    
  2.461257     -6.331179    
  2.466286     -6.229774    
  2.466372    -100.00000    
  2.466976     -6.568873    
  2.467064    -100.00000    
  2.471828     -5.768932    
  2.471915     -6.066690    
  2.476442     -5.542141    
  2.476529    -100.00000    
  2.476628     -10.95968    
  2.476715     -11.56608    
  2.476977     -10.49747    
  2.477064     -5.764684    
  2.483465    -100.00000    
  2.483551     -5.329569    
  2.483824     -5.580567    
  2.483911     -5.460736    
  2.484130     -5.461628    
  2.484217     -5.512337    
  2.487600     -5.741830    
  2.490956     -6.034297    
  2.491043     -5.984580    
  2.493583     -6.664937    
  2.496107     -5.751966    
  2.496194     -5.698053    
  2.500074     -5.934425    
  2.503920     -5.818367    
  2.504007     -6.073153    
  2.504069     -5.928583    
  2.504156     -5.438897    
  2.506191     -5.093025    
  2.506278     -5.587121    
  2.506857     -6.050274    
  2.506943     -6.004930    
  2.507203     -5.666255    
  2.507290     -5.550187    
  2.511408     -5.661066    
  2.515486     -5.137695    
  2.515573     -4.855686    
  2.515719     -4.883267    
  2.515805     -4.938740    
  2.515872     -4.990636    
  2.515959     -5.568946    
  2.516943     -4.809577    
  2.517030     -5.189622    
  2.517941     -6.574420    
  2.518028     -5.581028    
  2.518445     -5.188359    
  2.518532     -4.968149    
  2.522095     -5.745537    
  2.525630     -5.551708    
  2.529136     -5.611499    
  2.532615     -5.319764    
  2.532701     -5.593281    
  2.536032     -5.507357    
  2.539337     -5.363227    
  2.539424     -5.133730    
  2.543132     -5.765328    
  2.546808     -5.617646    
  2.546895     -5.552528    
  2.547329     -5.327674    
  2.547416     -5.288497    
  2.551118     -5.558413    
  2.551204     -4.957797    
  2.554808     -5.141597    
  2.558382     -5.231577    
  2.558469     -5.728958    
  2.558869     -5.673336    
  2.558956     -5.973883    
  2.561557     -5.692236    
  2.561644     -6.675258    
  2.564082     -5.360008    
  2.566507     -5.194562    
  2.568917     -4.738662    
  2.571315     -4.756763    
  2.571402     -4.942941    
  2.571490     -5.114773    
  2.571576     -5.164383    
  2.574740     -5.540097    
  2.577880     -5.374843    
  2.580998     -5.748296    
  2.584094     -5.448888    
  2.587168    -100.00000    
  2.590220     -5.412783    
  2.593250     -5.631129    
  2.596260     -5.649419    
  2.596347     -5.409157    
  2.597646     -5.629308    
  2.597733     -5.257208    
  2.600542     -4.928128    
  2.603333     -6.844029    
  2.603420     -6.046855    
  2.606239     -4.673541    
  2.606324     -4.439113    
  2.606411     -4.119894    
  2.607237    -100.00000    
  2.607324     -5.428526    
  2.611491     -4.690247    
  2.615617     -4.773415    
  2.615704     -4.201710    
  2.619659     -4.935416    
  2.619746     -5.165570    
  2.620859     -5.541261    
  2.620946     -5.150172    
  2.621962     -5.432535    
  2.622049     -4.817107    
  2.625471     -5.155719    
  2.625557    -100.00000    
  2.626297     -4.328820    
  2.626384     -4.732715    
  2.627024     -4.956450    
  2.627111     -4.666994    
  2.630159     -5.084230    
  2.633186     -4.695354    
  2.633273     -4.698799    
  2.633585     -4.525067    
  2.633672     -4.332519    
  2.636750     -4.848189    
  2.639805     -4.318854    
  2.642840     -4.315962    
  2.645853     -4.116490    
  2.645940     -4.221022    
  2.646436     -3.924558    
  2.646523     -3.848972    
  2.648513     -4.587641    
  2.648600     -4.603664    
  2.650581     -4.441645    
  2.650668     -4.422639    
  2.652023     -4.058088    
  2.652110     -3.881861    
  2.653758     -4.230747    
  2.653845     -4.083346    
  2.654514     -4.093460    
  2.654601     -4.291639    
  2.655848    -100.00000    
  2.655935     -4.303474    
  2.656856     -3.751925    
  2.656943     -3.878914    
  2.659789     -4.163329    
  2.659876     -4.405678    
  2.661632     -4.701461    
  2.661711     -4.793325    
  2.661798     -4.452242    
  2.662838     -4.563361    
  2.662925     -3.854496    
  2.664288     -3.917216    
  2.665620     -3.909889    
  2.666947     -4.205386    
  2.668270     -4.082624    
  2.668357     -3.869971    
  2.669554     -4.122254    
  2.670748     -4.519738    
  2.670835     -4.379610    
  2.671974     -4.525641    
  2.673109     -4.442979    
  2.674242     -4.189762    
  2.675371     -3.985057    
  2.675458     -4.481522    
  2.676824     -3.906962    
  2.676911     -4.027984    
  2.677751     -4.380570    
  2.677838     -3.941957    
  2.679282     -4.269343    
  2.680721     -4.399919    
  2.682155     -4.180947    
  2.683585     -4.272310    
  2.683672     -4.344655    
  2.684694     -4.072265    
  2.685714     -4.372390    
  2.685801     -4.205445    
  2.685988     -4.469612    
  2.686075    -100.00000    
  2.686520     -4.245702    
  2.686607     -4.320883    
  2.687604     -4.167679    
  2.688599     -4.369521    
  2.688686     -4.206029    
  2.689315     -4.055102    
  2.689943     -4.337562    
  2.690571     -3.839103    
  2.691198     -3.884265    
  2.691823     -3.894174    
  2.692448     -4.608543    
  2.693072     -4.011661    
  2.693695     -3.986773    
  2.694317     -4.461022    
  2.694939     -4.005303    
  2.695559     -4.176611    
  2.696179     -4.099768    
  2.696797     -4.197865    
  2.697415     -4.022097    
  2.698032     -4.175089    
  2.698648     -3.985463    
  2.698717     -4.194366    
  2.698803     -4.580840    
  2.699142     -4.265079    
  2.699229     -4.110187    
  2.700077     -4.025221    
  2.700500     -4.229818    
  2.700923     -5.256872    
  2.701345     -4.378203    
  2.701767     -3.958201    
  2.702189     -3.960268    
  2.702610     -4.286861    
  2.702697     -4.562155    
  2.706323     -4.087228    
  2.706410     -4.050214    
  2.708352     -4.014151    
  2.708438     -3.957912    
  2.709271     -4.241257    
  2.709358     -4.106917    
  2.712230     -4.057761    
  2.712317     -4.290932    
  2.716395     -4.231752    
  2.716481     -4.087929    
  2.716568     -4.264416    
  2.718970     -4.000052    
  2.721359    -100.00000    
  2.721446     -6.148813    
  2.721792     -5.125560    
  2.721879     -4.366809    
  2.724957     -4.402121    
  2.725044     -4.345724    
  2.728368     -4.148169    
  2.728455     -4.326688    
  2.728556     -4.449485    
  2.728643     -4.673571    
  2.730036     -5.177333    
  2.730123     -5.345697    
  2.733020     -4.405859    
  2.735898     -4.523767    
  2.735985     -4.622936    
  2.736079     -4.149501    
  2.737059     -4.142496    
  2.737146     -5.038961    
  2.740300     -4.188311    
  2.740387     -5.003803    
  2.744215     -4.254158    
  2.748009     -4.058933    
  2.751770     -4.256700    
  2.755499     -4.203401    
  2.755586     -4.172124    
  2.758474     -4.071545    
  2.758561     -4.021336    
  2.759027     -4.065037    
  2.759113     -4.568928    
  2.759268     -5.204783    
  2.759355     -5.215923    
  2.759911     -4.149108    
  2.759997     -4.029745    
  2.760747     -4.008962    
  2.760833     -4.584025    
  2.762307     -4.053792    
  2.762394     -4.503391    
  2.764577     -4.197309    
  2.764664     -4.670654    
  2.765400     -3.982585    
  2.765487     -4.145943    
  2.765755     -4.702792    
  2.765842     -4.609902    
  2.767568     -4.418056    
  2.767655     -4.042744    
  2.771767     -4.106080    
  2.775841     -4.205316    
  2.775928     -4.431756    
  2.777541     -4.308719    
  2.777628     -4.206467    
  2.781421     -4.132747    
  2.781508     -4.081710    
  2.784445     -4.462260    
  2.787363     -4.132223    
  2.787450     -4.233932    
  2.789348     -3.884787    
  2.789435     -4.039947    
  2.792054     -4.142413    
  2.792141     -4.086752    
  2.795962     -4.052186    
  2.796049     -4.139562    
  2.798395     -4.211531    
  2.800729     -4.232135    
  2.803050     -4.099354    
  2.805359     -4.115993    
  2.807656     -4.036074    
  2.809941     -4.230128    
  2.812213     -4.050259    
  2.814474     -4.153740    
  2.814561     -4.049331    
  2.815775     -4.118620    
  2.815862     -4.429472    
  2.816430     -4.152357    
  2.816517     -4.071818    
  2.818570     -4.146524    
  2.818657     -4.115467    
  2.821422     -4.193081    
  2.824169     -4.248068    
  2.826900     -4.027987    
  2.829613     -4.103789    
  2.829700     -4.157487    
  2.832139     -4.208513    
  2.834565     -4.140336    
  2.836978     -4.441288    
  2.839377     -4.075257    
  2.839464     -4.106872    
  2.842740     -4.104591    
  2.845992     -4.099495    
  2.846054     -4.153153    
  2.846141     -4.160614    
  2.846320     -4.172290    
  2.846407     -4.176486    
  2.846929     -4.213073    
  2.847016     -4.227877    
  2.850284     -4.250748    
  2.850371     -4.255914    
  2.851107     -4.233683    
  2.851194     -4.261142    
  2.851272     -4.272429    
  2.851359     -4.267858    
  2.851605     -4.242507    
  2.851692     -4.234780    
  2.852969     -4.243736    
  2.853056     -4.251882    
  2.856721     -4.282070    
  2.856808     -4.288862    
  2.860014     -4.250471    
  2.863196     -4.267500    
  2.863283     -4.277343    
  2.866961     -4.291230    
  2.867048     -4.290579    
  2.867158     -4.289722    
  2.871477     -4.304131    
  2.871560     -4.308909    
  2.871647     -4.383736    
  2.874394     -4.337672    
  2.877123     -4.329019    
  2.877210     -4.293488    
  2.879769     -4.316484    
  2.882313     -4.312373    
  2.882400     -4.274512    
  2.882670     -4.525669    
  2.882757    -100.00000    
  2.885337     -3.835307    
  2.885423     -3.753924    
  2.886380     -3.855097    
  2.886467     -3.884072    
  2.886654     -3.925940    
  2.886741     -4.219358    
  2.889314     -4.469667    
  2.889401     -4.179877    
  2.891964     -4.124384    
  2.892051     -4.101846    
  2.893704     -4.040696    
  2.893791     -4.072471    
  2.894071     -4.095059    
  2.894158     -4.098442    
  2.895095     -4.195772    
  2.895182     -4.207713    
  2.896767     -4.288955    
  2.896854     -4.295266    
  2.897787     -4.307694    
  2.897874     -4.345959    
  2.900589     -4.344456    
  2.900676     -4.330097    
  2.902856     -4.337258    
  2.905026     -4.340851    
  2.905113     -4.352701    
  2.908098     -4.341579    
  2.908185     -4.344639    
  2.908477     -4.344658    
  2.908564     -4.344854    
  2.910090     -4.346640    
  2.910176     -4.347419    
  2.913363     -4.356408    
  2.916527     -4.399174    
  2.916614     -4.249042    
  2.916785     -4.248417    
  2.916872     -4.250791    
  2.917171     -4.265209    
  2.917258     -4.286254    
  2.919518     -4.353109    
  2.921765     -4.358806    
  2.921852     -4.355678    
  2.925029     -4.363840    
  2.925116     -4.369792    
  2.925941     -4.362177    
  2.926028     -4.363642    
  2.927554     -4.364137    
  2.927641     -4.364317    
  2.927950     -4.367782    
  2.928037     -4.367987    
  2.928671     -4.365260    
  2.928758     -4.364574    
  2.929127     -4.366704    
  2.929213     -4.366935    
  2.929524     -4.364176    
  2.929611     -4.364056    
  2.930245     -4.369873    
  2.930332     -4.367387    
  2.930604     -4.373180    
  2.930691     -4.370971    
  2.930963     -4.367357    
  2.931050     -4.369134    
  2.934646     -4.370402    
  2.934733     -4.367727    
  2.936807     -4.369346    
  2.936894     -4.369471    
  2.937412     -4.367153    
  2.937499     -4.368241    
  2.937612     -4.369425    
  2.939332     -4.375323    
  2.939418     -4.387096    
  2.941608     -4.348757    
  2.943787     -4.373731    
  2.943874     -4.373535    
  2.945266     -4.378025    
  2.945353     -4.380409    
  2.946273     -4.383964    
  2.946360     -4.384159    
  2.946687     -4.376750    
  2.946774     -4.363768    
  2.949036     -4.378082    
  2.951287     -4.387959    
  2.951374     -4.383504    
  2.953319     -4.396470    
  2.953406     -4.365969    
  2.953750     -4.361920    
  2.953837     -4.362656    
  2.954344     -4.366090    
  2.954431     -4.367093    
  2.955739     -4.397659    
  2.955826     -4.393749    
  2.956162     -4.394412    
  2.956249     -4.395336    
  2.956822     -4.398917    
  2.956909     -4.396713    
  2.957620     -4.394936    
  2.957703     -4.393661    
  2.957790     -4.391022    
  2.958622     -4.400010    
  2.958708     -4.403182    
  2.959196     -4.385245    
  2.959269     -4.387248    
  2.959356     -4.389565    
  2.959520     -4.394098    
  2.959575     -4.394731    
  2.959642     -4.395338    
  2.959729     -4.394048    
  2.959839     -4.380873    
  2.959926     -4.333045    
  2.960694     -4.229260    
  2.960781     -4.249706    
  2.961021     -4.284307    
  2.961108     -4.294839    
  2.961209     -4.337032    
  2.965318     -4.619057    
  2.965405     -4.359832    
  2.969227     -4.130865    
  2.969314     -4.217762    
  2.972533     -4.375520    
  2.975728     -4.292117    
  2.975815     -4.211179    
  2.976166     -4.229992    
  2.976253     -4.436478    
  2.979351     -4.326115    
  2.982423     -4.482589    
  2.982509     -4.302498    
  2.982872     -4.201773    
  2.982959     -4.188626    
  2.986873     -4.467663    
  2.990753     -4.472500    
  2.994598     -4.367495    
  2.998409     -4.173844    
  3.002187     -4.337926    
  3.005933     -4.383780    
  3.009646     -4.617135    
  3.013329     -4.114045    
  3.016980     -4.499820    
  3.020600     -4.504848    
  3.024191     -4.491660    
  3.027752     -4.517403    
  3.031285     -4.521945    
  3.034788     -4.626690    
  3.038264     -4.170164    
  3.041713     -4.583939    
  3.041799     -4.547242    
  3.044019     -4.506490    
  3.044106     -4.515998    
  3.046417     -4.528328    
  3.046504     -4.596982    
  3.047266     -4.514867    
  3.047353     -4.537825    
  3.050503     -4.480645    
  3.053630     -4.588747    
  3.056735     -4.501158    
  3.059819     -4.575929    
  3.062880     -4.560587    
  3.065920     -4.570592    
  3.068939     -4.667838    
  3.071937     -4.605766    
  3.072024     -4.476642    
  3.074515     -4.561311    
  3.074602     -4.438978    
  3.077416     -4.537938    
  3.080211     -4.500848    
  3.082988     -4.698732    
  3.085748     -4.281853    
  3.085835     -3.816068    
  3.088164     -4.159891    
  3.088251     -4.240990    
  3.089222     -4.458808    
  3.089309     -4.457041    
  3.091849     -4.642322    
  3.091936     -4.727978    
  3.095352     -4.508103    
  3.095438     -4.328028    
  3.096179     -4.378236    
  3.096266     -4.473658    
  3.099969     -4.624392    
  3.100056     -4.592293    
  3.102791     -4.627550    
  3.105509     -4.636854    
  3.105596     -4.611188    
  3.108813     -4.658560    
  3.112005     -4.574346    
  3.112092     -4.621963    
  3.114687     -4.645752    
  3.114774     -4.624977    
  3.114901     -4.634586    
  3.114988     -4.699198    
  3.116978     -4.702801    
  3.117065     -4.622922    
  3.117740     -4.628215    
  3.117827     -4.677352    
  3.118223     -4.680055    
  3.118310     -4.574873    
  3.120853     -4.859264    
  3.123381     -4.522042    
  3.123468     -4.711679    
  3.125997     -4.567232    
  3.126084     -4.611541    
  3.127687     -4.648867    
  3.127774     -4.559445    
  3.129225     -4.738598    
  3.129312     -4.618835    
  3.132455     -4.735444    
  3.135577     -4.938143    
  3.135664     -4.737634    
  3.136182     -4.476918    
  3.136269     -4.442162    
  3.138696     -5.176974    
  3.141109     -4.480933    
  3.141196     -4.791041    
  3.144101     -4.605327    
  3.144188     -4.661390    
  3.144956     -4.813083    
  3.145043     -4.706224    
  3.146758     -4.790547    
  3.146845     -4.906788    
  3.146975     -5.054384    
  3.147795     -4.552821    
  3.147882     -4.612699    
  3.148729     -5.215336    
  3.148816     -5.510843    
  3.150639     -4.449628    
  3.150726     -4.665309    
  3.151276     -4.783928    
  3.151363     -4.706502    
  3.153068     -4.828524    
  3.153155     -4.637435    
  3.153381     -4.602647    
  3.153434     -4.579555    
  3.153521     -4.561178    
  3.155016     -4.692004    
  3.155103     -4.914605    
  3.156074     -4.840681    
  3.156161     -4.512840    
  3.160418     -4.754070    
  3.164633     -4.642161    
  3.164720     -4.688352    
  3.165979     -4.872529    
  3.166066     -4.719126    
  3.168877     -4.637805    
  3.171670     -4.677965    
  3.171756     -4.212448    
  3.173578     -4.189154    
  3.173665     -4.304829    
  3.177077     -4.734931    
  3.180463     -4.740846    
  3.180550     -4.800090    
  3.181960     -4.796843    
  3.182047     -4.786325    
  3.184770     -4.926519    
  3.187477     -4.623528    
  3.187564     -4.455697    
  3.188338     -5.772626    
  3.188425     -4.958150    
  3.189356     -4.684121    
  3.189443     -6.249002    
  3.191119     -5.514933    
  3.191206     -4.620141    
  3.192224     -4.378479    
  3.192311     -4.472334    
  3.194885     -4.776591    
  3.194972     -4.972802    
  3.196916     -4.558849    
  3.197003     -4.639950    
  3.200094     -4.707911    
  3.203162     -4.714366    
  3.203250     -4.701315    
  3.204674     -4.906100    
  3.204761     -4.810200    
  3.207365     -4.784248    
  3.207452     -4.687375    
  3.209994     -4.744046    
  3.212521     -4.808522    
  3.215033     -4.617532    
  3.217531     -4.249447    
  3.217618     -4.348425    
  3.218164     -4.974893    
  3.218251     -4.954223    
  3.218329     -4.990400    
  3.218415     -4.831141    
  3.222383     -4.768309    
  3.226315     -4.728989    
  3.230212     -4.794141    
  3.234074     -4.954418    
  3.237901     -4.561455    
  3.241696     -4.953001    
  3.245457     -4.672555    
  3.249187     -4.915312    
  3.249274     -4.930535    
  3.251238     -4.999886    
  3.251325     -4.964463    
  3.251523     -4.967597    
  3.251610     -4.979833    
  3.254604     -4.970552    
  3.257576     -4.913022    
  3.260529     -4.966297    
  3.263462     -4.910263    
  3.263549     -4.895770    
  3.265995     -4.959385    
  3.268428     -5.036931    
  3.270847     -4.930895    
  3.273253     -5.142427    
  3.273340     -4.929212    
  3.276535     -5.000411    
  3.279706     -5.098469    
  3.279793     -5.086536    
  3.281662     -5.077699    
  3.281749     -5.080639    
  3.285833     -5.142611    
  3.285920     -5.095610    
  3.289028     -5.095605    
  3.289115     -5.110341    
  3.291415     -5.120478    
  3.291501     -5.113069    
  3.293929     -5.112467    
  3.296343     -5.126087    
  3.298744     -5.137731    
  3.301132     -5.130775    
  3.301219     -5.139352    
  3.305074     -5.175353    
  3.305161     -5.173550    
  3.305985     -5.176626    
  3.306072     -5.180407    
  3.306887     -5.168773    
  3.306974     -5.157608    
  3.309850     -5.176501    
  3.309937     -5.181998    
  3.310624     -5.184247    
  3.310710     -5.186762    
  3.311825     -5.192575    
  3.311912     -5.189474    
  3.312012     -5.189252    
  3.312099     -5.177117    
  3.314648     -5.225048    
  3.317181     -5.127983    
  3.319700     -5.220599    
  3.322204     -5.228608    
  3.324695     -5.113630    
  3.327170     -5.214886    
  3.329632     -5.230557    
  3.332080     -5.240413    
  3.334514     -5.216405    
  3.336935     -5.227666    
  3.339342     -5.324702    
  3.341736     -5.198215    
  3.344117     -5.316162    
  3.346485     -5.241216    
  3.348840     -5.219134    
  3.351182     -5.324283    
  3.351269     -5.413090    
  3.354866     -5.200048    
  3.358433     -5.368388    
  3.361971     -5.377082    
  3.365480     -5.151384    
  3.365567     -5.234150    
  3.367434     -5.368233    
  3.367521     -5.363877    
  3.370087     -5.390975    
  3.372609     -5.389248    
  3.375118     -5.395254    
  3.377612     -5.407436    
  3.377699     -5.357244    
  3.380754     -5.220035    
  3.383787     -5.413703    
  3.386800     -5.432578    
  3.389792     -5.433605    
  3.389879     -5.436802    
  3.392466     -5.441054    
  3.395039     -5.448130    
  3.395126     -5.445253    
  3.397959     -5.453551    
  3.398046     -5.454820    
  3.398416     -5.456326    
  3.398503     -5.496080    
  3.400855     -5.404123    
  3.400942     -5.137654    
  3.402428     -5.179991    
  3.402515     -5.235956    
  3.404126     -5.421304    
  3.404213     -5.417685    
  3.406921     -5.488243    
  3.409611     -5.472609    
  3.412285     -5.494585    
  3.414942     -5.499884    
  3.415029     -5.496714    
  3.419186     -5.509450    
  3.423303     -5.525704    
  3.427382     -5.527202    
  3.431422     -5.533443    
  3.431509     -5.549075    
  3.434904     -5.589287    
  3.438273     -5.153120    
  3.441616     -5.580694    
  3.444934     -5.584136    
  3.445021     -5.575612    
  3.447484     -5.582138    
  3.449934     -5.585937    
  3.450021     -5.604580    
  3.452474     -5.595306    
  3.454914     -5.592502    
  3.455001     -5.597774    
  3.457947     -5.599405    
  3.460873     -5.611632    
  3.463780     -5.618673    
  3.466667     -5.621226    
  3.466754     -5.621423    
  3.467583     -5.621898    
  3.467670     -5.741533    
  3.469453     -5.620577    
  3.469505     -5.621241    
  3.469592     -5.621672    
  3.469843     -5.622134    
  3.469930     -5.621586    
  3.471179     -5.626169    
  3.471266     -5.625628    
  3.474100     -5.646161    
  3.474187     -5.645111    
  3.476423     -5.646126    
  3.478648     -5.634436    
  3.480861     -5.661325    
  3.483063     -5.667078    
  3.483150     -5.666195    
  3.485959     -5.676551    
  3.488749     -5.671690    
  3.491522     -5.688084    
  3.494277     -5.696097    
  3.494364     -5.695962    
  3.496766     -5.689910    
  3.499154     -5.705595    
  3.501530     -5.784740    
  3.503893     -5.698677    
  3.506243     -5.414137    
  3.508580     -5.360048    
  3.510905     -5.724143    
  3.513217     -5.750662    
  3.513304     -5.744773    
  3.515963     -5.754467    
  3.518606     -5.758944    
  3.521233     -5.765732    
  3.523845     -5.773010    
  3.526440     -5.773223    
  3.529020     -5.739352    
  3.531585     -5.789967    
  3.534135     -5.801010    
  3.534222     -5.797775    
  3.536649     -5.807009    
  3.539062     -5.804854    
  3.541462     -5.851996    
  3.543849     -5.592219    
  3.543936     -5.670795    
  3.544500     -5.729471    
  3.544586     -5.757259    
  3.547376     -5.833191    
  3.550148     -5.840903    
  3.550235     -5.850440    
  3.552940     -5.843780    
  3.555627     -5.861623    
  3.555714     -5.845593    
  3.556728     -5.851248    
  3.556815     -5.851529    
  3.557696     -5.855981    
  3.557783     -5.852373    
  3.558846     -5.879465    
  3.558933     -5.862231    
  3.559110     -5.859571    
  3.559197     -5.859322    
  3.559291     -5.859247    
  3.559378     -5.850917    
  3.560851     -5.905347    
  3.560938     -5.862937    
  3.561019     -5.861564    
  3.561106     -5.860358    
  3.561368     -5.857198    
  3.561455     -5.857005    
  3.561549     -5.857253    
  3.561702     -5.858555    
  3.561789     -5.859355    
  3.561899     -5.859783    
  3.561986     -5.859635    
  3.562293     -5.847885    
  3.565681     -5.925358    
  3.565768     -5.925029    
  3.568672     -5.915763    
  3.571556     -5.922001    
  3.574422     -5.911950    
  3.577268     -5.873927    
  3.580096     -5.913617    
  3.582906     -5.936386    
  3.585698     -5.892941    
  3.588471     -6.018363    
  3.591228     -5.758009    
  3.593966     -5.957547    
  3.596688     -5.947283    
  3.599393     -5.974415    
  3.602081     -5.933831    
  3.604752     -6.113185    
  3.607407     -5.889365    
  3.610046     -5.809934    
  3.610133     -5.872762    
  3.612394     -6.126007    
  3.614642     -5.792200    
  3.616880     -6.011298    
  3.619105     -6.051512    
  3.621319     -6.067165    
  3.623523     -6.095811    
  3.625715     -5.942394    
  3.627896     -6.084200    
  3.627982     -6.080851    
  3.630428     -6.099040    
  3.632293     -6.103735    
  3.632379     -6.103016    
  3.635363     -6.122834    
  3.638325     -5.938962    
  3.641268     -6.025254    
  3.644191     -6.080539    
  3.644278     -6.099451    
  3.646967     -6.137164    
  3.649640     -6.150032    
  3.652297     -6.199587    
  3.654938     -5.926675    
  3.655025     -6.014438    
  3.657211     -6.134121    
  3.659385     -5.942250    
  3.659472     -6.037998    
  3.663615     -6.203020    
  3.663702     -6.251505    
  3.666918     -5.890515    
  3.670110     -6.064274    
  3.670197     -5.824092    
  3.674031     -5.505735    
  3.677831     -6.302875    
  3.681598     -6.232603    
  3.685333     -6.237865    
  3.685420     -6.432276    
  3.688862     -5.852723    
  3.688948     -5.916812    
  3.690731     -6.178422    
  3.690818     -6.151923    
  3.691459     -6.191919    
  3.691546     -6.210050    
  3.694812     -6.215387    
  3.694898     -6.225326    
  3.695365     -6.235776    
  3.695452     -6.237980    
  3.695518     -6.239324    
  3.695605     -6.243467    
  3.698701     -6.279396    
  3.701776     -6.277148    
  3.704828     -6.279411    
  3.707860     -6.296692    
  3.710870     -6.305574    
  3.712650     -6.303037    
  3.713860     -6.309548    
  3.716830     -6.321403    
  3.719779     -6.312438    
  3.719866     -6.325329    
  3.723198     -6.335670    
  3.726504     -6.336017    
  3.729786     -6.351112    
  3.733043     -6.364611    
  3.733130     -6.320835    
  3.736895     -6.220793    
  3.740628     -6.401397    
  3.740715     -6.385450    
  3.743507     -6.393729    
  3.746281     -6.399386    
  3.749037     -6.406414    
  3.751777     -6.413650    
  3.751863     -6.414885    
  3.754658     -6.418954    
  3.754745     -6.413621    
  3.755217     -6.415591    
  3.755304     -6.416536    
  3.755522     -6.417702    
  3.755609     -6.412263    
  3.758467     -6.440987    
  3.761306     -6.453923    
  3.764127     -6.420114    
  3.766929     -6.418611    
  3.769713     -6.264398    
  3.772480     -6.268391    
  3.775229     -6.470104    
  3.777961     -6.486910    
  3.778048     -6.478963    
  3.778151     -6.488760    
  3.781161     -6.488207    
  3.784252     -6.494223    
  3.787320     -6.510584    
  3.790368     -6.523525    
  3.793394     -6.517813    
  3.796399     -6.514957    
  3.799384     -6.550564    
  3.802348     -6.518336    
  3.802435     -6.523289    
  3.806009     -6.605272    
  3.806096     -6.594802    
  3.809815     -6.528784    
  3.809902     -6.569946    
  3.811377     -6.533942    
  3.811464     -6.538755    
  3.811517     -6.539370    
  3.811568     -6.540029    
  3.811655     -6.539891    
  3.814154     -6.599229    
  3.816638     -6.548229    
  3.819108     -5.967771    
  3.821564     -6.589942    
  3.821651     -6.566494    
  3.825835     -6.106355    
  3.829979     -6.497079    
  3.834084     -6.665595    
  3.838150     -6.657606    
  3.838237     -6.691788    
  3.840994     -6.585273    
  3.843735     -6.671678    
  3.846458     -6.675534    
  3.849164     -6.709419    
  3.851853     -6.514985    
  3.854526     -6.584119    
  3.857182     -6.645174    
  3.859823     -6.683112    
  3.859910     -6.705466    
  3.862754     -6.695284    
  3.865581     -6.713413    
  3.868389     -6.736312    
  3.871179     -6.747469    
  3.871266     -6.745396    
  3.873695     -6.750845    
  3.876111     -6.756450    
  3.878513     -6.757072    
  3.880902     -6.804759    
  3.880989     -6.687257    
  3.884377     -6.737493    
  3.887739     -6.785960    
  3.891076     -6.798089    
  3.894387     -6.805995    
  3.894474     -6.805830    
  3.898660     -6.819786    
  3.898747     -6.819753    
  3.901486     -6.826839    
  3.904208     -6.833690    
  3.904295     -6.832118    
  3.905384     -6.826723    
  3.905471     -6.828645    
  3.908472     -6.846652    
  3.908559     -6.846331    
  3.912193     -6.854798    
  3.912280     -6.852544    
  3.913068     -6.855385    
  3.913155     -6.855918    
  3.913273     -6.856392    
  3.913714     -6.858844    
  3.913769     -6.859072    
  3.913842     -6.859308    
  3.913889     -6.859476    
  3.913972     -6.860223    
  3.914081     -6.861319    
  3.914168     -6.872599    
  3.916915     -6.855457    
  3.917002     -6.710791    
  3.919240     -6.828237    
  3.921466     -6.901313    
  3.923680     -6.889362    
  3.925884     -6.901501    
  3.928076     -6.904373    
  3.930258     -6.916301    
  3.934588     -6.919736    
  3.938875     -6.934678    
  3.943121     -6.931842    
  3.947325     -6.953604    
  3.951490     -6.964843    
  3.955614     -6.961766    
  3.959700     -6.989120    
  3.963748     -7.017140    
  3.967758     -6.971277    
  3.971732     -6.928389    
  3.975669     -7.035617    
  3.979571     -7.032345    
  3.983439     -6.989609    
  3.983526     -7.046351    
  3.987126     -7.084485    
  3.990697     -7.072086    
  3.994239     -7.099480    
  3.997752     -7.105729    
  3.997838     -7.107880    
  4.000147     -7.122314    
  4.002444     -7.064289    
  4.004728     -7.077571    
  4.007001     -6.764887    
  4.009262     -7.060082    
  4.011511     -7.144931    
  4.013748     -7.157341    
  4.015974     -7.118861    
  4.018189     -7.178941    
  4.020392     -7.107362    
  4.022585     -7.177638    
  4.024766     -7.187105    
  4.029096     -7.197415    
  4.033383     -7.207555    
  4.033470     -7.107367    
  4.034774     -7.775192    
  4.034861     -6.495504    
  4.038365     -6.568636    
  4.038452     -6.883176    
  4.040802     -6.975905    
  4.043140     -7.198647    
  4.045465     -7.236933    
  4.047778     -7.251681    
  4.047865     -7.248444    
  4.051277     -7.265057    
  4.054632     -7.273744    
  4.057962     -7.282722    
  4.061267     -7.292011    
  4.061354     -7.292222    
  4.065579     -7.211864    
  4.069764     -7.197460    
  4.073909     -7.337549    
  4.078015     -7.337796    
  4.078102     -7.323296    
  4.080241     -7.384180    
  4.080328     -7.289890    
  4.080857     -7.249417    
  4.080944     -7.257619    
  4.081009     -7.256609    
  4.081054     -7.251596    
  4.082194     -7.263537    
  4.082281     -7.276491    
  4.084738     -7.341785    
  4.087181     -7.361325    
  4.089611     -7.369016    
  4.092028     -7.358341    
  4.094430     -7.378792    
  4.096820     -7.375618    
  4.099197     -7.393481    
  4.101560     -7.379986    
  4.101647     -7.394310    
  4.104844     -7.421883    
  4.108018     -7.273262    
  4.111169     -7.191016    
  4.114297     -7.412594    
  4.117403     -7.450539    
  4.120486     -7.440088    
  4.123548     -7.456631    
  4.126589     -7.469587    
  4.129608     -7.466395    
  4.132606     -7.480274    
  4.135584     -7.495478    
  4.138542     -7.485645    
  4.141479     -7.491818    
  4.144397     -7.513506    
  4.147296     -7.525066    
  4.150175     -7.533830    
  4.150262     -7.534965    
  4.153103     -7.548510    
  4.155926     -7.540734    
  4.156013     -7.513125    
  4.158103     -7.544131    
  4.158190     -7.551269    
  4.161727     -7.573715    
  4.161814     -7.569978    
  4.163762     -7.577059    
  4.163849     -7.577255    
  4.163959     -7.577603    
  4.164046     -7.576468    
  4.166389     -7.594032    
  4.168720     -7.626052    
  4.171039     -7.479209    
  4.173345     -7.603109    
  4.175640     -7.586051    
  4.177922     -7.629131    
  4.180192     -7.632238    
  4.182450     -7.636399    
  4.184697     -7.636907    
  4.186932     -7.644996    
  4.189156     -7.650952    
  4.191369     -7.661384    
  4.193570     -7.657970    
  4.195760     -7.685050    
  4.197939     -7.635097    
  4.200107     -7.668649    
  4.204411     -7.700393    
  4.208673     -7.693006    
  4.212894     -7.725240    
  4.217074     -7.707652    
  4.221214     -7.744100    
  4.225315     -7.746949    
  4.229377     -7.731576    
  4.233402     -7.762325    
  4.233489     -7.758733    
  4.235773     -7.787164    
  4.238044     -7.846872    
  4.240303     -7.621904    
  4.242551     -7.735237    
  4.244787     -7.809683    
  4.247012     -7.820221    
  4.249225     -7.824797    
  4.251427     -7.806596    
  4.251514     -7.819137    
  4.255198     -7.844184    
  4.258852     -7.845570    
  4.262474     -7.810195    
  4.266067     -7.882534    
  4.266154     -7.874635    
  4.268659     -7.936291    
  4.271149     -7.686502    
  4.273626     -7.391046    
  4.276088     -7.563472    
  4.278536     -7.872704    
  4.280971     -7.906288    
  4.283392     -7.612075    
  4.285800     -7.895491    
  4.288194     -7.940649    
  4.290575     -7.833450    
  4.292943     -7.939707    
  4.295299     -7.959877    
  4.297641     -7.966706    
  4.299971     -7.973184    
  4.302289     -7.979128    
  4.304595     -7.985561    
  4.306888     -7.991975    
  4.309169     -8.006540    
  4.311438     -7.936531    
  4.313695     -8.270641    
  4.315941     -8.001869    
  4.318175     -8.022899    
  4.320398     -8.029935    
  4.322610     -8.031320    
  4.324810     -8.014465    
  4.326999     -7.999248    
  4.329177     -8.042059    
  4.331345     -8.062004    
  4.335647     -7.989330    
  4.339907     -8.032126    
  4.339994     -8.066171    
  4.343342     -8.033966    
  4.346664     -8.101826    
  4.349961     -8.112705    
  4.353233     -8.122716    
  4.353320     -8.127026    
  4.356074     -8.121759    
  4.356161     -8.122112    
  4.357582     -8.133770    
  4.357669     -8.134165    
  4.357779     -8.134778    
  4.357865     -8.133570    
  4.360696     -8.152387    
  4.363507     -8.163258    
  4.366301     -8.153460    
  4.369077     -8.174212    
  4.371835     -8.148503    
  4.374576     -8.182716    
  4.377300     -8.194312    
  4.380006     -8.201678    
  4.382696     -8.211952    
  4.385369     -8.219034    
  4.388026     -8.227139    
  4.390667     -8.236003    
  4.393292     -8.223237    
  4.395901     -8.249390    
  4.398495     -8.251523    
  4.401073     -8.268876    
  4.403636     -8.263082    
  4.406183     -8.289506    
  4.408716     -8.190637    
  4.411235     -8.243722    
  4.413739     -8.297845    
  4.416228     -8.298272    
  4.418703     -8.130554    
  4.421164     -8.211647    
  4.423612     -8.248276    
  4.426045     -8.331516    
  4.428465     -8.320146    
  4.430872     -8.350543    
  4.433266     -8.337531    
  4.435646     -8.351116    
  4.438013     -8.369885    
  4.440368     -8.378447    
  4.440455     -8.363430    
  4.442834     -8.360631    
  4.445201     -8.392950    
  4.445288     -8.392982    
  4.447569     -8.403438    
  4.449839     -8.413130    
  4.452097     -8.340699    
  4.454343     -8.354151    
  4.456578     -8.425696    
  4.458801     -8.404160    
  4.461013     -8.399903    
  4.463213     -8.432575    
  4.465403     -8.453409    
  4.467581     -8.461186    
  4.471906     -8.462852    
  4.476188     -8.480362    
  4.480428     -8.401161    
  4.512937     -8.576430    
  4.513024     -8.565963    
  4.514610     -8.586024    
  4.514697     -8.588262    
  4.515945     -8.593544    
  4.516032     -8.591915    
  4.516141     -8.593195    
  4.516228     -8.600657    
  4.585469     -8.779357    
  4.585556     -8.723593    
  4.648489     -8.928330    
  4.648576     -8.971754    
  4.649548     -8.982537    
  4.649635     -8.984071    
  4.649838     -8.986237    
  4.649925     -8.986882    
  4.650035     -8.987600    
  4.650122     -8.941957    
  4.709765     -9.158061    
  4.709852     -9.149791    
  4.765753     -9.314811    
  4.765822     -9.314256    
  4.765909     -9.313965    
  4.766019     -9.315187    
  4.766106     -9.292001    
  4.818480     -9.497882    
  4.818567     -9.458790    
  4.868094     -9.586683    
  4.868152     -9.547496    
  4.868214     -9.546022    
  4.868324     -9.548123    
  4.868411     -9.424393    
  4.915089     -9.868964    
  4.915176     -9.750971    
  4.959449     -9.857708    
  4.959536     -9.872401    
  4.959642     -9.860170    
  4.959729     -9.834757    
  4.959839     -9.804857    
  4.959925     -9.861989    
  5.002021     -9.952715    
  5.002108     -9.992376    
  5.041986     -10.09959    
  5.042072     -10.12066    
  5.042428     -10.11717    
  5.042515     -10.11635    
  5.042624     -10.11537    
  5.042711     -10.06167    
  5.081038     -10.20898    
  5.081125     -10.07099    
  5.117569     -10.33640    
  5.117655     -10.31595    
  5.118005     -10.33214    
  5.118092     -9.917290    
  5.118201     -9.462780    
  5.118288     -10.29941    
  5.153462     -10.39905    
  5.153549     -10.39761    
  5.187204     -10.50044    
  5.187290     -10.48915    
  5.187529     -10.48979    
  5.187616     -10.49006    
  5.187725     -10.49043    
  5.187812     -10.47371    
  5.251180     -10.64731    
  5.251266     -10.65795    
  5.251931     -10.66217    
  5.252018     -10.66231    
  5.252095     -10.66264    
  5.252182     -10.63837    
  5.311750     -10.80237    
  5.311837     -10.84641    
  5.311944     -10.84903    
  5.312021     -10.84995    
  5.312108     -10.83015    
  5.368079     -10.94840    
  5.368165     -10.96456    
  5.420736     -11.11838    
  5.420823     -11.09162    
  5.470384     -11.20624    
  5.470471     -11.22323    
  5.517346     -11.37822    
  5.517433     -11.36607    
  5.561899     -11.48285    
  5.561985     -11.48013    
  5.604277     -11.53956    
  5.604364     -11.59775    
  5.644684     -11.69855    
  5.644771     -11.68915    
  6.101351     -12.87890    
  6.318972     -13.48924    
  6.571403     -14.18237    
  6.845929     -14.94683    
  7.133075     -15.76544    
  7.426993     -16.64502    
  7.724423     -17.62698    
  8.023641     -18.84163    
  8.323763     -20.50354    
  8.624338     -21.88872    
  8.925140    -100.00000    
