 0.6989700    -100.00000    
 0.7247828    -100.00000    
 0.7491470    -100.00000    
 0.7722168    -100.00000    
 0.7941226    -100.00000    
 0.8348744    -100.00000    
 0.8721282    -100.00000    
 0.9064373    -100.00000    
 0.9382333    -100.00000    
 0.9678594    -100.00000    
 0.9955930     -63.64463    
  1.021661     -62.59990    
  1.046253     -62.07440    
  1.069527     -61.89630    
  1.091616     -61.98451    
  1.132686     -62.76270    
  1.170205    -100.00000    
  1.204739    -100.00000    
  1.236728    -100.00000    
  1.266522    -100.00000    
  1.294403    -100.00000    
  1.320601    -100.00000    
  1.345308    -100.00000    
  1.368685    -100.00000    
  1.390867    -100.00000    
  1.390954     -45.52690    
  1.407231     -46.75016    
  1.407318     -46.52423    
  1.416604     -47.47366    
  1.416691     -34.02063    
  1.434239     -34.18958    
  1.434325     -34.28756    
  1.438732     -34.40602    
  1.438819     -34.40835    
  1.442990     -34.52594    
  1.443077     -34.56125    
  1.465932     -35.42058    
  1.466019     -35.24168    
  1.466567     -35.26052    
  1.466654     -35.30524    
  1.485460     -36.13239    
  1.485547     -35.96056    
  1.485843     -35.97216    
  1.485930     -36.00839    
  1.499937     -36.66279    
  1.500023    -100.00000    
  1.502811     -35.12889    
  1.502898     -35.67763    
  1.515152     -35.95954    
  1.515239     -36.08134    
  1.538911     -37.35949    
  1.538998     -37.01142    
  1.541754     -37.16237    
  1.541841     -37.07116    
  1.544410    -100.00000    
  1.544497     -37.99387    
  1.546755     -37.27374    
  1.546842     -37.43941    
  1.568094    -100.00000    
  1.568181     -38.62925    
  1.576102     -39.19261    
  1.576189     -39.11879    
  1.577032     -39.17462    
  1.577119     -39.21983    
  1.586189     -39.93496    
  1.586276     -39.80388    
  1.587530     -39.89199    
  1.587617     -39.98660    
  1.602078    -100.00000    
  1.602165     -40.97115    
  1.604747     -41.20060    
  1.604834     -39.48001    
  1.629405     -39.33430    
  1.629492     -43.28919    
  1.633100     -43.56218    
  1.633187     -43.60228    
  1.643761     -44.27483    
  1.643848     -44.13853    
  1.646889     -44.27550    
  1.646976     -44.28540    
  1.653070     -44.54516    
  1.653157     -44.57149    
  1.667964     -45.21032    
  1.668051     -45.11023    
  1.673067     -45.29870    
  1.673154     -45.29508    
  1.673452     -45.30614    
  1.673539     -45.32672    
  1.683736     -45.72513    
  1.683823     -45.69966    
  1.689301     -45.91269    
  1.689388     -45.90776    
  1.690173     -45.93859    
  1.690260     -45.94237    
  1.691919     -46.00752    
  1.692006     -46.05837    
  1.709636     -46.95782    
  1.709723     -46.74773    
  1.714846     -46.97410    
  1.714933     -46.96971    
  1.717233     -47.07268    
  1.717320     -47.07490    
  1.717576     -47.08653    
  1.717663     -47.09152    
  1.719536     -47.17760    
  1.719623     -47.18187    
  1.721805     -47.28653    
  1.721892     -47.29212    
  1.725295     -47.47392    
  1.725382     -47.48772    
  1.731154     -47.88628    
  1.731241     -47.85887    
  1.731758     -47.89439    
  1.731845     -47.90054    
  1.732294     -47.92905    
  1.732381     -47.93872    
  1.735217     -48.11223    
  1.735304     -48.16608    
  1.746841     -49.01508    
  1.746929     -48.75823    
  1.747807     -48.77033    
  1.747894     -48.85694    
  1.753972     -48.53393    
  1.754058     -48.49853    
  1.756978     -48.20186    
  1.757065     -48.36015    
  1.762907     -47.60031    
  1.762994     -47.54302    
  1.763503     -47.48738    
  1.763590     -47.49410    
  1.765957     -47.23151    
  1.766044     -47.22994    
  1.768505     -46.95767    
  1.768592     -47.41271    
  1.776113     -46.20488    
  1.776200     -46.23438    
  1.781285     -45.62870    
  1.781372     -45.58411    
  1.781946     -45.52387    
  1.782033     -45.58270    
  1.786409     -45.08752    
  1.786495     -45.05744    
  1.788161     -44.88376    
  1.788248     -44.87289    
  1.789372     -44.75664    
  1.789459     -44.76685    
  1.792246     -44.47229    
  1.792333     -45.15600    
  1.800765     -43.67363    
  1.800851     -44.52514    
  1.809708     -42.78751    
  1.809795     -42.69955    
  1.810144     -42.66510    
  1.810231     -42.69765    
  1.814042     -42.30186    
  1.814129    -100.00000    
  1.834747     -40.52529    
  1.834834     -40.33183    
  1.838907     -39.92815    
  1.838994     -39.90328    
  1.840414     -39.77029    
  1.840501     -39.76927    
  1.842703     -39.56222    
  1.842790     -39.55087    
  1.844125     -39.42700    
  1.844212    -100.00000    
  1.857265     -38.35437    
  1.857352    -100.00000    
  1.870233     -37.20775    
  1.870320     -37.08774    
  1.871306     -37.00223    
  1.871393     -36.99424    
  1.872072     -36.93578    
  1.872158     -36.93020    
  1.873424     -36.82091    
  1.873511     -36.98630    
  1.880831     -36.23679    
  1.880918     -36.29418    
  1.887368     -35.68195    
  1.887455    -100.00000    
  1.899003     -34.78525    
  1.899090     -34.80083    
  1.905821     -34.19145    
  1.905908     -34.21569    
  1.911657     -33.72514    
  1.911744     -33.69107    
  1.912227     -33.65331    
  1.912313     -33.64992    
  1.913955     -33.52200    
  1.914042     -33.93940    
  1.924238     -32.80085    
  1.924325     -32.73016    
  1.925856     -32.61425    
  1.925943     -32.60610    
  1.926709     -32.54853    
  1.926796     -32.54159    
  1.926846     -32.53787    
  1.926932     -32.53155    
  1.927461     -32.49174    
  1.927548     -32.49960    
  1.930771     -32.25357    
  1.930858     -32.25028    
  1.933873     -32.02235    
  1.933960     -32.02018    
  1.936983     -31.79306    
  1.937070     -31.77978    
  1.938051     -31.70753    
  1.938138     -31.70923    
  1.940777     -31.51345    
  1.940864    -100.00000    
  1.955697     -30.53987    
  1.955784     -30.44930    
  1.959855     -30.15063    
  1.959942     -30.14833    
  1.963545     -29.88739    
  1.963632     -30.21923    
  1.974225     -29.19214    
  1.974312     -29.12310    
  1.974387     -29.11782    
  1.974474     -29.12015    
  1.977192     -28.92837    
  1.977279    -100.00000    
  1.994212     -27.86854    
  1.994299     -27.74510    
  1.996552     -27.58846    
  1.996639     -27.57830    
  1.997939     -27.48940    
  1.998026     -27.48684    
  2.000182     -27.33697    
  2.000268     -27.41714    
  2.007421     -26.86677    
  2.007508     -26.82985    
  2.009100     -26.71931    
  2.009187     -26.71131    
  2.009352     -26.69985    
  2.009439     -26.69384    
  2.009543     -26.80629    
  2.017372     -26.18093    
  2.017459     -26.33388    
  2.026471     -25.54888    
  2.026558     -25.49410    
  2.028108     -25.38221    
  2.028195    -100.00000    
  2.061043     -23.10983    
  2.061130     -22.88178    
  2.067104     -22.24531    
  2.067191     -22.19853    
  2.068339     -22.08852    
  2.068426     -22.46861    
  2.076209     -21.38137    
  2.076296    -100.00000    
  2.097304     -19.46847    
  2.097391     -19.90152    
  2.100294     -20.14071    
  2.100380     -19.99462    
  2.101519     -19.88342    
  2.101605     -19.87347    
  2.102584     -19.77873    
  2.102671     -19.75960    
  2.104539     -19.36636    
  2.104626     -19.16039    
  2.106101     -19.58410    
  2.106187     -19.39610    
  2.111508     -18.79629    
  2.111595     -18.83463    
  2.111941     -19.24589    
  2.112028     -18.69310    
  2.124229     -17.66650    
  2.124316     -17.45706    
  2.124942     -16.51983    
  2.125029     -16.77218    
  2.126973    -100.00000    
  2.127060     -18.28817    
  2.127658     -18.24939    
  2.127745    -100.00000    
  2.131986     -17.50451    
  2.132073     -17.30090    
  2.137486     -17.37765    
  2.137573     -18.09238    
  2.141450     -16.88261    
  2.141537     -17.29273    
  2.141662     -17.81700    
  2.141749     -16.74205    
  2.149371     -16.80539    
  2.149458     -17.00650    
  2.150293     -16.45238    
  2.150380     -16.57940    
  2.150508     -16.05916    
  2.154246    -100.00000    
  2.154333     -17.44585    
  2.156640     -16.68181    
  2.156727     -16.95441    
  2.156827     -16.93235    
  2.158960     -16.89498    
  2.159047     -15.73754    
  2.168055     -15.63302    
  2.168141     -15.62972    
  2.177604     -15.35619    
  2.177690     -15.59952    
  2.181731     -15.12568    
  2.181818     -14.15647    
  2.184198     -13.93961    
  2.184285     -14.87932    
  2.188445     -15.25023    
  2.188532     -14.86617    
  2.191911     -14.84695    
  2.191997     -14.32892    
  2.204170     -13.92366    
  2.204257    -100.00000    
  2.213352     -13.18435    
  2.213439     -13.32608    
  2.217837     -13.40134    
  2.217924     -13.30134    
  2.218030    -100.00000    
  2.218315     -14.01190    
  2.218402     -14.17446    
  2.218688     -14.19380    
  2.218775     -14.02057    
  2.225403     -13.71754    
  2.231931     -13.31420    
  2.232018     -13.37257    
  2.234695     -13.19886    
  2.234781     -13.19102    
  2.239617     -13.08265    
  2.239704     -13.51893    
  2.245345     -13.87411    
  2.245432     -13.95176    
  2.250721     -13.17735    
  2.250808     -12.72788    
  2.252069    -100.00000    
  2.252156     -14.18531    
  2.253696     -14.28748    
  2.253782     -12.99742    
  2.257177    -100.00000    
  2.260545     -12.35276    
  2.260632     -12.91427    
  2.263836     -13.72783    
  2.267016     -13.33645    
  2.267103     -14.13674    
  2.270490     -13.42307    
  2.270577     -13.37902    
  2.271628     -13.66625    
  2.271715     -13.50258    
  2.275818     -13.48741    
  2.275905     -13.43464    
  2.278364     -13.94467    
  2.280809     -13.08092    
  2.280896     -13.45933    
  2.283804     -13.04937    
  2.283891     -13.65755    
  2.284781     -13.67743    
  2.284868     -13.99362    
  2.286288     -14.01059    
  2.286375     -14.04396    
  2.286786     -13.88580    
  2.286873     -12.36232    
  2.289459     -13.30320    
  2.292031     -12.99925    
  2.294586     -12.87078    
  2.297128     -13.64204    
  2.297214     -13.77907    
  2.297982     -13.81587    
  2.298069    -100.00000    
  2.300085     -12.01820    
  2.302092    -100.00000    
  2.304090     -14.47552    
  2.306078     -13.53244    
  2.306165     -13.83991    
  2.308268     -13.81965    
  2.309316     -13.29609    
  2.310361     -13.64765    
  2.311404     -13.18999    
  2.312444     -13.24573    
  2.313482     -13.63473    
  2.314517     -13.44290    
  2.314604     -13.56044    
  2.315597     -13.48611    
  2.315684     -13.51873    
  2.316612     -13.49978    
  2.317538     -13.53561    
  2.318463     -13.02595    
  2.319385     -13.16656    
  2.320305     -12.91971    
  2.321224     -13.15853    
  2.322140     -12.23082    
  2.323055    -100.00000    
  2.323141     -13.28320    
  2.324295     -12.97722    
  2.325445     -13.21549    
  2.326592     -13.31930    
  2.327736     -13.33724    
  2.327823     -13.45971    
  2.328799     -13.77301    
  2.329773     -13.36729    
  2.330745     -13.79471    
  2.331714     -13.27770    
  2.331801     -13.12195    
  2.333101     -13.15950    
  2.333188     -12.85574    
  2.334187     -13.79531    
  2.335184     -13.67360    
  2.336179     -13.56946    
  2.337171     -13.18917    
  2.338161     -13.53510    
  2.339149     -13.47196    
  2.340135     -13.46785    
  2.341118     -13.51057    
  2.341205     -13.48404    
  2.341283     -13.45747    
  2.341370     -13.46111    
  2.341472     -13.46266    
  2.342320     -13.41502    
  2.343166     -13.46714    
  2.344011     -13.36674    
  2.344853     -13.28606    
  2.344940     -13.33037    
  2.345621     -13.13018    
  2.346301    -100.00000    
  2.346979     -13.28346    
  2.347657     -13.29226    
  2.348333     -13.28892    
  2.349009    -100.00000    
  2.349683    -100.00000    
  2.350356     -12.77121    
  2.350443     -13.04022    
  2.351331     -12.72667    
  2.352217     -13.41736    
  2.352659     -13.77579    
  2.353101     -13.01716    
  2.353542     -13.53746    
  2.353983     -12.90296    
  2.354070     -13.02241    
  2.354494     -12.97173    
  2.354917     -13.38987    
  2.355340     -13.59684    
  2.355762     -12.84015    
  2.355849     -13.10883    
  2.356283     -12.87402    
  2.356717     -12.66458    
  2.357149     -12.88750    
  2.357582    -100.00000    
  2.357669    -100.00000    
  2.362936     -9.481426    
  2.363023     -7.209978    
  2.376702     -5.987176    
  2.376789     -5.896341    
  2.381401     -5.877894    
  2.381488     -5.778368    
  2.381574     -5.797268    
  2.381660     -5.606595    
  2.384670     -5.348800    
  2.384757     -5.507895    
  2.387126    -100.00000    
  2.387213     -5.510259    
  2.396615     -4.715815    
  2.405819     -4.820007    
  2.405905     -4.441210    
  2.409345     -5.750307    
  2.409431    -100.00000    
  2.409967     -5.620474    
  2.410054     -5.248137    
  2.411501     -4.562995    
  2.411588     -4.830448    
  2.412778     -4.454321    
  2.412865     -4.256694    
  2.413098     -4.191272    
  2.413185     -4.203773    
  2.417228    -100.00000    
  2.417315     -5.154049    
  2.417448     -5.071426    
  2.417535     -4.560803    
  2.419545     -5.028171    
  2.419632     -4.524354    
  2.424108     -5.069622    
  2.424195     -4.756427    
  2.429911     -4.828591    
  2.429998     -4.749740    
  2.432147     -4.785270    
  2.432234     -4.626156    
  2.433514     -5.616184    
  2.433601    -100.00000    
  2.434762     -4.519781    
  2.434849     -4.307301    
  2.435182     -4.240386    
  2.435269     -4.274516    
  2.435570     -4.297435    
  2.435657     -4.234876    
  2.438099     -4.525810    
  2.438186     -4.436315    
  2.443115     -4.345248    
  2.443202    -100.00000    
  2.448046     -4.763880    
  2.448133     -4.916191    
  2.449372     -4.622853    
  2.449459     -4.315129    
  2.450924     -4.402404    
  2.451011     -4.579778    
  2.456026     -5.061289    
  2.456113     -5.276925    
  2.457105     -5.043948    
  2.457192     -4.721923    
  2.461170     -4.624080    
  2.461257     -5.429789    
  2.466286     -5.157311    
  2.466372     -5.552323    
  2.466976     -5.421027    
  2.467064     -5.699048    
  2.471828     -5.046255    
  2.471915     -5.706364    
  2.476442     -4.394340    
  2.476529     -4.811388    
  2.476628     -5.466913    
  2.476715     -6.344533    
  2.476977     -6.154791    
  2.477064     -4.751596    
  2.483465     -5.110046    
  2.483551     -4.853794    
  2.483824     -4.983269    
  2.483911     -4.825734    
  2.484130     -4.676048    
  2.484217     -4.477573    
  2.487600     -4.608987    
  2.490956     -4.561423    
  2.491043     -4.413619    
  2.493583     -4.874559    
  2.496107     -4.605076    
  2.496194     -4.496161    
  2.500074     -4.524462    
  2.503920     -4.348602    
  2.504007     -4.405447    
  2.504069     -4.409957    
  2.504156     -4.568346    
  2.506191     -4.033038    
  2.506278     -3.974001    
  2.506857     -4.075685    
  2.506943     -4.176106    
  2.507203     -4.273111    
  2.507290     -4.490599    
  2.511408     -3.939477    
  2.515486     -4.347677    
  2.515573     -3.932639    
  2.515719     -3.871971    
  2.515805     -3.842571    
  2.515872     -3.821373    
  2.515959     -3.765252    
  2.516943     -3.752012    
  2.517030     -3.777166    
  2.517941     -3.982476    
  2.518028     -3.870055    
  2.518445     -3.803283    
  2.518532     -3.848344    
  2.522095     -4.020973    
  2.525630     -4.395286    
  2.529136     -4.139937    
  2.532615     -3.733670    
  2.532701     -3.801553    
  2.536032     -3.854843    
  2.539337     -4.410812    
  2.539424     -3.882017    
  2.543132     -4.112380    
  2.546808     -3.874379    
  2.546895     -3.906499    
  2.547329     -4.116701    
  2.547416     -4.227692    
  2.551118     -3.964735    
  2.551204     -4.070545    
  2.554808     -3.870674    
  2.558382     -3.923000    
  2.558469     -3.995359    
  2.558869     -4.032580    
  2.558956     -4.133113    
  2.561557     -4.124182    
  2.561644     -4.014945    
  2.564082     -4.475418    
  2.566507     -4.046581    
  2.568917     -3.877958    
  2.571315     -3.977252    
  2.571402     -4.052659    
  2.571490     -4.066693    
  2.571576     -3.950614    
  2.574740     -4.161527    
  2.577880     -4.059447    
  2.580998     -4.281071    
  2.584094     -4.185421    
  2.587168     -4.682304    
  2.590220     -4.187510    
  2.593250     -4.187080    
  2.596260     -4.442358    
  2.596347     -4.269783    
  2.597646     -4.240940    
  2.597733     -4.360541    
  2.600542     -3.934643    
  2.603333     -4.197982    
  2.603420     -4.317212    
  2.606239     -4.041811    
  2.606324     -4.093457    
  2.606411     -4.109271    
  2.607237     -3.902757    
  2.607324     -3.935377    
  2.611491     -4.077907    
  2.615617     -4.036641    
  2.615704     -3.877394    
  2.619659     -3.937714    
  2.619746     -4.022612    
  2.620859     -4.258657    
  2.620946     -4.178265    
  2.621962     -4.207875    
  2.622049     -4.060772    
  2.625471     -4.148167    
  2.625557     -4.125292    
  2.626297     -4.064033    
  2.626384     -4.081709    
  2.627024     -4.050154    
  2.627111     -3.929489    
  2.630159     -4.107630    
  2.633186     -3.993441    
  2.633273     -4.012024    
  2.633585     -4.028534    
  2.633672     -3.967481    
  2.636750     -3.944557    
  2.639805     -3.972618    
  2.642840     -3.980757    
  2.645853     -3.916260    
  2.645940     -3.890255    
  2.646436     -3.917903    
  2.646523     -3.902807    
  2.648513     -3.880165    
  2.648600     -3.914774    
  2.650581     -4.046473    
  2.650668     -3.993945    
  2.652023     -3.927037    
  2.652110     -3.927165    
  2.653758     -3.891464    
  2.653845     -3.884061    
  2.654514     -4.007979    
  2.654601     -3.998710    
  2.655848     -4.004760    
  2.655935     -3.964279    
  2.656856     -3.961873    
  2.656943     -3.889003    
  2.659789     -3.905182    
  2.659876     -3.898844    
  2.661632     -3.965110    
  2.661711     -3.942261    
  2.661798     -3.942164    
  2.662838     -3.932449    
  2.662925     -3.920970    
  2.664288     -3.900819    
  2.665620     -3.891406    
  2.666947     -4.010255    
  2.668270     -3.920836    
  2.668357     -3.901669    
  2.669554     -3.918614    
  2.670748     -3.911880    
  2.670835     -3.918204    
  2.671974     -3.939424    
  2.673109     -3.922260    
  2.674242     -3.918532    
  2.675371     -3.930867    
  2.675458     -3.964092    
  2.676824     -3.913363    
  2.676911     -3.918855    
  2.677751     -3.924209    
  2.677838     -3.922504    
  2.679282     -3.921610    
  2.680721     -3.924188    
  2.682155     -3.926410    
  2.683585     -3.928611    
  2.683672     -3.929230    
  2.684694     -3.938652    
  2.685714     -3.931722    
  2.685801     -3.932599    
  2.685988     -3.932700    
  2.686075     -3.932762    
  2.686520     -3.933710    
  2.686607     -3.936424    
  2.687604     -3.953111    
  2.688599     -3.964419    
  2.688686     -3.949059    
  2.689315     -3.942650    
  2.689943     -3.969055    
  2.690571     -3.944501    
  2.691198     -3.959400    
  2.691823     -3.941404    
  2.692448     -3.940671    
  2.693072     -3.943075    
  2.693695     -3.945816    
  2.694317     -3.948002    
  2.694939     -3.945975    
  2.695559     -3.946559    
  2.696179     -4.130472    
  2.696797     -4.003289    
  2.697415     -3.951114    
  2.698032     -3.952563    
  2.698648     -3.954499    
  2.698717     -3.954510    
  2.698803     -3.954649    
  2.699142     -3.954863    
  2.699229     -3.954198    
  2.700077     -3.959461    
  2.700500     -3.958744    
  2.700923     -3.957793    
  2.701345     -3.958337    
  2.701767     -3.959440    
  2.702189     -3.960627    
  2.702610     -3.962443    
  2.702697     -3.975468    
  2.706323     -3.981640    
  2.706410     -3.968086    
  2.708352     -3.982032    
  2.708438     -4.021581    
  2.709271     -4.037485    
  2.709358     -4.062816    
  2.712230     -4.000185    
  2.712317     -3.981634    
  2.716395     -3.984452    
  2.716481     -3.985362    
  2.716568     -3.985229    
  2.718970     -3.994275    
  2.721359     -3.992897    
  2.721446     -3.994658    
  2.721792     -3.996324    
  2.721879     -3.995412    
  2.724957     -4.013901    
  2.725044     -4.012169    
  2.728368     -4.005729    
  2.728455     -4.008298    
  2.728556     -4.008512    
  2.728643     -4.005664    
  2.730036     -4.019282    
  2.730123     -4.026476    
  2.733020     -4.018026    
  2.735898     -4.022653    
  2.735985     -4.023035    
  2.736079     -4.023050    
  2.737059     -4.024864    
  2.737146     -4.024705    
  2.740300     -4.032022    
  2.740387     -4.032142    
  2.744215     -4.039316    
  2.748009     -4.045859    
  2.751770     -4.053387    
  2.755499     -4.061896    
  2.755586     -4.101885    
  2.758474     -4.060082    
  2.758561     -4.067019    
  2.759027     -4.067729    
  2.759113     -4.067994    
  2.759268     -4.068438    
  2.759355     -4.068621    
  2.759911     -4.069358    
  2.759997     -4.069660    
  2.760747     -4.072328    
  2.760833     -4.071729    
  2.762307     -4.074438    
  2.762394     -4.073954    
  2.764577     -4.079573    
  2.764664     -4.079627    
  2.765400     -4.080173    
  2.765487     -4.080470    
  2.765755     -4.081101    
  2.765842     -4.088785    
  2.767568     -4.088296    
  2.767655     -4.113024    
  2.771767     -4.102489    
  2.775841     -4.089104    
  2.775928     -4.101759    
  2.777541     -4.104201    
  2.777628     -4.104286    
  2.781421     -4.114088    
  2.781508     -4.108506    
  2.784445     -4.126415    
  2.787363     -4.122921    
  2.787450     -4.124391    
  2.789348     -4.128358    
  2.789435     -4.128311    
  2.792054     -4.133803    
  2.792141     -4.133730    
  2.795962     -4.141934    
  2.796049     -4.141914    
  2.798395     -4.149745    
  2.800729     -4.190835    
  2.803050     -4.156054    
  2.805359     -4.160877    
  2.807656     -4.159141    
  2.809941     -4.206599    
  2.812213     -4.169797    
  2.814474     -4.180554    
  2.814561     -4.181221    
  2.815775     -4.188727    
  2.815862     -4.186467    
  2.816430     -4.184906    
  2.816517     -4.185734    
  2.818570     -4.188579    
  2.818657     -4.188086    
  2.821422     -4.198867    
  2.824169     -4.203490    
  2.826900     -4.226599    
  2.829613     -4.210922    
  2.829700     -4.220355    
  2.832139     -4.220079    
  2.834565     -4.198137    
  2.836978     -4.490437    
  2.839377     -4.122908    
  2.839464     -4.215574    
  2.842740     -4.241894    
  2.845992     -4.248635    
  2.846054     -4.247063    
  2.846141     -4.247124    
  2.846320     -4.247370    
  2.846407     -4.247490    
  2.846929     -4.248504    
  2.847016     -4.248522    
  2.850284     -4.256853    
  2.850371     -4.256452    
  2.851107     -4.257525    
  2.851194     -4.257717    
  2.851272     -4.257828    
  2.851359     -4.257952    
  2.851605     -4.258422    
  2.851692     -4.258853    
  2.852969     -4.262956    
  2.853056     -4.290464    
  2.856721     -4.309151    
  2.856808     -4.274832    
  2.860014     -4.283079    
  2.863196     -4.285419    
  2.863283     -4.287761    
  2.866961     -4.293093    
  2.867048     -4.295408    
  2.867158     -4.293862    
  2.871477     -4.308141    
  2.871560     -4.305168    
  2.871647     -4.312460    
  2.874394     -4.381732    
  2.877123     -4.365569    
  2.877210     -4.368010    
  2.879769     -4.311542    
  2.882313     -4.327141    
  2.882400     -4.328473    
  2.882670     -4.329966    
  2.882757     -4.943966    
  2.885337     -4.606640    
  2.885423     -4.137981    
  2.886380     -4.167438    
  2.886467     -4.191386    
  2.886654     -4.216637    
  2.886741     -4.246938    
  2.889314     -4.440067    
  2.889401     -4.353068    
  2.891964     -4.344980    
  2.892051     -4.423946    
  2.893704     -4.339385    
  2.893791     -4.351386    
  2.894071     -4.351824    
  2.894158     -4.352001    
  2.895095     -4.353806    
  2.895182     -4.353624    
  2.896767     -4.357507    
  2.896854     -4.358121    
  2.897787     -4.360214    
  2.897874     -4.369358    
  2.900589     -4.395676    
  2.900676     -4.367305    
  2.902856     -4.369919    
  2.905026     -4.378208    
  2.905113     -4.394407    
  2.908098     -4.380910    
  2.908185     -4.381805    
  2.908477     -4.382496    
  2.908564     -4.382663    
  2.910090     -4.386111    
  2.910176     -4.386257    
  2.913363     -4.387697    
  2.916527     -4.447016    
  2.916614     -4.418489    
  2.916785     -4.403735    
  2.916872     -4.399253    
  2.917171     -4.394223    
  2.917258     -4.397946    
  2.919518     -4.408206    
  2.921765     -4.411573    
  2.921852     -4.411959    
  2.925029     -4.419601    
  2.925116     -4.420211    
  2.925941     -4.422303    
  2.926028     -4.422233    
  2.927554     -4.424758    
  2.927641     -4.424987    
  2.927950     -4.426301    
  2.928037     -4.426932    
  2.928671     -4.430805    
  2.928758     -4.430966    
  2.929127     -4.429321    
  2.929213     -4.429213    
  2.929524     -4.430025    
  2.929611     -4.430149    
  2.930245     -4.430672    
  2.930332     -4.430947    
  2.930604     -4.431545    
  2.930691     -4.431818    
  2.930963     -4.433042    
  2.931050     -4.433335    
  2.934646     -4.440588    
  2.934733     -4.441677    
  2.936807     -4.442456    
  2.936894     -4.441885    
  2.937412     -4.442524    
  2.937499     -4.443295    
  2.937612     -4.446278    
  2.939332     -4.452500    
  2.939418     -4.451475    
  2.941608     -4.454837    
  2.943787     -4.462892    
  2.943874     -4.461496    
  2.945266     -4.464886    
  2.945353     -4.464964    
  2.946273     -4.467388    
  2.946360     -4.467458    
  2.946687     -4.468710    
  2.946774     -4.469170    
  2.949036     -4.475295    
  2.951287     -4.478570    
  2.951374     -4.480084    
  2.953319     -4.483145    
  2.953406     -4.482372    
  2.953750     -4.491855    
  2.953837     -4.493194    
  2.954344     -4.486492    
  2.954431     -4.484257    
  2.955739     -4.487308    
  2.955826     -4.488683    
  2.956162     -4.491738    
  2.956249     -4.491538    
  2.956822     -4.493186    
  2.956909     -4.493540    
  2.957620     -4.498473    
  2.957703     -4.497385    
  2.957790     -4.496933    
  2.958622     -4.494132    
  2.958708     -4.492824    
  2.959196     -4.504115    
  2.959269     -4.510409    
  2.959356     -4.512352    
  2.959520     -4.507934    
  2.959575     -4.504934    
  2.959642     -4.502640    
  2.959729     -4.501133    
  2.959839     -4.500220    
  2.959926     -4.499332    
  2.960694     -4.489051    
  2.960781     -4.484947    
  2.961021     -4.446312    
  2.961108     -4.423103    
  2.961209     -4.307362    
  2.965318     -4.742756    
  2.965405     -5.013160    
  2.969227     -4.275983    
  2.969314     -4.450999    
  2.972533     -4.419213    
  2.975728     -4.429111    
  2.975815     -4.447929    
  2.976166     -4.394483    
  2.976253     -4.349347    
  2.979351     -4.606220    
  2.982423     -4.453889    
  2.982509     -4.375864    
  2.982872     -4.493868    
  2.982959     -4.405732    
  2.986873     -4.426061    
  2.990753     -4.442205    
  2.994598     -4.514437    
  2.998409     -4.499412    
  3.002187     -4.479617    
  3.005933     -4.485401    
  3.009646     -4.529585    
  3.013329     -4.459200    
  3.016980     -4.549528    
  3.020600     -4.479215    
  3.024191     -4.507732    
  3.027752     -4.501693    
  3.031285     -4.508439    
  3.034788     -4.680332    
  3.038264     -4.517697    
  3.041713     -4.573407    
  3.041799     -4.549869    
  3.044019     -4.555945    
  3.044106     -4.591633    
  3.046417     -4.568891    
  3.046504     -4.559172    
  3.047266     -4.561153    
  3.047353     -4.558312    
  3.050503     -4.589984    
  3.053630     -4.608948    
  3.056735     -4.657871    
  3.059819     -4.620926    
  3.062880     -4.633173    
  3.065920     -4.645782    
  3.068939     -4.709211    
  3.071937     -4.613519    
  3.072024     -4.626976    
  3.074515     -4.676627    
  3.074602     -4.680485    
  3.077416     -4.666238    
  3.080211     -4.674962    
  3.082988     -4.673008    
  3.085748     -5.128987    
  3.085835     -4.422655    
  3.088164     -4.680336    
  3.088251     -4.693018    
  3.089222     -4.702918    
  3.089309     -4.831367    
  3.091849     -4.722091    
  3.091936     -4.901667    
  3.095352     -4.744926    
  3.095438     -4.397663    
  3.096179     -4.543952    
  3.096266     -4.637341    
  3.099969     -4.822549    
  3.100056     -4.802211    
  3.102791     -4.746447    
  3.105509     -4.859932    
  3.105596     -4.810897    
  3.108813     -4.806903    
  3.112005     -4.727618    
  3.112092     -4.809692    
  3.114687     -4.811955    
  3.114774     -4.761890    
  3.114901     -4.771302    
  3.114988     -4.803433    
  3.116978     -4.764233    
  3.117065     -4.813134    
  3.117740     -4.870500    
  3.117827     -4.866817    
  3.118223     -4.829943    
  3.118310     -4.770885    
  3.120853     -4.811849    
  3.123381     -4.842281    
  3.123468     -4.838955    
  3.125997     -4.821862    
  3.126084     -4.795977    
  3.127687     -4.873948    
  3.127774     -4.795091    
  3.129225     -4.813045    
  3.129312     -4.811733    
  3.132455     -4.827756    
  3.135577     -4.900525    
  3.135664     -4.861504    
  3.136182     -4.827602    
  3.136269     -4.816366    
  3.138696     -4.966169    
  3.141109     -4.830633    
  3.141196     -4.847318    
  3.144101     -4.907574    
  3.144188     -4.857798    
  3.144956     -4.863314    
  3.145043     -4.880911    
  3.146758     -4.894146    
  3.146845     -4.902243    
  3.146975     -4.923110    
  3.147795     -4.901535    
  3.147882     -4.926927    
  3.148729     -4.936293    
  3.148816     -5.032454    
  3.150639     -4.893614    
  3.150726     -4.871149    
  3.151276     -4.879729    
  3.151363     -4.889708    
  3.153068     -4.956770    
  3.153155     -4.928622    
  3.153381     -4.925884    
  3.153434     -4.928256    
  3.153521     -4.924657    
  3.155016     -4.881360    
  3.155103     -4.903325    
  3.156074     -4.997074    
  3.156161     -4.913867    
  3.160418     -4.946780    
  3.164633     -4.974081    
  3.164720     -4.956709    
  3.165979     -4.967854    
  3.166066     -4.966433    
  3.168877     -4.958398    
  3.171670     -4.960967    
  3.171756     -4.930540    
  3.173578     -4.834395    
  3.173665     -4.881208    
  3.177077     -4.976221    
  3.180463     -4.980321    
  3.180550     -4.980451    
  3.181960     -4.985559    
  3.182047     -4.987086    
  3.184770     -4.995342    
  3.187477     -5.000390    
  3.187564     -4.998061    
  3.188338     -5.002093    
  3.188425     -5.007189    
  3.189356     -5.009523    
  3.189443     -5.893541    
  3.191119     -7.929810    
  3.191206     -5.646805    
  3.192224     -4.781057    
  3.192311     -4.807221    
  3.194885     -5.038669    
  3.194972     -5.040672    
  3.196916     -5.018698    
  3.197003     -5.027902    
  3.200094     -5.045966    
  3.203162     -5.047596    
  3.203250     -5.051485    
  3.204674     -5.059287    
  3.204761     -5.055981    
  3.207365     -5.064867    
  3.207452     -5.055191    
  3.209994     -5.100816    
  3.212521     -5.054368    
  3.215033     -5.288944    
  3.217531     -4.509622    
  3.217618     -4.784652    
  3.218164     -4.926749    
  3.218251     -4.934708    
  3.218329     -4.947362    
  3.218415     -5.017019    
  3.222383     -5.128439    
  3.226315     -5.126557    
  3.230212     -5.141556    
  3.234074     -5.282832    
  3.237901     -5.069126    
  3.241696     -5.182737    
  3.245457     -5.204623    
  3.249187     -5.199704    
  3.249274     -5.202411    
  3.251238     -5.209987    
  3.251325     -5.209895    
  3.251523     -5.210435    
  3.251610     -5.210856    
  3.254604     -5.221299    
  3.257576     -5.229293    
  3.260529     -5.239812    
  3.263462     -5.250611    
  3.263549     -5.250728    
  3.265995     -5.258685    
  3.268428     -5.267224    
  3.270847     -5.274220    
  3.273253     -5.282587    
  3.273340     -5.282992    
  3.276535     -5.296490    
  3.279706     -5.303460    
  3.279793     -5.305264    
  3.281662     -5.311438    
  3.281749     -5.311669    
  3.285833     -5.325977    
  3.285920     -5.326884    
  3.289028     -5.335623    
  3.289115     -5.337025    
  3.291415     -5.344179    
  3.291501     -5.344256    
  3.293929     -5.353103    
  3.296343     -5.361075    
  3.298744     -5.369098    
  3.301132     -5.376984    
  3.301219     -5.377465    
  3.305074     -5.390587    
  3.305161     -5.390965    
  3.305985     -5.393793    
  3.306072     -5.394070    
  3.306887     -5.396432    
  3.306974     -5.390862    
  3.309850     -5.408193    
  3.309937     -5.407151    
  3.310624     -5.409530    
  3.310710     -5.409856    
  3.311825     -5.413434    
  3.311912     -5.413657    
  3.312012     -5.414007    
  3.312099     -5.418714    
  3.314648     -5.391792    
  3.317181     -5.399770    
  3.319700     -5.437469    
  3.322204     -5.443602    
  3.324695     -5.454462    
  3.327170     -5.454309    
  3.329632     -5.460029    
  3.332080     -5.474861    
  3.334514     -5.465760    
  3.336935     -5.499713    
  3.339342     -5.470461    
  3.341736     -5.507739    
  3.344117     -5.493176    
  3.346485     -5.537892    
  3.348840     -5.497301    
  3.351182     -5.520793    
  3.351269     -5.514536    
  3.354866     -5.545212    
  3.358433     -5.549455    
  3.361971     -5.560709    
  3.365480     -5.580082    
  3.365567     -5.562489    
  3.367434     -5.577452    
  3.367521     -5.576443    
  3.370087     -5.585434    
  3.372609     -5.590287    
  3.375118     -5.603221    
  3.377612     -5.610920    
  3.377699     -5.643492    
  3.380754     -5.620623    
  3.383787     -5.630714    
  3.386800     -5.643299    
  3.389792     -5.653968    
  3.389879     -5.654614    
  3.392466     -5.662472    
  3.395039     -5.671397    
  3.395126     -5.671710    
  3.397959     -5.681434    
  3.398046     -5.681800    
  3.398416     -5.683116    
  3.398503     -5.674156    
  3.400855     -5.715840    
  3.400942     -5.726019    
  3.402428     -5.614102    
  3.402515     -5.674095    
  3.404126     -5.705973    
  3.404213     -5.700532    
  3.406921     -5.711998    
  3.409611     -5.723781    
  3.412285     -5.731219    
  3.414942     -5.740446    
  3.415029     -5.740548    
  3.419186     -5.755206    
  3.423303     -5.769482    
  3.427382     -5.783716    
  3.431422     -5.797761    
  3.431509     -5.797645    
  3.434904     -5.817734    
  3.438273     -5.731130    
  3.441616     -5.857367    
  3.444934     -5.845468    
  3.445021     -5.845324    
  3.447484     -5.854088    
  3.449934     -5.862501    
  3.450021     -5.863108    
  3.452474     -5.871488    
  3.454914     -5.879948    
  3.455001     -5.880335    
  3.457947     -5.890484    
  3.460873     -5.901032    
  3.463780     -5.910855    
  3.466667     -5.920298    
  3.466754     -5.921162    
  3.467583     -5.922663    
  3.467670     -5.924805    
  3.469453     -5.929518    
  3.469505     -5.930596    
  3.469592     -5.931010    
  3.469843     -5.932067    
  3.469930     -5.932426    
  3.471179     -5.936934    
  3.471266     -5.937252    
  3.474100     -5.947350    
  3.474187     -5.947904    
  3.476423     -5.958681    
  3.478648     -5.947544    
  3.480861     -5.971938    
  3.483063     -5.978881    
  3.483150     -5.979180    
  3.485959     -5.989429    
  3.488749     -5.997765    
  3.491522     -6.008652    
  3.494277     -6.018427    
  3.494364     -6.018844    
  3.496766     -6.019450    
  3.499154     -6.036361    
  3.501530     -6.045353    
  3.503893     -6.049515    
  3.506243     -5.953953    
  3.508580     -5.925379    
  3.510905     -6.081307    
  3.513217     -6.085882    
  3.513304     -6.085723    
  3.515963     -6.095124    
  3.518606     -6.104413    
  3.521233     -6.114038    
  3.523845     -6.123213    
  3.526440     -6.131906    
  3.529020     -6.141107    
  3.531585     -6.150569    
  3.534135     -6.159625    
  3.534222     -6.159942    
  3.536649     -6.168634    
  3.539062     -6.177463    
  3.541462     -6.228342    
  3.543849     -6.100434    
  3.543936     -6.103666    
  3.544500     -6.173301    
  3.544586     -6.185675    
  3.547376     -6.207977    
  3.550148     -6.216553    
  3.550235     -6.216783    
  3.552940     -6.226961    
  3.555627     -6.236433    
  3.555714     -6.237014    
  3.556728     -6.240195    
  3.556815     -6.240920    
  3.557696     -6.243954    
  3.557783     -6.244050    
  3.558846     -6.247540    
  3.558933     -6.247805    
  3.559110     -6.248442    
  3.559197     -6.248775    
  3.559291     -6.249136    
  3.559378     -6.249393    
  3.560851     -6.254613    
  3.560938     -6.254619    
  3.561019     -6.254934    
  3.561106     -6.255298    
  3.561368     -6.256353    
  3.561455     -6.256698    
  3.561549     -6.257079    
  3.561702     -6.257661    
  3.561789     -6.257956    
  3.561899     -6.258282    
  3.561986     -6.258521    
  3.562293     -6.257502    
  3.565681     -6.254460    
  3.565768     -6.258836    
  3.568672     -6.275846    
  3.571556     -6.284670    
  3.574422     -6.294647    
  3.577268     -6.310727    
  3.580096     -6.316005    
  3.582906     -6.320340    
  3.585698     -6.337503    
  3.588471     -6.341429    
  3.591228     -6.361955    
  3.593966     -6.361981    
  3.596688     -6.367762    
  3.599393     -6.393268    
  3.602081     -6.378778    
  3.604752     -6.403543    
  3.607407     -6.432444    
  3.610046     -6.278163    
  3.610133     -6.347002    
  3.612394     -6.431846    
  3.614642     -6.428261    
  3.616880     -6.441351    
  3.619105     -6.448257    
  3.621319     -6.456654    
  3.623523     -6.473529    
  3.625715     -6.459161    
  3.627896     -6.482210    
  3.627982     -6.480046    
  3.630428     -6.488893    
  3.632293     -6.495608    
  3.632379     -6.495923    
  3.635363     -6.507403    
  3.638325     -6.510423    
  3.641268     -6.510503    
  3.644191     -6.536110    
  3.644278     -6.537329    
  3.646967     -6.547775    
  3.649640     -6.557709    
  3.652297     -6.558863    
  3.654938     -6.576388    
  3.655025     -6.576356    
  3.657211     -6.593472    
  3.659385     -6.549467    
  3.659472     -6.572246    
  3.663615     -6.601953    
  3.663702     -6.620259    
  3.666918     -6.609486    
  3.670110     -6.627778    
  3.670197     -6.466373    
  3.674031     -6.254416    
  3.677831     -6.685123    
  3.681598     -6.671866    
  3.685333     -6.684227    
  3.685420     -6.734308    
  3.688862     -6.561497    
  3.688948     -6.599472    
  3.690731     -6.713316    
  3.690818     -6.694771    
  3.691459     -6.701733    
  3.691546     -6.703350    
  3.694812     -6.711236    
  3.694898     -6.717668    
  3.695365     -6.718976    
  3.695452     -6.719092    
  3.695518     -6.719335    
  3.695605     -6.720105    
  3.698701     -6.732050    
  3.701776     -6.742730    
  3.704828     -6.753321    
  3.707860     -6.764529    
  3.710870     -6.775244    
  3.712650     -6.780967    
  3.713860     -6.785596    
  3.716830     -6.795554    
  3.719779     -6.797685    
  3.719866     -6.806680    
  3.723198     -6.818866    
  3.726504     -6.830795    
  3.729786     -6.842544    
  3.733043     -6.854117    
  3.733130     -6.804290    
  3.736895     -6.810200    
  3.740628     -6.883969    
  3.740715     -6.881280    
  3.743507     -6.891330    
  3.746281     -6.901194    
  3.749037     -6.910986    
  3.751777     -6.920721    
  3.751863     -6.921031    
  3.754658     -6.930960    
  3.754745     -6.931273    
  3.755217     -6.932954    
  3.755304     -6.933263    
  3.755522     -6.934041    
  3.755609     -6.934448    
  3.758467     -6.942982    
  3.761306     -6.953825    
  3.764127     -6.923774    
  3.766929     -6.944448    
  3.769713     -6.980058    
  3.772480     -6.990515    
  3.775229     -7.002035    
  3.777961     -7.014777    
  3.778048     -7.012987    
  3.778151     -7.012747    
  3.781161     -7.024332    
  3.784252     -7.034980    
  3.787320     -7.045065    
  3.790368     -7.056620    
  3.793394     -7.060905    
  3.796399     -7.070814    
  3.799384     -7.078461    
  3.802348     -7.095475    
  3.802435     -7.092037    
  3.806009     -7.118145    
  3.806096     -7.112301    
  3.809815     -7.116324    
  3.809902     -7.124077    
  3.811377     -7.131005    
  3.811464     -7.130964    
  3.811517     -7.131184    
  3.811568     -7.131391    
  3.811655     -7.130065    
  3.814154     -7.142376    
  3.816638     -7.175722    
  3.819108     -6.745619    
  3.821564     -7.253020    
  3.821651     -7.154594    
  3.825835     -7.173136    
  3.829979     -7.195128    
  3.834084     -7.211514    
  3.838150     -7.225710    
  3.838237     -7.232002    
  3.840994     -7.215194    
  3.843735     -7.246391    
  3.846458     -7.255090    
  3.849164     -7.262859    
  3.851853     -7.305577    
  3.854526     -7.103030    
  3.857182     -7.280767    
  3.859823     -7.297676    
  3.859910     -7.300600    
  3.862754     -7.311846    
  3.865581     -7.322012    
  3.868389     -7.332091    
  3.871179     -7.341636    
  3.871266     -7.341733    
  3.873695     -7.350652    
  3.876111     -7.359141    
  3.878513     -7.369102    
  3.880902     -7.368633    
  3.880989     -7.329675    
  3.884377     -7.376924    
  3.887739     -7.397957    
  3.891076     -7.411724    
  3.894387     -7.423154    
  3.894474     -7.423486    
  3.898660     -7.438173    
  3.898747     -7.438434    
  3.901486     -7.448025    
  3.904208     -7.457414    
  3.904295     -7.457957    
  3.905384     -7.460196    
  3.905471     -7.460354    
  3.908472     -7.472851    
  3.908559     -7.472767    
  3.912193     -7.485404    
  3.912280     -7.485532    
  3.913068     -7.488061    
  3.913155     -7.488452    
  3.913273     -7.488891    
  3.913714     -7.490594    
  3.913769     -7.490797    
  3.913842     -7.491061    
  3.913889     -7.491227    
  3.913972     -7.491562    
  3.914081     -7.492007    
  3.914168     -7.503197    
  3.916915     -7.470678    
  3.917002     -7.374047    
  3.919240     -7.501151    
  3.921466     -7.523468    
  3.923680     -7.518532    
  3.925884     -7.535968    
  3.928076     -7.542843    
  3.930258     -7.550954    
  3.934588     -7.565518    
  3.938875     -7.578530    
  3.943121     -7.592159    
  3.947325     -7.608670    
  3.951490     -7.620863    
  3.955614     -7.633483    
  3.959700     -7.651053    
  3.963748     -7.669606    
  3.967758     -7.680151    
  3.971732     -7.561474    
  3.975669     -7.734166    
  3.979571     -7.717693    
  3.983439     -7.715374    
  3.983526     -7.735332    
  3.987126     -7.750161    
  3.990697     -7.749171    
  3.994239     -7.775260    
  3.997752     -7.786279    
  3.997838     -7.786455    
  4.000147     -7.795611    
  4.002444     -7.792039    
  4.004728     -7.904123    
  4.007001     -7.180064    
  4.009262     -7.789960    
  4.011511     -7.838244    
  4.013748     -7.841091    
  4.015974     -7.848435    
  4.018189     -7.855105    
  4.020392     -7.830099    
  4.022585     -7.873255    
  4.024766     -7.879240    
  4.029096     -7.894122    
  4.033383     -7.908666    
  4.033470     -7.864256    
  4.034774     -8.061725    
  4.034861     -7.858539    
  4.038365     -7.845504    
  4.038452     -7.911319    
  4.040802     -7.825129    
  4.043140     -7.949317    
  4.045465     -7.948361    
  4.047778     -7.955584    
  4.047865     -7.957791    
  4.051277     -7.973780    
  4.054632     -7.983976    
  4.057962     -7.995418    
  4.061267     -8.007673    
  4.061354     -8.009621    
  4.065579     -7.865583    
  4.069764     -7.939699    
  4.073909     -8.055753    
  4.078015     -8.063629    
  4.078102     -8.065604    
  4.080241     -8.072411    
  4.080328     -8.069794    
  4.080857     -8.071161    
  4.080944     -8.071288    
  4.081009     -8.071356    
  4.081054     -8.073362    
  4.082194     -8.068387    
  4.082281     -8.074343    
  4.084738     -8.081903    
  4.087181     -8.092635    
  4.089611     -8.103538    
  4.092028     -8.104011    
  4.094430     -8.119041    
  4.096820     -8.122606    
  4.099197     -8.134287    
  4.101560     -8.131341    
  4.101647     -8.142949    
  4.104844     -8.153954    
  4.108018     -8.071638    
  4.111169     -8.086052    
  4.114297     -8.187158    
  4.117403     -8.199199    
  4.120486     -8.193180    
  4.123548     -8.220839    
  4.126589     -8.229044    
  4.129608     -8.222905    
  4.132606     -8.249100    
  4.135584     -8.258877    
  4.138542     -8.265999    
  4.141479     -8.254405    
  4.144397     -8.291782    
  4.147296     -8.297521    
  4.150175     -8.307443    
  4.150262     -8.307980    
  4.153103     -8.320562    
  4.155926     -8.308587    
  4.156013     -8.278249    
  4.158103     -8.336227    
  4.158190     -8.332174    
  4.161727     -8.347266    
  4.161814     -8.346792    
  4.163762     -8.353356    
  4.163849     -8.353654    
  4.163959     -8.354034    
  4.164046     -8.353509    
  4.166389     -8.367459    
  4.168720     -8.400313    
  4.171039     -8.175802    
  4.173345     -8.383306    
  4.175640     -8.375343    
  4.177922     -8.407190    
  4.180192     -8.412538    
  4.182450     -8.428676    
  4.184697     -8.426239    
  4.186932     -8.433992    
  4.189156     -8.442101    
  4.191369     -8.449742    
  4.193570     -8.453145    
  4.195760     -8.472076    
  4.197939     -8.404632    
  4.200107     -8.479361    
  4.204411     -8.494850    
  4.208673     -8.498635    
  4.212894     -8.522575    
  4.217074     -8.522103    
  4.221214     -8.543670    
  4.225315     -8.563384    
  4.229377     -8.513936    
  4.233402     -8.599391    
  4.233489     -8.572301    
  4.235773     -8.599571    
  4.238044     -8.607665    
  4.240303     -8.588592    
  4.242551     -8.601352    
  4.244787     -8.627880    
  4.247012     -8.635698    
  4.249225     -8.634143    
  4.251427     -8.628066    
  4.251514     -8.645819    
  4.255198     -8.662591    
  4.258852     -8.671170    
  4.262474     -8.657694    
  4.266067     -8.699485    
  4.266154     -8.697185    
  4.268659     -8.854682    
  4.271149     -8.183472    
  4.273626     -8.173894    
  4.276088     -8.509163    
  4.278536     -8.746104    
  4.280971     -8.745539    
  4.283392     -8.741561    
  4.285800     -8.762879    
  4.288194     -8.783381    
  4.290575     -8.700342    
  4.292943     -8.796765    
  4.295299     -8.796076    
  4.297641     -8.803816    
  4.299971     -8.811506    
  4.302289     -8.818908    
  4.304595     -8.826349    
  4.306888     -8.833863    
  4.309169     -8.839785    
  4.311438     -8.800455    
  4.313695     -8.864105    
  4.315941     -8.864034    
  4.318175     -8.871788    
  4.320398     -8.880505    
  4.322610     -8.876035    
  4.324810     -8.889434    
  4.326999     -8.884894    
  4.329177     -8.899563    
  4.331345     -8.910106    
  4.335647     -8.872441    
  4.339907     -8.908341    
  4.339994     -8.837689    
  4.343342     -8.852422    
  4.346664     -8.954147    
  4.349961     -8.974052    
  4.353233     -8.983079    
  4.353320     -8.989659    
  4.356074     -8.970277    
  4.356161     -8.975416    
  4.357582     -8.997129    
  4.357669     -8.995240    
  4.357779     -8.995896    
  4.357865     -8.996465    
  4.360696     -9.011943    
  4.363507     -9.023805    
  4.366301     -9.006744    
  4.369077     -9.048845    
  4.371835     -8.962802    
  4.374576     -9.064036    
  4.377300     -9.049535    
  4.380006     -9.067454    
  4.382696     -9.080667    
  4.385369     -9.088687    
  4.388026     -9.097613    
  4.390667     -9.107161    
  4.393292     -9.082919    
  4.395901     -9.126868    
  4.398495     -9.127874    
  4.401073     -9.141751    
  4.403636     -9.143478    
  4.406183     -9.157165    
  4.408716     -9.159468    
  4.411235     -9.128714    
  4.413739     -9.183607    
  4.416228     -9.189811    
  4.418703     -9.197228    
  4.421164     -8.990271    
  4.423612     -9.222779    
  4.426045     -9.221983    
  4.428465     -9.207124    
  4.430872     -9.241400    
  4.433266     -9.191057    
  4.435646     -9.244872    
  4.438013     -9.257746    
  4.440368     -9.264915    
  4.440455     -9.262110    
  4.442834     -9.251854    
  4.445201     -9.285144    
  4.445288     -9.282833    
  4.447569     -9.291893    
  4.449839     -9.341212    
  4.452097     -8.990578    
  4.454343     -9.221518    
  4.456578     -9.321243    
  4.458801     -9.313982    
  4.461013     -9.257470    
  4.463213     -9.331436    
  4.465403     -9.346615    
  4.467581     -9.356768    
  4.471906     -9.353798    
  4.476188     -9.380870    
  4.480428     -9.242476    
  4.512937     -9.468924    
  4.513024     -9.493999    
  4.514610     -9.499528    
  4.514697     -9.499814    
  4.515945     -9.503961    
  4.516032     -9.504217    
  4.516141     -9.504524    
  4.516228     -9.498399    
  4.585469     -9.703845    
  4.585556     -9.674174    
  4.648489     -9.872991    
  4.648576     -9.903647    
  4.649548     -9.914629    
  4.649635     -9.915043    
  4.649838     -9.916634    
  4.649925     -9.917245    
  4.650035     -9.917983    
  4.650122     -9.859215    
  4.709765     -10.04308    
  4.709852     -10.08822    
  4.765753     -10.23303    
  4.765822     -10.27139    
  4.765909     -10.27272    
  4.766019     -10.27585    
  4.766106     -10.25106    
  4.818480     -10.43310    
  4.818567     -10.38914    
  4.868094     -10.49805    
  4.868152     -10.57473    
  4.868214     -10.57421    
  4.868324     -10.57691    
  4.868411     -10.45871    
  4.915089     -10.76861    
  4.915176     -10.72010    
  4.959449     -10.83919    
  4.959536     -10.84876    
  4.959642     -10.84384    
  4.959729     -10.83473    
  4.959839     -10.81720    
  4.959925     -10.82041    
  5.002021     -10.88132    
  5.002108     -10.97342    
  5.041986     -11.08951    
  5.042072     -11.10234    
  5.042428     -11.09949    
  5.042515     -11.09906    
  5.042624     -11.09846    
  5.042711     -11.06248    
  5.081038     -11.19609    
  5.081125     -11.13772    
  5.117569     -11.30939    
  5.117655     -11.31238    
  5.118005     -11.30934    
  5.118092     -11.29726    
  5.118201     -11.25645    
  5.118288     -11.17186    
  5.153462     -11.47026    
  5.153549     -11.40604    
  5.187204     -11.51107    
  5.187290     -11.49196    
  5.187529     -11.49463    
  5.187616     -11.49553    
  5.187725     -11.49667    
  5.187812     -11.48713    
  5.251180     -11.64343    
  5.251266     -11.68451    
  5.251931     -11.68579    
  5.252018     -11.68737    
  5.252095     -11.68803    
  5.252182     -11.67443    
  5.311750     -11.82574    
  5.311837     -11.87787    
  5.311944     -11.87978    
  5.312021     -11.88131    
  5.312108     -11.87248    
  5.368079     -11.96532    
  5.368165     -12.00860    
  5.420736     -12.17144    
  5.420823     -12.14852    
  5.470384     -12.26787    
  5.470471     -12.30319    
  5.517346     -12.44726    
  5.517433     -12.41676    
  5.561899     -12.56421    
  5.561985     -12.56953    
  5.604277     -12.66489    
  5.604364     -12.69809    
  5.644684     -12.78968    
  5.644771     -12.80291    
  6.101351     -14.11675    
  6.318972     -14.75529    
  6.571403     -15.47707    
  6.845929     -16.24573    
  7.133075     -17.03343    
  7.426993     -17.83623    
  7.724423     -18.65149    
  8.023641     -19.48433    
  8.323763     -20.35240    
  8.624338     -21.29800    
  8.925140    -100.00000    
