 0.6989700    -100.00000    
 0.7247828    -100.00000    
 0.7491470    -100.00000    
 0.7722168    -100.00000    
 0.7941226    -100.00000    
 0.8348744    -100.00000    
 0.8721282    -100.00000    
 0.9064373    -100.00000    
 0.9382333     -72.40318    
 0.9678594     -69.26819    
 0.9955930     -68.71887    
  1.021661     -68.64979    
  1.046253     -68.89466    
  1.069527     -69.37735    
  1.091616     -70.07152    
  1.132686    -100.00000    
  1.170205    -100.00000    
  1.204739    -100.00000    
  1.236728    -100.00000    
  1.266522    -100.00000    
  1.294403    -100.00000    
  1.320601    -100.00000    
  1.345308     -85.56024    
  1.368685    -100.00000    
  1.390867    -100.00000    
  1.390954     -55.66680    
  1.407231    -100.00000    
  1.407318     -57.34118    
  1.416604    -100.00000    
  1.416691     -40.76934    
  1.434239     -41.99602    
  1.434325     -41.72046    
  1.438732     -42.02807    
  1.438819     -42.03906    
  1.442990     -42.33646    
  1.443077     -42.49426    
  1.465932    -100.00000    
  1.466019     -44.09991    
  1.466567     -44.14471    
  1.466654     -44.31277    
  1.485460    -100.00000    
  1.485547     -45.80151    
  1.485843     -45.82908    
  1.485930     -45.96433    
  1.499937    -100.00000    
  1.500023    -100.00000    
  1.502811     -45.15610    
  1.502898     -45.76440    
  1.515152    -100.00000    
  1.515239     -46.99673    
  1.538911    -100.00000    
  1.538998     -48.97152    
  1.541754     -49.24979    
  1.541841     -49.19105    
  1.544410     -50.10057    
  1.544497     -50.17115    
  1.546755     -49.58560    
  1.546842     -49.77339    
  1.568094    -100.00000    
  1.568181     -51.49882    
  1.576102     -52.27397    
  1.576189     -52.10663    
  1.577032     -52.17390    
  1.577119     -52.23403    
  1.586189     -53.10831    
  1.586276     -52.88899    
  1.587530     -52.98349    
  1.587617     -53.08614    
  1.602078    -100.00000    
  1.602165     -54.03669    
  1.604747     -54.23492    
  1.604834     -54.49446    
  1.629405    -100.00000    
  1.629492     -55.79254    
  1.633100     -56.01033    
  1.633187     -56.04805    
  1.643761     -56.76630    
  1.643848     -56.63325    
  1.646889     -56.81195    
  1.646976     -56.82567    
  1.653070     -57.21879    
  1.653157     -57.30805    
  1.667964    -100.00000    
  1.668051     -58.35148    
  1.673067     -58.43400    
  1.673154     -58.37929    
  1.673452     -58.36348    
  1.673539    -100.00000    
  1.683736     -57.30181    
  1.683823     -57.45423    
  1.689301     -56.46414    
  1.689388     -56.39472    
  1.690173     -56.28931    
  1.690260     -56.28741    
  1.691919     -56.06232    
  1.692006    -100.00000    
  1.709636     -54.01294    
  1.709723     -53.93213    
  1.714846     -53.13604    
  1.714933     -53.09741    
  1.717233     -52.79913    
  1.717320     -52.77633    
  1.717576     -52.74421    
  1.717663     -52.74629    
  1.719536     -52.50726    
  1.719623     -52.50678    
  1.721805     -52.22789    
  1.721892     -52.26102    
  1.725295     -51.80981    
  1.725382     -52.04174    
  1.731154     -51.12555    
  1.731241     -51.05944    
  1.731758     -50.99631    
  1.731845     -50.98595    
  1.732294     -50.93116    
  1.732381     -50.95291    
  1.735217     -50.59428    
  1.735304    -100.00000    
  1.746841     -49.33926    
  1.746929     -49.18468    
  1.747807     -49.08075    
  1.747894     -49.34303    
  1.753972     -48.41579    
  1.754058     -48.38033    
  1.756978     -48.02688    
  1.757065     -48.22304    
  1.762907     -47.38129    
  1.762994     -47.31981    
  1.763503     -47.26114    
  1.763590     -47.26931    
  1.765957     -46.99201    
  1.766044     -46.99123    
  1.768505     -46.70370    
  1.768592     -47.33358    
  1.776113     -45.91095    
  1.776200     -45.95378    
  1.781285     -45.30060    
  1.781372     -45.25200    
  1.781946     -45.18811    
  1.782033     -45.25820    
  1.786409     -44.72612    
  1.786495     -44.69352    
  1.788161     -44.50868    
  1.788248     -44.49705    
  1.789372     -44.37335    
  1.789459     -44.38606    
  1.792246     -44.07123    
  1.792333     -45.58431    
  1.800765     -43.22135    
  1.800851    -100.00000    
  1.809708     -42.27433    
  1.809795     -42.17777    
  1.810144     -42.14091    
  1.810231     -42.18040    
  1.814042     -41.75324    
  1.814129    -100.00000    
  1.834747     -39.84966    
  1.834834     -39.64614    
  1.838907     -39.20888    
  1.838994     -39.18142    
  1.840414     -39.03855    
  1.840501     -39.03819    
  1.842703     -38.81540    
  1.842790     -38.80306    
  1.844125     -38.66996    
  1.844212    -100.00000    
  1.857265     -37.51996    
  1.857352    -100.00000    
  1.870233     -36.28557    
  1.870320     -36.15337    
  1.871306     -36.06114    
  1.871393     -36.05251    
  1.872072     -35.98944    
  1.872158     -35.98360    
  1.873424     -35.86568    
  1.873511     -36.08122    
  1.880831     -35.23733    
  1.880918     -35.31676    
  1.887368     -34.63778    
  1.887455    -100.00000    
  1.899003     -33.66977    
  1.899090     -33.70299    
  1.905821     -33.02707    
  1.905908     -33.06143    
  1.911657     -32.52301    
  1.911744     -32.48475    
  1.912227     -32.44400    
  1.912313     -32.44061    
  1.913955     -32.30239    
  1.914042     -32.94180    
  1.924238     -31.52664    
  1.924325     -31.44820    
  1.925856     -31.32324    
  1.925943     -31.31435    
  1.926709     -31.25234    
  1.926796     -31.24481    
  1.926846     -31.24080    
  1.926932     -31.23401    
  1.927461     -31.19117    
  1.927548     -31.20107    
  1.930771     -30.93542    
  1.930858     -30.93250    
  1.933873     -30.68682    
  1.933960     -30.68514    
  1.936983     -30.44066    
  1.937070     -30.42599    
  1.938051     -30.34853    
  1.938138     -30.35103    
  1.940777     -30.14083    
  1.940864    -100.00000    
  1.955697     -29.10389    
  1.955784     -29.00712    
  1.959855     -28.68915    
  1.959942     -28.68736    
  1.963545     -28.41060    
  1.963632     -28.82965    
  1.974225     -27.67957    
  1.974312     -27.60567    
  1.974387     -27.60013    
  1.974474     -27.60302    
  1.977192     -27.40188    
  1.977279    -100.00000    
  1.994212     -26.29955    
  1.994299     -26.17066    
  1.996552     -26.00875    
  1.996639     -25.99987    
  1.997939     -25.90721    
  1.998026     -25.90488    
  2.000182     -25.75062    
  2.000268     -25.83587    
  2.007421     -25.26927    
  2.007508     -25.23143    
  2.009100     -25.11881    
  2.009187     -25.11067    
  2.009352     -25.09902    
  2.009439     -25.09290    
  2.009543     -25.20687    
  2.017372     -24.57546    
  2.017459     -24.71566    
  2.026471     -23.95110    
  2.026558     -23.89891    
  2.028108     -23.79107    
  2.028195    -100.00000    
  2.061043     -21.82428    
  2.061130     -21.60179    
  2.067104     -21.18439    
  2.067191     -21.15764    
  2.068339     -21.08286    
  2.068426     -21.16947    
  2.076209     -20.60852    
  2.076296    -100.00000    
  2.097304     -19.41892    
  2.097391     -19.46829    
  2.100294     -19.31828    
  2.100380     -19.30968    
  2.101519     -19.24096    
  2.101605     -19.23412    
  2.102584     -19.17615    
  2.102671     -19.14231    
  2.104539     -18.74799    
  2.104626     -18.55938    
  2.106101     -19.24131    
  2.106187     -18.84832    
  2.111508     -18.40034    
  2.111595     -18.42737    
  2.111941     -18.42317    
  2.112028     -18.07713    
  2.124229     -17.42215    
  2.124316     -17.31410    
  2.124942     -16.52581    
  2.125029     -16.79411    
  2.126973    -100.00000    
  2.127060     -17.56308    
  2.127658     -17.54145    
  2.127745     -17.78909    
  2.131986     -17.04851    
  2.132073     -16.70663    
  2.137486     -17.17405    
  2.137573     -17.12946    
  2.141450     -16.67766    
  2.141537     -16.86680    
  2.141662     -16.94304    
  2.141749     -16.34090    
  2.149371     -16.39562    
  2.149458     -16.32396    
  2.150293     -16.26533    
  2.150380     -16.28214    
  2.150508     -15.94037    
  2.154246     -16.45784    
  2.154333     -16.28246    
  2.156640     -15.91243    
  2.156727     -16.02774    
  2.156827     -16.04590    
  2.158960     -15.91657    
  2.159047     -15.12650    
  2.168055     -15.12482    
  2.168141     -15.21546    
  2.177604     -14.86103    
  2.177690     -14.93739    
  2.181731     -14.70850    
  2.181818     -14.18389    
  2.184198     -14.10142    
  2.184285     -14.66611    
  2.188445     -14.52138    
  2.188532     -14.37644    
  2.191911     -14.33221    
  2.191997     -14.04419    
  2.204170     -13.82400    
  2.204257     -13.88201    
  2.213352     -13.50103    
  2.213439     -13.56581    
  2.217837     -13.76621    
  2.217924     -13.76609    
  2.218030    -100.00000    
  2.218315     -13.72985    
  2.218402     -13.83972    
  2.218688     -13.83315    
  2.218775     -13.78648    
  2.225403     -13.54527    
  2.231931     -13.30958    
  2.232018     -13.44252    
  2.234695     -13.38849    
  2.234781     -13.38989    
  2.239617     -13.93908    
  2.239704     -13.94515    
  2.245345     -13.85093    
  2.245432     -13.73595    
  2.250721     -13.42653    
  2.250808     -13.42911    
  2.252069     -14.33173    
  2.252156     -13.99771    
  2.253696     -14.10040    
  2.253782     -13.20772    
  2.257177     -14.11740    
  2.260545     -12.77117    
  2.260632     -13.20454    
  2.263836     -13.48982    
  2.267016     -13.41003    
  2.267103     -13.73919    
  2.270490     -13.50838    
  2.270577     -13.49569    
  2.271628     -13.71459    
  2.271715     -12.97433    
  2.275818     -12.96084    
  2.275905     -13.36432    
  2.278364     -14.00679    
  2.280809     -13.41762    
  2.280896     -13.58020    
  2.283804     -13.44186    
  2.283891     -13.57508    
  2.284781     -14.00237    
  2.284868     -14.25697    
  2.286288     -13.57866    
  2.286375     -13.71728    
  2.286786     -13.70327    
  2.286873     -11.96089    
  2.289459     -13.22565    
  2.292031     -12.68444    
  2.294586     -12.62414    
  2.297128     -13.19687    
  2.297214     -13.26447    
  2.297982     -13.42531    
  2.298069    -100.00000    
  2.300085     -12.01988    
  2.302092     -12.76831    
  2.304090     -13.74579    
  2.306078     -12.93965    
  2.306165     -13.26312    
  2.308268     -13.19801    
  2.309316     -12.87325    
  2.310361     -13.09421    
  2.311404     -12.66631    
  2.312444     -12.72788    
  2.313482     -13.20660    
  2.314517     -13.06442    
  2.314604     -13.15694    
  2.315597     -13.08978    
  2.315684     -13.18180    
  2.316612     -13.06510    
  2.317538     -13.06026    
  2.318463     -12.71576    
  2.319385     -12.81688    
  2.320305     -12.75552    
  2.321224     -12.83710    
  2.322140     -12.08711    
  2.323055    -100.00000    
  2.323141     -12.85689    
  2.324295     -12.84181    
  2.325445     -12.98676    
  2.326592     -13.09310    
  2.327736     -13.01663    
  2.327823     -13.15700    
  2.328799     -13.23985    
  2.329773     -13.05616    
  2.330745     -13.18454    
  2.331714     -12.97466    
  2.331801     -12.91692    
  2.333101     -13.12006    
  2.333188     -12.91664    
  2.334187     -13.20125    
  2.335184     -13.16502    
  2.336179     -13.11944    
  2.337171     -13.03655    
  2.338161     -13.02406    
  2.339149     -13.10427    
  2.340135     -13.01261    
  2.341118     -12.92136    
  2.341205     -13.00962    
  2.341283     -13.01517    
  2.341370     -13.01702    
  2.341472     -13.04813    
  2.342320     -12.94648    
  2.343166     -12.95721    
  2.344011     -12.88633    
  2.344853     -12.81373    
  2.344940     -12.79199    
  2.345621     -12.70140    
  2.346301     -13.57539    
  2.346979     -12.88685    
  2.347657     -12.78894    
  2.348333     -12.81680    
  2.349009     -12.88847    
  2.349683     -12.64936    
  2.350356     -12.26637    
  2.350443     -12.58741    
  2.351331     -12.31595    
  2.352217     -13.00462    
  2.352659     -12.78306    
  2.353101     -12.57937    
  2.353542     -12.90652    
  2.353983     -12.43195    
  2.354070     -12.57837    
  2.354494     -12.56481    
  2.354917     -12.84471    
  2.355340     -12.94337    
  2.355762     -12.38967    
  2.355849     -12.69301    
  2.356283     -12.44680    
  2.356717     -12.31840    
  2.357149     -12.51244    
  2.357582    -100.00000    
  2.357669     -10.39854    
  2.362936     -9.271521    
  2.363023     -7.811143    
  2.376702     -6.107410    
  2.376789     -5.959544    
  2.381401     -6.128133    
  2.381488     -6.211147    
  2.381574     -6.185563    
  2.381660     -5.871840    
  2.384670     -5.461140    
  2.384757     -5.674487    
  2.387126    -100.00000    
  2.387213     -5.650227    
  2.396615     -4.921626    
  2.405819     -5.035055    
  2.405905     -4.603347    
  2.409345     -6.458539    
  2.409431    -100.00000    
  2.409967     -5.603738    
  2.410054     -5.288708    
  2.411501     -4.785498    
  2.411588     -4.921649    
  2.412778     -4.498477    
  2.412865     -4.372117    
  2.413098     -4.392499    
  2.413185     -4.440739    
  2.417228    -100.00000    
  2.417315     -5.248379    
  2.417448     -5.167403    
  2.417535     -4.812868    
  2.419545     -5.231887    
  2.419632     -4.763290    
  2.424108     -5.358206    
  2.424195     -4.968293    
  2.429911     -4.988983    
  2.429998     -4.922733    
  2.432147     -4.980855    
  2.432234     -4.851667    
  2.433514     -5.918921    
  2.433601    -100.00000    
  2.434762     -4.659413    
  2.434849     -4.474021    
  2.435182     -4.431514    
  2.435269     -4.462933    
  2.435570     -4.532224    
  2.435657     -4.467167    
  2.438099     -4.620032    
  2.438186     -4.586305    
  2.443115     -4.629800    
  2.443202    -100.00000    
  2.448046     -4.988342    
  2.448133     -5.289153    
  2.449372     -4.706441    
  2.449459     -4.439746    
  2.450924     -4.816018    
  2.451011     -4.704407    
  2.456026     -5.335751    
  2.456113     -5.448374    
  2.457105     -5.197960    
  2.457192     -4.901689    
  2.461170     -4.917878    
  2.461257     -5.732959    
  2.466286     -5.348520    
  2.466372     -5.862602    
  2.466976     -5.616071    
  2.467064     -5.922435    
  2.471828     -5.246704    
  2.471915     -5.723938    
  2.476442     -4.564619    
  2.476529     -5.461640    
  2.476628     -6.802308    
  2.476715     -7.123238    
  2.476977     -6.907904    
  2.477064     -4.931741    
  2.483465     -5.324637    
  2.483551     -4.690362    
  2.483824     -5.430447    
  2.483911     -4.876688    
  2.484130     -4.693291    
  2.484217     -4.564732    
  2.487600     -4.853305    
  2.490956     -4.707405    
  2.491043     -4.580153    
  2.493583     -5.066549    
  2.496107     -4.744282    
  2.496194     -4.721514    
  2.500074     -4.680410    
  2.503920     -4.500470    
  2.504007     -4.534272    
  2.504069     -4.527390    
  2.504156     -4.681355    
  2.506191     -4.100292    
  2.506278     -4.135008    
  2.506857     -4.311553    
  2.506943     -4.396954    
  2.507203     -4.400515    
  2.507290     -4.636122    
  2.511408     -3.986806    
  2.515486     -4.573275    
  2.515573     -3.970395    
  2.515719     -3.910046    
  2.515805     -3.885087    
  2.515872     -3.867228    
  2.515959     -3.813470    
  2.516943     -3.822304    
  2.517030     -3.866182    
  2.517941     -4.050526    
  2.518028     -3.912924    
  2.518445     -3.881050    
  2.518532     -3.935354    
  2.522095     -4.091051    
  2.525630     -4.559550    
  2.529136     -4.279333    
  2.532615     -3.774332    
  2.532701     -3.849284    
  2.536032     -3.932378    
  2.539337     -4.536230    
  2.539424     -3.962720    
  2.543132     -4.176212    
  2.546808     -3.922533    
  2.546895     -4.135529    
  2.547329     -4.353947    
  2.547416     -4.242556    
  2.551118     -4.066067    
  2.551204     -4.061020    
  2.554808     -3.885285    
  2.558382     -4.007162    
  2.558469     -4.149080    
  2.558869     -4.154278    
  2.558956     -4.332329    
  2.561557     -4.077364    
  2.561644     -4.234332    
  2.564082     -4.503040    
  2.566507     -3.989641    
  2.568917     -3.939667    
  2.571315     -4.023016    
  2.571402     -4.029305    
  2.571490     -4.032759    
  2.571576     -4.014779    
  2.574740     -4.280663    
  2.577880     -4.096605    
  2.580998     -4.508517    
  2.584094     -4.205135    
  2.587168     -5.008686    
  2.590220     -4.209899    
  2.593250     -4.256080    
  2.596260     -4.472399    
  2.596347     -4.199596    
  2.597646     -4.303837    
  2.597733     -4.304089    
  2.600542     -3.882400    
  2.603333     -4.441839    
  2.603420     -4.234896    
  2.606239     -3.992901    
  2.606324     -3.986469    
  2.606411     -3.924905    
  2.607237     -3.898421    
  2.607324     -4.016816    
  2.611491     -3.996632    
  2.615617     -4.067155    
  2.615704     -3.780523    
  2.619659     -4.081561    
  2.619746     -4.079634    
  2.620859     -4.423094    
  2.620946     -4.171314    
  2.621962     -4.211173    
  2.622049     -3.894874    
  2.625471     -4.123112    
  2.625557     -4.189355    
  2.626297     -3.889614    
  2.626384     -3.906537    
  2.627024     -3.908085    
  2.627111     -3.822095    
  2.630159     -4.093196    
  2.633186     -3.838230    
  2.633273     -3.887254    
  2.633585     -3.884097    
  2.633672     -3.864963    
  2.636750     -3.970026    
  2.639805     -3.893787    
  2.642840     -3.982337    
  2.645853     -3.896640    
  2.645940     -3.903032    
  2.646436     -3.905972    
  2.646523     -3.875178    
  2.648513     -3.921233    
  2.648600     -4.011461    
  2.650581     -3.954167    
  2.650668     -3.918179    
  2.652023     -3.884731    
  2.652110     -3.888307    
  2.653758     -3.896753    
  2.653845     -3.876609    
  2.654514     -4.038481    
  2.654601     -3.977699    
  2.655848     -4.429145    
  2.655935     -4.003567    
  2.656856     -3.800131    
  2.656943     -3.813700    
  2.659789     -3.929077    
  2.659876     -3.946646    
  2.661632     -3.932507    
  2.661711     -3.918323    
  2.661798     -3.919055    
  2.662838     -3.921123    
  2.662925     -3.893788    
  2.664288     -3.889591    
  2.665620     -3.885572    
  2.666947     -4.122485    
  2.668270     -3.827335    
  2.668357     -3.875154    
  2.669554     -3.913673    
  2.670748     -3.930769    
  2.670835     -3.929594    
  2.671974     -3.917645    
  2.673109     -3.918108    
  2.674242     -3.923233    
  2.675371     -3.935841    
  2.675458     -3.935924    
  2.676824     -3.927508    
  2.676911     -3.930790    
  2.677751     -3.931611    
  2.677838     -3.931234    
  2.679282     -3.934291    
  2.680721     -3.937169    
  2.682155     -3.938082    
  2.683585     -3.942175    
  2.683672     -3.943475    
  2.684694     -3.943821    
  2.685714     -3.943748    
  2.685801     -3.943939    
  2.685988     -3.944284    
  2.686075     -3.944484    
  2.686520     -3.945695    
  2.686607     -3.964255    
  2.687604     -3.960723    
  2.688599     -3.926006    
  2.688686     -3.942514    
  2.689315     -3.936527    
  2.689943     -3.936947    
  2.690571     -3.932168    
  2.691198     -3.927181    
  2.691823     -3.936417    
  2.692448     -3.946833    
  2.693072     -3.953798    
  2.693695     -3.954798    
  2.694317     -3.955153    
  2.694939     -3.957551    
  2.695559     -3.954848    
  2.696179     -4.138878    
  2.696797     -4.014204    
  2.697415     -3.964752    
  2.698032     -3.964609    
  2.698648     -3.965589    
  2.698717     -3.965765    
  2.698803     -3.965927    
  2.699142     -3.966092    
  2.699229     -3.964981    
  2.700077     -3.971378    
  2.700500     -3.970565    
  2.700923     -3.969801    
  2.701345     -3.970338    
  2.701767     -3.969621    
  2.702189     -3.969587    
  2.702610     -3.968578    
  2.702697     -3.987126    
  2.706323     -3.987644    
  2.706410     -3.973556    
  2.708352     -3.989199    
  2.708438     -4.026494    
  2.709271     -4.040627    
  2.709358     -4.082809    
  2.712230     -4.013716    
  2.712317     -3.995150    
  2.716395     -3.992194    
  2.716481     -3.995408    
  2.716568     -3.995538    
  2.718970     -4.002774    
  2.721359     -4.005555    
  2.721446     -4.007407    
  2.721792     -4.006688    
  2.721879     -3.999976    
  2.724957     -4.035982    
  2.725044     -4.010677    
  2.728368     -4.016599    
  2.728455     -4.017540    
  2.728556     -4.017761    
  2.728643     -4.010973    
  2.730036     -4.040298    
  2.730123     -4.037046    
  2.733020     -4.019584    
  2.735898     -4.031176    
  2.735985     -4.031368    
  2.736079     -4.031372    
  2.737059     -4.032900    
  2.737146     -4.033297    
  2.740300     -4.040171    
  2.740387     -4.040074    
  2.744215     -4.046228    
  2.748009     -4.053439    
  2.751770     -4.060361    
  2.755499     -4.070237    
  2.755586     -4.113077    
  2.758474     -4.065010    
  2.758561     -4.074057    
  2.759027     -4.074278    
  2.759113     -4.074466    
  2.759268     -4.075041    
  2.759355     -4.075348    
  2.759911     -4.075623    
  2.759997     -4.075914    
  2.760747     -4.077399    
  2.760833     -4.077719    
  2.762307     -4.080496    
  2.762394     -4.080370    
  2.764577     -4.085346    
  2.764664     -4.085128    
  2.765400     -4.086001    
  2.765487     -4.086353    
  2.765755     -4.087075    
  2.765842     -4.117770    
  2.767568     -4.105704    
  2.767655     -4.083934    
  2.771767     -4.091977    
  2.775841     -4.091047    
  2.775928     -4.105543    
  2.777541     -4.108920    
  2.777628     -4.109575    
  2.781421     -4.117146    
  2.781508     -4.112930    
  2.784445     -4.130425    
  2.787363     -4.126439    
  2.787450     -4.128055    
  2.789348     -4.131968    
  2.789435     -4.131982    
  2.792054     -4.137472    
  2.792141     -4.137302    
  2.795962     -4.145283    
  2.796049     -4.145269    
  2.798395     -4.154056    
  2.800729     -4.196698    
  2.803050     -4.158380    
  2.805359     -4.163264    
  2.807656     -4.160941    
  2.809941     -4.206787    
  2.812213     -4.173698    
  2.814474     -4.182298    
  2.814561     -4.183448    
  2.815775     -4.191636    
  2.815862     -4.188509    
  2.816430     -4.187363    
  2.816517     -4.187683    
  2.818570     -4.189989    
  2.818657     -4.189035    
  2.821422     -4.200781    
  2.824169     -4.205616    
  2.826900     -4.228757    
  2.829613     -4.211810    
  2.829700     -4.222932    
  2.832139     -4.223174    
  2.834565     -4.191099    
  2.836978     -4.548246    
  2.839377     -4.098012    
  2.839464     -4.203871    
  2.842740     -4.239969    
  2.845992     -4.248006    
  2.846054     -4.245953    
  2.846141     -4.245913    
  2.846320     -4.246050    
  2.846407     -4.246156    
  2.846929     -4.247132    
  2.847016     -4.246966    
  2.850284     -4.255153    
  2.850371     -4.254551    
  2.851107     -4.255521    
  2.851194     -4.255699    
  2.851272     -4.255800    
  2.851359     -4.255921    
  2.851605     -4.256462    
  2.851692     -4.257030    
  2.852969     -4.261186    
  2.853056     -4.290439    
  2.856721     -4.306230    
  2.856808     -4.273277    
  2.860014     -4.278851    
  2.863196     -4.282188    
  2.863283     -4.284357    
  2.866961     -4.289045    
  2.867048     -4.290573    
  2.867158     -4.289566    
  2.871477     -4.303036    
  2.871560     -4.300088    
  2.871647     -4.318966    
  2.874394     -4.375906    
  2.877123     -4.371107    
  2.877210     -4.344156    
  2.879769     -4.309110    
  2.882313     -4.320840    
  2.882400     -4.322630    
  2.882670     -4.324130    
  2.882757    -100.00000    
  2.885337     -4.408684    
  2.885423     -4.064432    
  2.886380     -4.126626    
  2.886467     -4.144342    
  2.886654     -4.166213    
  2.886741     -4.244424    
  2.889314     -4.419943    
  2.889401     -4.267167    
  2.891964     -4.359257    
  2.892051     -4.421561    
  2.893704     -4.333588    
  2.893791     -4.344916    
  2.894071     -4.345036    
  2.894158     -4.345122    
  2.895095     -4.346659    
  2.895182     -4.346357    
  2.896767     -4.350220    
  2.896854     -4.350566    
  2.897787     -4.352485    
  2.897874     -4.372196    
  2.900589     -4.383998    
  2.900676     -4.359312    
  2.902856     -4.361820    
  2.905026     -4.368849    
  2.905113     -4.384956    
  2.908098     -4.370884    
  2.908185     -4.372432    
  2.908477     -4.372938    
  2.908564     -4.373147    
  2.910090     -4.376250    
  2.910176     -4.376111    
  2.913363     -4.372379    
  2.916527     -4.477740    
  2.916614     -4.382105    
  2.916785     -4.364903    
  2.916872     -4.362115    
  2.917171     -4.364163    
  2.917258     -4.373477    
  2.919518     -4.397641    
  2.921765     -4.399718    
  2.921852     -4.399898    
  2.925029     -4.407094    
  2.925116     -4.407680    
  2.925941     -4.409973    
  2.926028     -4.409677    
  2.927554     -4.411829    
  2.927641     -4.412356    
  2.927950     -4.413830    
  2.928037     -4.414867    
  2.928671     -4.417620    
  2.928758     -4.416690    
  2.929127     -4.414638    
  2.929213     -4.414848    
  2.929524     -4.416613    
  2.929611     -4.416651    
  2.930245     -4.416682    
  2.930332     -4.417033    
  2.930604     -4.417591    
  2.930691     -4.417964    
  2.930963     -4.419499    
  2.931050     -4.419940    
  2.934646     -4.425267    
  2.934733     -4.426572    
  2.936807     -4.424042    
  2.936894     -4.423686    
  2.937412     -4.422857    
  2.937499     -4.425354    
  2.937612     -4.428545    
  2.939332     -4.437364    
  2.939418     -4.435234    
  2.941608     -4.436337    
  2.943787     -4.445905    
  2.943874     -4.444282    
  2.945266     -4.447519    
  2.945353     -4.447624    
  2.946273     -4.450229    
  2.946360     -4.450146    
  2.946687     -4.451497    
  2.946774     -4.451604    
  2.949036     -4.457482    
  2.951287     -4.459890    
  2.951374     -4.460948    
  2.953319     -4.462107    
  2.953406     -4.459278    
  2.953750     -4.461179    
  2.953837     -4.458767    
  2.954344     -4.455132    
  2.954431     -4.456620    
  2.955739     -4.465225    
  2.955826     -4.466581    
  2.956162     -4.470494    
  2.956249     -4.468883    
  2.956822     -4.472716    
  2.956909     -4.473225    
  2.957620     -4.477628    
  2.957703     -4.476458    
  2.957790     -4.475566    
  2.958622     -4.473793    
  2.958708     -4.473564    
  2.959196     -4.485443    
  2.959269     -4.487893    
  2.959356     -4.487215    
  2.959520     -4.477481    
  2.959575     -4.474567    
  2.959642     -4.472733    
  2.959729     -4.472099    
  2.959839     -4.471137    
  2.959926     -4.468775    
  2.960694     -4.445642    
  2.960781     -4.441944    
  2.961021     -4.412679    
  2.961108     -4.397311    
  2.961209     -4.315124    
  2.965318     -4.732152    
  2.965405     -4.850610    
  2.969227     -4.248545    
  2.969314     -4.437674    
  2.972533     -4.438954    
  2.975728     -4.439749    
  2.975815     -4.399269    
  2.976166     -4.372000    
  2.976253     -4.395005    
  2.979351     -4.563263    
  2.982423     -4.538765    
  2.982509     -4.456352    
  2.982872     -4.450782    
  2.982959     -4.369140    
  2.986873     -4.468606    
  2.990753     -4.423452    
  2.994598     -4.535266    
  2.998409     -4.470285    
  3.002187     -4.476095    
  3.005933     -4.483239    
  3.009646     -4.576741    
  3.013329     -4.393159    
  3.016980     -4.553644    
  3.020600     -4.494846    
  3.024191     -4.516730    
  3.027752     -4.512450    
  3.031285     -4.523089    
  3.034788     -4.716310    
  3.038264     -4.445852    
  3.041713     -4.585468    
  3.041799     -4.563577    
  3.044019     -4.561369    
  3.044106     -4.592698    
  3.046417     -4.570020    
  3.046504     -4.570876    
  3.047266     -4.573677    
  3.047353     -4.570891    
  3.050503     -4.589631    
  3.053630     -4.628231    
  3.056735     -4.641386    
  3.059819     -4.629384    
  3.062880     -4.641476    
  3.065920     -4.652887    
  3.068939     -4.712440    
  3.071937     -4.628745    
  3.072024     -4.622872    
  3.074515     -4.682055    
  3.074602     -4.676865    
  3.077416     -4.669866    
  3.080211     -4.668655    
  3.082988     -4.703113    
  3.085748     -4.953793    
  3.085835     -4.241531    
  3.088164     -4.613195    
  3.088251     -4.635117    
  3.089222     -4.691638    
  3.089309     -4.807053    
  3.091849     -4.721359    
  3.091936     -4.939637    
  3.095352     -4.653515    
  3.095438     -4.366943    
  3.096179     -4.503592    
  3.096266     -4.609594    
  3.099969     -4.831928    
  3.100056     -4.810083    
  3.102791     -4.740326    
  3.105509     -4.871142    
  3.105596     -4.792587    
  3.108813     -4.807811    
  3.112005     -4.708807    
  3.112092     -4.823766    
  3.114687     -4.787478    
  3.114774     -4.756786    
  3.114901     -4.769619    
  3.114988     -4.803205    
  3.116978     -4.769430    
  3.117065     -4.823824    
  3.117740     -4.870561    
  3.117827     -4.863084    
  3.118223     -4.813321    
  3.118310     -4.738748    
  3.120853     -4.849796    
  3.123381     -4.797141    
  3.123468     -4.842971    
  3.125997     -4.804459    
  3.126084     -4.785255    
  3.127687     -4.873220    
  3.127774     -4.775133    
  3.129225     -4.813763    
  3.129312     -4.803956    
  3.132455     -4.828287    
  3.135577     -4.952186    
  3.135664     -4.843383    
  3.136182     -4.782717    
  3.136269     -4.733147    
  3.138696     -5.107575    
  3.141109     -4.733244    
  3.141196     -4.839722    
  3.144101     -4.863241    
  3.144188     -4.802513    
  3.144956     -4.871704    
  3.145043     -4.854749    
  3.146758     -4.912083    
  3.146845     -4.970153    
  3.146975     -5.060177    
  3.147795     -4.876936    
  3.147882     -4.890202    
  3.148729     -5.071562    
  3.148816     -5.346899    
  3.150639     -4.734377    
  3.150726     -4.792841    
  3.151276     -4.856098    
  3.151363     -4.858275    
  3.153068     -4.964933    
  3.153155     -4.902365    
  3.153381     -4.887507    
  3.153434     -4.886111    
  3.153521     -4.854745    
  3.155016     -4.848071    
  3.155103     -4.964666    
  3.156074     -5.194868    
  3.156161     -4.850061    
  3.160418     -4.941912    
  3.164633     -4.981580    
  3.164720     -4.932079    
  3.165979     -4.986010    
  3.166066     -4.944936    
  3.168877     -4.899943    
  3.171670     -4.941576    
  3.171756     -4.821059    
  3.173578     -4.682087    
  3.173665     -4.775533    
  3.177077     -4.971939    
  3.180463     -4.975780    
  3.180550     -4.975272    
  3.181960     -4.990047    
  3.182047     -4.978762    
  3.184770     -4.998277    
  3.187477     -4.977045    
  3.187564     -4.980247    
  3.188338     -4.992757    
  3.188425     -5.028270    
  3.189356     -5.008142    
  3.189443     -6.089477    
  3.191119     -6.397651    
  3.191206     -5.369276    
  3.192224     -4.671463    
  3.192311     -4.694399    
  3.194885     -5.003077    
  3.194972     -5.005456    
  3.196916     -5.011576    
  3.197003     -5.016541    
  3.200094     -5.045028    
  3.203162     -5.026329    
  3.203250     -5.043129    
  3.204674     -5.061715    
  3.204761     -5.036330    
  3.207365     -5.056745    
  3.207452     -5.042080    
  3.209994     -5.095128    
  3.212521     -5.028187    
  3.215033     -5.183054    
  3.217531     -4.305386    
  3.217618     -4.583420    
  3.218164     -4.764649    
  3.218251     -4.780822    
  3.218329     -4.800578    
  3.218415     -4.913483    
  3.222383     -5.138966    
  3.226315     -5.114249    
  3.230212     -5.130051    
  3.234074     -5.300087    
  3.237901     -4.975238    
  3.241696     -5.183673    
  3.245457     -5.181330    
  3.249187     -5.186684    
  3.249274     -5.190300    
  3.251238     -5.197858    
  3.251325     -5.197185    
  3.251523     -5.197669    
  3.251610     -5.198287    
  3.254604     -5.210328    
  3.257576     -5.208866    
  3.260529     -5.224013    
  3.263462     -5.237229    
  3.263549     -5.237820    
  3.265995     -5.243239    
  3.268428     -5.253408    
  3.270847     -5.255284    
  3.273253     -5.267200    
  3.273340     -5.268073    
  3.276535     -5.276245    
  3.279706     -5.289463    
  3.279793     -5.288779    
  3.281662     -5.294895    
  3.281749     -5.294901    
  3.285833     -5.310195    
  3.285920     -5.308903    
  3.289028     -5.316417    
  3.289115     -5.320172    
  3.291415     -5.324854    
  3.291501     -5.325848    
  3.293929     -5.335057    
  3.296343     -5.342371    
  3.298744     -5.349634    
  3.301132     -5.357527    
  3.301219     -5.358194    
  3.305074     -5.370510    
  3.305161     -5.371076    
  3.305985     -5.373757    
  3.306072     -5.374073    
  3.306887     -5.375708    
  3.306974     -5.358041    
  3.309850     -5.390014    
  3.309937     -5.386217    
  3.310624     -5.388631    
  3.310710     -5.389057    
  3.311825     -5.392366    
  3.311912     -5.392576    
  3.312012     -5.392959    
  3.312099     -5.393259    
  3.314648     -5.381857    
  3.317181     -5.390850    
  3.319700     -5.418448    
  3.322204     -5.424831    
  3.324695     -5.425601    
  3.327170     -5.434159    
  3.329632     -5.441694    
  3.332080     -5.454434    
  3.334514     -5.436860    
  3.336935     -5.472608    
  3.339342     -5.467639    
  3.341736     -5.468232    
  3.344117     -5.475814    
  3.346485     -5.509335    
  3.348840     -5.471382    
  3.351182     -5.507170    
  3.351269     -5.516766    
  3.354866     -5.499161    
  3.358433     -5.533932    
  3.361971     -5.555612    
  3.365480     -5.503911    
  3.365567     -5.526278    
  3.367434     -5.562255    
  3.367521     -5.558047    
  3.370087     -5.567762    
  3.372609     -5.569726    
  3.375118     -5.584758    
  3.377612     -5.591989    
  3.377699     -5.624899    
  3.380754     -5.552857    
  3.383787     -5.609498    
  3.386800     -5.623152    
  3.389792     -5.633150    
  3.389879     -5.634219    
  3.392466     -5.641523    
  3.395039     -5.650228    
  3.395126     -5.650488    
  3.397959     -5.659786    
  3.398046     -5.660229    
  3.398416     -5.661532    
  3.398503     -5.645165    
  3.400855     -5.722477    
  3.400942     -5.577228    
  3.402428     -5.514804    
  3.402515     -5.603095    
  3.404126     -5.682481    
  3.404213     -5.671662    
  3.406921     -5.690807    
  3.409611     -5.693231    
  3.412285     -5.708757    
  3.414942     -5.716324    
  3.415029     -5.716024    
  3.419186     -5.730371    
  3.423303     -5.743492    
  3.427382     -5.757339    
  3.431422     -5.770730    
  3.431509     -5.770471    
  3.434904     -5.819270    
  3.438273     -5.581715    
  3.441616     -5.852217    
  3.444934     -5.817213    
  3.445021     -5.816197    
  3.447484     -5.824602    
  3.449934     -5.832535    
  3.450021     -5.834054    
  3.452474     -5.841140    
  3.454914     -5.849060    
  3.455001     -5.849590    
  3.457947     -5.858267    
  3.460873     -5.868987    
  3.463780     -5.878287    
  3.466667     -5.886600    
  3.466754     -5.887661    
  3.467583     -5.888554    
  3.467670     -5.896912    
  3.469453     -5.894802    
  3.469505     -5.896214    
  3.469592     -5.896713    
  3.469843     -5.897928    
  3.469930     -5.898337    
  3.471179     -5.902901    
  3.471266     -5.903291    
  3.474100     -5.913036    
  3.474187     -5.913855    
  3.476423     -5.923244    
  3.478648     -5.906513    
  3.480861     -5.936800    
  3.483063     -5.942960    
  3.483150     -5.943152    
  3.485959     -5.953504    
  3.488749     -5.958271    
  3.491522     -5.971271    
  3.494277     -5.980420    
  3.494364     -5.980880    
  3.496766     -5.976295    
  3.499154     -5.996988    
  3.501530     -6.010239    
  3.503893     -6.007207    
  3.506243     -5.821654    
  3.508580     -5.778481    
  3.510905     -6.046609    
  3.513217     -6.045060    
  3.513304     -6.044041    
  3.515963     -6.052954    
  3.518606     -6.061725    
  3.521233     -6.070611    
  3.523845     -6.079511    
  3.526440     -6.087226    
  3.529020     -6.093928    
  3.531585     -6.105255    
  3.534135     -6.113693    
  3.534222     -6.113974    
  3.536649     -6.122363    
  3.539062     -6.130943    
  3.541462     -6.191045    
  3.543849     -5.974522    
  3.543936     -6.010633    
  3.544500     -6.090382    
  3.544586     -6.120006    
  3.547376     -6.161249    
  3.550148     -6.167211    
  3.550235     -6.167411    
  3.552940     -6.177109    
  3.555627     -6.185883    
  3.555714     -6.186324    
  3.556728     -6.189333    
  3.556815     -6.190299    
  3.557696     -6.193044    
  3.557783     -6.192970    
  3.558846     -6.196994    
  3.558933     -6.196624    
  3.559110     -6.197081    
  3.559197     -6.197385    
  3.559291     -6.197723    
  3.559378     -6.198059    
  3.560851     -6.202969    
  3.560938     -6.202225    
  3.561019     -6.202528    
  3.561106     -6.202913    
  3.561368     -6.203986    
  3.561455     -6.204306    
  3.561549     -6.204654    
  3.561702     -6.205172    
  3.561789     -6.205455    
  3.561899     -6.205794    
  3.561986     -6.206101    
  3.562293     -6.204217    
  3.565681     -6.215973    
  3.565768     -6.218240    
  3.568672     -6.230163    
  3.571556     -6.239166    
  3.574422     -6.240841    
  3.577268     -6.254177    
  3.580096     -6.263887    
  3.582906     -6.264054    
  3.585698     -6.276792    
  3.588471     -6.292954    
  3.591228     -6.283945    
  3.593966     -6.315841    
  3.596688     -6.308299    
  3.599393     -6.334151    
  3.602081     -6.315230    
  3.604752     -6.359216    
  3.607407     -6.367668    
  3.610046     -6.165997    
  3.610133     -6.250013    
  3.612394     -6.397467    
  3.614642     -6.303179    
  3.616880     -6.391663    
  3.619105     -6.395910    
  3.621319     -6.404327    
  3.623523     -6.424188    
  3.625715     -6.363648    
  3.627896     -6.432352    
  3.627982     -6.425390    
  3.630428     -6.434618    
  3.632293     -6.440872    
  3.632379     -6.441186    
  3.635363     -6.451365    
  3.638325     -6.401673    
  3.641268     -6.439991    
  3.644191     -6.475230    
  3.644278     -6.478101    
  3.646967     -6.489672    
  3.649640     -6.499805    
  3.652297     -6.488192    
  3.654938     -6.509216    
  3.655025     -6.509263    
  3.657211     -6.541900    
  3.659385     -6.394772    
  3.659472     -6.474361    
  3.663615     -6.547308    
  3.663702     -6.547346    
  3.666918     -6.531436    
  3.670110     -6.556294    
  3.670197     -6.343635    
  3.674031     -6.040722    
  3.677831     -6.645875    
  3.681598     -6.605257    
  3.685333     -6.617024    
  3.685420     -6.734427    
  3.688862     -6.365295    
  3.688948     -6.432946    
  3.690731     -6.639165    
  3.690818     -6.609696    
  3.691459     -6.625259    
  3.691546     -6.629228    
  3.694812     -6.638924    
  3.694898     -6.646898    
  3.695365     -6.648189    
  3.695452     -6.648305    
  3.695518     -6.648641    
  3.695605     -6.649582    
  3.698701     -6.661880    
  3.701776     -6.671569    
  3.704828     -6.680979    
  3.707860     -6.691931    
  3.710870     -6.701988    
  3.712650     -6.706343    
  3.713860     -6.711114    
  3.716830     -6.723190    
  3.719779     -6.719265    
  3.719866     -6.730612    
  3.723198     -6.742227    
  3.726504     -6.752998    
  3.729786     -6.764358    
  3.733043     -6.775213    
  3.733130     -6.683166    
  3.736895     -6.671142    
  3.740628     -6.808485    
  3.740715     -6.800236    
  3.743507     -6.809800    
  3.746281     -6.818910    
  3.749037     -6.827991    
  3.751777     -6.837022    
  3.751863     -6.837307    
  3.754658     -6.846515    
  3.754745     -6.846814    
  3.755217     -6.848366    
  3.755304     -6.848650    
  3.755522     -6.849366    
  3.755609     -6.848453    
  3.758467     -6.863016    
  3.761306     -6.874239    
  3.764127     -6.817348    
  3.766929     -6.840098    
  3.769713     -6.885401    
  3.772480     -6.893242    
  3.775229     -6.911157    
  3.777961     -6.925115    
  3.778048     -6.917281    
  3.778151     -6.923492    
  3.781161     -6.932693    
  3.784252     -6.942207    
  3.787320     -6.952869    
  3.790368     -6.964898    
  3.793394     -6.963853    
  3.796399     -6.968193    
  3.799384     -6.989677    
  3.802348     -6.985975    
  3.802435     -6.985267    
  3.806009     -7.042373    
  3.806096     -7.027069    
  3.809815     -7.000467    
  3.809902     -7.026848    
  3.811377     -7.036272    
  3.811464     -7.034618    
  3.811517     -7.034618    
  3.811568     -7.034633    
  3.811655     -7.033546    
  3.814154     -7.053760    
  3.816638     -7.057683    
  3.819108     -6.537176    
  3.821564     -7.149888    
  3.821651     -7.043692    
  3.825835     -7.049111    
  3.829979     -7.098275    
  3.834084     -7.112540    
  3.838150     -7.125424    
  3.838237     -7.132238    
  3.840994     -7.083061    
  3.843735     -7.146273    
  3.846458     -7.152679    
  3.849164     -7.157180    
  3.851853     -7.173673    
  3.854526     -7.004091    
  3.857182     -7.133744    
  3.859823     -7.189830    
  3.859910     -7.190896    
  3.862754     -7.203815    
  3.865581     -7.213826    
  3.868389     -7.223519    
  3.871179     -7.233012    
  3.871266     -7.231451    
  3.873695     -7.240866    
  3.876111     -7.248551    
  3.878513     -7.258918    
  3.880902     -7.251899    
  3.880989     -7.164674    
  3.884377     -7.250298    
  3.887739     -7.283827    
  3.891076     -7.297207    
  3.894387     -7.307609    
  3.894474     -7.307916    
  3.898660     -7.321581    
  3.898747     -7.321733    
  3.901486     -7.330594    
  3.904208     -7.339003    
  3.904295     -7.339698    
  3.905384     -7.339763    
  3.905471     -7.340538    
  3.908472     -7.353621    
  3.908559     -7.353430    
  3.912193     -7.364991    
  3.912280     -7.364698    
  3.913068     -7.366866    
  3.913155     -7.367338    
  3.913273     -7.367803    
  3.913714     -7.369613    
  3.913769     -7.369798    
  3.913842     -7.370044    
  3.913889     -7.370196    
  3.913972     -7.370558    
  3.914081     -7.371061    
  3.914168     -7.400255    
  3.916915     -7.311021    
  3.917002     -7.166202    
  3.919240     -7.363603    
  3.921466     -7.406897    
  3.923680     -7.399516    
  3.925884     -7.415692    
  3.928076     -7.421811    
  3.930258     -7.430097    
  3.934588     -7.442919    
  3.938875     -7.452035    
  3.943121     -7.461972    
  3.947325     -7.481324    
  3.951490     -7.487417    
  3.955614     -7.498707    
  3.959700     -7.520375    
  3.963748     -7.541112    
  3.967758     -7.544723    
  3.971732     -7.356549    
  3.975669     -7.608277    
  3.979571     -7.578696    
  3.983439     -7.558757    
  3.983526     -7.598736    
  3.987126     -7.617475    
  3.990697     -7.599592    
  3.994239     -7.640419    
  3.997752     -7.649730    
  3.997838     -7.649836    
  4.000147     -7.659618    
  4.002444     -7.638521    
  4.004728     -7.703557    
  4.007001     -7.021391    
  4.009262     -7.576745    
  4.011511     -7.697033    
  4.013748     -7.699922    
  4.015974     -7.704881    
  4.018189     -7.707675    
  4.020392     -7.657037    
  4.022585     -7.731269    
  4.024766     -7.735276    
  4.029096     -7.749028    
  4.033383     -7.762201    
  4.033470     -7.686266    
  4.034774     -8.074625    
  4.034861     -7.597533    
  4.038365     -7.594979    
  4.038452     -7.714042    
  4.040802     -7.605043    
  4.043140     -7.796368    
  4.045465     -7.799443    
  4.047778     -7.806654    
  4.047865     -7.807094    
  4.051277     -7.825920    
  4.054632     -7.835330    
  4.057962     -7.845830    
  4.061267     -7.857019    
  4.061354     -7.859815    
  4.065579     -7.664819    
  4.069764     -7.725819    
  4.073909     -7.906910    
  4.078015     -7.908419    
  4.078102     -7.910316    
  4.080241     -7.916851    
  4.080328     -7.909574    
  4.080857     -7.908556    
  4.080944     -7.909722    
  4.081009     -7.910054    
  4.081054     -7.913481    
  4.082194     -7.899893    
  4.082281     -7.912689    
  4.084738     -7.919865    
  4.087181     -7.932309    
  4.089611     -7.944333    
  4.092028     -7.938403    
  4.094430     -7.958938    
  4.096820     -7.955465    
  4.099197     -7.973318    
  4.101560     -7.960232    
  4.101647     -7.971483    
  4.104844     -7.995292    
  4.108018     -7.850941    
  4.111169     -7.866749    
  4.114297     -8.018421    
  4.117403     -8.035058    
  4.120486     -8.016801    
  4.123548     -8.051231    
  4.126589     -8.060975    
  4.129608     -8.044376    
  4.132606     -8.076471    
  4.135584     -8.087890    
  4.138542     -8.091231    
  4.141479     -8.068240    
  4.144397     -8.116559    
  4.147296     -8.122680    
  4.150175     -8.132208    
  4.150262     -8.133029    
  4.153103     -8.147943    
  4.155926     -8.117142    
  4.156013     -8.084540    
  4.158103     -8.149571    
  4.158190     -8.152765    
  4.161727     -8.170468    
  4.161814     -8.169170    
  4.163762     -8.175318    
  4.163849     -8.175596    
  4.163959     -8.175965    
  4.164046     -8.175067    
  4.166389     -8.191834    
  4.168720     -8.224722    
  4.171039     -7.929597    
  4.173345     -8.186556    
  4.175640     -8.179479    
  4.177922     -8.229984    
  4.180192     -8.233342    
  4.182450     -8.245065    
  4.184697     -8.244862    
  4.186932     -8.252149    
  4.189156     -8.259798    
  4.191369     -8.267652    
  4.193570     -8.268822    
  4.195760     -8.293894    
  4.197939     -8.190947    
  4.200107     -8.287593    
  4.204411     -8.309898    
  4.208673     -8.307270    
  4.212894     -8.333938    
  4.217074     -8.325392    
  4.221214     -8.351368    
  4.225315     -8.373703    
  4.229377     -8.292255    
  4.233402     -8.404711    
  4.233489     -8.372439    
  4.235773     -8.406264    
  4.238044     -8.417610    
  4.240303     -8.374658    
  4.242551     -8.392862    
  4.244787     -8.432959    
  4.247012     -8.440398    
  4.249225     -8.435274    
  4.251427     -8.420803    
  4.251514     -8.442478    
  4.255198     -8.466141    
  4.258852     -8.470911    
  4.262474     -8.442556    
  4.266067     -8.501586    
  4.266154     -8.496650    
  4.268659     -8.697161    
  4.271149     -8.011737    
  4.273626     -7.914376    
  4.276088     -8.124752    
  4.278536     -8.535671    
  4.280971     -8.536142    
  4.283392     -8.508446    
  4.285800     -8.556006    
  4.288194     -8.580545    
  4.290575     -8.466229    
  4.292943     -8.586191    
  4.295299     -8.590416    
  4.297641     -8.597653    
  4.299971     -8.604776    
  4.302289     -8.611888    
  4.304595     -8.618504    
  4.306888     -8.625587    
  4.309169     -8.626467    
  4.311438     -8.571164    
  4.313695     -8.668558    
  4.315941     -8.651510    
  4.318175     -8.661888    
  4.320398     -8.669232    
  4.322610     -8.661834    
  4.324810     -8.671860    
  4.326999     -8.661651    
  4.329177     -8.681884    
  4.331345     -8.695237    
  4.335647     -8.633129    
  4.339907     -8.675369    
  4.339994     -8.584699    
  4.343342     -8.602140    
  4.346664     -8.735075    
  4.349961     -8.754676    
  4.353233     -8.764170    
  4.353320     -8.769821    
  4.356074     -8.750100    
  4.356161     -8.755727    
  4.357582     -8.758931    
  4.357669     -8.765358    
  4.357779     -8.767954    
  4.357865     -8.772917    
  4.360696     -8.793777    
  4.363507     -8.804503    
  4.366301     -8.778966    
  4.369077     -8.830958    
  4.371835     -8.714450    
  4.374576     -8.836311    
  4.377300     -8.823525    
  4.380006     -8.838711    
  4.382696     -8.856781    
  4.385369     -8.863851    
  4.388026     -8.872245    
  4.390667     -8.879540    
  4.393292     -8.847936    
  4.395901     -8.899324    
  4.398495     -8.899431    
  4.401073     -8.914385    
  4.403636     -8.913546    
  4.406183     -8.928311    
  4.408716     -8.917980    
  4.411235     -8.885224    
  4.413739     -8.952506    
  4.416228     -8.958669    
  4.418703     -8.946654    
  4.421164     -8.705944    
  4.423612     -8.982601    
  4.426045     -8.989764    
  4.428465     -8.970178    
  4.430872     -9.000881    
  4.433266     -8.945257    
  4.435646     -9.004410    
  4.438013     -9.022182    
  4.440368     -9.029254    
  4.440455     -9.022910    
  4.442834     -9.008126    
  4.445201     -9.048690    
  4.445288     -9.046518    
  4.447569     -9.056163    
  4.449839     -9.061682    
  4.452097     -8.796156    
  4.454343     -8.817798    
  4.456578     -9.071346    
  4.458801     -9.069803    
  4.461013     -8.997845    
  4.463213     -9.084872    
  4.465403     -9.106557    
  4.467581     -9.116988    
  4.471906     -9.106214    
  4.476188     -9.140612    
  4.480428     -8.985339    
  4.512937     -9.216022    
  4.513024     -9.243464    
  4.514610     -9.249564    
  4.514697     -9.250405    
  4.515945     -9.253716    
  4.516032     -9.254176    
  4.516141     -9.254559    
  4.516228     -9.246793    
  4.585469     -9.437480    
  4.585556     -9.398812    
  4.648489     -9.589635    
  4.648576     -9.629077    
  4.649548     -9.642077    
  4.649635     -9.642620    
  4.649838     -9.644651    
  4.649925     -9.645438    
  4.650035     -9.646381    
  4.650122     -9.577226    
  4.709765     -9.764831    
  4.709852     -9.806840    
  4.765753     -9.941886    
  4.765822     -9.983958    
  4.765909     -9.985576    
  4.766019     -9.989819    
  4.766106     -9.961034    
  4.818480     -10.14515    
  4.818567     -10.09111    
  4.868094     -10.19125    
  4.868152     -10.27532    
  4.868214     -10.27402    
  4.868324     -10.27669    
  4.868411     -10.14358    
  4.915089     -10.48345    
  4.915176     -10.42195    
  4.959449     -10.53697    
  4.959536     -10.54742    
  4.959642     -10.53780    
  4.959729     -10.51652    
  4.959839     -10.47806    
  4.959925     -10.51588    
  5.002021     -10.56606    
  5.002108     -10.67045    
  5.041986     -10.78510    
  5.042072     -10.80241    
  5.042428     -10.79727    
  5.042515     -10.79638    
  5.042624     -10.79525    
  5.042711     -10.75336    
  5.081038     -10.89065    
  5.081125     -10.81394    
  5.117569     -11.00621    
  5.117655     -11.00692    
  5.118005     -11.00314    
  5.118092     -10.98079    
  5.118201     -10.87867    
  5.118288     -10.84098    
  5.153462     -11.18433    
  5.153549     -11.09877    
  5.187204     -11.20489    
  5.187290     -11.18551    
  5.187529     -11.18841    
  5.187616     -11.18952    
  5.187725     -11.19096    
  5.187812     -11.17918    
  5.251180     -11.32662    
  5.251266     -11.37802    
  5.251931     -11.38001    
  5.252018     -11.38050    
  5.252095     -11.38094    
  5.252182     -11.36427    
  5.311750     -11.51773    
  5.311837     -11.57294    
  5.311944     -11.57526    
  5.312021     -11.57690    
  5.312108     -11.56538    
  5.368079     -11.65001    
  5.368165     -11.70214    
  5.420736     -11.86564    
  5.420823     -11.83921    
  5.470384     -11.95840    
  5.470471     -11.99425    
  5.517346     -12.14201    
  5.517433     -12.11182    
  5.561899     -12.25860    
  5.561985     -12.26180    
  5.604277     -12.35110    
  5.604364     -12.38902    
  5.644684     -12.48143    
  5.644771     -12.49454    
  6.101351     -13.79262    
  6.318972     -14.41564    
  6.571403     -15.11833    
  6.845929     -15.87253    
  7.133075     -16.65619    
  7.426993     -17.46358    
  7.724423     -18.29236    
  8.023641     -19.15217    
  8.323763     -20.07118    
  8.624338     -21.12082    
  8.925140    -100.00000    
