 0.6989700    -100.00000    
 0.7247828    -100.00000    
 0.7491470    -100.00000    
 0.7722168    -100.00000    
 0.7941226    -100.00000    
 0.8348744    -100.00000    
 0.8721282    -100.00000    
 0.9064373    -100.00000    
 0.9382333     -135.2986    
 0.9678594     -134.2279    
 0.9955930     -133.5055    
  1.021661     -133.0486    
  1.046253     -132.8527    
  1.069527     -132.8749    
  1.091616     -131.7256    
  1.132686     -132.0216    
  1.170205    -100.00000    
  1.204739    -100.00000    
  1.236728    -100.00000    
  1.266522    -100.00000    
  1.294403     -140.1080    
  1.320601     -140.6407    
  1.345308     -141.3091    
  1.368685     -142.1795    
  1.390867     -142.2719    
  1.390954     -141.3220    
  1.407231    -100.00000    
  1.407318    -100.00000    
  1.416604    -100.00000    
  1.416691     -131.8709    
  1.434239    -100.00000    
  1.434325     -134.6784    
  1.438732     -134.5496    
  1.438819     -136.1149    
  1.442990     -134.0678    
  1.443077    -100.00000    
  1.465932     -128.6430    
  1.466019     -127.1942    
  1.466567     -127.2911    
  1.466654    -100.00000    
  1.485460     -123.3573    
  1.485547     -122.8744    
  1.485843     -122.8051    
  1.485930    -100.00000    
  1.499937     -120.0445    
  1.500023     -119.8162    
  1.502811     -119.1146    
  1.502898    -100.00000    
  1.515152     -116.7521    
  1.515239    -100.00000    
  1.538911     -112.1527    
  1.538998     -111.7370    
  1.541754     -111.1270    
  1.541841     -111.1587    
  1.544410     -110.6026    
  1.544497     -110.6138    
  1.546755     -110.1381    
  1.546842    -100.00000    
  1.568094     -106.4173    
  1.568181    -100.00000    
  1.576102     -104.5611    
  1.576189     -104.3702    
  1.577032     -104.2019    
  1.577119    -100.00000    
  1.586189     -102.6082    
  1.586276     -102.4059    
  1.587530     -102.1565    
  1.587617    -100.00000    
  1.602078     -99.65463    
  1.602165     -99.39707    
  1.604747     -98.84996    
  1.604834    -100.00000    
  1.629405     -94.62265    
  1.629492     -94.34682    
  1.633100     -93.45623    
  1.633187    -100.00000    
  1.643761     -91.55088    
  1.643848     -91.44321    
  1.646889     -90.73266    
  1.646976    -100.00000    
  1.653070     -89.58126    
  1.653157    -100.00000    
  1.667964     -86.83835    
  1.668051    -100.00000    
  1.673067     -85.58760    
  1.673154     -85.48040    
  1.673452     -85.42217    
  1.673539    -100.00000    
  1.683736     -83.65158    
  1.683823    -100.00000    
  1.689301     -82.46405    
  1.689388     -82.35252    
  1.690173     -82.20237    
  1.690260     -82.20766    
  1.691919     -81.88245    
  1.692006    -100.00000    
  1.709636     -78.95477    
  1.709723     -80.80734    
  1.714846     -77.72435    
  1.714933     -77.67580    
  1.717233     -77.23497    
  1.717320     -77.19779    
  1.717576     -77.15181    
  1.717663     -77.16522    
  1.719536     -76.81669    
  1.719623     -76.82895    
  1.721805     -76.41851    
  1.721892     -76.53065    
  1.725295     -75.82515    
  1.725382    -100.00000    
  1.731154     -74.85362    
  1.731241     -74.74556    
  1.731758     -74.65514    
  1.731845     -74.64051    
  1.732294     -74.56211    
  1.732381     -74.62670    
  1.735217     -74.08759    
  1.735304    -100.00000    
  1.746841     -72.30583    
  1.746929     -72.07335    
  1.747807     -71.92497    
  1.747894    -100.00000    
  1.753972     -70.99297    
  1.754058     -70.96008    
  1.756978     -70.43346    
  1.757065    -100.00000    
  1.762907     -69.52625    
  1.762994     -69.42652    
  1.763503     -69.34338    
  1.763590     -69.37019    
  1.765957     -68.96750    
  1.766044     -68.97891    
  1.768505     -68.56099    
  1.768592    -100.00000    
  1.776113     -67.45560    
  1.776200     -67.75306    
  1.781285     -66.59593    
  1.781372     -66.51730    
  1.781946     -66.42797    
  1.782033     -66.63393    
  1.786409     -65.79105    
  1.786495     -65.74149    
  1.788161     -65.48095    
  1.788248     -65.46416    
  1.789372     -65.29130    
  1.789459     -65.32820    
  1.792246     -64.87451    
  1.792333    -100.00000    
  1.800765     -63.70464    
  1.800851    -100.00000    
  1.809708     -62.39681    
  1.809795     -62.24993    
  1.810144     -62.19890    
  1.810231     -62.30049    
  1.814042     -61.67266    
  1.814129    -100.00000    
  1.834747     -59.06140    
  1.834834     -58.83372    
  1.838907     -58.19789    
  1.838994     -58.15618    
  1.840414     -57.96109    
  1.840501     -57.96650    
  1.842703     -57.65944    
  1.842790     -57.64205    
  1.844125     -57.46046    
  1.844212    -100.00000    
  1.857265     -55.91347    
  1.857352    -100.00000    
  1.870233     -54.24403    
  1.870320     -54.05318    
  1.871306     -53.92833    
  1.871393     -53.91631    
  1.872072     -53.83120    
  1.872158     -53.82428    
  1.873424     -53.66443    
  1.873511     -54.95071    
  1.880831     -52.82492    
  1.880918     -53.15343    
  1.887368     -52.01278    
  1.887455    -100.00000    
  1.899003     -50.70613    
  1.899090     -50.97001    
  1.905821     -49.83137    
  1.905908     -49.96368    
  1.911657     -49.14598    
  1.911744     -49.08600    
  1.912227     -49.03061    
  1.912313     -49.02819    
  1.913955     -48.83962    
  1.914042    -100.00000    
  1.924238     -47.79784    
  1.924325     -47.68009    
  1.925856     -47.50974    
  1.925943     -47.49680    
  1.926709     -47.41268    
  1.926796     -47.40220    
  1.926846     -47.39674    
  1.926932     -47.38743    
  1.927461     -47.32940    
  1.927548     -47.35430    
  1.930771     -46.98530    
  1.930858     -46.98725    
  1.933873     -46.64717    
  1.933960     -46.65109    
  1.936983     -46.31274    
  1.937070     -46.29024    
  1.938051     -46.18492    
  1.938138     -46.19423    
  1.940777     -45.90490    
  1.940864    -100.00000    
  1.955697     -44.50963    
  1.955784     -44.38408    
  1.959855     -43.94054    
  1.959942     -43.94615    
  1.963545     -43.56418    
  1.963632    -100.00000    
  1.974225     -42.59112    
  1.974312     -42.48094    
  1.974387     -42.47354    
  1.974474     -42.48245    
  1.977192     -42.21124    
  1.977279    -100.00000    
  1.994212     -40.76534    
  1.994299     -40.58877    
  1.996552     -40.37689    
  1.996639     -40.36491    
  1.997939     -40.24465    
  1.998026     -40.24338    
  2.000182     -40.04286    
  2.000268     -40.22877    
  2.007421     -39.43054    
  2.007508     -39.37713    
  2.009100     -39.23360    
  2.009187     -39.22268    
  2.009352     -39.20787    
  2.009439     -39.20011    
  2.009543     -39.44455    
  2.017372     -38.55369    
  2.017459     -38.91379    
  2.026471     -37.77722    
  2.026558     -37.70680    
  2.028108     -37.57375    
  2.028195    -100.00000    
  2.061043     -35.19234    
  2.061130     -34.94530    
  2.067104     -34.43586    
  2.067191     -34.40143    
  2.068339     -34.31284    
  2.068426     -34.45617    
  2.076209     -33.75562    
  2.076296    -100.00000    
  2.097304     -32.33476    
  2.097391     -32.16725    
  2.100294     -31.95735    
  2.100380     -31.94544    
  2.101519     -31.86482    
  2.101605     -31.85842    
  2.102584     -31.78926    
  2.102671     -31.78605    
  2.104539     -31.65390    
  2.104626     -31.64703    
  2.106101     -31.54353    
  2.106187     -31.57658    
  2.111508     -31.18638    
  2.111595     -31.16075    
  2.111941     -31.13684    
  2.112028     -31.73577    
  2.124229     -30.37779    
  2.124316     -30.29873    
  2.124942     -30.25712    
  2.125029     -30.25456    
  2.126973     -30.12483    
  2.127060     -30.11641    
  2.127658     -30.07694    
  2.127745     -30.09161    
  2.131986     -29.80427    
  2.132073     -29.82289    
  2.137486     -29.45352    
  2.137573     -29.44555    
  2.141450     -29.19093    
  2.141537     -29.17568    
  2.141662     -29.16775    
  2.141749     -29.24515    
  2.149371     -28.71244    
  2.149458     -28.67615    
  2.150293     -28.62403    
  2.150380     -28.61825    
  2.150508     -28.62356    
  2.154246     -28.38707    
  2.154333     -28.37750    
  2.156640     -28.23461    
  2.156727     -28.22595    
  2.156827     -28.22334    
  2.158960     -28.09228    
  2.159047     -28.20198    
  2.168055     -27.57994    
  2.168141     -27.66377    
  2.177604     -27.02044    
  2.177690     -26.98931    
  2.181731     -26.75120    
  2.181818     -26.74150    
  2.184198     -26.60450    
  2.184285     -26.61054    
  2.188445     -26.36973    
  2.188532     -26.36446    
  2.191911     -26.17249    
  2.191997     -26.39464    
  2.204170     -25.54848    
  2.204257     -25.57448    
  2.213352     -25.04124    
  2.213439     -25.01833    
  2.217837     -24.78752    
  2.217924     -24.77488    
  2.218030     -24.76951    
  2.218315     -24.75500    
  2.218402     -24.75058    
  2.218688     -24.73607    
  2.218775     -24.76296    
  2.225403     -24.42332    
  2.231931     -24.10542    
  2.232018     -24.09034    
  2.234695     -23.96800    
  2.234781     -23.97155    
  2.239617     -23.75983    
  2.239704     -23.75913    
  2.245345     -23.54015    
  2.245432     -23.53256    
  2.250721     -23.37887    
  2.250808     -23.37763    
  2.252069     -23.35402    
  2.252156     -23.35207    
  2.253696     -23.33431    
  2.253782     -23.32519    
  2.257177     -23.35196    
  2.260545     -23.69589    
  2.260632     -23.68044    
  2.263836    -100.00000    
  2.267016    -100.00000    
  2.267103    -100.00000    
  2.270490    -100.00000    
  2.270577    -100.00000    
  2.271628    -100.00000    
  2.271715    -100.00000    
  2.275818    -100.00000    
  2.275905    -100.00000    
  2.278364    -100.00000    
  2.280809    -100.00000    
  2.280896    -100.00000    
  2.283804    -100.00000    
  2.283891    -100.00000    
  2.284781    -100.00000    
  2.284868    -100.00000    
  2.286288    -100.00000    
  2.286375    -100.00000    
  2.286786    -100.00000    
  2.286873    -100.00000    
  2.289459    -100.00000    
  2.292031    -100.00000    
  2.294586    -100.00000    
  2.297128    -100.00000    
  2.297214    -100.00000    
  2.297982    -100.00000    
  2.298069    -100.00000    
  2.300085    -100.00000    
  2.302092    -100.00000    
  2.304090    -100.00000    
  2.306078    -100.00000    
  2.306165    -100.00000    
  2.308268    -100.00000    
  2.309316    -100.00000    
  2.310361    -100.00000    
  2.311404    -100.00000    
  2.312444    -100.00000    
  2.313482    -100.00000    
  2.314517    -100.00000    
  2.314604    -100.00000    
  2.315597    -100.00000    
  2.315684    -100.00000    
  2.316612    -100.00000    
  2.317538    -100.00000    
  2.318463    -100.00000    
  2.319385    -100.00000    
  2.320305    -100.00000    
  2.321224    -100.00000    
  2.322140    -100.00000    
  2.323055    -100.00000    
  2.323141    -100.00000    
  2.324295    -100.00000    
  2.325445    -100.00000    
  2.326592    -100.00000    
  2.327736    -100.00000    
  2.327823    -100.00000    
  2.328799    -100.00000    
  2.329773    -100.00000    
  2.330745    -100.00000    
  2.331714    -100.00000    
  2.331801    -100.00000    
  2.333101    -100.00000    
  2.333188    -100.00000    
  2.334187    -100.00000    
  2.335184    -100.00000    
  2.336179    -100.00000    
  2.337171    -100.00000    
  2.338161    -100.00000    
  2.339149    -100.00000    
  2.340135    -100.00000    
  2.341118    -100.00000    
  2.341205    -100.00000    
  2.341283    -100.00000    
  2.341370    -100.00000    
  2.341472    -100.00000    
  2.342320    -100.00000    
  2.343166    -100.00000    
  2.344011    -100.00000    
  2.344853    -100.00000    
  2.344940    -100.00000    
  2.345621    -100.00000    
  2.346301    -100.00000    
  2.346979    -100.00000    
  2.347657    -100.00000    
  2.348333    -100.00000    
  2.349009    -100.00000    
  2.349683    -100.00000    
  2.350356    -100.00000    
  2.350443    -100.00000    
  2.351331    -100.00000    
  2.352217    -100.00000    
  2.352659    -100.00000    
  2.353101    -100.00000    
  2.353542    -100.00000    
  2.353983    -100.00000    
  2.354070    -100.00000    
  2.354494    -100.00000    
  2.354917    -100.00000    
  2.355340    -100.00000    
  2.355762    -100.00000    
  2.355849    -100.00000    
  2.356283    -100.00000    
  2.356717    -100.00000    
  2.357149    -100.00000    
  2.357582    -100.00000    
  2.357669    -100.00000    
  2.362936    -100.00000    
  2.363023    -100.00000    
  2.376702    -100.00000    
  2.376789    -100.00000    
  2.381401    -100.00000    
  2.381488    -100.00000    
  2.381574    -100.00000    
  2.381660    -100.00000    
  2.384670    -100.00000    
  2.384757    -100.00000    
  2.387126    -100.00000    
  2.387213    -100.00000    
  2.405819    -100.00000    
  2.405905     -15.74196    
  2.409345    -100.00000    
  2.409431    -100.00000    
  2.409967    -100.00000    
  2.410054    -100.00000    
  2.411501    -100.00000    
  2.411588    -100.00000    
  2.412778    -100.00000    
  2.412865    -100.00000    
  2.413098    -100.00000    
  2.413185    -100.00000    
  2.417228    -100.00000    
  2.417315    -100.00000    
  2.417448    -100.00000    
  2.417535     -15.52836    
  2.419545    -100.00000    
  2.419632     -16.75694    
  2.424108     -15.95100    
  2.424195     -13.85261    
  2.429911    -100.00000    
  2.429998    -100.00000    
  2.432147     -14.31785    
  2.432234    -100.00000    
  2.433514    -100.00000    
  2.433601    -100.00000    
  2.434762     -15.61207    
  2.434849     -15.01739    
  2.435182     -14.83260    
  2.435269     -14.90661    
  2.435570     -15.48999    
  2.435657    -100.00000    
  2.438099    -100.00000    
  2.438186    -100.00000    
  2.443115    -100.00000    
  2.443202     -14.18962    
  2.448046    -100.00000    
  2.448133    -100.00000    
  2.449372    -100.00000    
  2.449459    -100.00000    
  2.450924     -14.17491    
  2.451011    -100.00000    
  2.456026    -100.00000    
  2.456113     -14.75374    
  2.457105     -14.12451    
  2.457192    -100.00000    
  2.461170    -100.00000    
  2.461257    -100.00000    
  2.466286    -100.00000    
  2.466372     -13.74883    
  2.466976    -100.00000    
  2.467064    -100.00000    
  2.471828    -100.00000    
  2.471915    -100.00000    
  2.476442    -100.00000    
  2.476529    -100.00000    
  2.476628    -100.00000    
  2.476715    -100.00000    
  2.476977    -100.00000    
  2.477064     -7.819383    
  2.483465    -100.00000    
  2.483551     -9.708151    
  2.483824    -100.00000    
  2.483911    -100.00000    
  2.484130    -100.00000    
  2.484217    -100.00000    
  2.487600    -100.00000    
  2.490956    -100.00000    
  2.491043    -100.00000    
  2.493583    -100.00000    
  2.496107    -100.00000    
  2.496194    -100.00000    
  2.500074     -11.17435    
  2.503920    -100.00000    
  2.504007    -100.00000    
  2.504069    -100.00000    
  2.504156    -100.00000    
  2.506191    -100.00000    
  2.506278    -100.00000    
  2.506857     -13.62255    
  2.506943    -100.00000    
  2.507203    -100.00000    
  2.507290     -12.78711    
  2.511408    -100.00000    
  2.515486    -100.00000    
  2.515573    -100.00000    
  2.515719    -100.00000    
  2.515805    -100.00000    
  2.515872    -100.00000    
  2.515959    -100.00000    
  2.516943    -100.00000    
  2.517030     -11.28837    
  2.517941    -100.00000    
  2.518028    -100.00000    
  2.518445    -100.00000    
  2.518532    -100.00000    
  2.522095     -11.34260    
  2.525630    -100.00000    
  2.529136    -100.00000    
  2.532615    -100.00000    
  2.532701    -100.00000    
  2.536032     -11.65947    
  2.539337    -100.00000    
  2.539424     -13.54946    
  2.543132     -11.52694    
  2.546808    -100.00000    
  2.546895    -100.00000    
  2.547329    -100.00000    
  2.547416    -100.00000    
  2.551118    -100.00000    
  2.551204     -11.84214    
  2.554808    -100.00000    
  2.558382    -100.00000    
  2.558469    -100.00000    
  2.558869     -12.04227    
  2.558956    -100.00000    
  2.561557    -100.00000    
  2.561644     -11.42420    
  2.564082    -100.00000    
  2.566507    -100.00000    
  2.568917     -11.32887    
  2.571315     -11.48257    
  2.571402     -11.51427    
  2.571490     -11.51009    
  2.571576     -11.93144    
  2.574740    -100.00000    
  2.577880     -11.43243    
  2.580998    -100.00000    
  2.584094     -11.36380    
  2.587168     -11.50319    
  2.590220     -11.59549    
  2.593250     -11.75261    
  2.596260    -100.00000    
  2.596347     -12.25100    
  2.597646    -100.00000    
  2.597733    -100.00000    
  2.600542    -100.00000    
  2.603333    -100.00000    
  2.603420    -100.00000    
  2.606239    -100.00000    
  2.606324    -100.00000    
  2.606411    -100.00000    
  2.607237    -100.00000    
  2.607324     -10.83274    
  2.611491     -10.86436    
  2.615617     -10.71677    
  2.615704     -10.78565    
  2.619659     -11.18406    
  2.619746     -10.74009    
  2.620859     -10.50928    
  2.620946     -10.56344    
  2.621962     -10.63014    
  2.622049     -10.92459    
  2.625471     -10.15904    
  2.625557     -10.20805    
  2.626297     -10.40672    
  2.626384     -10.17187    
  2.627024     -10.78497    
  2.627111     -10.30243    
  2.630159     -10.84568    
  2.633186     -10.93969    
  2.633273     -10.88137    
  2.633585     -10.87871    
  2.633672     -11.04769    
  2.636750     -10.73585    
  2.639805    -100.00000    
  2.642840    -100.00000    
  2.645853    -100.00000    
  2.645940     -10.92204    
  2.646436     -10.46480    
  2.646523     -10.46201    
  2.648513     -10.86115    
  2.648600     -10.64056    
  2.650581     -10.43225    
  2.650668     -10.27214    
  2.652023     -10.29457    
  2.652110     -10.79477    
  2.653758     -10.85632    
  2.653845     -10.50831    
  2.654514     -10.97068    
  2.654601     -10.92586    
  2.655848     -10.52065    
  2.655935     -10.77746    
  2.656856    -100.00000    
  2.656943     -11.15916    
  2.659789     -10.41047    
  2.659876    -100.00000    
  2.661632    -100.00000    
  2.661711    -100.00000    
  2.661798    -100.00000    
  2.662838    -100.00000    
  2.662925     -10.46270    
  2.664288    -100.00000    
  2.665620    -100.00000    
  2.666947    -100.00000    
  2.668270    -100.00000    
  2.668357    -100.00000    
  2.669554    -100.00000    
  2.670748    -100.00000    
  2.670835    -100.00000    
  2.671974    -100.00000    
  2.673109    -100.00000    
  2.674242    -100.00000    
  2.675371    -100.00000    
  2.675458    -100.00000    
  2.676824    -100.00000    
  2.676911    -100.00000    
  2.677751    -100.00000    
  2.677838    -100.00000    
  2.679282    -100.00000    
  2.680721    -100.00000    
  2.682155    -100.00000    
  2.683585    -100.00000    
  2.683672    -100.00000    
  2.684694    -100.00000    
  2.685714    -100.00000    
  2.685801    -100.00000    
  2.685988    -100.00000    
  2.686075    -100.00000    
  2.686520    -100.00000    
  2.686607    -100.00000    
  2.687604    -100.00000    
  2.688599    -100.00000    
  2.688686    -100.00000    
  2.689315    -100.00000    
  2.689943    -100.00000    
  2.690571    -100.00000    
  2.691198    -100.00000    
  2.691823    -100.00000    
  2.692448    -100.00000    
  2.693072    -100.00000    
  2.693695    -100.00000    
  2.694317    -100.00000    
  2.694939    -100.00000    
  2.695559    -100.00000    
  2.696179    -100.00000    
  2.696797    -100.00000    
  2.697415    -100.00000    
  2.698032    -100.00000    
  2.698648    -100.00000    
  2.698717    -100.00000    
  2.698803    -100.00000    
  2.699142    -100.00000    
  2.699229    -100.00000    
  2.700077    -100.00000    
  2.700500    -100.00000    
  2.700923    -100.00000    
  2.701345    -100.00000    
  2.701767    -100.00000    
  2.702189    -100.00000    
  2.702610    -100.00000    
  2.702697     -7.432363    
  2.706323    -100.00000    
  2.706410    -100.00000    
  2.708352     -6.843683    
  2.708438     -6.315346    
  2.709271     -7.480672    
  2.709358    -100.00000    
  2.712230     -6.564080    
  2.712317    -100.00000    
  2.716395     -6.378709    
  2.716481     -6.320458    
  2.716568     -6.312600    
  2.718970     -6.736477    
  2.721359     -8.220887    
  2.721446     -7.628275    
  2.721792     -7.112130    
  2.721879     -6.444475    
  2.724957    -100.00000    
  2.725044     -6.792983    
  2.728368     -7.487897    
  2.728455     -6.758631    
  2.728556     -6.821138    
  2.728643     -6.760304    
  2.730036    -100.00000    
  2.730123     -7.935699    
  2.733020     -6.635714    
  2.735898     -6.640628    
  2.735985     -6.485777    
  2.736079     -6.234869    
  2.737059     -6.229584    
  2.737146     -6.464830    
  2.740300     -6.563371    
  2.740387     -6.541101    
  2.744215     -6.355417    
  2.748009     -6.150127    
  2.751770     -6.336061    
  2.755499     -6.103564    
  2.755586     -6.020740    
  2.758474     -5.957004    
  2.758561     -5.880289    
  2.759027     -6.022574    
  2.759113     -7.729671    
  2.759268    -100.00000    
  2.759355    -100.00000    
  2.759911     -6.981382    
  2.759997     -6.286984    
  2.760747     -6.216510    
  2.760833     -6.523130    
  2.762307     -5.917821    
  2.762394     -6.224686    
  2.764577     -6.142726    
  2.764664     -6.881453    
  2.765400    -100.00000    
  2.765487     -6.982224    
  2.765755     -6.693942    
  2.765842    -100.00000    
  2.767568     -5.901930    
  2.767655     -5.433681    
  2.771767     -5.869937    
  2.775841     -6.254069    
  2.775928     -6.001487    
  2.777541     -6.019813    
  2.777628     -5.982098    
  2.781421     -5.625892    
  2.781508     -5.668312    
  2.784445     -6.486757    
  2.787363     -5.880559    
  2.787450     -6.106432    
  2.789348     -5.578201    
  2.789435     -5.623656    
  2.792054     -5.916254    
  2.792141     -6.153711    
  2.795962     -5.352740    
  2.796049     -5.648165    
  2.798395     -5.786654    
  2.800729     -5.881541    
  2.803050     -6.133436    
  2.805359     -6.203316    
  2.807656     -5.195898    
  2.809941     -6.038880    
  2.812213     -5.471696    
  2.814474     -5.550142    
  2.814561     -5.169764    
  2.815775     -5.237905    
  2.815862     -5.910156    
  2.816430     -5.863864    
  2.816517     -6.084886    
  2.818570     -5.403592    
  2.818657     -5.379232    
  2.821422     -5.483350    
  2.824169     -5.517824    
  2.826900     -5.454006    
  2.829613     -4.867203    
  2.829700     -4.945281    
  2.832139     -5.475664    
  2.834565     -5.066872    
  2.836978    -100.00000    
  2.839377     -4.743275    
  2.839464     -5.098492    
  2.842740     -5.385284    
  2.845992     -4.867565    
  2.846054     -4.814100    
  2.846141     -4.704127    
  2.846320     -4.537219    
  2.846407     -4.484940    
  2.846929     -4.833016    
  2.847016     -4.787738    
  2.850284     -4.946270    
  2.850371     -4.776224    
  2.851107     -4.886675    
  2.851194     -4.862272    
  2.851272     -5.006196    
  2.851359     -5.114236    
  2.851605     -4.975083    
  2.851692     -5.142976    
  2.852969     -4.674599    
  2.853056     -4.830219    
  2.856721     -4.570746    
  2.856808     -4.567537    
  2.860014     -4.815870    
  2.863196     -5.742215    
  2.863283     -6.036781    
  2.866961     -4.722967    
  2.867048     -4.545819    
  2.867158     -5.420451    
  2.871477     -4.384812    
  2.871560     -4.434211    
  2.871647     -4.756510    
  2.874394     -4.853526    
  2.877123     -4.495983    
  2.877210     -4.629026    
  2.879769     -4.849754    
  2.882313     -4.513464    
  2.882400     -4.695132    
  2.882670     -4.731480    
  2.882757    -100.00000    
  2.885337     -4.340935    
  2.885423     -4.296438    
  2.886380     -4.369066    
  2.886467     -4.406293    
  2.886654     -4.571927    
  2.886741     -4.569256    
  2.889314     -5.465149    
  2.889401     -5.929839    
  2.891964     -4.573493    
  2.892051     -4.629051    
  2.893704     -4.805266    
  2.893791     -5.096987    
  2.894071     -4.691688    
  2.894158     -4.560470    
  2.895095     -4.588357    
  2.895182     -4.454082    
  2.896767     -4.633945    
  2.896854     -4.462195    
  2.897787     -4.432750    
  2.897874     -4.660842    
  2.900589     -4.553094    
  2.900676     -4.558406    
  2.902856     -4.549652    
  2.905026     -4.390573    
  2.905113     -4.330018    
  2.908098    -100.00000    
  2.908185     -4.927697    
  2.908477     -4.732116    
  2.908564     -4.616781    
  2.910090     -4.692662    
  2.910176     -5.251403    
  2.913363     -5.252218    
  2.916527     -4.590138    
  2.916614     -4.375508    
  2.916785     -4.238390    
  2.916872     -4.305920    
  2.917171     -4.941502    
  2.917258     -4.655208    
  2.919518     -4.628000    
  2.921765     -5.084681    
  2.921852     -5.071902    
  2.925029     -5.113982    
  2.925116     -5.100177    
  2.925941     -4.839298    
  2.926028     -4.637099    
  2.927554    -100.00000    
  2.927641     -5.313276    
  2.927950     -4.954208    
  2.928037     -5.414556    
  2.928671     -5.199093    
  2.928758     -5.252063    
  2.929127     -5.008569    
  2.929213     -5.317020    
  2.929524     -4.491485    
  2.929611     -4.273630    
  2.930245    -100.00000    
  2.930332     -5.220668    
  2.930604     -5.038727    
  2.930691     -4.808183    
  2.930963     -4.640758    
  2.931050     -4.800804    
  2.934646     -6.004400    
  2.934733     -5.123034    
  2.936807     -5.254892    
  2.936894     -4.842758    
  2.937412     -4.817582    
  2.937499     -5.042750    
  2.937612     -4.725987    
  2.939332     -4.978378    
  2.939418     -4.807930    
  2.941608     -4.913418    
  2.943787     -4.878417    
  2.943874     -4.535942    
  2.945266    -100.00000    
  2.945353     -4.841574    
  2.946273     -4.771795    
  2.946360     -4.986004    
  2.946687     -4.837226    
  2.946774     -4.433198    
  2.949036     -4.585355    
  2.951287     -4.729718    
  2.951374     -4.458409    
  2.953319     -4.482023    
  2.953406     -4.444589    
  2.953750     -4.509384    
  2.953837     -5.515585    
  2.954344     -4.804471    
  2.954431     -5.036371    
  2.955739     -4.365793    
  2.955826     -4.580244    
  2.956162    -100.00000    
  2.956249    -100.00000    
  2.956822     -5.073101    
  2.956909     -5.086192    
  2.957620     -4.224929    
  2.957703     -4.369128    
  2.957790     -4.476051    
  2.958622     -5.174639    
  2.958708     -5.180724    
  2.959196     -4.349723    
  2.959269     -4.705118    
  2.959356     -5.017621    
  2.959520     -5.254099    
  2.959575     -5.197556    
  2.959642     -5.107279    
  2.959729     -4.892907    
  2.959839     -4.591207    
  2.959926     -4.479384    
  2.960694     -5.258196    
  2.960781     -4.506051    
  2.961021     -4.465956    
  2.961108     -4.323507    
  2.961209     -4.972052    
  2.965318     -4.221480    
  2.965405     -4.554462    
  2.969227     -4.753660    
  2.969314     -4.041820    
  2.972533     -4.262772    
  2.975728     -4.226243    
  2.975815     -4.939126    
  2.976166     -4.700639    
  2.976253     -4.528981    
  2.979351     -4.123461    
  2.982423     -4.549558    
  2.982509     -4.371904    
  2.982872     -4.196939    
  2.982959     -4.436500    
  2.986873     -4.242027    
  2.990753     -4.782318    
  2.994598     -4.468206    
  2.998409     -4.557632    
  3.002187     -4.217409    
  3.005933     -4.191176    
  3.009646     -4.359869    
  3.013329     -4.580554    
  3.016980     -4.046226    
  3.020600     -4.070400    
  3.024191     -4.275637    
  3.027752     -4.564875    
  3.031285     -4.070584    
  3.034788     -4.467503    
  3.038264     -4.043289    
  3.041713     -4.301033    
  3.041799     -4.111360    
  3.044019     -4.184618    
  3.044106     -4.211820    
  3.046417     -4.172795    
  3.046504     -4.222560    
  3.047266     -4.195023    
  3.047353     -4.115591    
  3.050503     -4.801532    
  3.053630     -4.515080    
  3.056735     -4.225185    
  3.059819     -4.043252    
  3.062880     -4.290612    
  3.065920     -4.268642    
  3.068939     -4.403473    
  3.071937     -4.494153    
  3.072024     -4.170456    
  3.074515     -4.514438    
  3.074602     -4.164670    
  3.077416     -4.357646    
  3.080211     -4.412479    
  3.082988     -4.617689    
  3.085748     -3.909539    
  3.085835     -3.406427    
  3.088164     -3.769655    
  3.088251     -3.894081    
  3.089222     -4.072781    
  3.089309     -4.133953    
  3.091849     -4.286275    
  3.091936     -4.271922    
  3.095352     -4.425544    
  3.095438     -4.291631    
  3.096179     -4.701538    
  3.096266     -4.583604    
  3.099969     -4.236897    
  3.100056     -4.348033    
  3.102791     -4.267683    
  3.105509     -4.368302    
  3.105596     -4.283816    
  3.108813     -4.329379    
  3.112005     -4.356951    
  3.112092     -4.346419    
  3.114687     -4.294336    
  3.114774     -4.342686    
  3.114901     -4.312853    
  3.114988     -4.291649    
  3.116978     -4.335006    
  3.117065     -4.364850    
  3.117740     -4.357197    
  3.117827     -4.338412    
  3.118223     -4.358711    
  3.118310     -4.379046    
  3.120853     -4.362131    
  3.123381     -4.445678    
  3.123468     -4.252341    
  3.125997     -5.194169    
  3.126084     -4.532343    
  3.127687     -4.197923    
  3.127774     -4.256515    
  3.129225     -4.309720    
  3.129312     -4.355143    
  3.132455     -4.407225    
  3.135577     -4.381133    
  3.135664     -4.409422    
  3.136182     -4.416037    
  3.136269     -4.390333    
  3.138696     -4.464530    
  3.141109     -4.512269    
  3.141196     -4.550159    
  3.144101     -4.431945    
  3.144188     -4.376847    
  3.144956     -4.428084    
  3.145043     -4.430591    
  3.146758     -4.452815    
  3.146845     -4.358193    
  3.146975     -4.364625    
  3.147795     -4.343021    
  3.147882     -4.360362    
  3.148729     -4.384359    
  3.148816     -4.484990    
  3.150639     -4.592639    
  3.150726     -4.408256    
  3.151276     -4.376603    
  3.151363     -4.402721    
  3.153068     -4.624747    
  3.153155     -4.591754    
  3.153381     -4.524260    
  3.153434     -4.515184    
  3.153521     -4.401984    
  3.155016     -4.639469    
  3.155103     -4.566665    
  3.156074     -4.581259    
  3.156161     -4.456750    
  3.160418     -4.519588    
  3.164633     -4.555266    
  3.164720     -4.567208    
  3.165979     -4.510032    
  3.166066     -4.519092    
  3.168877     -4.512995    
  3.171670     -4.566085    
  3.171756     -4.555120    
  3.173578     -4.461668    
  3.173665     -4.503084    
  3.177077     -4.562552    
  3.180463     -4.499455    
  3.180550     -4.481099    
  3.181960     -4.479474    
  3.182047     -4.453900    
  3.184770     -4.707517    
  3.187477     -4.709905    
  3.187564     -4.520058    
  3.188338     -4.696098    
  3.188425     -4.869593    
  3.189356     -4.581377    
  3.189443     -4.757371    
  3.191119     -4.859845    
  3.191206     -4.806407    
  3.192224     -4.573662    
  3.192311     -4.579658    
  3.194885     -4.780339    
  3.194972     -4.790004    
  3.196916     -4.730292    
  3.197003     -4.673915    
  3.200094     -4.588077    
  3.203162     -4.633109    
  3.203250     -4.595154    
  3.204674     -4.675186    
  3.204761     -4.735106    
  3.207365     -4.813923    
  3.207452     -4.716602    
  3.209994     -4.751573    
  3.212521     -4.876665    
  3.215033     -4.593802    
  3.217531     -4.677940    
  3.217618     -4.570336    
  3.218164     -4.724712    
  3.218251     -4.857520    
  3.218329     -4.909410    
  3.218415     -4.844054    
  3.222383     -4.692169    
  3.226315     -4.630992    
  3.230212     -4.634549    
  3.234074     -4.742765    
  3.237901     -4.592734    
  3.241696     -4.768748    
  3.245457     -4.291385    
  3.249187     -4.699539    
  3.249274     -4.866974    
  3.251238     -4.381489    
  3.251325     -4.467937    
  3.251523     -4.587312    
  3.251610     -4.562917    
  3.254604     -4.597791    
  3.257576     -4.710707    
  3.260529     -4.716212    
  3.263462     -4.595497    
  3.263549     -4.533703    
  3.265995     -4.907203    
  3.268428     -4.881768    
  3.270847     -4.742287    
  3.273253     -4.523936    
  3.273340     -4.739113    
  3.276535     -5.364550    
  3.279706     -4.722637    
  3.279793     -4.683186    
  3.281662     -4.714120    
  3.281749     -5.014727    
  3.285833     -5.028632    
  3.285920     -4.643356    
  3.289028     -5.046856    
  3.289115     -4.574040    
  3.291415     -5.411633    
  3.291501     -4.882588    
  3.293929     -4.507175    
  3.296343     -4.764443    
  3.298744     -5.340576    
  3.301132     -4.857249    
  3.301219     -4.861348    
  3.305074     -4.589941    
  3.305161     -4.578286    
  3.305985     -4.452278    
  3.306072     -4.570946    
  3.306887     -4.987006    
  3.306974     -4.551589    
  3.309850     -5.279033    
  3.309937     -4.891743    
  3.310624     -4.539884    
  3.310710     -4.961849    
  3.311825     -4.550619    
  3.311912     -4.821240    
  3.312012     -4.886068    
  3.312099     -4.633690    
  3.314648     -4.975180    
  3.317181     -4.490321    
  3.319700     -4.984250    
  3.322204     -4.790793    
  3.324695     -4.558093    
  3.327170     -4.594750    
  3.329632     -4.802054    
  3.332080     -4.650461    
  3.334514     -4.674191    
  3.336935     -4.867471    
  3.339342     -4.734438    
  3.341736     -4.778066    
  3.344117     -4.859468    
  3.346485     -4.864130    
  3.348840     -4.824488    
  3.351182     -4.786994    
  3.351269     -4.784444    
  3.354866     -4.857961    
  3.358433     -4.876196    
  3.361971     -4.984532    
  3.365480     -4.874365    
  3.365567     -4.937460    
  3.367434     -4.845992    
  3.367521     -4.917314    
  3.370087     -4.856579    
  3.372609     -4.936180    
  3.375118     -4.970991    
  3.377612     -4.948525    
  3.377699     -4.982740    
  3.380754     -4.952213    
  3.383787     -4.993209    
  3.386800     -4.986033    
  3.389792     -4.994297    
  3.389879     -4.999909    
  3.392466     -5.025633    
  3.395039     -5.000253    
  3.395126     -4.990662    
  3.397959     -5.001600    
  3.398046     -5.013007    
  3.398416     -5.033471    
  3.398503     -5.026100    
  3.400855     -5.068996    
  3.400942     -5.021388    
  3.402428     -4.992454    
  3.402515     -5.024813    
  3.404126     -5.019122    
  3.404213     -5.030825    
  3.406921     -5.045807    
  3.409611     -5.044210    
  3.412285     -5.066232    
  3.414942     -5.070276    
  3.415029     -5.061380    
  3.419186     -5.076567    
  3.423303     -5.101939    
  3.427382     -5.094485    
  3.431422     -5.065095    
  3.431509     -5.007659    
  3.434904     -5.101271    
  3.438273     -5.091397    
  3.441616     -5.158654    
  3.444934     -5.158383    
  3.445021     -5.156880    
  3.447484     -5.160356    
  3.449934     -5.183376    
  3.450021     -5.197153    
  3.452474     -5.188931    
  3.454914     -5.174685    
  3.455001     -5.178127    
  3.457947     -5.192005    
  3.460873     -5.201687    
  3.463780     -5.209855    
  3.466667     -5.204986    
  3.466754     -5.204185    
  3.467583     -5.215406    
  3.467670     -5.402042    
  3.469453     -5.255385    
  3.469505     -5.171752    
  3.469592     -5.174810    
  3.469843     -5.191439    
  3.469930     -5.177956    
  3.471179     -5.201078    
  3.471266     -5.201645    
  3.474100     -5.238895    
  3.474187     -5.243692    
  3.476423     -5.237433    
  3.478648     -5.238312    
  3.480861     -5.201017    
  3.483063     -5.261195    
  3.483150     -5.255296    
  3.485959     -5.277657    
  3.488749     -5.288284    
  3.491522     -5.290503    
  3.494277     -5.306508    
  3.494364     -5.297973    
  3.496766     -5.310201    
  3.499154     -5.318424    
  3.501530     -5.463552    
  3.503893     -5.221119    
  3.506243     -5.296343    
  3.508580     -5.309815    
  3.510905     -5.344772    
  3.513217     -5.363051    
  3.513304     -5.371058    
  3.515963     -5.355110    
  3.518606     -5.342634    
  3.521233     -5.351733    
  3.523845     -5.373238    
  3.526440     -5.399965    
  3.529020     -5.405833    
  3.531585     -5.412020    
  3.534135     -5.418488    
  3.534222     -5.408819    
  3.536649     -5.428262    
  3.539062     -5.427281    
  3.541462     -5.445045    
  3.543849     -5.452971    
  3.543936     -5.454595    
  3.544500     -5.474397    
  3.544586     -5.450018    
  3.547376     -5.455328    
  3.550148     -5.446134    
  3.550235     -5.489496    
  3.552940     -5.436321    
  3.555627     -5.545847    
  3.555714     -5.457604    
  3.556728     -5.440325    
  3.556815     -5.455141    
  3.557696     -5.449425    
  3.557783     -5.421977    
  3.558846     -5.623568    
  3.558933     -5.549542    
  3.559110     -5.525477    
  3.559197     -5.517599    
  3.559291     -5.507521    
  3.559378     -5.436561    
  3.560851     -5.559791    
  3.560938     -5.563841    
  3.561019     -5.554057    
  3.561106     -5.545263    
  3.561368     -5.492577    
  3.561455     -5.470161    
  3.561549     -5.451113    
  3.561702     -5.433962    
  3.561789     -5.431114    
  3.561899     -5.430409    
  3.561986     -5.431323    
  3.562293     -5.438991    
  3.565681     -5.551030    
  3.565768     -5.539958    
  3.568672     -5.521485    
  3.571556     -5.530279    
  3.574422     -5.539125    
  3.577268     -5.537695    
  3.580096     -5.512004    
  3.582906     -5.595235    
  3.585698     -5.464019    
  3.588471     -5.750500    
  3.591228     -5.245206    
  3.593966     -5.560121    
  3.596688     -5.582061    
  3.599393     -5.669517    
  3.602081     -5.496344    
  3.604752     -5.706993    
  3.607407     -5.452068    
  3.610046     -5.633617    
  3.610133     -5.632331    
  3.612394     -5.739807    
  3.614642     -5.440676    
  3.616880     -5.680579    
  3.619105     -5.607153    
  3.621319     -5.688754    
  3.623523     -5.722406    
  3.625715     -5.690506    
  3.627896     -5.725514    
  3.627982     -5.720780    
  3.630428     -5.733036    
  3.632293     -5.737078    
  3.632379     -5.740132    
  3.635363     -5.756764    
  3.638325     -5.559247    
  3.641268     -5.696523    
  3.644191     -5.617303    
  3.644278     -5.600949    
  3.646967     -5.791625    
  3.649640     -5.742605    
  3.652297     -5.927195    
  3.654938     -5.432516    
  3.655025     -5.584237    
  3.657211     -5.790150    
  3.659385     -5.838060    
  3.659472     -5.809209    
  3.663615     -5.827093    
  3.663702     -5.888404    
  3.666918     -5.731749    
  3.670110     -5.806432    
  3.670197     -5.721288    
  3.674031     -5.671404    
  3.677831     -5.883026    
  3.681598     -5.859530    
  3.685333     -5.892332    
  3.685420     -6.272449    
  3.688862     -5.389960    
  3.688948     -5.477253    
  3.690731     -5.814848    
  3.690818     -5.782217    
  3.691459     -5.836753    
  3.691546     -6.002217    
  3.694812     -5.646094    
  3.694898     -5.709417    
  3.695365     -5.764589    
  3.695452     -5.774491    
  3.695518     -5.783080    
  3.695605     -5.832174    
  3.698701     -5.991444    
  3.701776     -5.707445    
  3.704828     -5.909807    
  3.707860     -5.962552    
  3.710870     -5.973024    
  3.712650     -5.986461    
  3.713860     -5.969023    
  3.716830     -5.987334    
  3.719779     -5.992180    
  3.719866     -5.994468    
  3.723198     -6.006219    
  3.726504     -6.008380    
  3.729786     -6.020760    
  3.733043     -6.035223    
  3.733130     -6.064541    
  3.736895     -6.052164    
  3.740628     -6.027731    
  3.740715     -6.033535    
  3.743507     -6.064560    
  3.746281     -6.075010    
  3.749037     -6.081806    
  3.751777     -6.090910    
  3.751863     -6.069372    
  3.754658     -6.156575    
  3.754745     -6.244262    
  3.755217     -5.996392    
  3.755304     -5.977289    
  3.755522     -5.944366    
  3.755609     -5.917020    
  3.758467     -6.090083    
  3.761306     -6.116467    
  3.764127     -6.123371    
  3.766929     -6.117493    
  3.769713     -5.837411    
  3.772480     -5.832634    
  3.775229     -6.070555    
  3.777961     -6.162344    
  3.778048     -6.150898    
  3.778151     -6.157844    
  3.781161     -6.174755    
  3.784252     -6.183838    
  3.787320     -6.193064    
  3.790368     -6.196242    
  3.793394     -6.207022    
  3.796399     -6.224077    
  3.799384     -6.203621    
  3.802348     -6.241993    
  3.802435     -6.234555    
  3.806009     -6.244700    
  3.806096     -6.241088    
  3.809815     -6.261564    
  3.809902     -6.254255    
  3.811377     -6.265563    
  3.811464     -6.266540    
  3.811517     -6.263130    
  3.811568     -6.259644    
  3.811655     -6.225384    
  3.814154     -6.181744    
  3.816638     -6.330308    
  3.819108     -5.421340    
  3.821564     -6.197640    
  3.821651     -6.103516    
  3.825835     -5.887184    
  3.829979     -6.179669    
  3.834084     -6.339606    
  3.838150     -6.336182    
  3.838237     -6.343397    
  3.840994     -6.341235    
  3.843735     -6.352654    
  3.846458     -6.354153    
  3.849164     -6.393129    
  3.851853     -6.044009    
  3.854526     -6.374942    
  3.857182     -6.403798    
  3.859823     -6.398405    
  3.859910     -6.375677    
  3.862754     -6.328128    
  3.865581     -6.324027    
  3.868389     -6.426797    
  3.871179     -6.432976    
  3.871266     -6.433571    
  3.873695     -6.442680    
  3.876111     -6.442079    
  3.878513     -6.452456    
  3.880902     -6.461679    
  3.880989     -6.480945    
  3.884377     -6.469594    
  3.887739     -6.482516    
  3.891076     -6.480895    
  3.894387     -6.500051    
  3.894474     -6.499056    
  3.898660     -6.516882    
  3.898747     -6.516462    
  3.901486     -6.525730    
  3.904208     -6.531222    
  3.904295     -6.534914    
  3.905384     -6.532155    
  3.905471     -6.530699    
  3.908472     -6.547434    
  3.908559     -6.544324    
  3.912193     -6.557493    
  3.912280     -6.552099    
  3.913068     -6.549026    
  3.913155     -6.551681    
  3.913273     -6.552563    
  3.913714     -6.555580    
  3.913769     -6.555967    
  3.913842     -6.556344    
  3.913889     -6.556606    
  3.913972     -6.557706    
  3.914081     -6.560413    
  3.914168     -6.550698    
  3.916915     -6.605311    
  3.917002     -6.599487    
  3.919240     -6.592670    
  3.921466     -6.611709    
  3.923680     -6.595096    
  3.925884     -6.608356    
  3.928076     -6.580359    
  3.930258     -6.606219    
  3.934588     -6.606051    
  3.938875     -6.630053    
  3.943121     -6.627049    
  3.947325     -6.655166    
  3.951490     -6.672339    
  3.955614     -6.658208    
  3.959700     -6.678100    
  3.963748     -6.752146    
  3.967758     -6.640984    
  3.971732     -6.781506    
  3.975669     -6.725633    
  3.979571     -6.722574    
  3.983439     -6.681811    
  3.983526     -6.739429    
  3.987126     -6.794055    
  3.990697     -6.816665    
  3.994239     -6.830404    
  3.997752     -6.797045    
  3.997838     -6.802042    
  4.000147     -6.842522    
  4.002444     -6.749246    
  4.004728     -6.672417    
  4.007001     -6.894423    
  4.009262     -6.865413    
  4.011511     -6.873296    
  4.013748     -6.909259    
  4.015974     -6.760645    
  4.018189     -6.884690    
  4.020392     -6.899072    
  4.022585     -6.904634    
  4.024766     -6.910682    
  4.029096     -6.922883    
  4.033383     -6.934306    
  4.033470     -6.830017    
  4.034774     -7.504450    
  4.034861     -6.042966    
  4.038365     -6.080837    
  4.038452     -6.468524    
  4.040802     -6.562346    
  4.043140     -6.896135    
  4.045465     -6.897600    
  4.047778     -6.975790    
  4.047865     -6.972623    
  4.051277     -6.985057    
  4.054632     -6.994189    
  4.057962     -7.003362    
  4.061267     -7.012638    
  4.061354     -7.012701    
  4.065579     -7.031689    
  4.069764     -7.040069    
  4.073909     -7.047919    
  4.078015     -7.059578    
  4.078102     -7.041941    
  4.080241     -7.112045    
  4.080328     -7.082796    
  4.080857     -6.905626    
  4.080944     -6.893164    
  4.081009     -6.880002    
  4.081054     -6.843341    
  4.082194     -6.853635    
  4.082281     -6.911858    
  4.084738     -7.072314    
  4.087181     -7.085820    
  4.089611     -7.091293    
  4.092028     -7.093336    
  4.094430     -7.066453    
  4.096820     -7.111269    
  4.099197     -7.118039    
  4.101560     -7.125607    
  4.101647     -7.125451    
  4.104844     -7.143162    
  4.108018     -6.938483    
  4.111169     -6.808192    
  4.114297     -7.103459    
  4.117403     -7.163668    
  4.120486     -7.180644    
  4.123548     -7.186844    
  4.126589     -7.194340    
  4.129608     -7.205305    
  4.132606     -7.211726    
  4.135584     -7.220383    
  4.138542     -7.222646    
  4.141479     -7.239303    
  4.144397     -7.244403    
  4.147296     -7.252042    
  4.150175     -7.260875    
  4.150262     -7.260891    
  4.153103     -7.267731    
  4.155926     -7.276104    
  4.156013     -7.275378    
  4.158103     -7.287134    
  4.158190     -7.298205    
  4.161727     -7.281269    
  4.161814     -7.237571    
  4.163762     -7.264282    
  4.163849     -7.276439    
  4.163959     -7.279747    
  4.164046     -7.281235    
  4.166389     -7.328979    
  4.168720     -7.340654    
  4.171039     -7.358346    
  4.173345     -7.356110    
  4.175640     -7.359115    
  4.177922     -7.366923    
  4.180192     -7.359702    
  4.182450     -7.369239    
  4.184697     -7.330065    
  4.186932     -7.364393    
  4.189156     -7.377971    
  4.191369     -7.395053    
  4.193570     -7.350842    
  4.195760     -7.401659    
  4.197939     -7.395753    
  4.200107     -7.407009    
  4.204411     -7.428092    
  4.208673     -7.408547    
  4.212894     -7.472722    
  4.217074     -7.420684    
  4.221214     -7.487315    
  4.225315     -7.473540    
  4.229377     -7.490682    
  4.233402     -7.457290    
  4.233489     -7.455316    
  4.235773     -7.516974    
  4.238044     -7.609655    
  4.240303     -7.208386    
  4.242551     -7.426643    
  4.244787     -7.540667    
  4.247012     -7.554978    
  4.249225     -7.569467    
  4.251427     -7.534566    
  4.251514     -7.539646    
  4.255198     -7.577037    
  4.258852     -7.568072    
  4.262474     -7.512102    
  4.266067     -7.616039    
  4.266154     -7.606592    
  4.268659     -7.615469    
  4.271149     -7.808781    
  4.273626     -7.053883    
  4.276088     -7.095788    
  4.278536     -7.591813    
  4.280971     -7.583636    
  4.283392     -7.217954    
  4.285800     -7.611430    
  4.288194     -7.670390    
  4.290575     -7.492067    
  4.292943     -7.663633    
  4.295299     -7.686166    
  4.297641     -7.694116    
  4.299971     -7.700533    
  4.302289     -7.706959    
  4.304595     -7.713020    
  4.306888     -7.719294    
  4.309169     -7.726070    
  4.311438     -7.691016    
  4.313695     -7.681297    
  4.315941     -7.218452    
  4.318175     -7.672701    
  4.320398     -7.740311    
  4.322610     -7.765136    
  4.324810     -7.762731    
  4.326999     -7.693588    
  4.329177     -7.774953    
  4.331345     -7.786198    
  4.335647     -7.676349    
  4.339907     -7.723291    
  4.339994     -7.784093    
  4.343342     -7.821335    
  4.346664     -7.828290    
  4.349961     -7.837044    
  4.353233     -7.843852    
  4.353320     -7.844303    
  4.356074     -7.858475    
  4.356161     -7.858670    
  4.357582     -7.863624    
  4.357669     -7.864111    
  4.357779     -7.864550    
  4.357865     -7.864586    
  4.360696     -7.882831    
  4.363507     -7.891635    
  4.366301     -7.899463    
  4.369077     -7.906013    
  4.371835     -7.915817    
  4.374576     -7.921542    
  4.377300     -7.929437    
  4.380006     -7.936568    
  4.382696     -7.934348    
  4.385369     -7.941386    
  4.388026     -7.949053    
  4.390667     -7.951690    
  4.393292     -7.960543    
  4.395901     -7.977645    
  4.398495     -7.965009    
  4.401073     -7.996710    
  4.403636     -7.975944    
  4.406183     -8.019320    
  4.408716     -7.834293    
  4.411235     -7.961891    
  4.413739     -8.012197    
  4.416228     -8.035487    
  4.418703     -7.906728    
  4.421164     -7.681023    
  4.423612     -8.005757    
  4.426045     -8.060877    
  4.428465     -8.022859    
  4.430872     -8.064709    
  4.433266     -8.080137    
  4.435646     -8.080881    
  4.438013     -8.079399    
  4.440368     -8.097145    
  4.440455     -8.081138    
  4.442834     -8.050784    
  4.445201     -8.111276    
  4.445288     -8.107807    
  4.447569     -8.118262    
  4.449839     -8.124022    
  4.452097     -8.138340    
  4.454343     -8.110264    
  4.456578     -8.140566    
  4.458801     -8.103124    
  4.461013     -8.109975    
  4.463213     -8.157329    
  4.465403     -8.166187    
  4.467581     -8.172341    
  4.471906     -8.170841    
  4.476188     -8.192280    
  4.480428     -8.179474    
  4.512937     -8.307800    
  4.513024     -8.237638    
  4.514610     -8.268068    
  4.514697     -8.279863    
  4.515945     -8.302233    
  4.516032     -8.298209    
  4.516141     -8.299257    
  4.516228     -8.307170    
  4.585469     -8.470076    
  4.585556     -8.390825    
  4.648489     -8.577770    
  4.648576     -8.671054    
  4.649548     -8.674782    
  4.649635     -8.675229    
  4.649838     -8.676035    
  4.649925     -8.676392    
  4.650035     -8.676840    
  4.650122     -8.614981    
  4.709765     -8.842496    
  4.709852     -8.820302    
  4.765753     -9.001683    
  4.765822     -8.977449    
  4.765909     -8.973030    
  4.766019     -8.969554    
  4.766106     -8.945926    
  4.818480     -9.168287    
  4.818567     -9.130760    
  4.868094     -9.264268    
  4.868152     -9.183947    
  4.868214     -9.173976    
  4.868324     -9.165456    
  4.868411     -9.023725    
  4.915089     -9.565851    
  4.915176     -9.400488    
  4.959449     -9.494968    
  4.959536     -9.520335    
  4.959642     -9.520480    
  4.959729     -9.520624    
  4.959839     -9.520814    
  4.959925     -9.513169    
  5.002021     -9.631392    
  5.002108     -9.633439    
  5.041986     -9.734562    
  5.042072     -9.762425    
  5.042428     -9.757589    
  5.042515     -9.756518    
  5.042624     -9.755233    
  5.042711     -9.694668    
  5.081038     -9.847797    
  5.081125     -9.667198    
  5.117569     -9.966140    
  5.117655     -9.950655    
  5.118005     -9.947829    
  5.118092     -9.947442    
  5.118201     -9.946944    
  5.118288     -9.949208    
  5.153462     -10.02930    
  5.153549     -10.02816    
  5.187204     -10.13296    
  5.187290     -10.12297    
  5.187529     -10.12353    
  5.187616     -10.12374    
  5.187725     -10.12401    
  5.187812     -10.10679    
  5.251180     -10.27517    
  5.251266     -10.28669    
  5.251931     -10.29185    
  5.252018     -10.29240    
  5.252095     -10.29291    
  5.252182     -10.26226    
  5.311750     -10.42438    
  5.311837     -10.47185    
  5.311944     -10.47462    
  5.312021     -10.47571    
  5.312108     -10.45572    
  5.368079     -10.56831    
  5.368165     -10.58374    
  5.420736     -10.73801    
  5.420823     -10.70806    
  5.470384     -10.81334    
  5.470471     -10.83284    
  5.517346     -10.99646    
  5.517433     -10.98528    
  5.561899     -11.09845    
  5.561985     -11.09011    
  5.604277     -11.14199    
  5.604364     -11.21028    
  5.644684     -11.31073    
  5.644771     -11.29768    
  6.101351     -12.47582    
  6.318972     -13.08290    
  6.571403     -13.77101    
  6.845929     -14.52544    
  7.133075     -15.32247    
  7.426993     -16.15771    
  7.724423     -17.03911    
  8.023641     -18.00396    
  8.323763     -19.15299    
  8.624338     -20.74218    
  8.925140    -100.00000    
