 0.6989700    -100.00000    
 0.7247828    -100.00000    
 0.7491470    -100.00000    
 0.7722168    -100.00000    
 0.7941226    -100.00000    
 0.8348744    -100.00000    
 0.8721282    -100.00000    
 0.9064373    -100.00000    
 0.9382333    -100.00000    
 0.9678594    -100.00000    
 0.9955930     -53.25036    
  1.021661     -52.10821    
  1.046253     -51.57984    
  1.069527     -51.40981    
  1.091616     -51.49935    
  1.132686     -52.29733    
  1.170205    -100.00000    
  1.204739    -100.00000    
  1.236728    -100.00000    
  1.266522    -100.00000    
  1.294403    -100.00000    
  1.320601    -100.00000    
  1.345308    -100.00000    
  1.368685    -100.00000    
  1.390867     -51.29056    
  1.390954     -33.21945    
  1.407231     -33.49223    
  1.407318     -33.59881    
  1.416604     -33.95904    
  1.416691     -28.60530    
  1.434239     -28.57704    
  1.434325     -28.66014    
  1.438732     -28.72105    
  1.438819     -28.72292    
  1.442990     -28.78404    
  1.443077     -28.79303    
  1.465932     -29.20051    
  1.466019     -29.18192    
  1.466567     -29.19279    
  1.466654     -29.20680    
  1.485460     -29.64840    
  1.485547     -29.62148    
  1.485843     -29.62909    
  1.485930     -29.66280    
  1.499937     -29.94059    
  1.500023    -100.00000    
  1.502811     -28.47924    
  1.502898     -28.96676    
  1.515152     -29.07671    
  1.515239     -29.14392    
  1.538911     -29.60600    
  1.538998     -29.65435    
  1.541754     -29.74777    
  1.541841     -29.64657    
  1.544410     -32.24352    
  1.544497    -100.00000    
  1.546755     -29.79251    
  1.546842     -29.92349    
  1.568094     -30.97196    
  1.568181     -30.69497    
  1.576102     -31.04764    
  1.576189     -31.02640    
  1.577032     -31.06405    
  1.577119     -31.08722    
  1.586189     -31.53440    
  1.586276     -31.49512    
  1.587530     -31.55638    
  1.587617     -31.61038    
  1.602078     -32.58277    
  1.602165     -32.31810    
  1.604747     -32.52029    
  1.604834     -32.80013    
  1.629405     -34.63559    
  1.629492     -33.75300    
  1.633100     -33.83681    
  1.633187     -33.84663    
  1.643761     -33.98714    
  1.643848     -33.97766    
  1.646889     -34.00491    
  1.646976     -34.00595    
  1.653070     -34.05550    
  1.653157     -34.05556    
  1.667964     -34.18119    
  1.668051     -34.18265    
  1.673067     -34.23257    
  1.673154     -34.23358    
  1.673452     -34.23673    
  1.673539     -34.23743    
  1.683736     -34.35531    
  1.683823     -34.35668    
  1.689301     -34.42950    
  1.689388     -34.43058    
  1.690173     -34.44180    
  1.690260     -34.44292    
  1.691919     -34.46667    
  1.692006     -34.47165    
  1.709636     -34.77242    
  1.709723     -34.76703    
  1.714846     -34.86962    
  1.714933     -34.87073    
  1.717233     -34.91936    
  1.717320     -34.92100    
  1.717576     -34.92663    
  1.717663     -34.92874    
  1.719536     -34.96978    
  1.719623     -34.97188    
  1.721805     -35.02144    
  1.721892     -35.02384    
  1.725295     -35.10489    
  1.725382     -35.10827    
  1.731154     -35.25745    
  1.731241     -35.25726    
  1.731758     -35.27141    
  1.731845     -35.27396    
  1.732294     -35.28601    
  1.732381     -35.28914    
  1.735217     -35.36971    
  1.735304     -35.38274    
  1.746841     -35.77503    
  1.746929     -35.75333    
  1.747807     -35.78602    
  1.747894     -35.79491    
  1.753972     -36.03831    
  1.754058     -36.03411    
  1.756978     -36.15823    
  1.757065     -36.16770    
  1.762907     -36.43366    
  1.762994     -36.42427    
  1.763503     -36.44772    
  1.763590     -36.45335    
  1.765957     -36.56326    
  1.766044     -36.56719    
  1.768505     -36.68283    
  1.768592     -36.70050    
  1.776113     -37.07075    
  1.776200     -37.05218    
  1.781285     -37.29746    
  1.781372     -37.28926    
  1.781946     -37.31658    
  1.782033     -37.32660    
  1.786409     -37.53717    
  1.786495     -37.53348    
  1.788161     -37.61317    
  1.788248     -37.61672    
  1.789372     -37.67071    
  1.789459     -37.67697    
  1.792246     -37.81320    
  1.792333     -37.83239    
  1.800765     -38.32190    
  1.800851     -38.32304    
  1.809708     -39.08825    
  1.809795     -38.93411    
  1.810144     -38.95990    
  1.810231     -38.97800    
  1.814042     -39.26835    
  1.814129     -39.63169    
  1.834747     -39.34578    
  1.834834     -39.09338    
  1.838907     -38.70958    
  1.838994     -38.68575    
  1.840414     -38.55754    
  1.840501     -38.55625    
  1.842703     -38.35647    
  1.842790     -38.34555    
  1.844125     -38.22598    
  1.844212    -100.00000    
  1.857265     -37.19275    
  1.857352    -100.00000    
  1.870233     -36.09979    
  1.870320     -35.98785    
  1.871306     -35.90684    
  1.871393     -35.89930    
  1.872072     -35.84394    
  1.872158     -35.83855    
  1.873424     -35.73516    
  1.873511     -35.87183    
  1.880831     -35.18234    
  1.880918     -35.22625    
  1.887368     -34.66084    
  1.887455     -35.58709    
  1.899003     -33.82155    
  1.899090     -33.82487    
  1.905821     -33.27121    
  1.905908     -33.28741    
  1.911657     -32.84096    
  1.911744     -32.81097    
  1.912227     -32.77619    
  1.912313     -32.77281    
  1.913955     -32.65533    
  1.914042     -32.93577    
  1.924238     -31.99355    
  1.924325     -31.93183    
  1.925856     -31.82674    
  1.925943     -31.81949    
  1.926709     -31.76733    
  1.926796     -31.76111    
  1.926846     -31.75774    
  1.926932     -31.75199    
  1.927461     -31.71594    
  1.927548     -31.72145    
  1.930771     -31.50030    
  1.930858     -31.49660    
  1.933873     -31.29255    
  1.933960     -31.28977    
  1.936983     -31.08739    
  1.937070     -31.07609    
  1.938051     -31.01169    
  1.938138     -31.01222    
  1.940777     -30.83871    
  1.940864    -100.00000    
  1.955697     -29.98113    
  1.955784     -29.90411    
  1.959855     -29.64998    
  1.959942     -29.64658    
  1.963545     -29.42599    
  1.963632     -29.59501    
  1.974225     -28.83861    
  1.974312     -28.78596    
  1.974387     -28.78158    
  1.974474     -28.78213    
  1.977192     -28.62355    
  1.977279    -100.00000    
  1.994212     -27.66295    
  1.994299     -27.51822    
  1.996552     -27.29390    
  1.996639     -27.36269    
  1.997939     -27.51575    
  1.998026     -27.45827    
  2.000182     -27.33514    
  2.000268     -27.40357    
  2.007421     -26.91712    
  2.007508     -26.90703    
  2.009100     -26.87070    
  2.009187     -26.85276    
  2.009352     -26.84372    
  2.009439     -26.83900    
  2.009543     -26.89561    
  2.017372     -26.43216    
  2.017459     -26.49552    
  2.026471     -25.93789    
  2.026558     -25.89979    
  2.028108     -25.81309    
  2.028195    -100.00000    
  2.061043     -23.57910    
  2.061130     -23.61135    
  2.067104     -22.36696    
  2.067191     -22.28808    
  2.068339     -22.12819    
  2.068426    -100.00000    
  2.076209     -21.14203    
  2.076296    -100.00000    
  2.097304     -18.49852    
  2.097391     -18.57665    
  2.100294    -100.00000    
  2.100380     -19.31393    
  2.101519     -19.15877    
  2.101605     -19.15418    
  2.102584     -19.01510    
  2.102671     -19.05162    
  2.104539     -18.72582    
  2.104626     -18.68575    
  2.106101     -18.59747    
  2.106187     -18.78539    
  2.111508     -17.87855    
  2.111595     -17.51670    
  2.111941    -100.00000    
  2.112028    -100.00000    
  2.124229     -17.11821    
  2.124316     -16.78032    
  2.124942     -15.81461    
  2.125029     -16.12287    
  2.126973    -100.00000    
  2.127060     -18.01719    
  2.127658     -18.00215    
  2.127745    -100.00000    
  2.131986     -17.11418    
  2.132073     -17.09354    
  2.137486     -16.74251    
  2.137573    -100.00000    
  2.141450     -16.17652    
  2.141537     -16.70708    
  2.141662    -100.00000    
  2.141749     -16.52719    
  2.149371     -15.98982    
  2.149458    -100.00000    
  2.150293     -15.50599    
  2.150380     -15.72454    
  2.150508     -15.35131    
  2.154246    -100.00000    
  2.154333     -17.23043    
  2.156640     -16.48681    
  2.156727     -16.91937    
  2.156827     -16.73797    
  2.158960     -16.94225    
  2.159047     -15.81255    
  2.168055     -15.47681    
  2.168141     -15.37619    
  2.177604     -15.08415    
  2.177690     -14.94323    
  2.181731     -14.66510    
  2.181818     -13.73173    
  2.184198     -13.38560    
  2.184285     -14.35437    
  2.188445     -15.33883    
  2.188532     -14.72617    
  2.191911     -14.75669    
  2.191997     -14.10938    
  2.204170     -13.51938    
  2.204257    -100.00000    
  2.213352     -12.41669    
  2.213439     -12.61410    
  2.217837     -12.63278    
  2.217924     -12.44420    
  2.218030     -12.55047    
  2.218315     -13.32353    
  2.218402     -13.36307    
  2.218688     -13.68364    
  2.218775     -13.17580    
  2.225403     -13.54519    
  2.231931     -13.03402    
  2.232018     -13.07560    
  2.234695     -12.75477    
  2.234781     -12.78520    
  2.239617     -12.34432    
  2.239704     -12.60616    
  2.245345     -13.15064    
  2.245432     -13.34983    
  2.250721     -12.45225    
  2.250808     -11.50484    
  2.252069    -100.00000    
  2.252156     -13.63244    
  2.253696     -13.98757    
  2.253782     -12.48003    
  2.257177    -100.00000    
  2.260545     -11.67878    
  2.260632     -11.92790    
  2.263836    -100.00000    
  2.267016     -12.82907    
  2.267103     -13.91169    
  2.270490     -13.00100    
  2.270577     -12.96912    
  2.271628     -13.02584    
  2.271715     -13.65100    
  2.275818     -13.31855    
  2.275905     -13.19091    
  2.278364    -100.00000    
  2.280809     -12.55558    
  2.280896     -12.97943    
  2.283804     -12.27028    
  2.283891     -13.27605    
  2.284781     -13.51514    
  2.284868     -13.64909    
  2.286288     -13.67027    
  2.286375     -13.72965    
  2.286786     -13.87275    
  2.286873     -12.66182    
  2.289459     -12.96720    
  2.292031     -13.14964    
  2.294586     -12.87133    
  2.297128     -12.98158    
  2.297214    -100.00000    
  2.297982     -12.57350    
  2.298069    -100.00000    
  2.300085     -11.89692    
  2.302092    -100.00000    
  2.304090     -14.15413    
  2.306078     -13.82601    
  2.306165     -14.32172    
  2.308268     -13.73680    
  2.309316     -13.11762    
  2.310361     -13.28553    
  2.311404     -13.48396    
  2.312444     -13.52985    
  2.313482     -13.80869    
  2.314517     -13.63537    
  2.314604     -13.70896    
  2.315597     -13.61797    
  2.315684     -13.76587    
  2.316612     -13.53959    
  2.317538     -13.88674    
  2.318463     -13.05471    
  2.319385     -13.46164    
  2.320305     -12.80410    
  2.321224     -13.50134    
  2.322140     -12.25220    
  2.323055    -100.00000    
  2.323141     -13.46424    
  2.324295     -12.96415    
  2.325445     -13.11150    
  2.326592     -13.37665    
  2.327736     -12.95133    
  2.327823     -13.33151    
  2.328799     -13.89829    
  2.329773     -13.26724    
  2.330745     -13.97199    
  2.331714     -13.12770    
  2.331801     -13.03979    
  2.333101     -12.70762    
  2.333188     -12.54078    
  2.334187     -13.42456    
  2.335184     -13.41949    
  2.336179     -13.49848    
  2.337171     -12.71514    
  2.338161     -13.23304    
  2.339149     -13.00318    
  2.340135     -13.31739    
  2.341118     -13.39499    
  2.341205     -13.31992    
  2.341283     -13.21042    
  2.341370     -13.20044    
  2.341472     -13.24591    
  2.342320     -12.95344    
  2.343166     -13.68652    
  2.344011     -12.89373    
  2.344853     -14.25813    
  2.344940     -13.42148    
  2.345621    -100.00000    
  2.346301     -12.06026    
  2.346979     -12.99831    
  2.347657     -12.83115    
  2.348333     -12.87311    
  2.349009     -12.20405    
  2.349683     -12.22139    
  2.350356     -12.99334    
  2.350443     -12.94159    
  2.351331     -12.81648    
  2.352217     -12.82377    
  2.352659     -13.35308    
  2.353101     -12.77295    
  2.353542     -12.82652    
  2.353983     -12.67552    
  2.354070     -12.78494    
  2.354494     -12.64802    
  2.354917     -12.72065    
  2.355340     -12.67394    
  2.355762     -12.54667    
  2.355849     -12.61576    
  2.356283     -12.54889    
  2.356717     -12.44132    
  2.357149     -12.47769    
  2.357582    -100.00000    
  2.357669    -100.00000    
  2.362936     -8.912856    
  2.363023     -7.240798    
  2.376702     -5.596367    
  2.376789     -5.497628    
  2.381401     -5.588383    
  2.381488     -5.423812    
  2.381574     -5.382645    
  2.381660     -5.170986    
  2.384670     -4.873513    
  2.384757     -5.111700    
  2.387126    -100.00000    
  2.387213     -5.549119    
  2.396615     -4.318243    
  2.405819     -4.309310    
  2.405905     -4.140190    
  2.409345     -6.071513    
  2.409431    -100.00000    
  2.409967     -5.185018    
  2.410054     -5.139314    
  2.411501     -3.919595    
  2.411588     -3.995165    
  2.412778     -3.981440    
  2.412865     -3.923546    
  2.413098     -3.925140    
  2.413185     -3.909341    
  2.417228    -100.00000    
  2.417315     -4.780791    
  2.417448     -4.704632    
  2.417535     -4.287395    
  2.419545     -4.589778    
  2.419632     -4.157999    
  2.424108     -4.707498    
  2.424195     -4.513747    
  2.429911     -4.475000    
  2.429998     -4.426359    
  2.432147     -4.422615    
  2.432234     -4.264087    
  2.433514     -5.252714    
  2.433601     -5.207382    
  2.434762     -4.171014    
  2.434849     -4.034266    
  2.435182     -3.985109    
  2.435269     -4.012986    
  2.435570     -4.015279    
  2.435657     -3.977035    
  2.438099     -4.279708    
  2.438186     -4.191608    
  2.443115     -4.141457    
  2.443202    -100.00000    
  2.448046     -4.441176    
  2.448133     -4.555682    
  2.449372     -4.332784    
  2.449459     -4.086290    
  2.450924     -4.120839    
  2.451011     -4.321957    
  2.456026     -4.669322    
  2.456113     -4.882924    
  2.457105     -4.582409    
  2.457192     -4.343376    
  2.461170     -4.418499    
  2.461257     -5.171489    
  2.466286     -4.873174    
  2.466372     -5.242738    
  2.466976     -5.154960    
  2.467064     -5.409676    
  2.471828     -4.788030    
  2.471915     -5.194798    
  2.476442     -4.181253    
  2.476529     -4.528705    
  2.476628     -4.791794    
  2.476715     -5.458109    
  2.476977     -5.548262    
  2.477064     -4.470815    
  2.483465     -4.864396    
  2.483551     -4.646542    
  2.483824     -4.709900    
  2.483911     -4.581438    
  2.484130     -4.427903    
  2.484217     -4.210430    
  2.487600     -4.393518    
  2.490956     -4.316026    
  2.491043     -4.165030    
  2.493583     -4.643121    
  2.496107     -4.323169    
  2.496194     -4.228055    
  2.500074     -4.285635    
  2.503920     -4.118237    
  2.504007     -4.174083    
  2.504069     -4.189164    
  2.504156     -4.267879    
  2.506191     -3.873220    
  2.506278     -3.870366    
  2.506857     -3.933030    
  2.506943     -3.988512    
  2.507203     -4.071651    
  2.507290     -4.323054    
  2.511408     -3.787552    
  2.515486     -4.183772    
  2.515573     -3.822630    
  2.515719     -3.784717    
  2.515805     -3.767640    
  2.515872     -3.754307    
  2.515959     -3.715660    
  2.516943     -3.715098    
  2.517030     -3.724424    
  2.517941     -3.842794    
  2.518028     -3.780027    
  2.518445     -3.735187    
  2.518532     -3.809106    
  2.522095     -3.791240    
  2.525630     -4.265287    
  2.529136     -3.861420    
  2.532615     -3.673963    
  2.532701     -3.725101    
  2.536032     -3.720601    
  2.539337     -4.114613    
  2.539424     -3.779197    
  2.543132     -3.894615    
  2.546808     -3.746193    
  2.546895     -3.762616    
  2.547329     -3.852265    
  2.547416     -4.060652    
  2.551118     -3.798245    
  2.551204     -3.819836    
  2.554808     -3.746811    
  2.558382     -3.857789    
  2.558469     -3.855034    
  2.558869     -3.831229    
  2.558956     -3.811064    
  2.561557     -3.866799    
  2.561644     -3.767275    
  2.564082     -4.052838    
  2.566507     -3.862818    
  2.568917     -3.794722    
  2.571315     -3.796682    
  2.571402     -3.833369    
  2.571490     -3.855444    
  2.571576     -3.862937    
  2.574740     -3.880177    
  2.577880     -3.836614    
  2.580998     -3.904151    
  2.584094     -3.945862    
  2.587168     -4.199570    
  2.590220     -4.022156    
  2.593250     -3.939545    
  2.596260     -4.094735    
  2.596347     -4.079841    
  2.597646     -3.971228    
  2.597733     -4.003833    
  2.600542     -3.833980    
  2.603333     -3.888482    
  2.603420     -3.984068    
  2.606239     -3.917993    
  2.606324     -3.880826    
  2.606411     -3.902504    
  2.607237     -3.848255    
  2.607324     -3.830740    
  2.611491     -3.899720    
  2.615617     -3.871633    
  2.615704     -3.850759    
  2.619659     -3.850407    
  2.619746     -3.867809    
  2.620859     -3.959067    
  2.620946     -3.948355    
  2.621962     -4.008705    
  2.622049     -3.942272    
  2.625471     -3.999801    
  2.625557     -3.999465    
  2.626297     -3.947908    
  2.626384     -3.930121    
  2.627024     -3.944532    
  2.627111     -3.858360    
  2.630159     -3.972090    
  2.633186     -3.895157    
  2.633273     -3.899509    
  2.633585     -3.896162    
  2.633672     -3.883922    
  2.636750     -3.874835    
  2.639805     -3.906930    
  2.642840     -3.943497    
  2.645853     -3.899800    
  2.645940     -3.887062    
  2.646436     -3.890953    
  2.646523     -3.887790    
  2.648513     -3.887616    
  2.648600     -3.889882    
  2.650581     -3.927836    
  2.650668     -3.915506    
  2.652023     -3.897472    
  2.652110     -3.900207    
  2.653758     -3.895818    
  2.653845     -3.877632    
  2.654514     -4.030210    
  2.654601     -4.027970    
  2.655848     -3.912536    
  2.655935     -3.910230    
  2.656856     -3.917853    
  2.656943     -3.899848    
  2.659789     -3.907754    
  2.659876     -3.907512    
  2.661632     -3.924123    
  2.661711     -3.921794    
  2.661798     -3.920032    
  2.662838     -3.915910    
  2.662925     -3.913509    
  2.664288     -3.912703    
  2.665620     -3.913588    
  2.666947     -3.953310    
  2.668270     -3.957558    
  2.668357     -3.915000    
  2.669554     -3.923597    
  2.670748     -3.925951    
  2.670835     -3.927238    
  2.671974     -3.934694    
  2.673109     -3.930400    
  2.674242     -3.931348    
  2.675371     -3.934769    
  2.675458     -3.940671    
  2.676824     -3.935166    
  2.676911     -3.936140    
  2.677751     -3.937877    
  2.677838     -3.938032    
  2.679282     -3.940916    
  2.680721     -3.942672    
  2.682155     -3.945612    
  2.683585     -3.948342    
  2.683672     -3.948466    
  2.684694     -3.951329    
  2.685714     -3.952288    
  2.685801     -3.952445    
  2.685988     -3.952762    
  2.686075     -3.952947    
  2.686520     -3.953733    
  2.686607     -3.954636    
  2.687604     -3.958096    
  2.688599     -3.963508    
  2.688686     -3.960737    
  2.689315     -3.959532    
  2.689943     -3.965526    
  2.690571     -3.960806    
  2.691198     -3.964772    
  2.691823     -3.962933    
  2.692448     -3.963894    
  2.693072     -3.965564    
  2.693695     -3.967314    
  2.694317     -3.968527    
  2.694939     -3.968287    
  2.695559     -3.970989    
  2.696179     -4.173581    
  2.696797     -4.026908    
  2.697415     -3.974324    
  2.698032     -3.976460    
  2.698648     -3.978088    
  2.698717     -3.978038    
  2.698803     -3.978105    
  2.699142     -3.978364    
  2.699229     -3.977236    
  2.700077     -3.986168    
  2.700500     -3.983725    
  2.700923     -3.981874    
  2.701345     -3.982002    
  2.701767     -3.982753    
  2.702189     -3.983474    
  2.702610     -3.984440    
  2.702697     -3.991917    
  2.706323     -4.000659    
  2.706410     -3.988989    
  2.708352     -4.006666    
  2.708438     -4.040457    
  2.709271     -4.062137    
  2.709358     -4.105940    
  2.712230     -4.026866    
  2.712317     -4.007885    
  2.716395     -4.010753    
  2.716481     -4.012135    
  2.716568     -4.011214    
  2.718970     -4.020513    
  2.721359     -4.021373    
  2.721446     -4.022268    
  2.721792     -4.023139    
  2.721879     -4.022700    
  2.724957     -4.035332    
  2.725044     -4.030939    
  2.728368     -4.036369    
  2.728455     -4.036817    
  2.728556     -4.037052    
  2.728643     -4.035913    
  2.730036     -4.043464    
  2.730123     -4.045811    
  2.733020     -4.046167    
  2.735898     -4.052110    
  2.735985     -4.052335    
  2.736079     -4.052526    
  2.737059     -4.054348    
  2.737146     -4.054523    
  2.740300     -4.061458    
  2.740387     -4.061429    
  2.744215     -4.069477    
  2.748009     -4.077428    
  2.751770     -4.085423    
  2.755499     -4.093850    
  2.755586     -4.116092    
  2.758474     -4.096479    
  2.758561     -4.100096    
  2.759027     -4.100888    
  2.759113     -4.101088    
  2.759268     -4.101386    
  2.759355     -4.101516    
  2.759911     -4.102640    
  2.759997     -4.102885    
  2.760747     -4.104596    
  2.760833     -4.104638    
  2.762307     -4.107915    
  2.762394     -4.107722    
  2.764577     -4.113099    
  2.764664     -4.113117    
  2.765400     -4.114319    
  2.765487     -4.114627    
  2.765755     -4.115259    
  2.765842     -4.118378    
  2.767568     -4.119299    
  2.767655     -4.130440    
  2.771767     -4.136770    
  2.775841     -4.129908    
  2.775928     -4.137289    
  2.777541     -4.140382    
  2.777628     -4.140839    
  2.781421     -4.149773    
  2.781508     -4.147359    
  2.784445     -4.159553    
  2.787363     -4.161387    
  2.787450     -4.162180    
  2.789348     -4.166668    
  2.789435     -4.166659    
  2.792054     -4.172657    
  2.792141     -4.172554    
  2.795962     -4.181563    
  2.796049     -4.181498    
  2.798395     -4.192720    
  2.800729     -4.231745    
  2.803050     -4.196863    
  2.805359     -4.202107    
  2.807656     -4.203150    
  2.809941     -4.237125    
  2.812213     -4.213981    
  2.814474     -4.223794    
  2.814561     -4.224641    
  2.815775     -4.233324    
  2.815862     -4.230442    
  2.816430     -4.228497    
  2.816517     -4.229249    
  2.818570     -4.232468    
  2.818657     -4.231925    
  2.821422     -4.243352    
  2.824169     -4.249368    
  2.826900     -4.269716    
  2.829613     -4.257658    
  2.829700     -4.267957    
  2.832139     -4.266814    
  2.834565     -4.271418    
  2.836978     -4.362000    
  2.839377     -4.228096    
  2.839464     -4.269518    
  2.842740     -4.291384    
  2.845992     -4.298231    
  2.846054     -4.296464    
  2.846141     -4.296533    
  2.846320     -4.296794    
  2.846407     -4.296941    
  2.846929     -4.298052    
  2.847016     -4.297795    
  2.850284     -4.307416    
  2.850371     -4.306464    
  2.851107     -4.307829    
  2.851194     -4.308137    
  2.851272     -4.308281    
  2.851359     -4.308438    
  2.851605     -4.309040    
  2.851692     -4.309720    
  2.852969     -4.314328    
  2.853056     -4.350048    
  2.856721     -4.356973    
  2.856808     -4.324583    
  2.860014     -4.330286    
  2.863196     -4.338833    
  2.863283     -4.338797    
  2.866961     -4.345404    
  2.867048     -4.346530    
  2.867158     -4.345684    
  2.871477     -4.360391    
  2.871560     -4.357985    
  2.871647     -4.361104    
  2.874394     -4.432046    
  2.877123     -4.400046    
  2.877210     -4.417679    
  2.879769     -4.369289    
  2.882313     -4.383400    
  2.882400     -4.384933    
  2.882670     -4.385467    
  2.882757     -4.871107    
  2.885337     -4.613472    
  2.885423     -4.166941    
  2.886380     -4.224687    
  2.886467     -4.245229    
  2.886654     -4.273330    
  2.886741     -4.311550    
  2.889314     -4.425448    
  2.889401     -4.395913    
  2.891964     -4.414690    
  2.892051     -4.486372    
  2.893704     -4.397943    
  2.893791     -4.411676    
  2.894071     -4.412418    
  2.894158     -4.412930    
  2.895095     -4.415057    
  2.895182     -4.414996    
  2.896767     -4.419587    
  2.896854     -4.420028    
  2.897787     -4.421811    
  2.897874     -4.424986    
  2.900589     -4.446187    
  2.900676     -4.429437    
  2.902856     -4.433143    
  2.905026     -4.439300    
  2.905113     -4.449711    
  2.908098     -4.446078    
  2.908185     -4.445505    
  2.908477     -4.446216    
  2.908564     -4.446533    
  2.910090     -4.450112    
  2.910176     -4.450317    
  2.913363     -4.455705    
  2.916527     -4.481921    
  2.916614     -4.467795    
  2.916785     -4.465742    
  2.916872     -4.465288    
  2.917171     -4.465913    
  2.917258     -4.466560    
  2.919518     -4.473552    
  2.921765     -4.478567    
  2.921852     -4.478799    
  2.925029     -4.487591    
  2.925116     -4.488294    
  2.925941     -4.490345    
  2.926028     -4.490544    
  2.927554     -4.493370    
  2.927641     -4.493491    
  2.927950     -4.494958    
  2.928037     -4.496224    
  2.928671     -4.501506    
  2.928758     -4.502117    
  2.929127     -4.499719    
  2.929213     -4.499249    
  2.929524     -4.499190    
  2.929611     -4.498996    
  2.930245     -4.499706    
  2.930332     -4.500156    
  2.930604     -4.500868    
  2.930691     -4.501185    
  2.930963     -4.502627    
  2.931050     -4.502883    
  2.934646     -4.510181    
  2.934733     -4.512082    
  2.936807     -4.510875    
  2.936894     -4.510195    
  2.937412     -4.510926    
  2.937499     -4.511095    
  2.937612     -4.514476    
  2.939332     -4.525326    
  2.939418     -4.521725    
  2.941608     -4.526792    
  2.943787     -4.534355    
  2.943874     -4.533500    
  2.945266     -4.536565    
  2.945353     -4.537211    
  2.946273     -4.539984    
  2.946360     -4.539988    
  2.946687     -4.541274    
  2.946774     -4.542259    
  2.949036     -4.548782    
  2.951287     -4.551558    
  2.951374     -4.552274    
  2.953319     -4.558938    
  2.953406     -4.558262    
  2.953750     -4.560751    
  2.953837     -4.561067    
  2.954344     -4.559019    
  2.954431     -4.557054    
  2.955739     -4.562766    
  2.955826     -4.563728    
  2.956162     -4.564927    
  2.956249     -4.564437    
  2.956822     -4.566221    
  2.956909     -4.567153    
  2.957620     -4.572274    
  2.957703     -4.571911    
  2.957790     -4.571618    
  2.958622     -4.569358    
  2.958708     -4.569672    
  2.959196     -4.571027    
  2.959269     -4.573137    
  2.959356     -4.574046    
  2.959520     -4.572300    
  2.959575     -4.570959    
  2.959642     -4.570068    
  2.959729     -4.569753    
  2.959839     -4.570043    
  2.959926     -4.570685    
  2.960694     -4.567924    
  2.960781     -4.566521    
  2.961021     -4.539472    
  2.961108     -4.516317    
  2.961209     -4.410558    
  2.965318     -4.816459    
  2.965405     -5.046090    
  2.969227     -4.350004    
  2.969314     -4.524305    
  2.972533     -4.502953    
  2.975728     -4.494154    
  2.975815     -4.526096    
  2.976166     -4.482824    
  2.976253     -4.433937    
  2.979351     -4.708134    
  2.982423     -4.494581    
  2.982509     -4.424025    
  2.982872     -4.553405    
  2.982959     -4.493032    
  2.986873     -4.506358    
  2.990753     -4.512861    
  2.994598     -4.537192    
  2.998409     -4.573362    
  3.002187     -4.538883    
  3.005933     -4.552909    
  3.009646     -4.605818    
  3.013329     -4.543041    
  3.016980     -4.637576    
  3.020600     -4.571907    
  3.024191     -4.606050    
  3.027752     -4.597193    
  3.031285     -4.608739    
  3.034788     -4.739181    
  3.038264     -4.628299    
  3.041713     -4.662838    
  3.041799     -4.645269    
  3.044019     -4.654124    
  3.044106     -4.677390    
  3.046417     -4.660995    
  3.046504     -4.653909    
  3.047266     -4.655262    
  3.047353     -4.652140    
  3.050503     -4.687580    
  3.053630     -4.705225    
  3.056735     -4.741090    
  3.059819     -4.726454    
  3.062880     -4.735137    
  3.065920     -4.759525    
  3.068939     -4.784617    
  3.071937     -4.721095    
  3.072024     -4.727227    
  3.074515     -4.781110    
  3.074602     -4.769745    
  3.077416     -4.764098    
  3.080211     -4.771381    
  3.082988     -4.784322    
  3.085748     -5.167617    
  3.085835     -4.512401    
  3.088164     -4.770675    
  3.088251     -4.783889    
  3.089222     -4.768290    
  3.089309     -4.913798    
  3.091849     -4.817557    
  3.091936     -5.108586    
  3.095352     -4.700914    
  3.095438     -4.405782    
  3.096179     -4.569589    
  3.096266     -4.693524    
  3.099969     -4.942853    
  3.100056     -4.928438    
  3.102791     -4.830805    
  3.105509     -4.979579    
  3.105596     -4.899034    
  3.108813     -4.908272    
  3.112005     -4.799593    
  3.112092     -4.938359    
  3.114687     -4.887481    
  3.114774     -4.859221    
  3.114901     -4.872431    
  3.114988     -4.891983    
  3.116978     -4.849515    
  3.117065     -4.932213    
  3.117740     -4.985899    
  3.117827     -4.971299    
  3.118223     -4.904973    
  3.118310     -4.837046    
  3.120853     -4.898531    
  3.123381     -4.926880    
  3.123468     -4.938964    
  3.125997     -4.893642    
  3.126084     -4.904466    
  3.127687     -4.978269    
  3.127774     -4.880418    
  3.129225     -4.913296    
  3.129312     -4.917389    
  3.132455     -4.923480    
  3.135577     -4.975689    
  3.135664     -4.910156    
  3.136182     -4.905664    
  3.136269     -4.930743    
  3.138696     -5.006670    
  3.141109     -4.923911    
  3.141196     -4.948289    
  3.144101     -4.977274    
  3.144188     -4.965661    
  3.144956     -4.959995    
  3.145043     -4.970213    
  3.146758     -4.977450    
  3.146845     -4.979405    
  3.146975     -4.985743    
  3.147795     -4.979447    
  3.147882     -4.988933    
  3.148729     -5.000474    
  3.148816     -5.019560    
  3.150639     -4.993515    
  3.150726     -4.984578    
  3.151276     -4.983318    
  3.151363     -4.985665    
  3.153068     -5.016366    
  3.153155     -5.005467    
  3.153381     -5.003352    
  3.153434     -5.003934    
  3.153521     -5.003415    
  3.155016     -4.991162    
  3.155103     -5.000227    
  3.156074     -5.028045    
  3.156161     -5.006544    
  3.160418     -5.027777    
  3.164633     -5.041011    
  3.164720     -5.036044    
  3.165979     -5.046531    
  3.166066     -5.043009    
  3.168877     -5.050010    
  3.171670     -5.055958    
  3.171756     -5.027016    
  3.173578     -4.974501    
  3.173665     -5.004214    
  3.177077     -5.073775    
  3.180463     -5.085324    
  3.180550     -5.086649    
  3.181960     -5.088070    
  3.182047     -5.088504    
  3.184770     -5.098559    
  3.187477     -5.106713    
  3.187564     -5.107163    
  3.188338     -5.108274    
  3.188425     -5.108297    
  3.189356     -5.110892    
  3.189443     -5.978755    
  3.191119     -7.050235    
  3.191206     -5.575738    
  3.192224     -4.874749    
  3.192311     -4.914930    
  3.194885     -5.145842    
  3.194972     -5.126348    
  3.196916     -5.126635    
  3.197003     -5.133917    
  3.200094     -5.151108    
  3.203162     -5.151302    
  3.203250     -5.157939    
  3.204674     -5.163628    
  3.204761     -5.163456    
  3.207365     -5.171745    
  3.207452     -5.159873    
  3.209994     -5.216926    
  3.212521     -5.160071    
  3.215033     -5.386029    
  3.217531     -4.667252    
  3.217618     -4.926640    
  3.218164     -5.053174    
  3.218251     -5.060736    
  3.218329     -5.071738    
  3.218415     -5.129777    
  3.222383     -5.235786    
  3.226315     -5.234382    
  3.230212     -5.248722    
  3.234074     -5.386037    
  3.237901     -5.178901    
  3.241696     -5.295568    
  3.245457     -5.301143    
  3.249187     -5.308945    
  3.249274     -5.312048    
  3.251238     -5.320025    
  3.251325     -5.320011    
  3.251523     -5.320639    
  3.251610     -5.321190    
  3.254604     -5.331158    
  3.257576     -5.340921    
  3.260529     -5.351243    
  3.263462     -5.361319    
  3.263549     -5.361706    
  3.265995     -5.369976    
  3.268428     -5.378535    
  3.270847     -5.383571    
  3.273253     -5.393927    
  3.273340     -5.395053    
  3.276535     -5.406405    
  3.279706     -5.416613    
  3.279793     -5.417288    
  3.281662     -5.423677    
  3.281749     -5.423942    
  3.285833     -5.438161    
  3.285920     -5.438552    
  3.289028     -5.448711    
  3.289115     -5.449402    
  3.291415     -5.457221    
  3.291501     -5.457151    
  3.293929     -5.466029    
  3.296343     -5.474237    
  3.298744     -5.482605    
  3.301132     -5.490466    
  3.301219     -5.490993    
  3.305074     -5.504396    
  3.305161     -5.504704    
  3.305985     -5.507585    
  3.306072     -5.507932    
  3.306887     -5.510425    
  3.306974     -5.512795    
  3.309850     -5.520317    
  3.309937     -5.521251    
  3.310624     -5.523687    
  3.310710     -5.524633    
  3.311825     -5.525734    
  3.311912     -5.525918    
  3.312012     -5.526422    
  3.312099     -5.531175    
  3.314648     -5.515960    
  3.317181     -5.523946    
  3.319700     -5.553141    
  3.322204     -5.560800    
  3.324695     -5.574081    
  3.327170     -5.574274    
  3.329632     -5.582029    
  3.332080     -5.588634    
  3.334514     -5.592156    
  3.336935     -5.618853    
  3.339342     -5.594783    
  3.341736     -5.630952    
  3.344117     -5.618019    
  3.346485     -5.656995    
  3.348840     -5.626056    
  3.351182     -5.644739    
  3.351269     -5.637543    
  3.354866     -5.671199    
  3.358433     -5.673255    
  3.361971     -5.683759    
  3.365480     -5.711960    
  3.365567     -5.689592    
  3.367434     -5.702358    
  3.367521     -5.701570    
  3.370087     -5.711058    
  3.372609     -5.713738    
  3.375118     -5.729082    
  3.377612     -5.736672    
  3.377699     -5.764871    
  3.380754     -5.742539    
  3.383787     -5.756792    
  3.386800     -5.769538    
  3.389792     -5.780733    
  3.389879     -5.782008    
  3.392466     -5.788678    
  3.395039     -5.797991    
  3.395126     -5.798272    
  3.397959     -5.808235    
  3.398046     -5.808541    
  3.398416     -5.809905    
  3.398503     -5.805716    
  3.400855     -5.829367    
  3.400942     -5.876325    
  3.402428     -5.763865    
  3.402515     -5.807215    
  3.404126     -5.831878    
  3.404213     -5.827446    
  3.406921     -5.839204    
  3.409611     -5.851097    
  3.412285     -5.858440    
  3.414942     -5.867916    
  3.415029     -5.868082    
  3.419186     -5.882892    
  3.423303     -5.897724    
  3.427382     -5.911819    
  3.431422     -5.926047    
  3.431509     -5.925402    
  3.434904     -5.940780    
  3.438273     -5.892307    
  3.441616     -5.976963    
  3.444934     -5.974381    
  3.445021     -5.974288    
  3.447484     -5.983334    
  3.449934     -5.991629    
  3.450021     -5.992139    
  3.452474     -6.000759    
  3.454914     -6.009339    
  3.455001     -6.009679    
  3.457947     -6.020731    
  3.460873     -6.030811    
  3.463780     -6.040990    
  3.466667     -6.050737    
  3.466754     -6.051375    
  3.467583     -6.054070    
  3.467670     -6.055385    
  3.469453     -6.060660    
  3.469505     -6.061119    
  3.469592     -6.061451    
  3.469843     -6.062385    
  3.469930     -6.062684    
  3.471179     -6.067166    
  3.471266     -6.067496    
  3.474100     -6.077772    
  3.474187     -6.079301    
  3.476423     -6.086656    
  3.478648     -6.065095    
  3.480861     -6.103235    
  3.483063     -6.109597    
  3.483150     -6.109848    
  3.485959     -6.120150    
  3.488749     -6.129058    
  3.491522     -6.139787    
  3.494277     -6.149555    
  3.494364     -6.149945    
  3.496766     -6.158910    
  3.499154     -6.167365    
  3.501530     -6.176371    
  3.503893     -6.184301    
  3.506243     -6.112558    
  3.508580     -6.086110    
  3.510905     -6.211327    
  3.513217     -6.218158    
  3.513304     -6.218051    
  3.515963     -6.227380    
  3.518606     -6.236625    
  3.521233     -6.246093    
  3.523845     -6.255413    
  3.526440     -6.264680    
  3.529020     -6.273727    
  3.531585     -6.283201    
  3.534135     -6.292358    
  3.534222     -6.292684    
  3.536649     -6.301412    
  3.539062     -6.309229    
  3.541462     -6.345212    
  3.543849     -6.196003    
  3.543936     -6.233759    
  3.544500     -6.293629    
  3.544586     -6.308554    
  3.547376     -6.342814    
  3.550148     -6.349161    
  3.550235     -6.349702    
  3.552940     -6.361207    
  3.555627     -6.371320    
  3.555714     -6.372560    
  3.556728     -6.374862    
  3.556815     -6.376647    
  3.557696     -6.378064    
  3.557783     -6.377902    
  3.558846     -6.381276    
  3.558933     -6.381631    
  3.559110     -6.382252    
  3.559197     -6.382561    
  3.559291     -6.382903    
  3.559378     -6.383238    
  3.560851     -6.388332    
  3.560938     -6.388461    
  3.561019     -6.388766    
  3.561106     -6.389102    
  3.561368     -6.390117    
  3.561455     -6.390464    
  3.561549     -6.390835    
  3.561702     -6.391422    
  3.561789     -6.391752    
  3.561899     -6.392137    
  3.561986     -6.392468    
  3.562293     -6.392047    
  3.565681     -6.387040    
  3.565768     -6.391774    
  3.568672     -6.413717    
  3.571556     -6.419703    
  3.574422     -6.428161    
  3.577268     -6.443792    
  3.580096     -6.449454    
  3.582906     -6.451074    
  3.585698     -6.471924    
  3.588471     -6.472853    
  3.591228     -6.497980    
  3.593966     -6.492122    
  3.596688     -6.502260    
  3.599393     -6.525604    
  3.602081     -6.510263    
  3.604752     -6.534894    
  3.607407     -6.554901    
  3.610046     -6.467748    
  3.610133     -6.505181    
  3.612394     -6.558359    
  3.614642     -6.562616    
  3.616880     -6.573015    
  3.619105     -6.581646    
  3.621319     -6.589789    
  3.623523     -6.604406    
  3.625715     -6.599704    
  3.627896     -6.614942    
  3.627982     -6.613409    
  3.630428     -6.622174    
  3.632293     -6.629045    
  3.632379     -6.629331    
  3.635363     -6.642336    
  3.638325     -6.636337    
  3.641268     -6.639444    
  3.644191     -6.671103    
  3.644278     -6.670839    
  3.646967     -6.681206    
  3.649640     -6.691727    
  3.652297     -6.687612    
  3.654938     -6.713396    
  3.655025     -6.698778    
  3.657211     -6.723517    
  3.659385     -6.711201    
  3.659472     -6.710984    
  3.663615     -6.739508    
  3.663702     -6.763515    
  3.666918     -6.736091    
  3.670110     -6.762918    
  3.670197     -6.603943    
  3.674031     -6.420373    
  3.677831     -6.814847    
  3.681598     -6.804892    
  3.685333     -6.817750    
  3.685420     -6.876316    
  3.688862     -6.668700    
  3.688948     -6.706187    
  3.690731     -6.844214    
  3.690818     -6.823264    
  3.691459     -6.832672    
  3.691546     -6.835589    
  3.694812     -6.827524    
  3.694898     -6.850979    
  3.695365     -6.849674    
  3.695452     -6.848934    
  3.695518     -6.849186    
  3.695605     -6.851747    
  3.698701     -6.866114    
  3.701776     -6.876376    
  3.704828     -6.887235    
  3.707860     -6.898171    
  3.710870     -6.908869    
  3.712650     -6.915018    
  3.713860     -6.919385    
  3.716830     -6.926939    
  3.719779     -6.931373    
  3.719866     -6.940302    
  3.723198     -6.952859    
  3.726504     -6.964527    
  3.729786     -6.976203    
  3.733043     -6.987804    
  3.733130     -6.957202    
  3.736895     -6.959568    
  3.740628     -7.017221    
  3.740715     -7.014960    
  3.743507     -7.024977    
  3.746281     -7.034841    
  3.749037     -7.044613    
  3.751777     -7.054354    
  3.751863     -7.054660    
  3.754658     -7.064573    
  3.754745     -7.064883    
  3.755217     -7.066573    
  3.755304     -7.066883    
  3.755522     -7.067655    
  3.755609     -7.068007    
  3.758467     -7.077698    
  3.761306     -7.089200    
  3.764127     -7.066443    
  3.766929     -7.083315    
  3.769713     -7.115239    
  3.772480     -7.126712    
  3.775229     -7.136457    
  3.777961     -7.148113    
  3.778048     -7.147135    
  3.778151     -7.147119    
  3.781161     -7.158417    
  3.784252     -7.169195    
  3.787320     -7.179544    
  3.790368     -7.190542    
  3.793394     -7.198764    
  3.796399     -7.208824    
  3.799384     -7.222632    
  3.802348     -7.230888    
  3.802435     -7.229019    
  3.806009     -7.248368    
  3.806096     -7.247233    
  3.809815     -7.253169    
  3.809902     -7.258493    
  3.811377     -7.265484    
  3.811464     -7.265393    
  3.811517     -7.265549    
  3.811568     -7.265682    
  3.811655     -7.258788    
  3.814154     -7.275638    
  3.816638     -7.313867    
  3.819108     -6.820516    
  3.821564     -7.389537    
  3.821651     -7.278126    
  3.825835     -7.314767    
  3.829979     -7.328463    
  3.834084     -7.345804    
  3.838150     -7.359787    
  3.838237     -7.364936    
  3.840994     -7.355459    
  3.843735     -7.380289    
  3.846458     -7.389125    
  3.849164     -7.397518    
  3.851853     -7.443578    
  3.854526     -7.229537    
  3.857182     -7.427360    
  3.859823     -7.431040    
  3.859910     -7.434876    
  3.862754     -7.446189    
  3.865581     -7.456218    
  3.868389     -7.466402    
  3.871179     -7.474690    
  3.871266     -7.473123    
  3.873695     -7.485220    
  3.876111     -7.493259    
  3.878513     -7.502891    
  3.880902     -7.504135    
  3.880989     -7.470472    
  3.884377     -7.512865    
  3.887739     -7.533030    
  3.891076     -7.545796    
  3.894387     -7.557315    
  3.894474     -7.557632    
  3.898660     -7.572308    
  3.898747     -7.572582    
  3.901486     -7.582180    
  3.904208     -7.591657    
  3.904295     -7.591918    
  3.905384     -7.595280    
  3.905471     -7.595635    
  3.908472     -7.606667    
  3.908559     -7.606917    
  3.912193     -7.619574    
  3.912280     -7.619815    
  3.913068     -7.622563    
  3.913155     -7.622873    
  3.913273     -7.623279    
  3.913714     -7.624863    
  3.913769     -7.625053    
  3.913842     -7.625306    
  3.913889     -7.625465    
  3.913972     -7.625787    
  3.914081     -7.626199    
  3.914168     -7.633476    
  3.916915     -7.615407    
  3.917002     -7.551314    
  3.919240     -7.636346    
  3.921466     -7.657139    
  3.923680     -7.659994    
  3.925884     -7.669345    
  3.928076     -7.676550    
  3.930258     -7.684522    
  3.934588     -7.698925    
  3.938875     -7.712246    
  3.943121     -7.725927    
  3.947325     -7.743732    
  3.951490     -7.753595    
  3.955614     -7.767041    
  3.959700     -7.786244    
  3.963748     -7.806843    
  3.967758     -7.807386    
  3.971732     -7.730830    
  3.975669     -7.860214    
  3.979571     -7.851175    
  3.983439     -7.844398    
  3.983526     -7.869276    
  3.987126     -7.885215    
  3.990697     -7.888428    
  3.994239     -7.909347    
  3.997752     -7.921441    
  3.997838     -7.921698    
  4.000147     -7.930888    
  4.002444     -7.924124    
  4.004728     -7.995526    
  4.007001     -7.375995    
  4.009262     -7.923566    
  4.011511     -7.970808    
  4.013748     -7.976424    
  4.015974     -7.983991    
  4.018189     -7.991451    
  4.020392     -7.974272    
  4.022585     -8.008064    
  4.024766     -8.014364    
  4.029096     -8.029265    
  4.033383     -8.043921    
  4.033470     -8.012966    
  4.034774     -8.145220    
  4.034861     -8.013758    
  4.038365     -8.016803    
  4.038452     -8.064693    
  4.040802     -7.940807    
  4.043140     -8.083263    
  4.045465     -8.078463    
  4.047778     -8.082344    
  4.047865     -8.092763    
  4.051277     -8.107920    
  4.054632     -8.116446    
  4.057962     -8.127981    
  4.061267     -8.141867    
  4.061354     -8.143750    
  4.065579     -8.028770    
  4.069764     -8.094214    
  4.073909     -8.189364    
  4.078015     -8.196779    
  4.078102     -8.198330    
  4.080241     -8.206431    
  4.080328     -8.204814    
  4.080857     -8.206425    
  4.080944     -8.206389    
  4.081009     -8.206468    
  4.081054     -8.207866    
  4.082194     -8.206733    
  4.082281     -8.210530    
  4.084738     -8.217861    
  4.087181     -8.227512    
  4.089611     -8.237687    
  4.092028     -8.240976    
  4.094430     -8.253176    
  4.096820     -8.258854    
  4.099197     -8.268659    
  4.101560     -8.270801    
  4.101647     -8.277534    
  4.104844     -8.288755    
  4.108018     -8.191919    
  4.111169     -8.209487    
  4.114297     -8.320590    
  4.117403     -8.333117    
  4.120486     -8.330779    
  4.123548     -8.354063    
  4.126589     -8.363171    
  4.129608     -8.361619    
  4.132606     -8.382824    
  4.135584     -8.393035    
  4.138542     -8.401546    
  4.141479     -8.395412    
  4.144397     -8.424557    
  4.147296     -8.431871    
  4.150175     -8.441685    
  4.150262     -8.442042    
  4.153103     -8.453313    
  4.155926     -8.449252    
  4.156013     -8.425411    
  4.158103     -8.467199    
  4.158190     -8.466383    
  4.161727     -8.481030    
  4.161814     -8.480678    
  4.163762     -8.487233    
  4.163849     -8.487529    
  4.163959     -8.487899    
  4.164046     -8.487337    
  4.166389     -8.501761    
  4.168720     -8.526876    
  4.171039     -8.360340    
  4.173345     -8.518510    
  4.175640     -8.515868    
  4.177922     -8.541696    
  4.180192     -8.547270    
  4.182450     -8.556542    
  4.184697     -8.559211    
  4.186932     -8.566524    
  4.189156     -8.575158    
  4.191369     -8.581919    
  4.193570     -8.581514    
  4.195760     -8.604368    
  4.197939     -8.554242    
  4.200107     -8.612023    
  4.204411     -8.627523    
  4.208673     -8.629386    
  4.212894     -8.659893    
  4.217074     -8.652226    
  4.221214     -8.681370    
  4.225315     -8.694231    
  4.229377     -8.661796    
  4.233402     -8.728448    
  4.233489     -8.712876    
  4.235773     -8.733056    
  4.238044     -8.742053    
  4.240303     -8.720879    
  4.242551     -8.731311    
  4.244787     -8.762146    
  4.247012     -8.769835    
  4.249225     -8.769077    
  4.251427     -8.772255    
  4.251514     -8.781288    
  4.255198     -8.796452    
  4.258852     -8.804412    
  4.262474     -8.784080    
  4.266067     -8.834189    
  4.266154     -8.831342    
  4.268659     -8.959416    
  4.271149     -8.374124    
  4.273626     -8.291221    
  4.276088     -8.588220    
  4.278536     -8.875577    
  4.280971     -8.880042    
  4.283392     -8.882787    
  4.285800     -8.896990    
  4.288194     -8.917922    
  4.290575     -8.815498    
  4.292943     -8.926009    
  4.295299     -8.928967    
  4.297641     -8.936606    
  4.299971     -8.944197    
  4.302289     -8.951601    
  4.304595     -8.959081    
  4.306888     -8.966575    
  4.309169     -8.972984    
  4.311438     -8.944888    
  4.313695     -8.993361    
  4.315941     -8.996578    
  4.318175     -9.003952    
  4.320398     -9.012012    
  4.322610     -9.009842    
  4.324810     -9.022789    
  4.326999     -9.022646    
  4.329177     -9.034094    
  4.331345     -9.043451    
  4.335647     -8.992814    
  4.339907     -9.033673    
  4.339994     -8.993231    
  4.343342     -9.007079    
  4.346664     -9.088916    
  4.349961     -9.105746    
  4.353233     -9.115195    
  4.353320     -9.119774    
  4.356074     -9.107281    
  4.356161     -9.114903    
  4.357582     -9.128830    
  4.357669     -9.127961    
  4.357779     -9.128466    
  4.357865     -9.128686    
  4.360696     -9.144484    
  4.363507     -9.155629    
  4.366301     -9.147226    
  4.369077     -9.177578    
  4.371835     -9.118021    
  4.374576     -9.193156    
  4.377300     -9.185175    
  4.380006     -9.203449    
  4.382696     -9.211474    
  4.385369     -9.219812    
  4.388026     -9.228692    
  4.390667     -9.235507    
  4.393292     -9.223475    
  4.395901     -9.257985    
  4.398495     -9.256580    
  4.401073     -9.274633    
  4.403636     -9.271530    
  4.406183     -9.289630    
  4.408716     -9.293626    
  4.411235     -9.266902    
  4.413739     -9.315390    
  4.416228     -9.323124    
  4.418703     -9.322743    
  4.421164     -9.080208    
  4.423612     -9.352311    
  4.426045     -9.354184    
  4.428465     -9.335259    
  4.430872     -9.368811    
  4.433266     -9.335523    
  4.435646     -9.378255    
  4.438013     -9.389445    
  4.440368     -9.396709    
  4.440455     -9.392662    
  4.442834     -9.375044    
  4.445201     -9.417767    
  4.445288     -9.413388    
  4.447569     -9.422372    
  4.449839     -9.462271    
  4.452097     -9.178074    
  4.454343     -9.369050    
  4.456578     -9.451355    
  4.458801     -9.439380    
  4.461013     -9.395132    
  4.463213     -9.465427    
  4.465403     -9.477026    
  4.467581     -9.485599    
  4.471906     -9.488748    
  4.476188     -9.511027    
  4.480428     -9.390763    
  4.512937     -9.606104    
  4.513024     -9.624452    
  4.514610     -9.629567    
  4.514697     -9.629907    
  4.515945     -9.633893    
  4.516032     -9.634125    
  4.516141     -9.634427    
  4.516228     -9.628887    
  4.585469     -9.832124    
  4.585556     -9.791567    
  4.648489     -10.00380    
  4.648576     -10.03715    
  4.649548     -10.04378    
  4.649635     -10.04431    
  4.649838     -10.04552    
  4.649925     -10.04600    
  4.650035     -10.04658    
  4.650122     -9.991589    
  4.709765     -10.18569    
  4.709852     -10.21353    
  4.765753     -10.36905    
  4.765822     -10.39789    
  4.765909     -10.39978    
  4.766019     -10.40313    
  4.766106     -10.37489    
  4.818480     -10.56322    
  4.818567     -10.52231    
  4.868094     -10.63964    
  4.868152     -10.70132    
  4.868214     -10.70106    
  4.868324     -10.70334    
  4.868411     -10.54112    
  4.915089     -10.92245    
  4.915176     -10.84503    
  4.959449     -10.96152    
  4.959536     -10.97342    
  4.959642     -10.96816    
  4.959729     -10.95882    
  4.959839     -10.94229    
  4.959925     -10.95090    
  5.002021     -11.01794    
  5.002108     -11.09803    
  5.041986     -11.21333    
  5.042072     -11.22843    
  5.042428     -11.22547    
  5.042515     -11.22505    
  5.042624     -11.22442    
  5.042711     -11.18535    
  5.081038     -11.32181    
  5.081125     -11.24569    
  5.117569     -11.42583    
  5.117655     -11.43741    
  5.118005     -11.43426    
  5.118092     -11.42217    
  5.118201     -11.38196    
  5.118288     -11.31804    
  5.153462     -11.58297    
  5.153549     -11.53061    
  5.187204     -11.63434    
  5.187290     -11.61955    
  5.187529     -11.62129    
  5.187616     -11.62185    
  5.187725     -11.62259    
  5.187812     -11.60994    
  5.251180     -11.77088    
  5.251266     -11.80531    
  5.251931     -11.81197    
  5.252018     -11.81321    
  5.252095     -11.81367    
  5.252182     -11.79486    
  5.311750     -11.94856    
  5.311837     -12.00007    
  5.311944     -12.00244    
  5.312021     -12.00401    
  5.312108     -11.99217    
  5.368079     -12.08819    
  5.368165     -12.12856    
  5.420736     -12.28918    
  5.420823     -12.26484    
  5.470384     -12.37960    
  5.470471     -12.41239    
  5.517346     -12.56037    
  5.517433     -12.53369    
  5.561899     -12.67252    
  5.561985     -12.67500    
  5.604277     -12.76001    
  5.604364     -12.79956    
  5.644684     -12.89061    
  5.644771     -12.89810    
  6.101351     -14.16149    
  6.318972     -14.79009    
  6.571403     -15.50101    
  6.845929     -16.26395    
  7.133075     -17.04893    
  7.426993     -17.85145    
  7.724423     -18.67168    
  8.023641     -19.52950    
  8.323763     -20.48459    
  8.624338     -21.61754    
  8.925140    -100.00000    
