 0.6989700    -100.00000    
 0.7247828    -100.00000    
 0.7491470    -100.00000    
 0.7722168    -100.00000    
 0.7941226    -100.00000    
 0.8348744    -100.00000    
 0.8721282     -58.58793    
 0.9064373     -57.86616    
 0.9382333     -57.86939    
 0.9678594     -58.35575    
 0.9955930     -59.21517    
  1.021661     -60.43612    
  1.046253    -100.00000    
  1.069527    -100.00000    
  1.091616    -100.00000    
  1.132686    -100.00000    
  1.170205    -100.00000    
  1.204739    -100.00000    
  1.236728    -100.00000    
  1.266522    -100.00000    
  1.294403    -100.00000    
  1.320601    -100.00000    
  1.345308    -100.00000    
  1.368685    -100.00000    
  1.390867    -100.00000    
  1.390954     -78.06633    
  1.407231    -100.00000    
  1.407318     -80.48403    
  1.416604    -100.00000    
  1.416691     -72.65212    
  1.434239    -100.00000    
  1.434325    -100.00000    
  1.438732     -74.99972    
  1.438819     -75.68780    
  1.442990     -76.08257    
  1.443077     -73.95474    
  1.465932    -100.00000    
  1.466019     -76.39248    
  1.466567    -100.00000    
  1.466654    -100.00000    
  1.485460     -78.38081    
  1.485547     -77.93527    
  1.485843     -77.95169    
  1.485930     -78.74240    
  1.499937    -100.00000    
  1.500023     -76.28477    
  1.502811    -100.00000    
  1.502898     -76.78303    
  1.515152    -100.00000    
  1.515239     -78.14615    
  1.538911    -100.00000    
  1.538998     -80.69452    
  1.541754     -80.89037    
  1.541841    -100.00000    
  1.544410     -79.46957    
  1.544497     -80.54284    
  1.546755    -100.00000    
  1.546842     -78.74374    
  1.568094    -100.00000    
  1.568181     -77.34076    
  1.576102    -100.00000    
  1.576189    -100.00000    
  1.577032    -100.00000    
  1.577119     -75.44343    
  1.586189    -100.00000    
  1.586276    -100.00000    
  1.587530    -100.00000    
  1.587617     -72.55844    
  1.602078    -100.00000    
  1.602165    -100.00000    
  1.604747    -100.00000    
  1.604834     -68.02415    
  1.629405    -100.00000    
  1.629492    -100.00000    
  1.633100    -100.00000    
  1.633187     -65.75215    
  1.643761    -100.00000    
  1.643848    -100.00000    
  1.646889    -100.00000    
  1.646976     -65.71913    
  1.653070    -100.00000    
  1.653157     -61.99913    
  1.667964    -100.00000    
  1.668051    -100.00000    
  1.673067    -100.00000    
  1.673154    -100.00000    
  1.673452    -100.00000    
  1.673539     -59.84274    
  1.683736    -100.00000    
  1.683823    -100.00000    
  1.689301    -100.00000    
  1.689388    -100.00000    
  1.690173    -100.00000    
  1.690260    -100.00000    
  1.691919    -100.00000    
  1.692006     -56.13016    
  1.709636    -100.00000    
  1.709723    -100.00000    
  1.714846    -100.00000    
  1.714933    -100.00000    
  1.717233    -100.00000    
  1.717320    -100.00000    
  1.717576    -100.00000    
  1.717663    -100.00000    
  1.719536    -100.00000    
  1.719623    -100.00000    
  1.721805    -100.00000    
  1.721892    -100.00000    
  1.725295    -100.00000    
  1.725382    -100.00000    
  1.731154    -100.00000    
  1.731241    -100.00000    
  1.731758    -100.00000    
  1.731845    -100.00000    
  1.732294    -100.00000    
  1.732381    -100.00000    
  1.735217    -100.00000    
  1.735304     -51.53753    
  1.746841    -100.00000    
  1.746929    -100.00000    
  1.747807    -100.00000    
  1.747894    -100.00000    
  1.753972    -100.00000    
  1.754058    -100.00000    
  1.756978    -100.00000    
  1.757065    -100.00000    
  1.762907    -100.00000    
  1.762994    -100.00000    
  1.763503    -100.00000    
  1.763590    -100.00000    
  1.765957    -100.00000    
  1.766044    -100.00000    
  1.768505    -100.00000    
  1.768592    -100.00000    
  1.776113    -100.00000    
  1.776200    -100.00000    
  1.781285    -100.00000    
  1.781372    -100.00000    
  1.781946    -100.00000    
  1.782033    -100.00000    
  1.786409    -100.00000    
  1.786495    -100.00000    
  1.788161    -100.00000    
  1.788248    -100.00000    
  1.789372    -100.00000    
  1.789459    -100.00000    
  1.792246    -100.00000    
  1.792333    -100.00000    
  1.800765    -100.00000    
  1.800851     -45.87589    
  1.809708    -100.00000    
  1.809795    -100.00000    
  1.810144    -100.00000    
  1.810231    -100.00000    
  1.814042    -100.00000    
  1.814129     -41.77903    
  1.834747    -100.00000    
  1.834834    -100.00000    
  1.838907    -100.00000    
  1.838994    -100.00000    
  1.840414    -100.00000    
  1.840501    -100.00000    
  1.842703    -100.00000    
  1.842790    -100.00000    
  1.844125    -100.00000    
  1.844212     -39.93383    
  1.857265    -100.00000    
  1.857352     -38.82484    
  1.870233    -100.00000    
  1.870320    -100.00000    
  1.871306    -100.00000    
  1.871393    -100.00000    
  1.872072    -100.00000    
  1.872158    -100.00000    
  1.873424    -100.00000    
  1.873511    -100.00000    
  1.880831    -100.00000    
  1.880918    -100.00000    
  1.887368    -100.00000    
  1.887455     -36.94263    
  1.899003    -100.00000    
  1.899090    -100.00000    
  1.905821    -100.00000    
  1.905908    -100.00000    
  1.911657    -100.00000    
  1.911744    -100.00000    
  1.912227    -100.00000    
  1.912313    -100.00000    
  1.913955    -100.00000    
  1.914042    -100.00000    
  1.924238    -100.00000    
  1.924325    -100.00000    
  1.925856    -100.00000    
  1.925943    -100.00000    
  1.926709    -100.00000    
  1.926796    -100.00000    
  1.926846    -100.00000    
  1.926932    -100.00000    
  1.927461    -100.00000    
  1.927548    -100.00000    
  1.930771    -100.00000    
  1.930858    -100.00000    
  1.933873    -100.00000    
  1.933960    -100.00000    
  1.936983    -100.00000    
  1.937070    -100.00000    
  1.938051    -100.00000    
  1.938138    -100.00000    
  1.940777    -100.00000    
  1.940864     -32.14065    
  1.955697    -100.00000    
  1.955784    -100.00000    
  1.959855    -100.00000    
  1.959942    -100.00000    
  1.963545    -100.00000    
  1.963632    -100.00000    
  1.974225    -100.00000    
  1.974312    -100.00000    
  1.974387    -100.00000    
  1.974474    -100.00000    
  1.977192    -100.00000    
  1.977279     -29.45031    
  1.994212    -100.00000    
  1.994299    -100.00000    
  1.996552    -100.00000    
  1.996639    -100.00000    
  1.997939    -100.00000    
  1.998026    -100.00000    
  2.000182    -100.00000    
  2.000268    -100.00000    
  2.007421    -100.00000    
  2.007508    -100.00000    
  2.009100    -100.00000    
  2.009187    -100.00000    
  2.009352    -100.00000    
  2.009439    -100.00000    
  2.009543    -100.00000    
  2.017372    -100.00000    
  2.017459    -100.00000    
  2.026471    -100.00000    
  2.026558    -100.00000    
  2.028108    -100.00000    
  2.028195     -25.09365    
  2.061043    -100.00000    
  2.061130    -100.00000    
  2.067104    -100.00000    
  2.067191    -100.00000    
  2.068339    -100.00000    
  2.068426    -100.00000    
  2.076209    -100.00000    
  2.076296     -23.73531    
  2.097304    -100.00000    
  2.097391    -100.00000    
  2.100294    -100.00000    
  2.100380    -100.00000    
  2.101519    -100.00000    
  2.101605    -100.00000    
  2.102584    -100.00000    
  2.102671    -100.00000    
  2.104539    -100.00000    
  2.104626    -100.00000    
  2.106101    -100.00000    
  2.106187    -100.00000    
  2.111508    -100.00000    
  2.111595    -100.00000    
  2.111941    -100.00000    
  2.112028    -100.00000    
  2.124229    -100.00000    
  2.124316    -100.00000    
  2.124942    -100.00000    
  2.125029    -100.00000    
  2.126973    -100.00000    
  2.127060    -100.00000    
  2.127658    -100.00000    
  2.127745    -100.00000    
  2.131986    -100.00000    
  2.132073    -100.00000    
  2.137486    -100.00000    
  2.137573    -100.00000    
  2.141450    -100.00000    
  2.141537    -100.00000    
  2.141662    -100.00000    
  2.141749    -100.00000    
  2.149371    -100.00000    
  2.149458    -100.00000    
  2.150293    -100.00000    
  2.150380    -100.00000    
  2.150508    -100.00000    
  2.154246    -100.00000    
  2.154333    -100.00000    
  2.156640    -100.00000    
  2.156727    -100.00000    
  2.156827    -100.00000    
  2.158960    -100.00000    
  2.159047    -100.00000    
  2.168055    -100.00000    
  2.168141    -100.00000    
  2.177604    -100.00000    
  2.177690    -100.00000    
  2.181731    -100.00000    
  2.181818    -100.00000    
  2.184198    -100.00000    
  2.184285    -100.00000    
  2.188445    -100.00000    
  2.188532    -100.00000    
  2.191911    -100.00000    
  2.191997    -100.00000    
  2.204170    -100.00000    
  2.204257    -100.00000    
  2.213352    -100.00000    
  2.213439    -100.00000    
  2.217837    -100.00000    
  2.217924    -100.00000    
  2.218030    -100.00000    
  2.218315    -100.00000    
  2.218402    -100.00000    
  2.218688    -100.00000    
  2.218775    -100.00000    
  2.225403    -100.00000    
  2.231931    -100.00000    
  2.232018    -100.00000    
  2.234695    -100.00000    
  2.234781    -100.00000    
  2.239617    -100.00000    
  2.239704    -100.00000    
  2.245345    -100.00000    
  2.245432    -100.00000    
  2.250721    -100.00000    
  2.250808    -100.00000    
  2.252069    -100.00000    
  2.252156    -100.00000    
  2.253696    -100.00000    
  2.253782    -100.00000    
  2.257177    -100.00000    
  2.260545    -100.00000    
  2.260632    -100.00000    
  2.263836    -100.00000    
  2.267016    -100.00000    
  2.267103    -100.00000    
  2.270490    -100.00000    
  2.270577    -100.00000    
  2.271628    -100.00000    
  2.271715    -100.00000    
  2.275818    -100.00000    
  2.275905    -100.00000    
  2.278364    -100.00000    
  2.280809    -100.00000    
  2.280896    -100.00000    
  2.283804    -100.00000    
  2.283891    -100.00000    
  2.284781    -100.00000    
  2.284868    -100.00000    
  2.286288    -100.00000    
  2.286375    -100.00000    
  2.286786    -100.00000    
  2.286873    -100.00000    
  2.289459    -100.00000    
  2.292031    -100.00000    
  2.294586    -100.00000    
  2.297128    -100.00000    
  2.297214    -100.00000    
  2.297982    -100.00000    
  2.298069    -100.00000    
  2.300085    -100.00000    
  2.302092    -100.00000    
  2.304090    -100.00000    
  2.306078    -100.00000    
  2.306165    -100.00000    
  2.308268    -100.00000    
  2.309316    -100.00000    
  2.310361    -100.00000    
  2.311404    -100.00000    
  2.312444    -100.00000    
  2.313482    -100.00000    
  2.314517    -100.00000    
  2.314604    -100.00000    
  2.315597    -100.00000    
  2.315684    -100.00000    
  2.316612    -100.00000    
  2.317538    -100.00000    
  2.318463    -100.00000    
  2.319385    -100.00000    
  2.320305    -100.00000    
  2.321224    -100.00000    
  2.322140    -100.00000    
  2.323055    -100.00000    
  2.323141    -100.00000    
  2.324295    -100.00000    
  2.325445    -100.00000    
  2.326592    -100.00000    
  2.327736    -100.00000    
  2.327823    -100.00000    
  2.328799    -100.00000    
  2.329773    -100.00000    
  2.330745    -100.00000    
  2.331714    -100.00000    
  2.331801    -100.00000    
  2.333101    -100.00000    
  2.333188    -100.00000    
  2.334187    -100.00000    
  2.335184    -100.00000    
  2.336179    -100.00000    
  2.337171    -100.00000    
  2.338161    -100.00000    
  2.339149    -100.00000    
  2.340135    -100.00000    
  2.341118    -100.00000    
  2.341205    -100.00000    
  2.341283    -100.00000    
  2.341370    -100.00000    
  2.341472    -100.00000    
  2.342320    -100.00000    
  2.343166    -100.00000    
  2.344011    -100.00000    
  2.344853    -100.00000    
  2.344940    -100.00000    
  2.345621    -100.00000    
  2.346301    -100.00000    
  2.346979    -100.00000    
  2.347657    -100.00000    
  2.348333    -100.00000    
  2.349009    -100.00000    
  2.349683    -100.00000    
  2.350356    -100.00000    
  2.350443    -100.00000    
  2.351331    -100.00000    
  2.352217    -100.00000    
  2.352659    -100.00000    
  2.353101    -100.00000    
  2.353542    -100.00000    
  2.353983    -100.00000    
  2.354070    -100.00000    
  2.354494    -100.00000    
  2.354917    -100.00000    
  2.355340    -100.00000    
  2.355762    -100.00000    
  2.355849    -100.00000    
  2.356283    -100.00000    
  2.356717    -100.00000    
  2.357149    -100.00000    
  2.357582    -100.00000    
  2.357669     -13.03525    
  2.362936     -13.43335    
  2.363023     -12.02253    
  2.376702     -11.12845    
  2.376789     -11.03672    
  2.381401     -10.83167    
  2.381488     -10.80561    
  2.381574     -10.80701    
  2.381660     -10.82768    
  2.384670     -10.85804    
  2.384757     -11.30327    
  2.387126     -10.90944    
  2.387213     -10.76991    
  2.396615     -10.71594    
  2.405819     -10.15351    
  2.405905     -10.16326    
  2.409345     -11.15569    
  2.409431     -10.42721    
  2.409967     -10.23935    
  2.410054     -10.33664    
  2.411501     -10.32697    
  2.411588     -10.24739    
  2.412778     -10.21327    
  2.412865     -10.12120    
  2.413098     -10.11002    
  2.413185     -10.12639    
  2.417228     -10.10646    
  2.417315     -9.489602    
  2.417448     -9.058469    
  2.417535     -8.630563    
  2.419545     -8.789152    
  2.419632     -8.713840    
  2.424108     -9.236361    
  2.424195     -8.964460    
  2.429911     -8.990460    
  2.429998     -8.812793    
  2.432147     -9.093282    
  2.432234     -8.826058    
  2.433514     -9.054640    
  2.433601     -8.350373    
  2.434762     -8.171564    
  2.434849     -7.887148    
  2.435182     -7.584744    
  2.435269     -9.026238    
  2.435570    -100.00000    
  2.435657     -8.959675    
  2.438099     -8.439044    
  2.438186     -8.676116    
  2.443115     -8.438355    
  2.443202     -8.274063    
  2.448046     -8.213255    
  2.448133     -8.166485    
  2.449372     -8.187218    
  2.449459     -8.002374    
  2.450924    -100.00000    
  2.451011     -8.224480    
  2.456026     -7.715269    
  2.456113    -100.00000    
  2.457105     -8.103158    
  2.457192     -7.686950    
  2.461170     -7.699642    
  2.461257     -7.978347    
  2.466286     -7.760856    
  2.466372    -100.00000    
  2.466976     -7.893226    
  2.467064    -100.00000    
  2.471828     -7.291570    
  2.471915     -7.645850    
  2.476442     -7.162790    
  2.476529    -100.00000    
  2.476628    -100.00000    
  2.476715    -100.00000    
  2.476977    -100.00000    
  2.477064     -6.844203    
  2.483465    -100.00000    
  2.483551     -6.785591    
  2.483824     -7.199171    
  2.483911     -6.703954    
  2.484130     -6.719906    
  2.484217     -7.088532    
  2.487600     -7.276263    
  2.490956     -7.388976    
  2.491043     -7.457846    
  2.493583     -7.913917    
  2.496107     -7.124166    
  2.496194     -7.666995    
  2.500074     -6.832856    
  2.503920     -7.277291    
  2.504007     -7.544105    
  2.504069     -7.453359    
  2.504156     -6.831093    
  2.506191     -6.969654    
  2.506278     -7.143340    
  2.506857     -7.102543    
  2.506943     -7.146293    
  2.507203     -6.886153    
  2.507290     -6.992154    
  2.511408     -6.998736    
  2.515486     -6.827727    
  2.515573     -6.803718    
  2.515719     -6.776527    
  2.515805     -6.781664    
  2.515872     -6.798078    
  2.515959     -7.115818    
  2.516943     -6.532598    
  2.517030     -6.777078    
  2.517941     -7.338645    
  2.518028     -7.029512    
  2.518445     -6.915061    
  2.518532     -6.460785    
  2.522095     -6.814637    
  2.525630     -6.505975    
  2.529136     -6.523019    
  2.532615     -6.839221    
  2.532701     -7.784742    
  2.536032     -6.421520    
  2.539337     -5.728904    
  2.539424     -5.730779    
  2.543132     -6.325265    
  2.546808     -8.142434    
  2.546895     -6.787429    
  2.547329     -6.536258    
  2.547416     -6.309480    
  2.551118     -5.968912    
  2.551204     -5.422244    
  2.554808     -6.228730    
  2.558382     -5.639447    
  2.558469     -5.929017    
  2.558869     -5.895526    
  2.558956     -6.243959    
  2.561557     -6.187516    
  2.561644     -6.051096    
  2.564082     -5.865846    
  2.566507     -5.710343    
  2.568917     -5.375525    
  2.571315     -5.196878    
  2.571402     -5.361344    
  2.571490     -5.492666    
  2.571576     -5.524733    
  2.574740     -5.921033    
  2.577880     -5.873449    
  2.580998     -5.870234    
  2.584094     -5.669299    
  2.587168     -7.327770    
  2.590220     -5.748543    
  2.593250     -5.788477    
  2.596260     -5.912869    
  2.596347     -5.735474    
  2.597646     -5.826366    
  2.597733     -5.731017    
  2.600542     -5.303703    
  2.603333     -5.968793    
  2.603420    -100.00000    
  2.606239     -4.933722    
  2.606324     -4.834181    
  2.606411     -4.457324    
  2.607237    -100.00000    
  2.607324     -5.475698    
  2.611491     -5.072834    
  2.615617     -5.039543    
  2.615704     -4.586576    
  2.619659     -5.127093    
  2.619746     -5.372008    
  2.620859     -5.692646    
  2.620946     -5.378728    
  2.621962     -5.750361    
  2.622049     -5.352814    
  2.625471     -5.311201    
  2.625557    -100.00000    
  2.626297     -4.727570    
  2.626384     -4.945287    
  2.627024     -5.616614    
  2.627111     -5.268667    
  2.630159     -5.305143    
  2.633186     -5.373895    
  2.633273     -5.331943    
  2.633585     -4.947431    
  2.633672     -4.696105    
  2.636750     -5.399641    
  2.639805     -4.654180    
  2.642840     -4.700308    
  2.645853     -4.563904    
  2.645940     -4.698341    
  2.646436     -4.205990    
  2.646523     -4.343352    
  2.648513     -5.384295    
  2.648600     -4.727742    
  2.650581     -5.284084    
  2.650668     -6.216142    
  2.652023     -4.509277    
  2.652110     -4.332910    
  2.653758    -100.00000    
  2.653845     -4.670178    
  2.654514     -4.681384    
  2.654601     -4.856117    
  2.655848    -100.00000    
  2.655935     -4.648647    
  2.656856     -4.318311    
  2.656943     -4.542786    
  2.659789     -4.601005    
  2.659876     -4.977552    
  2.661632     -5.957215    
  2.661711     -5.857832    
  2.661798    -100.00000    
  2.662838     -4.851764    
  2.662925     -4.182897    
  2.664288     -4.929120    
  2.665620     -4.212946    
  2.666947     -4.667652    
  2.668270     -5.103844    
  2.668357     -4.516879    
  2.669554     -4.931277    
  2.670748     -5.198101    
  2.670835     -5.624192    
  2.671974     -6.006333    
  2.673109     -5.516902    
  2.674242     -4.992331    
  2.675371     -5.032298    
  2.675458    -100.00000    
  2.676824     -4.294598    
  2.676911     -4.682448    
  2.677751    -100.00000    
  2.677838     -4.437481    
  2.679282     -5.415305    
  2.680721     -5.825622    
  2.682155     -5.020695    
  2.683585     -5.092814    
  2.683672    -100.00000    
  2.684694     -4.707708    
  2.685714    -100.00000    
  2.685801     -5.285997    
  2.685988     -5.659283    
  2.686075    -100.00000    
  2.686520     -5.320311    
  2.686607     -4.980555    
  2.687604     -5.557369    
  2.688599     -5.458557    
  2.688686     -5.013685    
  2.689315     -5.155911    
  2.689943     -5.082173    
  2.690571     -4.646707    
  2.691198     -4.750500    
  2.691823     -4.529707    
  2.692448    -100.00000    
  2.693072     -4.529393    
  2.693695     -4.612463    
  2.694317     -5.483495    
  2.694939     -4.591151    
  2.695559     -4.973933    
  2.696179     -4.793596    
  2.696797     -5.128811    
  2.697415     -4.462776    
  2.698032     -5.160706    
  2.698648     -4.349503    
  2.698717     -5.021372    
  2.698803     -5.422350    
  2.699142     -5.212792    
  2.699229     -4.844957    
  2.700077     -4.377142    
  2.700500     -4.913787    
  2.700923     -5.753829    
  2.701345     -5.152637    
  2.701767     -4.596552    
  2.702189     -4.589685    
  2.702610     -5.202633    
  2.702697     -5.433317    
  2.706323     -5.014098    
  2.706410     -4.947278    
  2.708352     -4.488571    
  2.708438     -4.410749    
  2.709271    -100.00000    
  2.709358     -4.666780    
  2.712230     -4.327206    
  2.712317     -4.999653    
  2.716395     -4.951663    
  2.716481     -4.845351    
  2.716568    -100.00000    
  2.718970     -4.460312    
  2.721359    -100.00000    
  2.721446    -100.00000    
  2.721792     -6.113397    
  2.721879     -5.214735    
  2.724957     -5.373928    
  2.725044     -5.347773    
  2.728368     -5.149791    
  2.728455     -5.262265    
  2.728556     -5.374191    
  2.728643     -5.516457    
  2.730036     -6.166627    
  2.730123     -6.180031    
  2.733020     -5.459963    
  2.735898     -5.427660    
  2.735985     -5.526823    
  2.736079     -5.111734    
  2.737059     -5.078558    
  2.737146    -100.00000    
  2.740300     -4.916152    
  2.740387    -100.00000    
  2.744215     -4.982595    
  2.748009     -4.545619    
  2.751770     -4.840445    
  2.755499     -4.949903    
  2.755586     -4.613805    
  2.758474     -4.527580    
  2.758561     -4.575557    
  2.759027     -4.599132    
  2.759113     -5.242520    
  2.759268     -5.804145    
  2.759355     -5.795628    
  2.759911     -5.044983    
  2.759997     -4.704984    
  2.760747     -4.732119    
  2.760833     -5.365044    
  2.762307     -4.749373    
  2.762394     -5.300388    
  2.764577     -4.921377    
  2.764664     -5.650245    
  2.765400     -4.729356    
  2.765487     -4.978796    
  2.765755     -5.402873    
  2.765842     -5.383937    
  2.767568     -5.251453    
  2.767655     -4.914629    
  2.771767     -4.556218    
  2.775841     -5.071745    
  2.775928     -5.055898    
  2.777541     -5.101657    
  2.777628     -5.050029    
  2.781421     -4.660537    
  2.781508     -4.627456    
  2.784445     -5.224860    
  2.787363     -4.886131    
  2.787450    -100.00000    
  2.789348     -4.248234    
  2.789435     -4.431838    
  2.792054     -4.524783    
  2.792141     -4.606256    
  2.795962     -4.080636    
  2.796049     -4.399553    
  2.798395     -4.435886    
  2.800729     -4.897634    
  2.803050     -4.574948    
  2.805359     -4.579843    
  2.807656     -4.002034    
  2.809941     -4.569550    
  2.812213     -4.233667    
  2.814474     -4.360597    
  2.814561     -4.002086    
  2.815775     -4.187288    
  2.815862     -5.080829    
  2.816430     -4.416661    
  2.816517     -4.055523    
  2.818570     -4.183443    
  2.818657     -4.050579    
  2.821422     -4.304051    
  2.824169     -4.405610    
  2.826900     -4.273066    
  2.829613     -3.915624    
  2.829700     -4.094637    
  2.832139     -4.240254    
  2.834565     -4.090201    
  2.836978     -4.605990    
  2.839377     -4.098384    
  2.839464     -4.148198    
  2.842740     -4.300531    
  2.845992     -3.913805    
  2.846054     -4.050802    
  2.846141     -4.064459    
  2.846320     -4.081987    
  2.846407     -4.086653    
  2.846929     -4.192688    
  2.847016     -4.211964    
  2.850284     -4.228718    
  2.850371     -4.243191    
  2.851107     -4.167639    
  2.851194     -4.306760    
  2.851272     -4.349476    
  2.851359     -4.301917    
  2.851605     -4.198541    
  2.851692     -4.171240    
  2.852969     -4.216917    
  2.853056     -4.171012    
  2.856721     -4.249240    
  2.856808     -4.280984    
  2.860014     -4.218786    
  2.863196     -4.245148    
  2.863283     -4.252710    
  2.866961     -4.296290    
  2.867048     -4.300743    
  2.867158     -4.309730    
  2.871477     -4.317962    
  2.871560     -4.350397    
  2.871647     -4.468983    
  2.874394     -4.310517    
  2.877123     -4.288308    
  2.877210     -4.287894    
  2.879769     -4.316323    
  2.882313     -4.323400    
  2.882400     -4.265159    
  2.882670     -4.693371    
  2.882757    -100.00000    
  2.885337     -3.720150    
  2.885423     -3.677503    
  2.886380     -3.808543    
  2.886467     -3.834850    
  2.886654     -3.873240    
  2.886741     -4.148883    
  2.889314     -4.673735    
  2.889401     -4.453380    
  2.891964     -4.100927    
  2.892051     -4.022469    
  2.893704     -4.002656    
  2.893791     -3.993751    
  2.894071     -4.019297    
  2.894158     -4.031075    
  2.895095     -4.142930    
  2.895182     -4.158439    
  2.896767     -4.277685    
  2.896854     -4.297557    
  2.897787     -4.325586    
  2.897874     -4.325475    
  2.900589     -4.344697    
  2.900676     -4.325776    
  2.902856     -4.328373    
  2.905026     -4.338192    
  2.905113     -4.341838    
  2.908098     -4.347235    
  2.908185     -4.346785    
  2.908477     -4.346367    
  2.908564     -4.347481    
  2.910090     -4.350463    
  2.910176     -4.356172    
  2.913363     -4.361296    
  2.916527     -4.349309    
  2.916614     -4.284952    
  2.916785     -4.284336    
  2.916872     -4.284770    
  2.917171     -4.285443    
  2.917258     -4.294193    
  2.919518     -4.346562    
  2.921765     -4.355137    
  2.921852     -4.350690    
  2.925029     -4.359172    
  2.925116     -4.374697    
  2.925941     -4.351598    
  2.926028     -4.358941    
  2.927554     -4.355322    
  2.927641     -4.355087    
  2.927950     -4.356581    
  2.928037     -4.359358    
  2.928671     -4.355258    
  2.928758     -4.353969    
  2.929127     -4.358869    
  2.929213     -4.359417    
  2.929524     -4.351223    
  2.929611     -4.352038    
  2.930245     -4.367862    
  2.930332     -4.358705    
  2.930604     -4.372293    
  2.930691     -4.363455    
  2.930963     -4.354269    
  2.931050     -4.356014    
  2.934646     -4.369105    
  2.934733     -4.354363    
  2.936807     -4.360996    
  2.936894     -4.351998    
  2.937412     -4.351513    
  2.937499     -4.353562    
  2.937612     -4.355037    
  2.939332     -4.360150    
  2.939418     -4.386720    
  2.941608     -4.330387    
  2.943787     -4.353759    
  2.943874     -4.355937    
  2.945266     -4.363843    
  2.945353     -4.361383    
  2.946273     -4.364255    
  2.946360     -4.365980    
  2.946687     -4.357312    
  2.946774     -4.333875    
  2.949036     -4.357399    
  2.951287     -4.364335    
  2.951374     -4.362180    
  2.953319     -4.392288    
  2.953406     -4.343059    
  2.953750     -4.350483    
  2.953837     -4.356054    
  2.954344     -4.350287    
  2.954431     -4.349910    
  2.955739     -4.362498    
  2.955826     -4.357327    
  2.956162     -4.393610    
  2.956249     -4.397596    
  2.956822     -4.355892    
  2.956909     -4.365999    
  2.957620     -4.365188    
  2.957703     -4.364904    
  2.957790     -4.365373    
  2.958622     -4.374082    
  2.958708     -4.365646    
  2.959196     -4.362205    
  2.959269     -4.366916    
  2.959356     -4.370361    
  2.959520     -4.373034    
  2.959575     -4.371960    
  2.959642     -4.370738    
  2.959729     -4.368116    
  2.959839     -4.362268    
  2.959926     -4.237054    
  2.960694     -4.148880    
  2.960781     -4.229025    
  2.961021     -4.326980    
  2.961108     -4.334545    
  2.961209     -4.468191    
  2.965318     -4.413810    
  2.965405     -4.219253    
  2.969227     -4.096459    
  2.969314     -4.062817    
  2.972533     -4.288599    
  2.975728     -4.184909    
  2.975815     -4.173770    
  2.976166     -4.187736    
  2.976253     -4.447664    
  2.979351     -4.199791    
  2.982423     -4.294547    
  2.982509     -4.169990    
  2.982872     -4.158549    
  2.982959     -4.152990    
  2.986873     -4.437058    
  2.990753     -4.394267    
  2.994598     -4.446230    
  2.998409     -3.825222    
  3.002187     -4.303457    
  3.005933     -4.318042    
  3.009646     -4.661717    
  3.013329     -3.948104    
  3.016980     -4.474286    
  3.020600     -4.502524    
  3.024191     -4.480853    
  3.027752     -4.512007    
  3.031285     -4.520739    
  3.034788     -4.607529    
  3.038264     -4.126749    
  3.041713     -4.525645    
  3.041799     -4.485255    
  3.044019     -4.502281    
  3.044106     -4.486942    
  3.046417     -4.503260    
  3.046504     -4.532531    
  3.047266     -4.482209    
  3.047353     -4.492980    
  3.050503     -4.467868    
  3.053630     -4.538313    
  3.056735     -4.462571    
  3.059819     -4.539161    
  3.062880     -4.518343    
  3.065920     -4.517109    
  3.068939     -4.608523    
  3.071937     -4.545960    
  3.072024     -4.468305    
  3.074515     -4.382077    
  3.074602     -4.258005    
  3.077416     -4.412746    
  3.080211     -4.435112    
  3.082988     -4.986149    
  3.085748     -3.881703    
  3.085835     -3.503454    
  3.088164     -3.843980    
  3.088251     -3.936701    
  3.089222     -4.205121    
  3.089309     -4.278090    
  3.091849     -4.537773    
  3.091936     -4.583283    
  3.095352     -4.450771    
  3.095438     -4.289056    
  3.096179     -4.401161    
  3.096266     -4.407221    
  3.099969     -4.526396    
  3.100056     -4.498012    
  3.102791     -4.539230    
  3.105509     -4.563181    
  3.105596     -4.543576    
  3.108813     -4.580129    
  3.112005     -4.526442    
  3.112092     -4.560692    
  3.114687     -4.587488    
  3.114774     -4.568809    
  3.114901     -4.573689    
  3.114988     -4.596944    
  3.116978     -4.611124    
  3.117065     -4.571916    
  3.117740     -4.556305    
  3.117827     -4.622697    
  3.118223     -4.589460    
  3.118310     -4.527514    
  3.120853     -4.681837    
  3.123381     -4.491772    
  3.123468     -4.615537    
  3.125997     -4.504598    
  3.126084     -4.577048    
  3.127687     -4.520624    
  3.127774     -4.469111    
  3.129225     -4.689780    
  3.129312     -4.517496    
  3.132455     -4.620570    
  3.135577     -4.641085    
  3.135664     -4.556075    
  3.136182     -4.417218    
  3.136269     -4.442467    
  3.138696     -4.767847    
  3.141109     -4.475964    
  3.141196     -4.769382    
  3.144101     -4.500373    
  3.144188     -4.545123    
  3.144956     -4.667204    
  3.145043     -4.726780    
  3.146758     -4.514602    
  3.146845     -4.549029    
  3.146975     -4.621439    
  3.147795     -4.390888    
  3.147882     -4.453088    
  3.148729     -4.807482    
  3.148816     -5.015213    
  3.150639     -4.380518    
  3.150726     -4.519895    
  3.151276     -4.588189    
  3.151363     -4.569117    
  3.153068     -4.650423    
  3.153155     -4.480586    
  3.153381     -4.483178    
  3.153434     -4.455140    
  3.153521     -4.478775    
  3.155016     -4.690100    
  3.155103     -4.609737    
  3.156074     -4.647284    
  3.156161     -4.389983    
  3.160418     -4.619034    
  3.164633     -4.506096    
  3.164720     -4.556931    
  3.165979     -4.590200    
  3.166066     -4.448719    
  3.168877     -4.421761    
  3.171670     -4.629979    
  3.171756     -4.298396    
  3.173578     -4.321089    
  3.173665     -4.389734    
  3.177077     -4.588510    
  3.180463     -4.561582    
  3.180550     -4.665068    
  3.181960     -4.585014    
  3.182047     -4.680395    
  3.184770     -4.831972    
  3.187477     -4.653702    
  3.187564     -4.338966    
  3.188338     -6.184934    
  3.188425     -4.923635    
  3.189356     -4.684578    
  3.189443     -5.461410    
  3.191119     -5.527545    
  3.191206     -4.748662    
  3.192224     -4.393237    
  3.192311     -4.622893    
  3.194885     -4.818399    
  3.194972     -5.234376    
  3.196916     -4.498055    
  3.197003     -4.665292    
  3.200094     -4.549903    
  3.203162     -4.615411    
  3.203250     -4.589506    
  3.204674     -4.814839    
  3.204761     -4.812430    
  3.207365     -4.800585    
  3.207452     -4.728456    
  3.209994     -4.769517    
  3.212521     -4.835612    
  3.215033     -4.596140    
  3.217531     -4.457559    
  3.217618     -4.506105    
  3.218164     -5.295183    
  3.218251     -5.078690    
  3.218329     -5.099547    
  3.218415     -4.900187    
  3.222383     -4.725853    
  3.226315     -4.550552    
  3.230212     -4.676145    
  3.234074     -4.819059    
  3.237901     -4.523965    
  3.241696     -4.654010    
  3.245457     -4.385722    
  3.249187     -4.682825    
  3.249274     -4.721001    
  3.251238     -4.839449    
  3.251325     -4.768050    
  3.251523     -4.781933    
  3.251610     -4.782834    
  3.254604     -4.774909    
  3.257576     -4.746287    
  3.260529     -4.749521    
  3.263462     -4.672675    
  3.263549     -4.586899    
  3.265995     -4.742687    
  3.268428     -4.847352    
  3.270847     -4.682591    
  3.273253     -5.098339    
  3.273340     -4.660605    
  3.276535     -4.771891    
  3.279706     -4.962929    
  3.279793     -4.950108    
  3.281662     -4.895489    
  3.281749     -4.921473    
  3.285833     -5.060490    
  3.285920     -5.002207    
  3.289028     -4.984944    
  3.289115     -4.969571    
  3.291415     -5.039766    
  3.291501     -4.986438    
  3.293929     -4.958547    
  3.296343     -4.980964    
  3.298744     -5.022507    
  3.301132     -4.972101    
  3.301219     -5.007167    
  3.305074     -5.113766    
  3.305161     -5.101163    
  3.305985     -5.112698    
  3.306072     -5.114672    
  3.306887     -5.110499    
  3.306974     -5.105654    
  3.309850     -5.072863    
  3.309937     -5.097187    
  3.310624     -5.110022    
  3.310710     -5.113861    
  3.311825     -5.120065    
  3.311912     -5.116847    
  3.312012     -5.116953    
  3.312099     -5.119623    
  3.314648     -5.133451    
  3.317181     -5.001707    
  3.319700     -5.140097    
  3.322204     -5.171660    
  3.324695     -5.006563    
  3.327170     -5.135478    
  3.329632     -5.162610    
  3.332080     -5.175431    
  3.334514     -5.162437    
  3.336935     -5.165718    
  3.339342     -5.229895    
  3.341736     -5.147858    
  3.344117     -5.255451    
  3.346485     -5.177068    
  3.348840     -5.146281    
  3.351182     -5.245975    
  3.351269     -5.285723    
  3.354866     -5.143499    
  3.358433     -5.285828    
  3.361971     -5.269991    
  3.365480     -5.112141    
  3.365567     -5.166481    
  3.367434     -5.269528    
  3.367521     -5.273293    
  3.370087     -5.308547    
  3.372609     -5.310877    
  3.375118     -5.311409    
  3.377612     -5.329739    
  3.377699     -5.259006    
  3.380754     -5.171276    
  3.383787     -5.310876    
  3.386800     -5.348176    
  3.389792     -5.349852    
  3.389879     -5.355951    
  3.392466     -5.353224    
  3.395039     -5.351844    
  3.395126     -5.343527    
  3.397959     -5.360945    
  3.398046     -5.362458    
  3.398416     -5.364669    
  3.398503     -5.423150    
  3.400855     -5.269828    
  3.400942     -5.115700    
  3.402428     -5.149937    
  3.402515     -5.190445    
  3.404126     -5.309006    
  3.404213     -5.312744    
  3.406921     -5.394573    
  3.409611     -5.384349    
  3.412285     -5.401811    
  3.414942     -5.408867    
  3.415029     -5.407145    
  3.419186     -5.419166    
  3.423303     -5.432049    
  3.427382     -5.423706    
  3.431422     -5.425567    
  3.431509     -5.451751    
  3.434904     -5.451970    
  3.438273     -5.103143    
  3.441616     -5.433595    
  3.444934     -5.482425    
  3.445021     -5.470787    
  3.447484     -5.482245    
  3.449934     -5.489590    
  3.450021     -5.512158    
  3.452474     -5.496172    
  3.454914     -5.493582    
  3.455001     -5.498935    
  3.457947     -5.498642    
  3.460873     -5.512485    
  3.463780     -5.518643    
  3.466667     -5.518954    
  3.466754     -5.519785    
  3.467583     -5.520453    
  3.467670     -5.665576    
  3.469453     -5.510782    
  3.469505     -5.513310    
  3.469592     -5.513364    
  3.469843     -5.513830    
  3.469930     -5.513651    
  3.471179     -5.521124    
  3.471266     -5.516955    
  3.474100     -5.540017    
  3.474187     -5.533038    
  3.476423     -5.533231    
  3.478648     -5.531797    
  3.480861     -5.552676    
  3.483063     -5.557372    
  3.483150     -5.555410    
  3.485959     -5.570427    
  3.488749     -5.566021    
  3.491522     -5.579169    
  3.494277     -5.587848    
  3.494364     -5.585424    
  3.496766     -5.583556    
  3.499154     -5.596191    
  3.501530     -5.686433    
  3.503893     -5.588856    
  3.506243     -5.332974    
  3.508580     -5.314842    
  3.510905     -5.591682    
  3.513217     -5.630041    
  3.513304     -5.625755    
  3.515963     -5.638484    
  3.518606     -5.643679    
  3.521233     -5.651989    
  3.523845     -5.645130    
  3.526440     -5.656848    
  3.529020     -5.614051    
  3.531585     -5.668636    
  3.534135     -5.683118    
  3.534222     -5.678641    
  3.536649     -5.690954    
  3.539062     -5.687822    
  3.541462     -5.716806    
  3.543849     -5.562456    
  3.543936     -5.606458    
  3.544500     -5.609434    
  3.544586     -5.640529    
  3.547376     -5.712398    
  3.550148     -5.711344    
  3.550235     -5.727615    
  3.552940     -5.718702    
  3.555627     -5.743616    
  3.555714     -5.721237    
  3.556728     -5.724305    
  3.556815     -5.727108    
  3.557696     -5.731747    
  3.557783     -5.727279    
  3.558846     -5.762389    
  3.558933     -5.737292    
  3.559110     -5.734866    
  3.559197     -5.734980    
  3.559291     -5.735154    
  3.559378     -5.724575    
  3.560851     -5.788329    
  3.560938     -5.727620    
  3.561019     -5.726797    
  3.561106     -5.727131    
  3.561368     -5.726929    
  3.561455     -5.726512    
  3.561549     -5.726595    
  3.561702     -5.727197    
  3.561789     -5.727325    
  3.561899     -5.726581    
  3.561986     -5.726628    
  3.562293     -5.719684    
  3.565681     -5.824441    
  3.565768     -5.823292    
  3.568672     -5.786378    
  3.571556     -5.782214    
  3.574422     -5.785996    
  3.577268     -5.737003    
  3.580096     -5.775386    
  3.582906     -5.827545    
  3.585698     -5.736671    
  3.588471     -5.950603    
  3.591228     -5.569587    
  3.593966     -5.821447    
  3.596688     -5.852520    
  3.599393     -5.791556    
  3.602081     -5.780567    
  3.604752     -6.001718    
  3.607407     -5.758324    
  3.610046     -5.737383    
  3.610133     -5.757660    
  3.612394     -6.026323    
  3.614642     -5.585049    
  3.616880     -5.848155    
  3.619105     -5.925796    
  3.621319     -5.955120    
  3.623523     -5.983643    
  3.625715     -5.879495    
  3.627896     -5.966104    
  3.627982     -5.964536    
  3.630428     -5.987460    
  3.632293     -5.992085    
  3.632379     -5.992207    
  3.635363     -6.055962    
  3.638325     -5.684819    
  3.641268     -5.848145    
  3.644191     -5.936873    
  3.644278     -5.961848    
  3.646967     -6.022746    
  3.649640     -6.033774    
  3.652297     -6.097890    
  3.654938     -5.763678    
  3.655025     -5.877866    
  3.657211     -5.975064    
  3.659385     -5.908757    
  3.659472     -5.958998    
  3.663615     -6.066914    
  3.663702     -6.163895    
  3.666918     -5.731253    
  3.670110     -5.903312    
  3.670197     -5.537546    
  3.674031     -5.307659    
  3.677831     -6.191682    
  3.681598     -6.114436    
  3.685333     -6.120192    
  3.685420     -6.526417    
  3.688862     -5.520305    
  3.688948     -5.634271    
  3.690731     -5.968603    
  3.690818     -5.940525    
  3.691459     -6.004995    
  3.691546     -6.029862    
  3.694812     -6.056163    
  3.694898     -6.079319    
  3.695365     -6.093663    
  3.695452     -6.096654    
  3.695518     -6.098568    
  3.695605     -6.108368    
  3.698701     -6.156493    
  3.701776     -6.136475    
  3.704828     -6.145004    
  3.707860     -6.173447    
  3.710870     -6.182569    
  3.712650     -6.180349    
  3.713860     -6.184954    
  3.716830     -6.196205    
  3.719779     -6.187573    
  3.719866     -6.197140    
  3.723198     -6.211507    
  3.726504     -6.201402    
  3.729786     -6.218183    
  3.733043     -6.239222    
  3.733130     -6.234515    
  3.736895     -6.142542    
  3.740628     -6.264930    
  3.740715     -6.253570    
  3.743507     -6.263085    
  3.746281     -6.270011    
  3.749037     -6.277879    
  3.751777     -6.283152    
  3.751863     -6.287174    
  3.754658     -6.281396    
  3.754745     -6.267733    
  3.755217     -6.263175    
  3.755304     -6.264612    
  3.755522     -6.267459    
  3.755609     -6.268987    
  3.758467     -6.301043    
  3.761306     -6.313269    
  3.764127     -6.293759    
  3.766929     -6.295206    
  3.769713     -6.087962    
  3.772480     -6.105535    
  3.775229     -6.324118    
  3.777961     -6.353683    
  3.778048     -6.345982    
  3.778151     -6.352520    
  3.781161     -6.356844    
  3.784252     -6.361951    
  3.787320     -6.371676    
  3.790368     -6.386974    
  3.793394     -6.382960    
  3.796399     -6.385239    
  3.799384     -6.403605    
  3.802348     -6.396763    
  3.802435     -6.396000    
  3.806009     -6.443480    
  3.806096     -6.441544    
  3.809815     -6.405784    
  3.809902     -6.430108    
  3.811377     -6.378962    
  3.811464     -6.386696    
  3.811517     -6.386690    
  3.811568     -6.386799    
  3.811655     -6.384223    
  3.814154     -6.439649    
  3.816638     -6.403351    
  3.819108     -5.545109    
  3.821564     -6.416150    
  3.821651     -6.340713    
  3.825835     -5.825539    
  3.829979     -6.226263    
  3.834084     -6.520055    
  3.838150     -6.508819    
  3.838237     -6.536757    
  3.840994     -6.475765    
  3.843735     -6.516200    
  3.846458     -6.519805    
  3.849164     -6.555232    
  3.851853     -6.332135    
  3.854526     -6.461742    
  3.857182     -6.536485    
  3.859823     -6.543338    
  3.859910     -6.562218    
  3.862754     -6.522248    
  3.865581     -6.554028    
  3.868389     -6.581750    
  3.871179     -6.591413    
  3.871266     -6.590876    
  3.873695     -6.597201    
  3.876111     -6.601932    
  3.878513     -6.602776    
  3.880902     -6.649311    
  3.880989     -6.585738    
  3.884377     -6.602890    
  3.887739     -6.624463    
  3.891076     -6.640504    
  3.894387     -6.649751    
  3.894474     -6.649000    
  3.898660     -6.663689    
  3.898747     -6.663534    
  3.901486     -6.670266    
  3.904208     -6.676718    
  3.904295     -6.672648    
  3.905384     -6.671298    
  3.905471     -6.672383    
  3.908472     -6.688321    
  3.908559     -6.688801    
  3.912193     -6.694006    
  3.912280     -6.693594    
  3.913068     -6.697216    
  3.913155     -6.697653    
  3.913273     -6.698050    
  3.913714     -6.700561    
  3.913769     -6.700893    
  3.913842     -6.701382    
  3.913889     -6.701830    
  3.913972     -6.703102    
  3.914081     -6.703899    
  3.914168     -6.708060    
  3.916915     -6.720295    
  3.917002     -6.658441    
  3.919240     -6.704603    
  3.921466     -6.747777    
  3.923680     -6.733513    
  3.925884     -6.735587    
  3.928076     -6.736141    
  3.930258     -6.749125    
  3.934588     -6.754042    
  3.938875     -6.769290    
  3.943121     -6.764431    
  3.947325     -6.793236    
  3.951490     -6.807424    
  3.955614     -6.785649    
  3.959700     -6.832860    
  3.963748     -6.869784    
  3.967758     -6.778887    
  3.971732     -6.837905    
  3.975669     -6.869599    
  3.979571     -6.846729    
  3.983439     -6.799860    
  3.983526     -6.867734    
  3.987126     -6.926933    
  3.990697     -6.934422    
  3.994239     -6.947280    
  3.997752     -6.930129    
  3.997838     -6.941462    
  4.000147     -6.972103    
  4.002444     -6.839684    
  4.004728     -6.850550    
  4.007001     -6.815271    
  4.009262     -6.934597    
  4.011511     -6.987896    
  4.013748     -7.001121    
  4.015974     -6.952416    
  4.018189     -7.018502    
  4.020392     -6.989910    
  4.022585     -7.020163    
  4.024766     -7.027143    
  4.029096     -7.038817    
  4.033383     -7.049528    
  4.033470     -6.949435    
  4.034774     -7.586341    
  4.034861     -6.260658    
  4.038365     -6.354419    
  4.038452     -6.673504    
  4.040802     -6.730973    
  4.043140     -7.013284    
  4.045465     -7.065979    
  4.047778     -7.088992    
  4.047865     -7.086689    
  4.051277     -7.099803    
  4.054632     -7.108222    
  4.057962     -7.116894    
  4.061267     -7.125682    
  4.061354     -7.127232    
  4.065579     -7.056255    
  4.069764     -7.093156    
  4.073909     -7.162886    
  4.078015     -7.169711    
  4.078102     -7.149933    
  4.080241     -7.230850    
  4.080328     -7.119122    
  4.080857     -7.076947    
  4.080944     -7.079347    
  4.081009     -7.077000    
  4.081054     -7.068494    
  4.082194     -7.079037    
  4.082281     -7.099066    
  4.084738     -7.175602    
  4.087181     -7.193369    
  4.089611     -7.199808    
  4.092028     -7.196443    
  4.094430     -7.208542    
  4.096820     -7.210817    
  4.099197     -7.224758    
  4.101560     -7.223276    
  4.101647     -7.226687    
  4.104844     -7.256797    
  4.108018     -6.999978    
  4.111169     -6.966781    
  4.114297     -7.236649    
  4.117403     -7.274995    
  4.120486     -7.280365    
  4.123548     -7.285055    
  4.126589     -7.293895    
  4.129608     -7.305756    
  4.132606     -7.311144    
  4.135584     -7.316374    
  4.138542     -7.312429    
  4.141479     -7.334004    
  4.144397     -7.339837    
  4.147296     -7.348522    
  4.150175     -7.358318    
  4.150262     -7.358826    
  4.153103     -7.368730    
  4.155926     -7.375354    
  4.156013     -7.367244    
  4.158103     -7.378476    
  4.158190     -7.384045    
  4.161727     -7.389432    
  4.161814     -7.385242    
  4.163762     -7.398242    
  4.163849     -7.398151    
  4.163959     -7.398563    
  4.164046     -7.398076    
  4.166389     -7.421892    
  4.168720     -7.453350    
  4.171039     -7.396727    
  4.173345     -7.442658    
  4.175640     -7.441003    
  4.177922     -7.458054    
  4.180192     -7.452536    
  4.182450     -7.454170    
  4.184697     -7.452566    
  4.186932     -7.459502    
  4.189156     -7.467758    
  4.191369     -7.483859    
  4.193570     -7.469367    
  4.195760     -7.499748    
  4.197939     -7.483348    
  4.200107     -7.496307    
  4.204411     -7.517870    
  4.208673     -7.501028    
  4.212894     -7.557101    
  4.217074     -7.514718    
  4.221214     -7.571741    
  4.225315     -7.553770    
  4.229377     -7.576267    
  4.233402     -7.570589    
  4.233489     -7.579068    
  4.235773     -7.606872    
  4.238044     -7.677558    
  4.240303     -7.409498    
  4.242551     -7.538354    
  4.244787     -7.626352    
  4.247012     -7.639619    
  4.249225     -7.649702    
  4.251427     -7.635077    
  4.251514     -7.643623    
  4.255198     -7.661732    
  4.258852     -7.648570    
  4.262474     -7.595832    
  4.266067     -7.700144    
  4.266154     -7.690344    
  4.268659     -7.749352    
  4.271149     -7.553043    
  4.273626     -7.111986    
  4.276088     -7.239713    
  4.278536     -7.678842    
  4.280971     -7.706976    
  4.283392     -7.437039    
  4.285800     -7.706231    
  4.288194     -7.750179    
  4.290575     -7.569930    
  4.292943     -7.737039    
  4.295299     -7.768597    
  4.297641     -7.777744    
  4.299971     -7.784303    
  4.302289     -7.790005    
  4.304595     -7.796457    
  4.306888     -7.801639    
  4.309169     -7.813874    
  4.311438     -7.769570    
  4.313695     -8.114433    
  4.315941     -7.826623    
  4.318175     -7.831854    
  4.320398     -7.839056    
  4.322610     -7.841415    
  4.324810     -7.825936    
  4.326999     -7.813473    
  4.329177     -7.852557    
  4.331345     -7.869983    
  4.335647     -7.729303    
  4.339907     -7.817586    
  4.339994     -7.884168    
  4.343342     -7.882518    
  4.346664     -7.907918    
  4.349961     -7.917343    
  4.353233     -7.925483    
  4.353320     -7.927501    
  4.356074     -7.933897    
  4.356161     -7.934435    
  4.357582     -7.938915    
  4.357669     -7.939599    
  4.357779     -7.940026    
  4.357865     -7.940818    
  4.360696     -7.959079    
  4.363507     -7.969406    
  4.366301     -7.970227    
  4.369077     -7.981426    
  4.371835     -7.983188    
  4.374576     -7.994852    
  4.377300     -8.004947    
  4.380006     -8.011372    
  4.382696     -8.009450    
  4.385369     -8.016390    
  4.388026     -8.025117    
  4.390667     -8.030488    
  4.393292     -8.030006    
  4.395901     -8.052333    
  4.398495     -8.041005    
  4.401073     -8.070978    
  4.403636     -8.049599    
  4.406183     -8.088019    
  4.408716     -7.991732    
  4.411235     -8.046850    
  4.413739     -8.096007    
  4.416228     -8.097192    
  4.418703     -8.004144    
  4.421164     -7.740706    
  4.423612     -8.069283    
  4.426045     -8.134263    
  4.428465     -8.091266    
  4.430872     -8.142186    
  4.433266     -8.151276    
  4.435646     -8.154528    
  4.438013     -8.163425    
  4.440368     -8.172259    
  4.440455     -8.134323    
  4.442834     -8.133100    
  4.445201     -8.185604    
  4.445288     -8.183059    
  4.447569     -8.193608    
  4.449839     -8.196689    
  4.452097     -8.224509    
  4.454343     -8.186317    
  4.456578     -8.222669    
  4.458801     -8.157545    
  4.461013     -8.188312    
  4.463213     -8.231526    
  4.465403     -8.240367    
  4.467581     -8.245166    
  4.471906     -8.250740    
  4.476188     -8.267045    
  4.480428     -8.208509    
  4.512937     -8.378672    
  4.513024     -8.346193    
  4.514610     -8.362302    
  4.514697     -8.365379    
  4.515945     -8.370815    
  4.516032     -8.369377    
  4.516141     -8.370586    
  4.516228     -8.375138    
  4.585469     -8.534723    
  4.585556     -8.463404    
  4.648489     -8.670910    
  4.648576     -8.728490    
  4.649548     -8.733352    
  4.649635     -8.734393    
  4.649838     -8.735942    
  4.649925     -8.736605    
  4.650035     -8.737406    
  4.650122     -8.684382    
  4.709765     -8.901120    
  4.709852     -8.873574    
  4.765753     -9.056100    
  4.765822     -9.041230    
  4.765909     -9.040382    
  4.766019     -9.040164    
  4.766106     -9.002208    
  4.818480     -9.213990    
  4.818567     -9.179870    
  4.868094     -9.310888    
  4.868152     -9.276172    
  4.868214     -9.271334    
  4.868324     -9.265953    
  4.868411     -9.078998    
  4.915089     -9.597443    
  4.915176     -9.444056    
  4.959449     -9.534058    
  4.959536     -9.559016    
  4.959642     -9.557687    
  4.959729     -9.555524    
  4.959839     -9.553570    
  4.959925     -9.552410    
  5.002021     -9.664955    
  5.002108     -9.669463    
  5.041986     -9.769045    
  5.042072     -9.795719    
  5.042428     -9.791373    
  5.042515     -9.790251    
  5.042624     -9.788927    
  5.042711     -9.730269    
  5.081038     -9.876337    
  5.081125     -9.727497    
  5.117569     -9.989208    
  5.117655     -9.979318    
  5.118005     -9.977057    
  5.118092     -9.972914    
  5.118201     -9.961259    
  5.118288     -9.973869    
  5.153462     -10.06057    
  5.153549     -10.05922    
  5.187204     -10.15707    
  5.187290     -10.15065    
  5.187529     -10.15121    
  5.187616     -10.15143    
  5.187725     -10.15170    
  5.187812     -10.13685    
  5.251180     -10.30335    
  5.251266     -10.31369    
  5.251931     -10.31798    
  5.252018     -10.31864    
  5.252095     -10.31921    
  5.252182     -10.28997    
  5.311750     -10.45182    
  5.311837     -10.49460    
  5.311944     -10.49635    
  5.312021     -10.49613    
  5.312108     -10.47968    
  5.368079     -10.59582    
  5.368165     -10.61290    
  5.420736     -10.76269    
  5.420823     -10.73660    
  5.470384     -10.84844    
  5.470471     -10.86217    
  5.517346     -11.02262    
  5.517433     -11.01297    
  5.561899     -11.12856    
  5.561985     -11.11810    
  5.604277     -11.18556    
  5.604364     -11.24112    
  5.644684     -11.34495    
  5.644771     -11.33040    
  6.101351     -12.54062    
  6.318972     -13.17389    
  6.571403     -13.90357    
  6.845929     -14.73047    
  7.133075     -15.66610    
  7.426993     -16.78876    
  7.724423     -18.31808    
  8.023641    -100.00000    
  8.323763    -100.00000    
  8.624338    -100.00000    
  8.925140    -100.00000    
