 0.6989700    -100.00000    
 0.7247828    -100.00000    
 0.7491470    -100.00000    
 0.7722168    -100.00000    
 0.7941226    -100.00000    
 0.8348744    -100.00000    
 0.8721282    -100.00000    
 0.9064373    -100.00000    
 0.9382333     -25.03160    
 0.9678594     -23.92320    
 0.9955930     -23.19364    
  1.021661     -22.69771    
  1.046253     -22.38076    
  1.069527     -22.20974    
  1.091616     -22.13951    
  1.132686     -22.31112    
  1.170205     -22.89084    
  1.204739     -23.79638    
  1.236728     -25.07666    
  1.266522    -100.00000    
  1.294403    -100.00000    
  1.320601    -100.00000    
  1.345308    -100.00000    
  1.368685    -100.00000    
  1.390867    -100.00000    
  1.390954     -25.76229    
  1.407231     -26.44697    
  1.407318     -26.34967    
  1.416604     -27.74162    
  1.416691     -23.65978    
  1.434239     -24.30120    
  1.434325     -24.16245    
  1.438732     -24.30280    
  1.438819     -24.31932    
  1.442990     -24.43004    
  1.443077     -24.48973    
  1.465932     -25.44258    
  1.466019     -25.19657    
  1.466567     -25.21483    
  1.466654     -25.26136    
  1.485460     -25.91851    
  1.485547     -25.78400    
  1.485843     -25.78958    
  1.485930     -25.89615    
  1.499937     -25.67796    
  1.500023     -25.29766    
  1.502811     -24.54606    
  1.502898     -25.28923    
  1.515152     -25.23045    
  1.515239     -25.40009    
  1.538911     -26.34792    
  1.538998     -26.18603    
  1.541754     -26.30711    
  1.541841     -26.21377    
  1.544410    -100.00000    
  1.544497     -26.65729    
  1.546755     -26.44260    
  1.546842     -26.55908    
  1.568094     -28.62082    
  1.568181     -27.46445    
  1.576102     -27.85032    
  1.576189     -27.82132    
  1.577032     -27.86106    
  1.577119     -27.88689    
  1.586189     -28.34552    
  1.586276     -28.30084    
  1.587530     -28.36108    
  1.587617     -28.41396    
  1.602078     -29.27840    
  1.602165     -29.03722    
  1.604747     -29.35456    
  1.604834     -29.36239    
  1.629405    -100.00000    
  1.629492     -30.44477    
  1.633100     -30.62874    
  1.633187     -30.65894    
  1.643761     -31.25047    
  1.643848     -31.16831    
  1.646889     -31.32294    
  1.646976     -31.33532    
  1.653070     -31.65291    
  1.653157     -31.69077    
  1.667964     -32.67085    
  1.668051     -32.40801    
  1.673067     -32.67989    
  1.673154     -32.66996    
  1.673452     -32.68559    
  1.673539     -32.72374    
  1.683736     -33.36751    
  1.683823     -33.28111    
  1.689301     -33.62300    
  1.689388     -33.60405    
  1.690173     -33.65271    
  1.690260     -33.65937    
  1.691919     -33.76397    
  1.692006     -33.87072    
  1.709636    -100.00000    
  1.709723     -34.95440    
  1.714846     -35.30853    
  1.714933     -35.28856    
  1.717233     -35.44100    
  1.717320     -35.44227    
  1.717576     -35.45932    
  1.717663     -35.46692    
  1.719536     -35.58995    
  1.719623     -35.59584    
  1.721805     -35.73845    
  1.721892     -35.74713    
  1.725295     -35.97022    
  1.725382     -35.98780    
  1.731154     -36.37270    
  1.731241     -36.34570    
  1.731758     -36.37526    
  1.731845     -36.38529    
  1.732294     -36.41020    
  1.732381     -36.42107    
  1.735217     -36.60409    
  1.735304     -36.65736    
  1.746841     -37.59775    
  1.746929     -37.34519    
  1.747807     -37.40164    
  1.747894     -37.42603    
  1.753972     -37.83893    
  1.754058     -37.80849    
  1.756978     -38.00048    
  1.757065     -38.01661    
  1.762907     -38.42113    
  1.762994     -38.39066    
  1.763503     -38.42451    
  1.763590     -38.43452    
  1.765957     -38.60507    
  1.766044     -38.61098    
  1.768505     -38.81074    
  1.768592     -38.86011    
  1.776113     -39.97334    
  1.776200     -39.66496    
  1.781285     -40.29122    
  1.781372     -40.18169    
  1.781946     -40.23473    
  1.782033     -40.27153    
  1.786409     -40.55791    
  1.786495     -40.51763    
  1.788161     -40.51799    
  1.788248     -40.51345    
  1.789372     -40.47451    
  1.789459     -40.48765    
  1.792246     -40.28675    
  1.792333     -41.03467    
  1.800765     -39.50074    
  1.800851     -41.10848    
  1.809708     -38.58193    
  1.809795     -38.49001    
  1.810144     -38.45443    
  1.810231     -38.48954    
  1.814042     -38.08077    
  1.814129    -100.00000    
  1.834747     -36.27101    
  1.834834     -36.07559    
  1.838907     -35.66956    
  1.838994     -35.64453    
  1.840414     -35.51121    
  1.840501     -35.51012    
  1.842703     -35.30284    
  1.842790     -35.29144    
  1.844125     -35.16764    
  1.844212    -100.00000    
  1.857265     -34.10011    
  1.857352    -100.00000    
  1.870233     -32.96815    
  1.870320     -32.85070    
  1.871306     -32.76694    
  1.871393     -32.75893    
  1.872072     -32.70174    
  1.872158     -32.69610    
  1.873424     -32.58882    
  1.873511     -32.74269    
  1.880831     -32.01642    
  1.880918     -32.06815    
  1.887368     -31.47443    
  1.887455    -100.00000    
  1.899003     -30.60276    
  1.899090     -30.61201    
  1.905821     -30.02899    
  1.905908     -30.05172    
  1.911657     -29.57809    
  1.911744     -29.54784    
  1.912227     -29.51157    
  1.912313     -29.50802    
  1.913955     -29.38506    
  1.914042     -29.72112    
  1.924238     -28.68857    
  1.924325     -28.61960    
  1.925856     -28.50824    
  1.925943     -28.50925    
  1.926709     -28.44042    
  1.926796     -28.44890    
  1.926846     -28.44224    
  1.926932     -28.43573    
  1.927461     -28.39171    
  1.927548     -28.40051    
  1.930771     -28.17105    
  1.930858     -28.16498    
  1.933873     -27.94935    
  1.933960     -27.94792    
  1.936983     -27.73530    
  1.937070     -27.72273    
  1.938051     -27.65758    
  1.938138     -27.65566    
  1.940777     -27.47398    
  1.940864    -100.00000    
  1.955697     -26.57728    
  1.955784     -26.49647    
  1.959855     -26.23165    
  1.959942     -26.22760    
  1.963545     -25.99936    
  1.963632     -26.18105    
  1.974225     -25.39636    
  1.974312     -25.35000    
  1.974387     -25.34268    
  1.974474     -25.33944    
  1.977192     -25.17718    
  1.977279    -100.00000    
  1.994212     -24.26336    
  1.994299     -24.14985    
  1.996552     -23.99545    
  1.996639     -24.05426    
  1.997939     -24.05961    
  1.998026     -24.04606    
  2.000182     -23.94648    
  2.000268     -23.95869    
  2.007421     -23.62529    
  2.007508     -23.48548    
  2.009100     -23.40377    
  2.009187     -23.41679    
  2.009352     -23.39219    
  2.009439     -23.39277    
  2.009543     -23.47111    
  2.017372     -23.07351    
  2.017459     -23.09714    
  2.026471     -22.54190    
  2.026558     -22.66023    
  2.028108     -22.43959    
  2.028195    -100.00000    
  2.044930    -100.00000    
  2.061043     -20.12866    
  2.061130     -20.06883    
  2.067104     -19.41975    
  2.067191     -19.37783    
  2.068339     -19.30193    
  2.068426     -19.69934    
  2.076209     -18.52248    
  2.076296    -100.00000    
  2.086927     -17.99147    
  2.097304     -16.43355    
  2.097391     -17.49556    
  2.100294     -17.11224    
  2.100380     -17.09537    
  2.101519     -17.15045    
  2.101605     -16.87114    
  2.102584     -16.97404    
  2.102671     -16.89538    
  2.104539     -16.66735    
  2.104626     -16.55716    
  2.106101     -16.61409    
  2.106187     -16.67667    
  2.111508     -15.98120    
  2.111595     -17.97141    
  2.111941     -16.75118    
  2.112028     -16.62190    
  2.124229     -15.62273    
  2.124316     -15.71397    
  2.124942     -14.51023    
  2.125029     -14.61768    
  2.126973    -100.00000    
  2.127060     -16.53907    
  2.127658     -16.04466    
  2.127745    -100.00000    
  2.131986     -15.44738    
  2.132073     -15.29557    
  2.137486     -15.25310    
  2.137573     -16.51980    
  2.141450     -14.79261    
  2.141537     -14.76229    
  2.141662     -15.67409    
  2.141749     -14.75675    
  2.149371     -14.72494    
  2.149458     -14.96365    
  2.150293     -14.40310    
  2.150380     -14.35987    
  2.150508     -14.01367    
  2.154246    -100.00000    
  2.154333     -15.38739    
  2.156640     -14.73347    
  2.156727     -14.88880    
  2.156827     -14.97974    
  2.158960     -15.02830    
  2.159047     -14.01969    
  2.168055     -13.87860    
  2.168141     -13.87174    
  2.177604     -13.69109    
  2.177690     -13.66843    
  2.181731     -13.44406    
  2.181818     -12.47626    
  2.184198     -12.42001    
  2.184285     -13.32917    
  2.188445     -13.92153    
  2.188532     -13.33256    
  2.191911     -13.45803    
  2.191997     -12.68795    
  2.204170     -12.53591    
  2.204257    -100.00000    
  2.213352     -11.89040    
  2.213439     -11.97846    
  2.217837     -12.43547    
  2.217924     -12.08169    
  2.218030     -12.11812    
  2.218315     -12.77100    
  2.218402     -12.54759    
  2.218688     -13.15989    
  2.218775     -12.63813    
  2.225403     -12.55151    
  2.231931     -12.58222    
  2.232018     -13.28354    
  2.234695     -12.58064    
  2.234781     -12.57257    
  2.239617     -12.59278    
  2.239704     -11.63731    
  2.245345     -12.65073    
  2.245432    -100.00000    
  2.250721     -11.52231    
  2.250808     -11.44407    
  2.252069    -100.00000    
  2.252156     -12.92923    
  2.253696     -13.70791    
  2.253782     -11.95136    
  2.257177    -100.00000    
  2.260545     -11.35098    
  2.260632     -12.56184    
  2.263836     -12.39712    
  2.267016     -12.67388    
  2.267103     -12.96347    
  2.270490     -12.57231    
  2.270577     -12.02860    
  2.271628     -12.60536    
  2.271715     -13.19069    
  2.275818     -12.78921    
  2.275905     -12.64207    
  2.278364    -100.00000    
  2.280809     -12.10611    
  2.280896     -12.44103    
  2.283804     -12.00683    
  2.283891     -12.74053    
  2.284781     -13.32949    
  2.284868     -13.58829    
  2.286288     -13.04243    
  2.286375     -13.12663    
  2.286786     -13.97946    
  2.286873     -12.95511    
  2.289459     -12.82255    
  2.292031     -13.25789    
  2.294586     -12.98974    
  2.297128     -12.93200    
  2.297214     -13.66041    
  2.297982     -12.54784    
  2.298069    -100.00000    
  2.300085     -12.41845    
  2.302092     -13.20034    
  2.304090     -13.40903    
  2.306078     -13.37989    
  2.306165     -13.53030    
  2.308268     -13.77943    
  2.309316     -12.63702    
  2.310361     -13.44740    
  2.311404     -13.36461    
  2.312444     -13.51469    
  2.313482     -13.57739    
  2.314517     -13.46032    
  2.314604     -13.51810    
  2.315597     -13.28832    
  2.315684     -13.69252    
  2.316612     -13.21660    
  2.317538     -14.27862    
  2.318463     -12.73026    
  2.319385     -13.18754    
  2.320305     -12.51196    
  2.321224     -13.38275    
  2.322140     -12.42376    
  2.323055     -13.19940    
  2.323141     -13.34769    
  2.324295     -13.33909    
  2.325445     -12.97025    
  2.326592     -14.97877    
  2.327736     -12.62410    
  2.327823     -13.11473    
  2.328799     -13.36728    
  2.329773     -13.08691    
  2.330745     -13.80647    
  2.331714     -12.98215    
  2.331801     -13.92909    
  2.333101     -12.64058    
  2.333188     -12.88895    
  2.334187     -13.08033    
  2.335184     -12.99183    
  2.336179     -13.33231    
  2.337171     -12.81911    
  2.338161     -12.81564    
  2.339149     -12.80910    
  2.340135     -12.93537    
  2.341118     -12.91664    
  2.341205     -12.88324    
  2.341283     -12.92523    
  2.341370     -12.92869    
  2.341472     -12.87186    
  2.342320     -12.85110    
  2.343166     -12.87573    
  2.344011     -12.58877    
  2.344853     -12.90993    
  2.344940     -12.74027    
  2.345621     -12.68162    
  2.346301     -12.50527    
  2.346979     -12.60735    
  2.347657     -12.55112    
  2.348333     -12.53809    
  2.349009     -12.40951    
  2.349683     -12.46960    
  2.350356     -12.34386    
  2.350443     -12.45964    
  2.351331     -12.35020    
  2.352217     -12.34012    
  2.352659     -12.30110    
  2.353101     -12.24152    
  2.353542     -12.38500    
  2.353983     -12.09546    
  2.354070     -12.11179    
  2.354494     -12.31765    
  2.354917     -12.16854    
  2.355340     -12.13780    
  2.355762     -12.09344    
  2.355849     -12.06768    
  2.356283     -12.05697    
  2.356717     -12.08876    
  2.357149     -11.94365    
  2.357582    -100.00000    
  2.357669    -100.00000    
  2.362936     -5.982062    
  2.363023    -100.00000    
  2.376702     -4.763489    
  2.376789     -4.270016    
  2.381401     -5.249793    
  2.381488     -4.655160    
  2.381574     -4.558996    
  2.381660     -3.865108    
  2.384670     -4.172344    
  2.384757     -4.555350    
  2.387126    -100.00000    
  2.387213     -5.347990    
  2.396615     -3.798001    
  2.405819     -3.787439    
  2.405905     -3.593359    
  2.409345     -4.844760    
  2.409431     -4.160335    
  2.409967     -3.408996    
  2.410054     -3.288263    
  2.411501     -3.412839    
  2.411588     -3.431943    
  2.412778     -3.555729    
  2.412865     -3.572141    
  2.413098     -3.626189    
  2.413185     -3.674185    
  2.417228     -4.065655    
  2.417315     -3.672553    
  2.417448     -3.634007    
  2.417535     -3.772418    
  2.419545     -3.540761    
  2.419632     -3.609372    
  2.424108     -3.718618    
  2.424195     -3.918844    
  2.429911     -3.459136    
  2.429998     -3.601666    
  2.432147     -3.664359    
  2.432234     -3.635944    
  2.433514     -3.870139    
  2.433601     -3.657041    
  2.434762     -3.650113    
  2.434849     -3.651387    
  2.435182     -3.747251    
  2.435269     -3.735363    
  2.435570     -3.699295    
  2.435657     -3.752016    
  2.438099     -3.839509    
  2.438186     -3.749642    
  2.443115     -3.781752    
  2.443202     -4.463166    
  2.448046     -3.592175    
  2.448133     -3.714551    
  2.449372     -3.694292    
  2.449459     -3.649627    
  2.450924     -3.757677    
  2.451011     -3.939610    
  2.456026     -3.626703    
  2.456113     -3.541682    
  2.457105     -3.708465    
  2.457192     -3.689602    
  2.461170     -3.874546    
  2.461257     -5.089520    
  2.466286     -3.857290    
  2.466372     -4.774276    
  2.466976     -4.473505    
  2.467064     -5.116263    
  2.471828     -3.972217    
  2.471915     -3.821217    
  2.476442     -3.456794    
  2.476529     -3.614771    
  2.476628     -4.213006    
  2.476715     -4.970812    
  2.476977     -4.612407    
  2.477064     -3.614964    
  2.483465     -3.953510    
  2.483551     -3.965008    
  2.483824     -4.096949    
  2.483911     -3.660830    
  2.484130     -3.028157    
  2.484217     -3.028851    
  2.487600     -4.055163    
  2.490956     -3.429260    
  2.491043     -3.419981    
  2.493583     -3.833684    
  2.496107     -3.410318    
  2.496194     -3.426696    
  2.500074     -3.479541    
  2.503920     -3.583138    
  2.504007     -3.503800    
  2.504069     -3.520189    
  2.504156     -3.492770    
  2.506191     -3.604629    
  2.506278     -3.705921    
  2.506857     -3.558945    
  2.506943     -3.583815    
  2.507203     -3.602408    
  2.507290     -3.805909    
  2.511408     -3.574299    
  2.515486     -3.653979    
  2.515573     -3.593555    
  2.515719     -3.606739    
  2.515805     -3.616589    
  2.515872     -3.622894    
  2.515959     -3.622043    
  2.516943     -3.649326    
  2.517030     -3.643419    
  2.517941     -3.647416    
  2.518028     -3.652043    
  2.518445     -3.659044    
  2.518532     -3.820556    
  2.522095     -3.618671    
  2.525630     -3.726289    
  2.529136     -3.613109    
  2.532615     -3.769455    
  2.532701     -3.786518    
  2.536032     -3.803628    
  2.539337     -3.846977    
  2.539424     -3.744815    
  2.543132     -3.802087    
  2.546808     -3.726213    
  2.546895     -3.736861    
  2.547329     -3.739536    
  2.547416     -3.785294    
  2.551118     -3.809457    
  2.551204     -3.772279    
  2.554808     -3.823601    
  2.558382     -3.808696    
  2.558469     -3.806125    
  2.558869     -3.826297    
  2.558956     -3.775711    
  2.561557     -3.935720    
  2.561644     -3.863032    
  2.564082     -3.806546    
  2.566507     -3.753817    
  2.568917     -3.862908    
  2.571315     -3.800667    
  2.571402     -3.806540    
  2.571490     -3.803158    
  2.571576     -3.827316    
  2.574740     -3.828942    
  2.577880     -3.816846    
  2.580998     -3.842456    
  2.584094     -3.867598    
  2.587168     -3.863128    
  2.590220     -3.807250    
  2.593250     -3.862290    
  2.596260     -3.840286    
  2.596347     -3.840312    
  2.597646     -3.877120    
  2.597733     -3.848684    
  2.600542     -3.850224    
  2.603333     -3.867660    
  2.603420     -3.869764    
  2.606239     -3.868116    
  2.606324     -3.863337    
  2.606411     -3.869263    
  2.607237     -3.860438    
  2.607324     -3.862473    
  2.611491     -3.909047    
  2.615617     -3.890604    
  2.615704     -3.876411    
  2.619659     -3.952664    
  2.619746     -3.902105    
  2.620859     -3.896331    
  2.620946     -3.905649    
  2.621962     -3.923787    
  2.622049     -3.962613    
  2.625471     -3.886919    
  2.625557     -3.902252    
  2.626297     -3.888594    
  2.626384     -3.899043    
  2.627024     -3.887436    
  2.627111     -3.921280    
  2.630159     -3.931479    
  2.633186     -3.917987    
  2.633273     -3.922578    
  2.633585     -3.920413    
  2.633672     -3.924592    
  2.636750     -3.987855    
  2.639805     -3.930568    
  2.642840     -3.950401    
  2.645853     -3.982024    
  2.645940     -4.031439    
  2.646436     -3.978527    
  2.646523     -3.954026    
  2.648513     -3.959834    
  2.648600     -3.969964    
  2.650581     -3.965795    
  2.650668     -3.975671    
  2.652023     -3.973534    
  2.652110     -3.967215    
  2.653758     -3.984762    
  2.653845     -3.984930    
  2.654514     -3.973698    
  2.654601     -3.959577    
  2.655848     -4.128206    
  2.655935     -4.066090    
  2.656856     -3.965429    
  2.656943     -3.985641    
  2.659789     -3.997739    
  2.659876     -3.989733    
  2.661632     -3.986849    
  2.661711     -3.988511    
  2.661798     -3.989086    
  2.662838     -3.999365    
  2.662925     -4.003900    
  2.664288     -3.980945    
  2.665620     -4.007020    
  2.666947     -3.928665    
  2.668270     -3.965076    
  2.668357     -3.959136    
  2.669554     -3.982794    
  2.670748     -4.014066    
  2.670835     -4.021073    
  2.671974     -4.019389    
  2.673109     -4.054634    
  2.674242     -4.044000    
  2.675371     -4.038485    
  2.675458     -4.037085    
  2.676824     -4.034689    
  2.676911     -4.035833    
  2.677751     -4.041214    
  2.677838     -4.043595    
  2.679282     -4.046474    
  2.680721     -4.053513    
  2.682155     -4.039992    
  2.683585     -4.056231    
  2.683672     -4.056127    
  2.684694     -4.057619    
  2.685714     -4.068535    
  2.685801     -4.067629    
  2.685988     -4.066644    
  2.686075     -4.065782    
  2.686520     -4.066803    
  2.686607     -4.069876    
  2.687604     -4.069939    
  2.688599     -4.069834    
  2.688686     -4.069097    
  2.689315     -4.071443    
  2.689943     -4.072356    
  2.690571     -4.073463    
  2.691198     -4.074322    
  2.691823     -4.076344    
  2.692448     -4.076515    
  2.693072     -4.080032    
  2.693695     -4.082262    
  2.694317     -4.085083    
  2.694939     -4.098117    
  2.695559     -4.124315    
  2.696179     -4.062010    
  2.696797     -4.063998    
  2.697415     -4.074949    
  2.698032     -4.084659    
  2.698648     -4.088145    
  2.698717     -4.089995    
  2.698803     -4.092293    
  2.699142     -4.122016    
  2.699229     -4.146062    
  2.700077     -4.057362    
  2.700500     -4.076666    
  2.700923     -4.081996    
  2.701345     -4.087806    
  2.701767     -4.094486    
  2.702189     -4.099399    
  2.702610     -4.102827    
  2.702697     -4.108175    
  2.706323     -4.115939    
  2.706410     -4.115235    
  2.708352     -4.151294    
  2.708438     -4.140528    
  2.709271     -4.088708    
  2.709358     -4.157488    
  2.712230     -4.107648    
  2.712317     -4.127011    
  2.716395     -4.143705    
  2.716481     -4.142267    
  2.716568     -4.142322    
  2.718970     -4.149775    
  2.721359     -4.140238    
  2.721446     -4.140629    
  2.721792     -4.143383    
  2.721879     -4.149251    
  2.724957     -4.177759    
  2.725044     -4.172038    
  2.728368     -4.179895    
  2.728455     -4.180637    
  2.728556     -4.181170    
  2.728643     -4.179674    
  2.730036     -4.190319    
  2.730123     -4.184408    
  2.733020     -4.184467    
  2.735898     -4.199999    
  2.735985     -4.196542    
  2.736079     -4.198646    
  2.737059     -4.204686    
  2.737146     -4.207342    
  2.740300     -4.215111    
  2.740387     -4.211343    
  2.744215     -4.221083    
  2.748009     -4.231396    
  2.751770     -4.235882    
  2.755499     -4.257344    
  2.755586     -4.258638    
  2.758474     -4.257699    
  2.758561     -4.262071    
  2.759027     -4.262211    
  2.759113     -4.260805    
  2.759268     -4.261433    
  2.759355     -4.263008    
  2.759911     -4.268949    
  2.759997     -4.267526    
  2.760747     -4.273178    
  2.760833     -4.266913    
  2.762307     -4.264123    
  2.762394     -4.265729    
  2.764577     -4.285077    
  2.764664     -4.286550    
  2.765400     -4.286907    
  2.765487     -4.287742    
  2.765755     -4.289035    
  2.765842     -4.298445    
  2.767568     -4.286147    
  2.767655     -4.286404    
  2.771767     -4.283074    
  2.775841     -4.312018    
  2.775928     -4.309990    
  2.777541     -4.317057    
  2.777628     -4.323430    
  2.781421     -4.327627    
  2.781508     -4.326685    
  2.784445     -4.333904    
  2.787363     -4.347234    
  2.787450     -4.348878    
  2.789348     -4.349589    
  2.789435     -4.341991    
  2.792054     -4.351963    
  2.792141     -4.356247    
  2.795962     -4.359050    
  2.796049     -4.359401    
  2.798395     -4.395937    
  2.800729     -4.333157    
  2.803050     -4.383683    
  2.805359     -4.394450    
  2.807656     -4.408143    
  2.809941     -4.411999    
  2.812213     -4.422499    
  2.814474     -4.426222    
  2.814561     -4.430159    
  2.815775     -4.426371    
  2.815862     -4.430269    
  2.816430     -4.432955    
  2.816517     -4.431692    
  2.818570     -4.440078    
  2.818657     -4.440985    
  2.821422     -4.445548    
  2.824169     -4.457753    
  2.826900     -4.463515    
  2.829613     -4.470785    
  2.829700     -4.470991    
  2.832139     -4.478583    
  2.834565     -4.486407    
  2.836978     -4.496045    
  2.839377     -4.450927    
  2.839464     -4.466238    
  2.842740     -4.508680    
  2.845992     -4.476939    
  2.846054     -4.498286    
  2.846141     -4.500387    
  2.846320     -4.502593    
  2.846407     -4.501855    
  2.846929     -4.508985    
  2.847016     -4.512020    
  2.850284     -4.526672    
  2.850371     -4.528366    
  2.851107     -4.530199    
  2.851194     -4.530407    
  2.851272     -4.530797    
  2.851359     -4.531220    
  2.851605     -4.530782    
  2.851692     -4.530322    
  2.852969     -4.526683    
  2.853056     -4.565613    
  2.856721     -4.437985    
  2.856808     -4.529905    
  2.860014     -4.523954    
  2.863196     -4.562379    
  2.863283     -4.552874    
  2.866961     -4.572989    
  2.867048     -4.572350    
  2.867158     -4.583536    
  2.871477     -4.564823    
  2.871560     -4.562518    
  2.871647     -4.544171    
  2.874394     -4.653369    
  2.877123     -4.472369    
  2.877210     -4.557416    
  2.879769     -4.600157    
  2.882313     -4.612213    
  2.882400     -4.612481    
  2.882670     -4.608629    
  2.882757    -100.00000    
  2.885337     -4.318209    
  2.885423     -4.277782    
  2.886380     -4.332431    
  2.886467     -4.360462    
  2.886654     -4.389817    
  2.886741     -4.431263    
  2.889314     -4.601185    
  2.889401     -4.595453    
  2.891964     -4.616892    
  2.892051     -4.565155    
  2.893704     -4.612051    
  2.893791     -4.616940    
  2.894071     -4.622970    
  2.894158     -4.620522    
  2.895095     -4.639558    
  2.895182     -4.633768    
  2.896767     -4.630440    
  2.896854     -4.638019    
  2.897787     -4.645632    
  2.897874     -4.647012    
  2.900589     -4.661229    
  2.900676     -4.637313    
  2.902856     -4.654734    
  2.905026     -4.665090    
  2.905113     -4.672527    
  2.908098     -4.643626    
  2.908185     -4.662929    
  2.908477     -4.667107    
  2.908564     -4.666684    
  2.910090     -4.681128    
  2.910176     -4.683720    
  2.913363     -4.693763    
  2.916527     -4.709923    
  2.916614     -4.703368    
  2.916785     -4.703685    
  2.916872     -4.703478    
  2.917171     -4.703752    
  2.917258     -4.703127    
  2.919518     -4.710507    
  2.921765     -4.714207    
  2.921852     -4.716090    
  2.925029     -4.718695    
  2.925116     -4.721650    
  2.925941     -4.731392    
  2.926028     -4.723727    
  2.927554     -4.732266    
  2.927641     -4.734275    
  2.927950     -4.727337    
  2.928037     -4.717656    
  2.928671     -4.720658    
  2.928758     -4.725839    
  2.929127     -4.730122    
  2.929213     -4.730075    
  2.929524     -4.733625    
  2.929611     -4.734806    
  2.930245     -4.735872    
  2.930332     -4.736140    
  2.930604     -4.736250    
  2.930691     -4.735970    
  2.930963     -4.737826    
  2.931050     -4.738874    
  2.934646     -4.739224    
  2.934733     -4.748794    
  2.936807     -4.745520    
  2.936894     -4.747466    
  2.937412     -4.751498    
  2.937499     -4.751661    
  2.937612     -4.751872    
  2.939332     -4.742459    
  2.939418     -4.747789    
  2.941608     -4.761891    
  2.943787     -4.749569    
  2.943874     -4.760708    
  2.945266     -4.774748    
  2.945353     -4.772366    
  2.946273     -4.777677    
  2.946360     -4.780999    
  2.946687     -4.777947    
  2.946774     -4.751831    
  2.949036     -4.761459    
  2.951287     -4.788375    
  2.951374     -4.780194    
  2.953319     -4.785223    
  2.953406     -4.783500    
  2.953750     -4.784258    
  2.953837     -4.785455    
  2.954344     -4.787556    
  2.954431     -4.786177    
  2.955739     -4.774019    
  2.955826     -4.785180    
  2.956162     -4.790534    
  2.956249     -4.792192    
  2.956822     -4.798426    
  2.956909     -4.796036    
  2.957620     -4.795341    
  2.957703     -4.797480    
  2.957790     -4.797951    
  2.958622     -4.791694    
  2.958708     -4.794668    
  2.959196     -4.798728    
  2.959269     -4.795420    
  2.959356     -4.792278    
  2.959520     -4.782237    
  2.959575     -4.778126    
  2.959642     -4.774145    
  2.959729     -4.765606    
  2.959839     -4.759664    
  2.959926     -4.751312    
  2.960694     -4.745374    
  2.960781     -4.748260    
  2.961021     -4.743015    
  2.961108     -4.735262    
  2.961209     -4.695701    
  2.965318     -5.108952    
  2.965405     -4.900835    
  2.969227     -4.658221    
  2.969314     -4.727488    
  2.972533     -4.834608    
  2.975728     -4.777454    
  2.975815     -4.772523    
  2.976166     -4.790913    
  2.976253     -4.917869    
  2.979351     -4.798708    
  2.982423     -4.859401    
  2.982509     -4.805699    
  2.982872     -4.767496    
  2.982959     -4.748597    
  2.986873     -5.000349    
  2.990753     -4.728184    
  2.994598     -4.988222    
  2.998409     -4.775501    
  3.002187     -4.935714    
  3.005933     -4.896632    
  3.009646     -5.101933    
  3.013329     -4.635101    
  3.016980     -4.976709    
  3.020600     -4.969280    
  3.024191     -4.966309    
  3.027752     -4.870226    
  3.031285     -5.012280    
  3.034788     -5.058636    
  3.038264     -4.761336    
  3.041713     -4.978671    
  3.041799     -4.974369    
  3.044019     -5.059102    
  3.044106     -5.067651    
  3.046417     -5.092176    
  3.046504     -5.077877    
  3.047266     -5.077526    
  3.047353     -5.199788    
  3.050503     -4.966250    
  3.053630     -4.967312    
  3.056735     -5.164891    
  3.059819     -4.934560    
  3.062880     -5.086452    
  3.065920     -5.081041    
  3.068939     -4.956599    
  3.071937     -5.090751    
  3.072024     -5.227353    
  3.074515     -4.981225    
  3.074602     -5.086589    
  3.077416     -5.153899    
  3.080211     -5.149296    
  3.082988     -5.460549    
  3.085748     -4.754542    
  3.085835     -4.431786    
  3.088164     -4.988841    
  3.088251     -4.736822    
  3.089222     -4.972348    
  3.089309     -5.343311    
  3.091849     -4.893915    
  3.091936    -100.00000    
  3.095352     -4.044101    
  3.095438     -3.992316    
  3.096179     -4.156410    
  3.096266     -4.311619    
  3.099969    -100.00000    
  3.100056     -5.153881    
  3.102791     -4.964514    
  3.105509     -5.189604    
  3.105596     -5.056670    
  3.108813     -5.104397    
  3.112005     -4.927494    
  3.112092     -5.371173    
  3.114687     -5.015027    
  3.114774     -5.132228    
  3.114901     -5.003920    
  3.114988     -4.926214    
  3.116978     -5.352045    
  3.117065     -5.473637    
  3.117740     -5.089963    
  3.117827     -5.022607    
  3.118223     -5.009049    
  3.118310     -5.027053    
  3.120853     -5.235757    
  3.123381     -5.225986    
  3.123468     -5.390749    
  3.125997     -5.074187    
  3.126084     -5.366820    
  3.127687     -5.052214    
  3.127774     -5.155014    
  3.129225     -5.212333    
  3.129312     -5.286706    
  3.132455     -5.321876    
  3.135577     -5.206406    
  3.135664     -5.177797    
  3.136182     -5.193661    
  3.136269     -5.336737    
  3.138696     -5.137136    
  3.141109     -5.249137    
  3.141196     -5.282660    
  3.144101     -5.378288    
  3.144188     -5.348267    
  3.144956     -5.361591    
  3.145043     -5.370759    
  3.146758     -5.395116    
  3.146845     -5.404798    
  3.146975     -5.398242    
  3.147795     -5.404240    
  3.147882     -5.400660    
  3.148729     -5.404133    
  3.148816     -5.409823    
  3.150639     -5.389746    
  3.150726     -5.408706    
  3.151276     -5.405134    
  3.151363     -5.423968    
  3.153068     -5.418641    
  3.153155     -5.404913    
  3.153381     -5.411602    
  3.153434     -5.405735    
  3.153521     -5.393088    
  3.155016     -5.400648    
  3.155103     -5.423666    
  3.156074     -5.411205    
  3.156161     -5.411988    
  3.160418     -5.436775    
  3.164633     -5.436758    
  3.164720     -5.434627    
  3.165979     -5.457527    
  3.166066     -5.442979    
  3.168877     -5.481345    
  3.171670     -5.390952    
  3.171756     -4.995550    
  3.173578     -5.057987    
  3.173665     -5.126072    
  3.177077     -5.430230    
  3.180463     -5.518481    
  3.180550     -5.505366    
  3.181960     -5.509118    
  3.182047     -5.511882    
  3.184770     -5.514304    
  3.187477     -5.528167    
  3.187564     -5.515765    
  3.188338     -5.518401    
  3.188425     -5.519758    
  3.189356     -5.516681    
  3.189443    -100.00000    
  3.191119     -5.799381    
  3.191206     -5.160436    
  3.192224     -5.108442    
  3.192311     -5.143760    
  3.194885     -5.502681    
  3.194972     -5.427864    
  3.196916     -5.515076    
  3.197003     -5.521422    
  3.200094     -5.549566    
  3.203162     -5.541644    
  3.203250     -5.553814    
  3.204674     -5.569228    
  3.204761     -5.569825    
  3.207365     -5.580231    
  3.207452     -5.602936    
  3.209994     -5.469454    
  3.212521     -5.500094    
  3.215033     -5.177999    
  3.217531     -4.470010    
  3.217618     -4.698764    
  3.218164     -4.882823    
  3.218251     -4.893248    
  3.218329     -4.913729    
  3.218415     -5.071597    
  3.222383     -5.781184    
  3.226315     -5.652559    
  3.230212     -5.643954    
  3.234074     -5.712941    
  3.237901     -5.449518    
  3.241696     -5.684336    
  3.245457     -5.672335    
  3.249187     -5.674379    
  3.249274     -5.689392    
  3.251238     -5.705219    
  3.251325     -5.704656    
  3.251523     -5.706393    
  3.251610     -5.708159    
  3.254604     -5.716580    
  3.257576     -5.724767    
  3.260529     -5.729592    
  3.263462     -5.746566    
  3.263549     -5.744287    
  3.265995     -5.752292    
  3.268428     -5.761648    
  3.270847     -5.728112    
  3.273253     -5.754361    
  3.273340     -5.764038    
  3.276535     -5.778158    
  3.279706     -5.791251    
  3.279793     -5.789787    
  3.281662     -5.793788    
  3.281749     -5.797979    
  3.285833     -5.804263    
  3.285920     -5.805226    
  3.289028     -5.816878    
  3.289115     -5.817834    
  3.291415     -5.822542    
  3.291501     -5.823503    
  3.293929     -5.831884    
  3.296343     -5.839378    
  3.298744     -5.845631    
  3.301132     -5.850084    
  3.301219     -5.851372    
  3.305074     -5.864130    
  3.305161     -5.864004    
  3.305985     -5.866159    
  3.306072     -5.865815    
  3.306887     -5.866823    
  3.306974     -5.867337    
  3.309850     -5.877045    
  3.309937     -5.877291    
  3.310624     -5.878815    
  3.310710     -5.878876    
  3.311825     -5.870215    
  3.311912     -5.873652    
  3.312012     -5.874341    
  3.312099     -5.872300    
  3.314648     -5.905346    
  3.317181     -5.922846    
  3.319700     -5.917887    
  3.322204     -5.913502    
  3.324695     -5.913854    
  3.327170     -5.925886    
  3.329632     -5.933611    
  3.332080     -5.937340    
  3.334514     -5.941721    
  3.336935     -5.944299    
  3.339342     -5.979583    
  3.341736     -5.940345    
  3.344117     -5.993966    
  3.346485     -5.960210    
  3.348840     -5.980919    
  3.351182     -6.024425    
  3.351269     -6.053463    
  3.354866     -5.947751    
  3.358433     -6.044602    
  3.361971     -6.068020    
  3.365480     -5.919225    
  3.365567     -5.974054    
  3.367434     -6.052344    
  3.367521     -6.053873    
  3.370087     -6.078474    
  3.372609     -6.071036    
  3.375118     -6.082881    
  3.377612     -6.093140    
  3.377699     -6.013700    
  3.380754     -5.979837    
  3.383787     -6.116110    
  3.386800     -6.123148    
  3.389792     -6.128901    
  3.389879     -6.130496    
  3.392466     -6.138188    
  3.395039     -6.145162    
  3.395126     -6.144766    
  3.397959     -6.152767    
  3.398046     -6.152752    
  3.398416     -6.153690    
  3.398503     -6.215282    
  3.400855     -6.028129    
  3.400942     -5.900048    
  3.402428     -5.929612    
  3.402515     -5.986388    
  3.404126     -6.120246    
  3.404213     -6.124308    
  3.406921     -6.182948    
  3.409611     -6.189229    
  3.412285     -6.196554    
  3.414942     -6.204311    
  3.415029     -6.203822    
  3.419186     -6.216397    
  3.423303     -6.228257    
  3.427382     -6.239340    
  3.431422     -6.250603    
  3.431509     -6.248002    
  3.434904     -6.364172    
  3.438273     -5.890062    
  3.441616     -6.275715    
  3.444934     -6.302232    
  3.445021     -6.293081    
  3.447484     -6.298049    
  3.449934     -6.304034    
  3.450021     -6.305495    
  3.452474     -6.311022    
  3.454914     -6.316200    
  3.455001     -6.316592    
  3.457947     -6.324471    
  3.460873     -6.330181    
  3.463780     -6.340337    
  3.466667     -6.348653    
  3.466754     -6.350509    
  3.467583     -6.353154    
  3.467670     -6.360694    
  3.469453     -6.355953    
  3.469505     -6.357646    
  3.469592     -6.357914    
  3.469843     -6.358694    
  3.469930     -6.359050    
  3.471179     -6.362960    
  3.471266     -6.363227    
  3.474100     -6.369554    
  3.474187     -6.379683    
  3.476423     -6.333528    
  3.478648     -6.245177    
  3.480861     -6.377825    
  3.483063     -6.399182    
  3.483150     -6.397173    
  3.485959     -6.407056    
  3.488749     -6.412966    
  3.491522     -6.421350    
  3.494277     -6.428948    
  3.494364     -6.429219    
  3.496766     -6.436127    
  3.499154     -6.442184    
  3.501530     -6.454004    
  3.503893     -6.540296    
  3.506243     -6.014765    
  3.508580     -6.078661    
  3.510905     -6.436743    
  3.513217     -6.490268    
  3.513304     -6.483469    
  3.515963     -6.493855    
  3.518606     -6.498457    
  3.521233     -6.505299    
  3.523845     -6.512617    
  3.526440     -6.518853    
  3.529020     -6.526726    
  3.531585     -6.534112    
  3.534135     -6.541109    
  3.534222     -6.541583    
  3.536649     -6.549037    
  3.539062     -6.549766    
  3.541462     -6.472727    
  3.543849     -6.263829    
  3.543936     -6.331312    
  3.544500     -6.373549    
  3.544586     -6.411783    
  3.547376     -6.572547    
  3.550148     -6.589675    
  3.550235     -6.586265    
  3.552940     -6.593957    
  3.555627     -6.598601    
  3.555714     -6.599362    
  3.556728     -6.601262    
  3.556815     -6.601186    
  3.557696     -6.604381    
  3.557783     -6.604848    
  3.558846     -6.609891    
  3.558933     -6.609598    
  3.559110     -6.610298    
  3.559197     -6.610637    
  3.559291     -6.610991    
  3.559378     -6.611634    
  3.560851     -6.615188    
  3.560938     -6.614878    
  3.561019     -6.615246    
  3.561106     -6.615646    
  3.561368     -6.616563    
  3.561455     -6.616813    
  3.561549     -6.617107    
  3.561702     -6.617617    
  3.561789     -6.618302    
  3.561899     -6.618744    
  3.561986     -6.619853    
  3.562293     -6.617939    
  3.565681     -6.660217    
  3.565768     -6.661772    
  3.568672     -6.659232    
  3.571556     -6.664789    
  3.574422     -6.652945    
  3.577268     -6.659509    
  3.580096     -6.672375    
  3.582906     -6.674232    
  3.585698     -6.664913    
  3.588471     -6.710048    
  3.591228     -6.655184    
  3.593966     -6.714395    
  3.596688     -6.725331    
  3.599393     -6.706077    
  3.602081     -6.692180    
  3.604752     -6.771551    
  3.607407     -6.725730    
  3.610046     -6.777769    
  3.610133     -6.778166    
  3.612394     -6.811382    
  3.614642     -6.610252    
  3.616880     -6.760459    
  3.619105     -6.808187    
  3.621319     -6.821957    
  3.623523     -6.805402    
  3.625715     -6.742069    
  3.627896     -6.826276    
  3.627982     -6.826356    
  3.630428     -6.843518    
  3.632293     -6.849191    
  3.632379     -6.848762    
  3.635363     -6.879767    
  3.638325     -6.663797    
  3.641268     -6.770882    
  3.644191     -6.886031    
  3.644278     -6.876432    
  3.646967     -6.890443    
  3.649640     -6.896725    
  3.652297     -6.896496    
  3.654938     -6.888985    
  3.655025     -6.873838    
  3.657211     -6.890795    
  3.659385     -6.734096    
  3.659472     -6.808044    
  3.663615     -6.952236    
  3.663702     -6.680669    
  3.666918     -6.704837    
  3.670110     -6.977183    
  3.670197     -6.390786    
  3.674031     -6.158205    
  3.677831     -7.073479    
  3.681598     -6.997932    
  3.685333     -6.991564    
  3.685420     -7.173517    
  3.688862     -6.539518    
  3.688948     -6.638177    
  3.690731     -6.910114    
  3.690818     -6.885566    
  3.691459     -6.929237    
  3.691546     -6.946001    
  3.694812     -6.939057    
  3.694898     -6.981114    
  3.695365     -6.988411    
  3.695452     -6.988926    
  3.695518     -6.989691    
  3.695605     -6.995139    
  3.698701     -7.031836    
  3.701776     -7.038297    
  3.704828     -7.046314    
  3.707860     -7.054821    
  3.710870     -7.063076    
  3.712650     -7.067312    
  3.713860     -7.071226    
  3.716830     -7.069625    
  3.719779     -7.070364    
  3.719866     -7.079909    
  3.723198     -7.098208    
  3.726504     -7.105930    
  3.729786     -7.114722    
  3.733043     -7.123430    
  3.733130     -6.911053    
  3.736895     -6.949190    
  3.740628     -7.165446    
  3.740715     -7.143850    
  3.743507     -7.154089    
  3.746281     -7.159785    
  3.749037     -7.166912    
  3.751777     -7.174044    
  3.751863     -7.174427    
  3.754658     -7.181303    
  3.754745     -7.181585    
  3.755217     -7.183135    
  3.755304     -7.183406    
  3.755522     -7.184063    
  3.755609     -7.183589    
  3.758467     -7.204725    
  3.761306     -7.246645    
  3.764127     -7.022592    
  3.766929     -7.092127    
  3.769713     -7.203813    
  3.772480     -7.242791    
  3.775229     -7.239310    
  3.777961     -7.245776    
  3.778048     -7.246130    
  3.778151     -7.246262    
  3.781161     -7.253297    
  3.784252     -7.261960    
  3.787320     -7.269517    
  3.790368     -7.280286    
  3.793394     -7.291978    
  3.796399     -7.283171    
  3.799384     -7.315995    
  3.802348     -7.287031    
  3.802435     -7.306123    
  3.806009     -7.332089    
  3.806096     -7.321207    
  3.809815     -7.307822    
  3.809902     -7.329485    
  3.811377     -7.343642    
  3.811464     -7.337081    
  3.811517     -7.336459    
  3.811568     -7.335857    
  3.811655     -7.330086    
  3.814154     -7.359028    
  3.816638     -7.218265    
  3.819108     -6.622359    
  3.821564     -7.359027    
  3.821651     -7.247755    
  3.825835     -7.362202    
  3.829979     -7.395302    
  3.834084     -7.412540    
  3.838150     -7.422408    
  3.838237     -7.393502    
  3.840994     -7.363533    
  3.843735     -7.437885    
  3.846458     -7.447150    
  3.849164     -7.448625    
  3.851853     -7.441446    
  3.854526     -7.383621    
  3.857182     -7.366070    
  3.859823     -7.458661    
  3.859910     -7.462339    
  3.862754     -7.489023    
  3.865581     -7.497627    
  3.868389     -7.504466    
  3.871179     -7.511672    
  3.871266     -7.511885    
  3.873695     -7.518438    
  3.876111     -7.524953    
  3.878513     -7.542219    
  3.880902     -7.488178    
  3.880989     -7.350704    
  3.884377     -7.501139    
  3.887739     -7.558001    
  3.891076     -7.566749    
  3.894387     -7.574978    
  3.894474     -7.575207    
  3.898660     -7.586368    
  3.898747     -7.586614    
  3.901486     -7.593982    
  3.904208     -7.601187    
  3.904295     -7.600949    
  3.905384     -7.603687    
  3.905471     -7.604141    
  3.908472     -7.612704    
  3.908559     -7.612950    
  3.912193     -7.622594    
  3.912280     -7.622764    
  3.913068     -7.624955    
  3.913155     -7.625205    
  3.913273     -7.625523    
  3.913714     -7.626763    
  3.913769     -7.626893    
  3.913842     -7.627055    
  3.913889     -7.627150    
  3.913972     -7.627624    
  3.914081     -7.628090    
  3.914168     -7.693681    
  3.916915     -7.486595    
  3.917002     -7.422267    
  3.919240     -7.590232    
  3.921466     -7.664411    
  3.923680     -7.671601    
  3.925884     -7.671570    
  3.928076     -7.676275    
  3.930258     -7.682248    
  3.934588     -7.694323    
  3.938875     -7.696965    
  3.943121     -7.699692    
  3.947325     -7.725034    
  3.951490     -7.719910    
  3.955614     -7.728661    
  3.959700     -7.755445    
  3.963748     -7.788272    
  3.967758     -7.777979    
  3.971732     -7.539913    
  3.975669     -7.812611    
  3.979571     -7.800049    
  3.983439     -7.753957    
  3.983526     -7.814419    
  3.987126     -7.853727    
  3.990697     -7.819531    
  3.994239     -7.862450    
  3.997752     -7.876697    
  3.997838     -7.875723    
  4.000147     -7.889870    
  4.002444     -7.818843    
  4.004728     -7.828200    
  4.007001     -7.151795    
  4.009262     -7.703224    
  4.011511     -7.877203    
  4.013748     -7.920112    
  4.015974     -7.928508    
  4.018189     -7.902620    
  4.020392     -7.873043    
  4.022585     -7.937136    
  4.024766     -7.947781    
  4.029096     -7.959696    
  4.033383     -7.971020    
  4.033470     -7.889191    
  4.034774     -8.322886    
  4.034861     -7.828297    
  4.038365     -7.888898    
  4.038452     -7.925968    
  4.040802     -7.746548    
  4.043140     -7.961182    
  4.045465     -7.985634    
  4.047778     -7.988312    
  4.047865     -8.000936    
  4.051277     -8.026241    
  4.054632     -8.037003    
  4.057962     -8.043767    
  4.061267     -8.054042    
  4.061354     -8.066759    
  4.065579     -7.779026    
  4.069764     -7.889660    
  4.073909     -8.103109    
  4.078015     -8.094189    
  4.078102     -8.095847    
  4.080241     -8.102337    
  4.080328     -8.097710    
  4.080857     -8.096955    
  4.080944     -8.097759    
  4.081009     -8.097703    
  4.081054     -8.096347    
  4.082194     -8.099040    
  4.082281     -8.103330    
  4.084738     -8.106196    
  4.087181     -8.112542    
  4.089611     -8.125087    
  4.092028     -8.124810    
  4.094430     -8.133642    
  4.096820     -8.140486    
  4.099197     -8.144997    
  4.101560     -8.148326    
  4.101647     -8.156166    
  4.104844     -8.176417    
  4.108018     -7.952966    
  4.111169     -7.988606    
  4.114297     -8.187745    
  4.117403     -8.209106    
  4.120486     -8.185222    
  4.123548     -8.218072    
  4.126589     -8.231432    
  4.129608     -8.205313    
  4.132606     -8.240797    
  4.135584     -8.251759    
  4.138542     -8.262028    
  4.141479     -8.228033    
  4.144397     -8.270718    
  4.147296     -8.281700    
  4.150175     -8.290619    
  4.150262     -8.289909    
  4.153103     -8.305410    
  4.155926     -8.255369    
  4.156013     -8.255388    
  4.158103     -8.294938    
  4.158190     -8.299938    
  4.161727     -8.323512    
  4.161814     -8.320414    
  4.163762     -8.326869    
  4.163849     -8.327058    
  4.163959     -8.327467    
  4.164046     -8.327313    
  4.166389     -8.345502    
  4.168720     -8.333763    
  4.171039     -8.104834    
  4.173345     -8.284353    
  4.175640     -8.340995    
  4.177922     -8.378153    
  4.180192     -8.378795    
  4.182450     -8.356975    
  4.184697     -8.385195    
  4.186932     -8.393773    
  4.189156     -8.400884    
  4.191369     -8.401745    
  4.193570     -8.397402    
  4.195760     -8.426160    
  4.197939     -8.334325    
  4.200107     -8.415348    
  4.204411     -8.447944    
  4.208673     -8.436908    
  4.212894     -8.471187    
  4.217074     -8.453154    
  4.221214     -8.485307    
  4.225315     -8.499121    
  4.229377     -8.417807    
  4.233402     -8.516318    
  4.233489     -8.504929    
  4.235773     -8.530878    
  4.238044     -8.545727    
  4.240303     -8.485028    
  4.242551     -8.515866    
  4.244787     -8.554640    
  4.247012     -8.565557    
  4.249225     -8.547508    
  4.251427     -8.562909    
  4.251514     -8.567903    
  4.255198     -8.585430    
  4.258852     -8.579846    
  4.262474     -8.543543    
  4.266067     -8.619224    
  4.266154     -8.613040    
  4.268659     -8.973961    
  4.271149     -7.990265    
  4.273626     -7.924934    
  4.276088     -8.273676    
  4.278536     -8.617629    
  4.280971     -8.648256    
  4.283392     -8.651734    
  4.285800     -8.670304    
  4.288194     -8.677878    
  4.290575     -8.547459    
  4.292943     -8.671125    
  4.295299     -8.694915    
  4.297641     -8.702657    
  4.299971     -8.709320    
  4.302289     -8.715388    
  4.304595     -8.721514    
  4.306888     -8.728463    
  4.309169     -8.712219    
  4.311438     -8.691186    
  4.313695     -8.755186    
  4.315941     -8.751058    
  4.318175     -8.760234    
  4.320398     -8.765605    
  4.322610     -8.754335    
  4.324810     -8.768355    
  4.326999     -8.766686    
  4.329177     -8.781031    
  4.331345     -8.791996    
  4.335647     -8.693644    
  4.339907     -8.738819    
  4.339994     -8.634674    
  4.343342     -8.708437    
  4.346664     -8.821446    
  4.349961     -8.841973    
  4.353233     -8.851024    
  4.353320     -8.852245    
  4.356074     -8.836477    
  4.356161     -8.845212    
  4.357582     -8.858008    
  4.357669     -8.858263    
  4.357779     -8.859065    
  4.357865     -8.860597    
  4.360696     -8.879178    
  4.363507     -8.887265    
  4.366301     -8.874377    
  4.369077     -8.912209    
  4.371835     -8.808971    
  4.374576     -8.912510    
  4.377300     -8.897518    
  4.380006     -8.927060    
  4.382696     -8.934015    
  4.385369     -8.940601    
  4.388026     -8.948536    
  4.390667     -8.947378    
  4.393292     -8.935685    
  4.395901     -8.972129    
  4.398495     -8.970879    
  4.401073     -8.988740    
  4.403636     -8.982573    
  4.406183     -9.000090    
  4.408716     -8.987516    
  4.411235     -8.973290    
  4.413739     -9.020109    
  4.416228     -9.029069    
  4.418703     -8.875455    
  4.421164     -8.807414    
  4.423612     -8.984093    
  4.426045     -9.045629    
  4.428465     -9.027003    
  4.430872     -9.055676    
  4.433266     -9.024075    
  4.435646     -9.071557    
  4.438013     -9.085977    
  4.440368     -9.092781    
  4.440455     -9.067645    
  4.442834     -9.069171    
  4.445201     -9.108516    
  4.445288     -9.106454    
  4.447569     -9.117137    
  4.449839     -9.165824    
  4.452097     -8.798398    
  4.454343     -8.996143    
  4.456578     -9.136007    
  4.458801     -9.104518    
  4.461013     -9.060995    
  4.463213     -9.140739    
  4.465403     -9.161862    
  4.467581     -9.169720    
  4.471906     -9.168198    
  4.476188     -9.192783    
  4.480428     -9.014614    
  4.512937     -9.262975    
  4.513024     -9.290940    
  4.514610     -9.295059    
  4.514697     -9.295436    
  4.515945     -9.299007    
  4.516032     -9.298953    
  4.516141     -9.299257    
  4.516228     -9.291799    
  4.585469     -9.461560    
  4.585556     -9.410597    
  4.648489     -9.608226    
  4.648576     -9.656124    
  4.649548     -9.661596    
  4.649635     -9.661998    
  4.649838     -9.662968    
  4.649925     -9.663383    
  4.650035     -9.663878    
  4.650122     -9.593289    
  4.709765     -9.778176    
  4.709852     -9.808188    
  4.765753     -9.939467    
  4.765822     -9.979012    
  4.765909     -9.982189    
  4.766019     -9.987321    
  4.766106     -9.949319    
  4.818480     -10.13614    
  4.818567     -10.07975    
  4.868094     -10.17899    
  4.868152     -10.25594    
  4.868214     -10.25494    
  4.868324     -10.25729    
  4.868411     -10.08049    
  4.915089     -10.48082    
  4.915176     -10.39118    
  4.959449     -10.49578    
  4.959536     -10.51245    
  4.959642     -10.35204    
  4.959729     -10.27345    
  4.959839     -10.34381    
  4.959925     -10.48014    
  5.002021     -10.51553    
  5.002108     -10.62467    
  5.041986     -10.73093    
  5.042072     -10.75112    
  5.042428     -10.74726    
  5.042515     -10.74644    
  5.042624     -10.74543    
  5.042711     -10.69419    
  5.081038     -10.82963    
  5.081125     -10.74865    
  5.117569     -10.94221    
  5.117655     -10.96310    
  5.118005     -10.86554    
  5.118092     -10.28213    
  5.118201     -10.07554    
  5.118288     -10.83508    
  5.153462     -11.06030    
  5.153549     -11.02666    
  5.187204     -11.12631    
  5.187290     -11.11225    
  5.187529     -11.11403    
  5.187616     -11.11469    
  5.187725     -11.11551    
  5.187812     -11.09937    
  5.251180     -11.24815    
  5.251266     -11.28955    
  5.251931     -11.29409    
  5.252018     -11.29384    
  5.252095     -11.29398    
  5.252182     -11.27346    
  5.311750     -11.42411    
  5.311837     -11.47670    
  5.311944     -11.47959    
  5.312021     -11.48087    
  5.312108     -11.46259    
  5.368079     -11.55519    
  5.368165     -11.59319    
  5.420736     -11.75234    
  5.420823     -11.72073    
  5.470384     -11.84276    
  5.470471     -11.86999    
  5.517346     -12.01489    
  5.517433     -11.98113    
  5.561899     -12.12901    
  5.561985     -12.12706    
  5.604277     -12.21179    
  5.604364     -12.24632    
  5.644684     -12.33945    
  5.644771     -12.34553    
  6.101351     -13.60567    
  6.318972     -14.23797    
  6.571403     -14.95953    
  6.845929     -15.75173    
  7.133075     -16.60507    
  7.426993     -17.55598    
  7.724423     -18.75813    
  8.023641     -22.23645    
  8.323763    -100.00000    
  8.624338    -100.00000    
  8.925140    -100.00000    
