 0.6989700    -100.00000    
 0.7247828    -100.00000    
 0.7491470    -100.00000    
 0.7722168    -100.00000    
 0.7941226    -100.00000    
 0.8348744    -100.00000    
 0.8721282    -100.00000    
 0.9064373    -100.00000    
 0.9382333    -100.00000    
 0.9678594     -22.16201    
 0.9955930     -20.94386    
  1.021661     -20.05659    
  1.046253     -19.35096    
  1.069527     -18.77448    
  1.091616     -18.45910    
  1.132686     -17.63672    
  1.170205     -17.13930    
  1.204739     -16.86198    
  1.236728     -16.75884    
  1.266522     -16.80605    
  1.294403     -16.99158    
  1.320601     -17.30296    
  1.345308     -17.71987    
  1.368685     -18.21947    
  1.390867     -18.80485    
  1.390954     -18.19028    
  1.407231     -18.46810    
  1.407318     -18.51644    
  1.416604     -18.76031    
  1.416691     -18.77584    
  1.434239     -19.25113    
  1.434325     -19.20266    
  1.438732     -19.29372    
  1.438819     -19.30438    
  1.442990     -19.38475    
  1.443077     -19.42160    
  1.465932     -19.69640    
  1.466019     -19.63981    
  1.466567     -19.63881    
  1.466654     -19.94204    
  1.485460     -19.20225    
  1.485547     -19.07363    
  1.485843     -19.05545    
  1.485930    -100.00000    
  1.499937     -18.07615    
  1.500023     -17.93670    
  1.502811     -18.15044    
  1.502898     -18.69496    
  1.515152     -18.45911    
  1.515239     -18.50451    
  1.538911     -18.36289    
  1.538998     -18.39271    
  1.541754     -18.39654    
  1.541841     -18.35937    
  1.544410     -18.68538    
  1.544497     -17.93222    
  1.546755     -18.28967    
  1.546842     -18.37456    
  1.568094     -18.40995    
  1.568181     -18.39331    
  1.576102     -18.37937    
  1.576189     -18.37852    
  1.577032     -18.37671    
  1.577119     -18.37758    
  1.586189     -18.35362    
  1.586276     -18.35234    
  1.587530     -18.34842    
  1.587617     -18.35167    
  1.602078     -18.29456    
  1.602165     -18.26195    
  1.604747     -18.35952    
  1.604834     -18.18815    
  1.629405     -18.12670    
  1.629492     -18.12313    
  1.633100     -18.09491    
  1.633187     -18.09755    
  1.643761     -18.00755    
  1.643848     -18.00400    
  1.646889     -17.97653    
  1.646976     -17.97673    
  1.653070     -17.91958    
  1.653157     -17.92627    
  1.667964     -17.77674    
  1.668051     -17.77039    
  1.673067     -17.71838    
  1.673154     -17.71667    
  1.673452     -17.71358    
  1.673539     -17.71667    
  1.683736     -17.60815    
  1.683823     -17.60512    
  1.689301     -17.54618    
  1.689388     -17.54432    
  1.690173     -17.53587    
  1.690260     -17.53500    
  1.691919     -17.51706    
  1.692006     -17.52987    
  1.709636     -17.33236    
  1.709723     -17.32315    
  1.714846     -17.26590    
  1.714933     -17.26424    
  1.717233     -17.23836    
  1.717320     -17.23719    
  1.717576     -17.23432    
  1.717663     -17.23350    
  1.719536     -17.21225    
  1.719623     -17.21134    
  1.721805     -17.18649    
  1.721892     -17.18578    
  1.725295     -17.14678    
  1.725382     -17.10560    
  1.731154     -17.03402    
  1.731241     -17.03872    
  1.731758     -17.04174    
  1.731845     -17.03962    
  1.732294     -17.05102    
  1.732381     -17.02408    
  1.735217     -17.00395    
  1.735304     -17.00625    
  1.746841     -16.88030    
  1.746929     -16.86921    
  1.747807     -16.85656    
  1.747894     -16.86536    
  1.753972     -16.80067    
  1.754058     -16.81621    
  1.756978     -16.74470    
  1.757065     -16.75560    
  1.762907     -16.67959    
  1.762994     -16.66782    
  1.763503     -16.66632    
  1.763590     -16.66571    
  1.765957     -16.63200    
  1.766044     -16.63138    
  1.768505     -16.59967    
  1.768592     -16.60281    
  1.776113     -16.49727    
  1.776200     -16.49614    
  1.781285     -16.42096    
  1.781372     -16.41687    
  1.781946     -16.40817    
  1.782033     -16.40651    
  1.786409     -16.34704    
  1.786495     -16.34397    
  1.788161     -16.31245    
  1.788248     -16.31135    
  1.789372     -16.29374    
  1.789459     -16.29642    
  1.792246     -16.25037    
  1.792333     -16.25395    
  1.800765     -16.10813    
  1.800851     -16.10931    
  1.809708     -15.94458    
  1.809795     -15.93626    
  1.810144     -15.92939    
  1.810231     -15.93008    
  1.814042     -15.85411    
  1.814129     -15.96152    
  1.834747     -15.42100    
  1.834834     -15.37756    
  1.838907     -15.26611    
  1.838994     -15.26139    
  1.840414     -15.22190    
  1.840501     -15.22016    
  1.842703     -15.15636    
  1.842790     -15.15339    
  1.844125     -15.11414    
  1.844212     -15.18146    
  1.857265     -14.72497    
  1.857352     -14.78003    
  1.870233     -14.25971    
  1.870320     -14.22129    
  1.871306     -14.18370    
  1.871393     -14.18020    
  1.872072     -14.15424    
  1.872158     -14.15132    
  1.873424     -14.10250    
  1.873511     -14.12404    
  1.880831     -13.82481    
  1.880918     -13.82660    
  1.887368     -13.55732    
  1.887455     -13.63174    
  1.899003     -13.09575    
  1.899090     -13.08167    
  1.905821     -12.78749    
  1.905908     -12.78662    
  1.911657     -12.53656    
  1.911744     -12.52267    
  1.912227     -12.50184    
  1.912313     -12.49935    
  1.913955     -12.42937    
  1.914042     -12.49175    
  1.924238     -12.02003    
  1.924325     -11.98727    
  1.925856     -11.92378    
  1.925943     -11.91918    
  1.926709     -11.88585    
  1.926796     -11.88128    
  1.926846     -11.87916    
  1.926932     -11.87569    
  1.927461     -11.85281    
  1.927548     -11.85308    
  1.930771     -11.71438    
  1.930858     -11.71043    
  1.933873     -11.58333    
  1.933960     -11.58149    
  1.936983     -11.44967    
  1.937070     -11.44457    
  1.938051     -11.40207    
  1.938138     -11.40034    
  1.940777     -11.28803    
  1.940864     -11.46986    
  1.955697     -10.71428    
  1.955784     -10.66402    
  1.959855     -10.49410    
  1.959942     -10.49103    
  1.963545     -10.34301    
  1.963632     -10.39824    
  1.974225     -9.927319    
  1.974312     -9.893791    
  1.974387     -9.890633    
  1.974474     -9.890078    
  1.977192     -9.779155    
  1.977279     -10.02565    
  1.994212     -9.157466    
  1.994299     -9.096020    
  1.996552     -9.008971    
  1.996639     -8.746152    
  1.997939     -8.703396    
  1.998026     -8.750447    
  2.000182     -8.746288    
  2.000268     -8.777102    
  2.007421     -8.490524    
  2.007508     -7.933614    
  2.009100     -7.633804    
  2.009187     -7.661099    
  2.009352     -7.645673    
  2.009439     -7.633974    
  2.009543     -7.895999    
  2.017372     -7.672516    
  2.017459     -7.816140    
  2.026471     -6.892385    
  2.026558    -100.00000    
  2.028108     -7.093658    
  2.028195     -6.808255    
  2.044930     -6.373831    
  2.061043     -7.156424    
  2.061130     -6.501614    
  2.067104     -6.985588    
  2.067191     -7.249771    
  2.068339     -7.629170    
  2.068426     -6.909924    
  2.076209     -6.531196    
  2.076296     -6.984467    
  2.086927     -6.219940    
  2.097304     -6.031352    
  2.097391     -6.628126    
  2.100294     -5.757136    
  2.100380     -6.210535    
  2.101519     -5.697237    
  2.101605     -5.873190    
  2.102584    -100.00000    
  2.102671     -5.960527    
  2.104539     -7.472590    
  2.104626     -7.572199    
  2.106101     -6.581890    
  2.106187    -100.00000    
  2.111508     -5.508639    
  2.111595     -5.606147    
  2.111941     -5.225642    
  2.112028     -5.887527    
  2.124229     -5.513500    
  2.124316     -6.017713    
  2.124942     -6.589476    
  2.125029     -5.931839    
  2.126973     -5.807629    
  2.127060     -6.973405    
  2.127658     -6.249678    
  2.127745     -4.733162    
  2.131986     -4.758119    
  2.132073     -5.265340    
  2.137486    -100.00000    
  2.137573     -5.690445    
  2.141450     -5.471171    
  2.141537     -5.869958    
  2.141662     -5.850364    
  2.141749     -5.265015    
  2.149371     -5.429225    
  2.149458     -5.521159    
  2.150293     -5.405828    
  2.150380     -5.371946    
  2.150508     -5.475329    
  2.154246     -5.299259    
  2.154333     -5.276058    
  2.156640     -5.444938    
  2.156727     -5.448053    
  2.156827     -5.302766    
  2.158960     -5.115442    
  2.159047     -5.188474    
  2.168055     -5.474099    
  2.168141     -5.456490    
  2.177604     -5.411785    
  2.177690     -6.084171    
  2.181731     -6.349429    
  2.181818     -5.711945    
  2.184198     -5.404655    
  2.184285     -5.504347    
  2.188445     -5.711251    
  2.188532    -100.00000    
  2.191911     -5.562765    
  2.191997     -5.447724    
  2.204170     -5.115700    
  2.204257     -4.881304    
  2.213352     -6.011174    
  2.213439     -5.340475    
  2.217837     -5.520010    
  2.217924     -5.613475    
  2.218030     -5.360556    
  2.218315     -5.132475    
  2.218402     -5.134039    
  2.218688    -100.00000    
  2.218775     -7.554574    
  2.225403     -5.638882    
  2.231931     -5.361922    
  2.232018     -5.857044    
  2.234695     -6.137871    
  2.234781     -5.517800    
  2.239617     -5.137673    
  2.239704     -4.954287    
  2.245345     -5.821591    
  2.245432     -6.786737    
  2.250721     -5.213386    
  2.250808     -5.124713    
  2.252069     -4.935731    
  2.252156     -5.008080    
  2.253696     -4.746178    
  2.253782     -4.839049    
  2.257177     -5.182593    
  2.260545     -5.019491    
  2.260632     -5.785123    
  2.263836     -5.130070    
  2.267016     -5.178746    
  2.267103     -6.245264    
  2.270490     -4.810200    
  2.270577     -5.315484    
  2.271628     -6.041976    
  2.271715     -5.048703    
  2.275818     -5.437866    
  2.275905     -4.598836    
  2.278364     -5.106737    
  2.280809     -4.452986    
  2.280896     -4.409367    
  2.283804     -5.017427    
  2.283891     -5.182767    
  2.284781     -4.568986    
  2.284868     -4.578762    
  2.286288     -4.513445    
  2.286375     -4.480529    
  2.286786     -4.377275    
  2.286873     -4.560482    
  2.289459     -5.182005    
  2.292031     -5.138723    
  2.294586     -5.504609    
  2.297128     -4.282725    
  2.297214     -4.345897    
  2.297982     -4.296084    
  2.298069     -4.160981    
  2.300085     -4.416991    
  2.302092     -4.398869    
  2.304090     -4.552422    
  2.306078     -4.456932    
  2.306165     -4.375687    
  2.308268     -4.500633    
  2.309316     -4.371895    
  2.310361     -4.428785    
  2.311404     -4.311375    
  2.312444     -4.501463    
  2.313482     -4.719480    
  2.314517     -4.692493    
  2.314604     -4.478538    
  2.315597     -4.414493    
  2.315684     -4.716154    
  2.316612     -4.196669    
  2.317538     -5.859830    
  2.318463     -4.885243    
  2.319385     -4.256830    
  2.320305     -4.534846    
  2.321224     -5.619030    
  2.322140     -4.315784    
  2.323055     -4.364666    
  2.323141     -4.392519    
  2.324295     -4.514165    
  2.325445     -4.323790    
  2.326592     -4.787278    
  2.327736     -5.303322    
  2.327823     -5.163474    
  2.328799     -4.631949    
  2.329773     -4.803814    
  2.330745     -4.693412    
  2.331714     -4.287081    
  2.331801     -4.146661    
  2.333101     -4.339926    
  2.333188     -4.475102    
  2.334187     -4.420327    
  2.335184     -4.554917    
  2.336179     -4.279246    
  2.337171     -4.366026    
  2.338161     -4.602425    
  2.339149     -4.347371    
  2.340135     -4.506453    
  2.341118     -4.208618    
  2.341205     -4.217693    
  2.341283     -4.215846    
  2.341370     -4.229068    
  2.341472     -4.261108    
  2.342320     -4.226908    
  2.343166     -4.327660    
  2.344011     -4.361155    
  2.344853     -4.338527    
  2.344940     -4.298987    
  2.345621     -4.213381    
  2.346301     -4.269733    
  2.346979     -4.187570    
  2.347657     -4.385882    
  2.348333     -4.212786    
  2.349009     -4.281837    
  2.349683     -4.408390    
  2.350356     -4.286122    
  2.350443     -4.288419    
  2.351331     -4.526495    
  2.352217     -4.585387    
  2.352659     -4.316037    
  2.353101     -4.324476    
  2.353542     -4.206853    
  2.353983     -4.534737    
  2.354070     -4.366846    
  2.354494     -4.183729    
  2.354917     -4.065851    
  2.355340     -4.409381    
  2.355762     -4.323048    
  2.355849     -4.290356    
  2.356283     -4.258085    
  2.356717     -4.380741    
  2.357149     -4.050395    
  2.357582     -4.135110    
  2.357669     -4.109417    
  2.362936     -4.069464    
  2.363023     -4.746357    
  2.376702     -4.035895    
  2.376789     -3.819204    
  2.381401     -4.345173    
  2.381488     -4.029447    
  2.381574     -3.924218    
  2.381660     -3.530276    
  2.384670     -3.943462    
  2.384757     -3.864889    
  2.387126     -4.963657    
  2.387213     -3.934533    
  2.396615     -3.669492    
  2.405819     -3.723079    
  2.405905     -3.551957    
  2.409345     -4.202983    
  2.409431     -4.034994    
  2.409967     -3.530992    
  2.410054     -3.394931    
  2.411501     -3.439872    
  2.411588     -3.463767    
  2.412778     -3.576137    
  2.412865     -3.589561    
  2.413098     -3.605508    
  2.413185     -3.672492    
  2.417228     -3.637170    
  2.417315     -3.636392    
  2.417448     -3.605823    
  2.417535     -3.615812    
  2.419545     -3.489946    
  2.419632     -3.524927    
  2.424108     -3.571703    
  2.424195     -3.733098    
  2.429911     -3.401718    
  2.429998     -3.524012    
  2.432147     -3.636764    
  2.432234     -3.557921    
  2.433514     -3.835345    
  2.433601     -3.773298    
  2.434762     -3.657202    
  2.434849     -3.637619    
  2.435182     -3.750734    
  2.435269     -3.777283    
  2.435570     -3.726597    
  2.435657     -3.755637    
  2.438099     -3.778363    
  2.438186     -3.791457    
  2.443115     -3.638450    
  2.443202     -3.747213    
  2.448046     -3.610410    
  2.448133     -3.902142    
  2.449372     -3.825867    
  2.449459     -3.687109    
  2.450924     -3.775509    
  2.451011     -3.802408    
  2.456026     -3.559486    
  2.456113     -3.570714    
  2.457105     -3.672932    
  2.457192     -3.744499    
  2.461170     -3.749609    
  2.461257     -3.816776    
  2.466286     -3.687629    
  2.466372     -3.613463    
  2.466976     -3.623922    
  2.467064     -3.688219    
  2.471828     -3.634652    
  2.471915     -3.638589    
  2.476442     -3.678956    
  2.476529     -3.684057    
  2.476628     -3.665726    
  2.476715     -3.642887    
  2.476977     -3.639797    
  2.477064     -3.666608    
  2.483465     -3.723149    
  2.483551     -3.128578    
  2.483824     -3.035756    
  2.483911     -3.008723    
  2.484130     -2.978364    
  2.484217     -3.007098    
  2.487600     -3.786672    
  2.490956     -3.668044    
  2.491043     -3.616098    
  2.493583     -3.683518    
  2.496107     -3.739492    
  2.496194     -3.627422    
  2.500074     -3.678551    
  2.503920     -3.749329    
  2.504007     -3.705767    
  2.504069     -3.700152    
  2.504156     -3.726230    
  2.506191     -3.670809    
  2.506278     -3.675825    
  2.506857     -3.661917    
  2.506943     -3.672410    
  2.507203     -3.674393    
  2.507290     -3.661949    
  2.511408     -3.698711    
  2.515486     -3.735355    
  2.515573     -3.674462    
  2.515719     -3.680435    
  2.515805     -3.687578    
  2.515872     -3.694039    
  2.515959     -3.692586    
  2.516943     -3.687753    
  2.517030     -3.695208    
  2.517941     -3.677487    
  2.518028     -3.674949    
  2.518445     -3.669583    
  2.518532     -3.739763    
  2.522095     -3.734888    
  2.525630     -3.779055    
  2.529136     -3.824913    
  2.532615     -3.747520    
  2.532701     -3.803907    
  2.536032     -3.789073    
  2.539337     -3.870376    
  2.539424     -3.712057    
  2.543132     -3.755494    
  2.546808     -3.703838    
  2.546895     -3.714318    
  2.547329     -3.743463    
  2.547416     -3.797638    
  2.551118     -3.766642    
  2.551204     -3.740963    
  2.554808     -3.838512    
  2.558382     -3.796452    
  2.558469     -3.807766    
  2.558869     -3.832625    
  2.558956     -3.766715    
  2.561557     -3.986105    
  2.561644     -3.838546    
  2.564082     -3.809687    
  2.566507     -3.770083    
  2.568917     -3.913491    
  2.571315     -3.776735    
  2.571402     -3.787987    
  2.571490     -3.789109    
  2.571576     -3.794584    
  2.574740     -3.845446    
  2.577880     -3.813666    
  2.580998     -3.829079    
  2.584094     -3.842949    
  2.587168     -3.866342    
  2.590220     -3.826275    
  2.593250     -3.856589    
  2.596260     -3.837953    
  2.596347     -3.854520    
  2.597646     -3.875953    
  2.597733     -3.848550    
  2.600542     -3.845359    
  2.603333     -3.874856    
  2.603420     -3.871536    
  2.606239     -3.875684    
  2.606324     -3.868877    
  2.606411     -3.875148    
  2.607237     -3.860130    
  2.607324     -3.857064    
  2.611491     -3.916248    
  2.615617     -3.893388    
  2.615704     -3.871288    
  2.619659     -3.964967    
  2.619746     -3.888463    
  2.620859     -3.888612    
  2.620946     -3.896523    
  2.621962     -3.980100    
  2.622049     -4.018700    
  2.625471     -3.917279    
  2.625557     -3.958509    
  2.626297     -3.884340    
  2.626384     -3.900228    
  2.627024     -3.893873    
  2.627111     -3.938879    
  2.630159     -3.930957    
  2.633186     -3.913443    
  2.633273     -3.917919    
  2.633585     -3.916616    
  2.633672     -3.905769    
  2.636750     -4.000803    
  2.639805     -3.932731    
  2.642840     -3.950810    
  2.645853     -3.991489    
  2.645940     -4.065922    
  2.646436     -4.003689    
  2.646523     -3.956202    
  2.648513     -3.958548    
  2.648600     -3.966378    
  2.650581     -3.971969    
  2.650668     -3.978300    
  2.652023     -3.973495    
  2.652110     -3.969547    
  2.653758     -3.972707    
  2.653845     -3.972390    
  2.654514     -3.978523    
  2.654601     -3.959443    
  2.655848     -4.193124    
  2.655935     -4.122662    
  2.656856     -3.949511    
  2.656943     -3.979075    
  2.659789     -3.992674    
  2.659876     -3.987544    
  2.661632     -3.993974    
  2.661711     -3.993853    
  2.661798     -3.993968    
  2.662838     -4.010202    
  2.662925     -4.012752    
  2.664288     -3.989101    
  2.665620     -4.015205    
  2.666947     -4.001087    
  2.668270     -4.017332    
  2.668357     -4.017621    
  2.669554     -4.012504    
  2.670748     -4.026867    
  2.670835     -4.027396    
  2.671974     -4.023073    
  2.673109     -4.055225    
  2.674242     -4.040002    
  2.675371     -4.037358    
  2.675458     -4.033780    
  2.676824     -4.032549    
  2.676911     -4.035296    
  2.677751     -4.043469    
  2.677838     -4.045060    
  2.679282     -4.050254    
  2.680721     -4.057421    
  2.682155     -4.046236    
  2.683585     -4.060386    
  2.683672     -4.058261    
  2.684694     -4.060143    
  2.685714     -4.069047    
  2.685801     -4.068581    
  2.685988     -4.067711    
  2.686075     -4.067486    
  2.686520     -4.067619    
  2.686607     -4.068108    
  2.687604     -4.070737    
  2.688599     -4.070178    
  2.688686     -4.069798    
  2.689315     -4.072803    
  2.689943     -4.074739    
  2.690571     -4.076756    
  2.691198     -4.078318    
  2.691823     -4.080793    
  2.692448     -4.081627    
  2.693072     -4.085135    
  2.693695     -4.085561    
  2.694317     -4.089574    
  2.694939     -4.090577    
  2.695559     -4.101953    
  2.696179     -4.091034    
  2.696797     -4.083039    
  2.697415     -4.090864    
  2.698032     -4.098175    
  2.698648     -4.100148    
  2.698717     -4.102602    
  2.698803     -4.106801    
  2.699142     -4.132234    
  2.699229     -4.166150    
  2.700077     -4.070215    
  2.700500     -4.089431    
  2.700923     -4.093271    
  2.701345     -4.102459    
  2.701767     -4.106179    
  2.702189     -4.109252    
  2.702610     -4.110486    
  2.702697     -4.114527    
  2.706323     -4.120347    
  2.706410     -4.111033    
  2.708352     -4.171816    
  2.708438     -4.195942    
  2.709271     -4.064135    
  2.709358     -4.119897    
  2.712230     -4.149727    
  2.712317     -4.137506    
  2.716395     -4.153220    
  2.716481     -4.152606    
  2.716568     -4.143803    
  2.718970     -4.164002    
  2.721359     -4.156489    
  2.721446     -4.154759    
  2.721792     -4.158461    
  2.721879     -4.163342    
  2.724957     -4.180075    
  2.725044     -4.178655    
  2.728368     -4.188328    
  2.728455     -4.188188    
  2.728556     -4.188574    
  2.728643     -4.189026    
  2.730036     -4.192733    
  2.730123     -4.193674    
  2.733020     -4.195710    
  2.735898     -4.209533    
  2.735985     -4.206830    
  2.736079     -4.208260    
  2.737059     -4.213955    
  2.737146     -4.215034    
  2.740300     -4.223500    
  2.740387     -4.221023    
  2.744215     -4.233642    
  2.748009     -4.243780    
  2.751770     -4.251343    
  2.755499     -4.269040    
  2.755586     -4.270148    
  2.758474     -4.272268    
  2.758561     -4.274646    
  2.759027     -4.276260    
  2.759113     -4.275404    
  2.759268     -4.275703    
  2.759355     -4.276767    
  2.759911     -4.280128    
  2.759997     -4.280656    
  2.760747     -4.284445    
  2.760833     -4.279848    
  2.762307     -4.277334    
  2.762394     -4.280790    
  2.764577     -4.297550    
  2.764664     -4.297833    
  2.765400     -4.298534    
  2.765487     -4.299067    
  2.765755     -4.299638    
  2.765842     -4.298555    
  2.767568     -4.303054    
  2.767655     -4.304704    
  2.771767     -4.305218    
  2.775841     -4.326740    
  2.775928     -4.327372    
  2.777541     -4.333612    
  2.777628     -4.337296    
  2.781421     -4.343083    
  2.781508     -4.344061    
  2.784445     -4.352376    
  2.787363     -4.364045    
  2.787450     -4.365173    
  2.789348     -4.366287    
  2.789435     -4.358633    
  2.792054     -4.373784    
  2.792141     -4.374972    
  2.795962     -4.379962    
  2.796049     -4.380521    
  2.798395     -4.397521    
  2.800729     -4.376971    
  2.803050     -4.410362    
  2.805359     -4.415039    
  2.807656     -4.426971    
  2.809941     -4.432384    
  2.812213     -4.440923    
  2.814474     -4.445108    
  2.814561     -4.449806    
  2.815775     -4.446778    
  2.815862     -4.449132    
  2.816430     -4.453375    
  2.816517     -4.452592    
  2.818570     -4.459949    
  2.818657     -4.460766    
  2.821422     -4.467619    
  2.824169     -4.478401    
  2.826900     -4.486010    
  2.829613     -4.493412    
  2.829700     -4.493900    
  2.832139     -4.502328    
  2.834565     -4.507322    
  2.836978     -4.515303    
  2.839377     -4.493490    
  2.839464     -4.512474    
  2.842740     -4.538172    
  2.845992     -4.505325    
  2.846054     -4.530019    
  2.846141     -4.532386    
  2.846320     -4.535133    
  2.846407     -4.534536    
  2.846929     -4.540102    
  2.847016     -4.542923    
  2.850284     -4.556734    
  2.850371     -4.557392    
  2.851107     -4.559619    
  2.851194     -4.558623    
  2.851272     -4.558769    
  2.851359     -4.559291    
  2.851605     -4.560677    
  2.851692     -4.560982    
  2.852969     -4.556089    
  2.853056     -4.562979    
  2.856721     -4.523550    
  2.856808     -4.583708    
  2.860014     -4.552307    
  2.863196     -4.600099    
  2.863283     -4.590732    
  2.866961     -4.607938    
  2.867048     -4.606579    
  2.867158     -4.614303    
  2.871477     -4.604660    
  2.871560     -4.607875    
  2.871647     -4.610642    
  2.874394     -4.648887    
  2.877123     -4.583813    
  2.877210     -4.624153    
  2.879769     -4.644110    
  2.882313     -4.654788    
  2.882400     -4.653760    
  2.882670     -4.651032    
  2.882757     -4.835028    
  2.885337     -4.598570    
  2.885423     -4.573057    
  2.886380     -4.605805    
  2.886467     -4.609365    
  2.886654     -4.615001    
  2.886741     -4.627503    
  2.889314     -4.670791    
  2.889401     -4.666723    
  2.891964     -4.679203    
  2.892051     -4.653886    
  2.893704     -4.678274    
  2.893791     -4.680144    
  2.894071     -4.683917    
  2.894158     -4.683922    
  2.895095     -4.689270    
  2.895182     -4.687694    
  2.896767     -4.686437    
  2.896854     -4.694115    
  2.897787     -4.699390    
  2.897874     -4.696959    
  2.900589     -4.708577    
  2.900676     -4.686745    
  2.902856     -4.707160    
  2.905026     -4.718963    
  2.905113     -4.720452    
  2.908098     -4.704408    
  2.908185     -4.718888    
  2.908477     -4.722284    
  2.908564     -4.719486    
  2.910090     -4.734812    
  2.910176     -4.740556    
  2.913363     -4.750759    
  2.916527     -4.758172    
  2.916614     -4.759852    
  2.916785     -4.760173    
  2.916872     -4.759613    
  2.917171     -4.759641    
  2.917258     -4.759941    
  2.919518     -4.768554    
  2.921765     -4.776069    
  2.921852     -4.774246    
  2.925029     -4.778227    
  2.925116     -4.780598    
  2.925941     -4.789822    
  2.926028     -4.786528    
  2.927554     -4.794320    
  2.927641     -4.795175    
  2.927950     -4.792961    
  2.928037     -4.782404    
  2.928671     -4.782667    
  2.928758     -4.790058    
  2.929127     -4.792685    
  2.929213     -4.794492    
  2.929524     -4.799304    
  2.929611     -4.800864    
  2.930245     -4.801638    
  2.930332     -4.801701    
  2.930604     -4.801718    
  2.930691     -4.801785    
  2.930963     -4.803206    
  2.931050     -4.803094    
  2.934646     -4.802257    
  2.934733     -4.815746    
  2.936807     -4.823125    
  2.936894     -4.823853    
  2.937412     -4.826774    
  2.937499     -4.827193    
  2.937612     -4.827736    
  2.939332     -4.819013    
  2.939418     -4.826999    
  2.941608     -4.837453    
  2.943787     -4.810875    
  2.943874     -4.836098    
  2.945266     -4.850052    
  2.945353     -4.847260    
  2.946273     -4.852159    
  2.946360     -4.853520    
  2.946687     -4.848432    
  2.946774     -4.806551    
  2.949036     -4.835114    
  2.951287     -4.872448    
  2.951374     -4.852105    
  2.953319     -4.875441    
  2.953406     -4.873615    
  2.953750     -4.871914    
  2.953837     -4.872186    
  2.954344     -4.872909    
  2.954431     -4.873615    
  2.955739     -4.845841    
  2.955826     -4.863451    
  2.956162     -4.871069    
  2.956249     -4.875569    
  2.956822     -4.882886    
  2.956909     -4.882023    
  2.957620     -4.877450    
  2.957703     -4.879558    
  2.957790     -4.880331    
  2.958622     -4.878660    
  2.958708     -4.879658    
  2.959196     -4.881722    
  2.959269     -4.879220    
  2.959356     -4.876867    
  2.959520     -4.867462    
  2.959575     -4.861977    
  2.959642     -4.854814    
  2.959729     -4.845914    
  2.959839     -4.839141    
  2.959926     -4.840663    
  2.960694     -4.855844    
  2.960781     -4.852618    
  2.961021     -4.839478    
  2.961108     -4.826164    
  2.961209     -4.802961    
  2.965318     -4.982853    
  2.965405     -4.930089    
  2.969227     -4.875560    
  2.969314     -4.898406    
  2.972533     -4.887749    
  2.975728     -4.865729    
  2.975815     -4.877081    
  2.976166     -4.892846    
  2.976253     -4.928485    
  2.979351     -4.898869    
  2.982423     -4.952420    
  2.982509     -4.961743    
  2.982872     -4.960602    
  2.982959     -4.898853    
  2.986873     -4.988397    
  2.990753     -4.894168    
  2.994598     -4.970971    
  2.998409     -4.922824    
  3.002187     -4.994312    
  3.005933     -4.959002    
  3.009646     -5.084778    
  3.013329     -4.858344    
  3.016980     -5.033816    
  3.020600     -5.035552    
  3.024191     -5.055748    
  3.027752     -4.909719    
  3.031285     -5.116220    
  3.034788     -5.072282    
  3.038264     -4.989595    
  3.041713     -5.074840    
  3.041799     -5.063919    
  3.044019     -5.133799    
  3.044106     -5.130961    
  3.046417     -5.157364    
  3.046504     -5.150870    
  3.047266     -5.140291    
  3.047353     -5.285117    
  3.050503     -5.054972    
  3.053630     -5.048887    
  3.056735     -5.271624    
  3.059819     -5.014870    
  3.062880     -5.223889    
  3.065920     -5.157738    
  3.068939     -5.146205    
  3.071937     -5.196674    
  3.072024     -5.391016    
  3.074515     -5.074689    
  3.074602     -5.190539    
  3.077416     -5.231639    
  3.080211     -5.257365    
  3.082988     -5.345493    
  3.085748     -5.071665    
  3.085835     -4.639981    
  3.088164     -4.986926    
  3.088251     -5.042529    
  3.089222     -5.244186    
  3.089309     -5.184743    
  3.091849     -5.285867    
  3.091936    -100.00000    
  3.095352     -4.586635    
  3.095438     -4.537345    
  3.096179     -4.714156    
  3.096266     -4.846996    
  3.099969     -5.464966    
  3.100056     -5.344989    
  3.102791     -5.288852    
  3.105509     -5.330525    
  3.105596     -5.341649    
  3.108813     -5.337208    
  3.112005     -5.351475    
  3.112092     -5.351930    
  3.114687     -5.367491    
  3.114774     -5.370074    
  3.114901     -5.367450    
  3.114988     -5.362504    
  3.116978     -5.387943    
  3.117065     -5.386972    
  3.117740     -5.377996    
  3.117827     -5.376544    
  3.118223     -5.377651    
  3.118310     -5.379871    
  3.120853     -5.389043    
  3.123381     -5.403001    
  3.123468     -5.445430    
  3.125997     -5.393516    
  3.126084     -5.335297    
  3.127687     -5.377665    
  3.127774     -5.395536    
  3.129225     -5.410148    
  3.129312     -5.439441    
  3.132455     -5.410158    
  3.135577     -5.446912    
  3.135664     -5.440768    
  3.136182     -5.443314    
  3.136269     -5.455047    
  3.138696     -5.443559    
  3.141109     -5.459139    
  3.141196     -5.459448    
  3.144101     -5.463828    
  3.144188     -5.452758    
  3.144956     -5.465263    
  3.145043     -5.468534    
  3.146758     -5.480347    
  3.146845     -5.479659    
  3.146975     -5.480106    
  3.147795     -5.483264    
  3.147882     -5.483619    
  3.148729     -5.486281    
  3.148816     -5.485639    
  3.150639     -5.492192    
  3.150726     -5.492877    
  3.151276     -5.494819    
  3.151363     -5.495426    
  3.153068     -5.500676    
  3.153155     -5.501140    
  3.153381     -5.502194    
  3.153434     -5.502310    
  3.153521     -5.502421    
  3.155016     -5.506754    
  3.155103     -5.507092    
  3.156074     -5.510130    
  3.156161     -5.510688    
  3.160418     -5.524831    
  3.164633     -5.537909    
  3.164720     -5.538636    
  3.165979     -5.542954    
  3.166066     -5.541399    
  3.168877     -5.552611    
  3.171670     -5.561500    
  3.171756     -5.562007    
  3.173578     -5.567647    
  3.173665     -5.569302    
  3.177077     -5.564841    
  3.180463     -5.590417    
  3.180550     -5.589016    
  3.181960     -5.595483    
  3.182047     -5.596430    
  3.184770     -5.605370    
  3.187477     -5.614197    
  3.187564     -5.614410    
  3.188338     -5.616343    
  3.188425     -5.616722    
  3.189356     -5.620000    
  3.189443     -5.861504    
  3.191119     -5.697803    
  3.191206     -5.524982    
  3.192224     -5.507793    
  3.192311     -5.531298    
  3.194885     -5.642594    
  3.194972     -5.629127    
  3.196916     -5.645561    
  3.197003     -5.645156    
  3.200094     -5.656160    
  3.203162     -5.665722    
  3.203250     -5.666091    
  3.204674     -5.669915    
  3.204761     -5.670277    
  3.207365     -5.679582    
  3.207452     -5.691185    
  3.209994     -5.633549    
  3.212521     -5.686395    
  3.215033     -5.344752    
  3.217531     -4.933766    
  3.217618     -5.154919    
  3.218164     -5.308714    
  3.218251     -5.327636    
  3.218329     -5.348443    
  3.218415     -5.466412    
  3.222383     -5.772288    
  3.226315     -5.743456    
  3.230212     -5.753164    
  3.234074     -5.762484    
  3.237901     -5.770737    
  3.241696     -5.790539    
  3.245457     -5.803305    
  3.249187     -5.814905    
  3.249274     -5.816073    
  3.251238     -5.822089    
  3.251325     -5.822213    
  3.251523     -5.823008    
  3.251610     -5.823849    
  3.254604     -5.833521    
  3.257576     -5.843387    
  3.260529     -5.851466    
  3.263462     -5.863680    
  3.263549     -5.863756    
  3.265995     -5.871846    
  3.268428     -5.880954    
  3.270847     -5.860541    
  3.273253     -5.886399    
  3.273340     -5.891994    
  3.276535     -5.906743    
  3.279706     -5.916732    
  3.279793     -5.915684    
  3.281662     -5.919029    
  3.281749     -5.924537    
  3.285833     -5.931068    
  3.285920     -5.933720    
  3.289028     -5.948056    
  3.289115     -5.947275    
  3.291415     -5.954819    
  3.291501     -5.955284    
  3.293929     -5.963325    
  3.296343     -5.971381    
  3.298744     -5.978980    
  3.301132     -5.987009    
  3.301219     -5.986652    
  3.305074     -6.000247    
  3.305161     -6.000245    
  3.305985     -6.002724    
  3.306072     -6.003074    
  3.306887     -6.005798    
  3.306974     -6.005914    
  3.309850     -6.015570    
  3.309937     -6.015741    
  3.310624     -6.017834    
  3.310710     -6.019651    
  3.311825     -6.011844    
  3.311912     -6.014407    
  3.312012     -6.015634    
  3.312099     -6.017717    
  3.314648     -6.031776    
  3.317181     -6.041472    
  3.319700     -6.050405    
  3.322204     -6.056000    
  3.324695     -6.062327    
  3.327170     -6.069953    
  3.329632     -6.078195    
  3.332080     -6.084856    
  3.334514     -6.087427    
  3.336935     -6.102586    
  3.339342     -6.111210    
  3.341736     -6.106459    
  3.344117     -6.125653    
  3.346485     -6.132391    
  3.348840     -6.129958    
  3.351182     -6.153905    
  3.351269     -6.162748    
  3.354866     -6.135000    
  3.358433     -6.180006    
  3.361971     -6.194926    
  3.365480     -6.142316    
  3.365567     -6.161325    
  3.367434     -6.206204    
  3.367521     -6.202140    
  3.370087     -6.215025    
  3.372609     -6.212844    
  3.375118     -6.225854    
  3.377612     -6.237057    
  3.377699     -6.216264    
  3.380754     -6.195554    
  3.383787     -6.260340    
  3.386800     -6.267918    
  3.389792     -6.276832    
  3.389879     -6.277979    
  3.392466     -6.284547    
  3.395039     -6.293752    
  3.395126     -6.293451    
  3.397959     -6.302837    
  3.398046     -6.302812    
  3.398416     -6.304077    
  3.398503     -6.320263    
  3.400855     -6.263976    
  3.400942     -6.198295    
  3.402428     -6.179232    
  3.402515     -6.229275    
  3.404126     -6.314248    
  3.404213     -6.308362    
  3.406921     -6.333616    
  3.409611     -6.342071    
  3.412285     -6.350450    
  3.414942     -6.358913    
  3.415029     -6.358999    
  3.419186     -6.372754    
  3.423303     -6.385881    
  3.427382     -6.399015    
  3.431422     -6.411926    
  3.431509     -6.410687    
  3.434904     -6.466016    
  3.438273     -6.208540    
  3.441616     -6.462366    
  3.444934     -6.459501    
  3.445021     -6.456510    
  3.447484     -6.463844    
  3.449934     -6.471826    
  3.450021     -6.472277    
  3.452474     -6.480104    
  3.454914     -6.486925    
  3.455001     -6.487214    
  3.457947     -6.497465    
  3.460873     -6.505237    
  3.463780     -6.516054    
  3.466667     -6.525093    
  3.466754     -6.525914    
  3.467583     -6.528560    
  3.467670     -6.528650    
  3.469453     -6.533613    
  3.469505     -6.534202    
  3.469592     -6.534494    
  3.469843     -6.535392    
  3.469930     -6.535774    
  3.471179     -6.539949    
  3.471266     -6.540004    
  3.474100     -6.548162    
  3.474187     -6.555243    
  3.476423     -6.527413    
  3.478648     -6.456464    
  3.480861     -6.570542    
  3.483063     -6.579191    
  3.483150     -6.578340    
  3.485959     -6.587872    
  3.488749     -6.596781    
  3.491522     -6.605694    
  3.494277     -6.614554    
  3.494364     -6.614776    
  3.496766     -6.622478    
  3.499154     -6.629900    
  3.501530     -6.637645    
  3.503893     -6.696029    
  3.506243     -6.336955    
  3.508580     -6.408064    
  3.510905     -6.661376    
  3.513217     -6.678256    
  3.513304     -6.675471    
  3.515963     -6.684786    
  3.518606     -6.692655    
  3.521233     -6.701010    
  3.523845     -6.709348    
  3.526440     -6.717542    
  3.529020     -6.725885    
  3.531585     -6.734115    
  3.534135     -6.741667    
  3.534222     -6.742482    
  3.536649     -6.750469    
  3.539062     -6.757735    
  3.541462     -6.764237    
  3.543849     -6.766755    
  3.543936     -6.768859    
  3.544500     -6.762721    
  3.544586     -6.763425    
  3.547376     -6.784881    
  3.550148     -6.793089    
  3.550235     -6.793252    
  3.552940     -6.801327    
  3.555627     -6.808988    
  3.555714     -6.809019    
  3.556728     -6.812446    
  3.556815     -6.812599    
  3.557696     -6.815910    
  3.557783     -6.816447    
  3.558846     -6.820612    
  3.558933     -6.820859    
  3.559110     -6.821492    
  3.559197     -6.821796    
  3.559291     -6.822124    
  3.559378     -6.822439    
  3.560851     -6.827510    
  3.560938     -6.827729    
  3.561019     -6.827978    
  3.561106     -6.828257    
  3.561368     -6.829003    
  3.561455     -6.829182    
  3.561549     -6.829383    
  3.561702     -6.829824    
  3.561789     -6.830344    
  3.561899     -6.830704    
  3.561986     -6.831355    
  3.562293     -6.829994    
  3.565681     -6.847863    
  3.565768     -6.850805    
  3.568672     -6.860319    
  3.571556     -6.868372    
  3.574422     -6.870275    
  3.577268     -6.879237    
  3.580096     -6.888499    
  3.582906     -6.887650    
  3.585698     -6.898099    
  3.588471     -6.907770    
  3.591228     -6.915928    
  3.593966     -6.930626    
  3.596688     -6.936145    
  3.599393     -6.955647    
  3.602081     -6.924205    
  3.604752     -6.973587    
  3.607407     -6.955470    
  3.610046     -6.991011    
  3.610133     -6.987556    
  3.612394     -7.004559    
  3.614642     -6.925346    
  3.616880     -6.995827    
  3.619105     -7.015630    
  3.621319     -7.024476    
  3.623523     -7.025372    
  3.625715     -6.989674    
  3.627896     -7.045375    
  3.627982     -7.040957    
  3.630428     -7.051187    
  3.632293     -7.056770    
  3.632379     -7.056844    
  3.635363     -7.069637    
  3.638325     -6.995898    
  3.641268     -7.029141    
  3.644191     -7.098018    
  3.644278     -7.092899    
  3.646967     -7.102680    
  3.649640     -7.110620    
  3.652297     -7.119546    
  3.654938     -7.120302    
  3.655025     -7.100412    
  3.657211     -7.127898    
  3.659385     -7.032457    
  3.659472     -7.080086    
  3.663615     -7.169008    
  3.663702     -6.980081    
  3.666918     -7.056799    
  3.670110     -7.182804    
  3.670197     -6.753849    
  3.674031     -6.634197    
  3.677831     -7.245685    
  3.681598     -7.212341    
  3.685333     -7.220225    
  3.685420     -7.330467    
  3.688862     -6.926003    
  3.688948     -6.989121    
  3.690731     -7.185933    
  3.690818     -7.171050    
  3.691459     -7.202275    
  3.691546     -7.207579    
  3.694812     -7.161267    
  3.694898     -7.210996    
  3.695365     -7.220346    
  3.695452     -7.221721    
  3.695518     -7.223408    
  3.695605     -7.234650    
  3.698701     -7.262596    
  3.701776     -7.270434    
  3.704828     -7.279719    
  3.707860     -7.288758    
  3.710870     -7.297716    
  3.712650     -7.303820    
  3.713860     -7.306734    
  3.716830     -7.315944    
  3.719779     -7.325314    
  3.719866     -7.325185    
  3.723198     -7.335670    
  3.726504     -7.345607    
  3.729786     -7.355592    
  3.733043     -7.365107    
  3.733130     -7.228504    
  3.736895     -7.264310    
  3.740628     -7.399732    
  3.740715     -7.388355    
  3.743507     -7.397770    
  3.746281     -7.405781    
  3.749037     -7.414087    
  3.751777     -7.422339    
  3.751863     -7.422593    
  3.754658     -7.430810    
  3.754745     -7.431104    
  3.755217     -7.432787    
  3.755304     -7.433047    
  3.755522     -7.433682    
  3.755609     -7.433263    
  3.758467     -7.448188    
  3.761306     -7.457983    
  3.764127     -7.462949    
  3.766929     -7.472956    
  3.769713     -7.483219    
  3.772480     -7.490286    
  3.775229     -7.492650    
  3.777961     -7.501776    
  3.778048     -7.499523    
  3.778151     -7.502151    
  3.781161     -7.510857    
  3.784252     -7.519576    
  3.787320     -7.528488    
  3.790368     -7.539820    
  3.793394     -7.549054    
  3.796399     -7.549893    
  3.799384     -7.574243    
  3.802348     -7.559793    
  3.802435     -7.572751    
  3.806009     -7.592445    
  3.806096     -7.588244    
  3.809815     -7.583564    
  3.809902     -7.597089    
  3.811377     -7.605292    
  3.811464     -7.604177    
  3.811517     -7.604171    
  3.811568     -7.604120    
  3.811655     -7.595578    
  3.814154     -7.616956    
  3.816638     -7.541341    
  3.819108     -7.026715    
  3.821564     -7.625288    
  3.821651     -7.548011    
  3.825835     -7.644863    
  3.829979     -7.657859    
  3.834084     -7.676500    
  3.838150     -7.687782    
  3.838237     -7.680717    
  3.840994     -7.655236    
  3.843735     -7.705933    
  3.846458     -7.712684    
  3.849164     -7.720301    
  3.851853     -7.728642    
  3.854526     -7.739768    
  3.857182     -7.693377    
  3.859823     -7.734844    
  3.859910     -7.743056    
  3.862754     -7.761340    
  3.865581     -7.769422    
  3.868389     -7.777673    
  3.871179     -7.785932    
  3.871266     -7.786178    
  3.873695     -7.793388    
  3.876111     -7.800522    
  3.878513     -7.813213    
  3.880902     -7.787998    
  3.880989     -7.692422    
  3.884377     -7.794080    
  3.887739     -7.834760    
  3.891076     -7.844890    
  3.894387     -7.854459    
  3.894474     -7.854776    
  3.898660     -7.866957    
  3.898747     -7.867380    
  3.901486     -7.875330    
  3.904208     -7.883454    
  3.904295     -7.883374    
  3.905384     -7.887003    
  3.905471     -7.887131    
  3.908472     -7.895879    
  3.908559     -7.896148    
  3.912193     -7.906926    
  3.912280     -7.907015    
  3.913068     -7.909194    
  3.913155     -7.909621    
  3.913273     -7.910122    
  3.913714     -7.911576    
  3.913769     -7.911669    
  3.913842     -7.911853    
  3.913889     -7.911963    
  3.913972     -7.912277    
  3.914081     -7.912509    
  3.914168     -7.939807    
  3.916915     -7.846443    
  3.917002     -7.772400    
  3.919240     -7.897796    
  3.921466     -7.943745    
  3.923680     -7.949619    
  3.925884     -7.953082    
  3.928076     -7.958788    
  3.930258     -7.965389    
  3.934588     -7.977453    
  3.938875     -7.985489    
  3.943121     -7.995954    
  3.947325     -8.014095    
  3.951490     -8.015702    
  3.955614     -8.030082    
  3.959700     -8.047463    
  3.963748     -8.072831    
  3.967758     -8.069900    
  3.971732     -7.915252    
  3.975669     -8.109173    
  3.979571     -8.105852    
  3.983439     -8.073211    
  3.983526     -8.114423    
  3.987126     -8.139062    
  3.990697     -8.126510    
  3.994239     -8.157478    
  3.997752     -8.167441    
  3.997838     -8.167363    
  4.000147     -8.177106    
  4.002444     -8.159519    
  4.004728     -8.119877    
  4.007001     -7.453630    
  4.009262     -8.024366    
  4.011511     -8.185337    
  4.013748     -8.213387    
  4.015974     -8.222086    
  4.018189     -8.215581    
  4.020392     -8.192323    
  4.022585     -8.236170    
  4.024766     -8.244704    
  4.029096     -8.257449    
  4.033383     -8.269604    
  4.033470     -8.270026    
  4.034774     -8.273695    
  4.034861     -8.273855    
  4.038365     -8.283955    
  4.038452     -8.306208    
  4.040802     -8.133358    
  4.043140     -8.283755    
  4.045465     -8.284358    
  4.047778     -8.289375    
  4.047865     -8.300918    
  4.051277     -8.325907    
  4.054632     -8.332627    
  4.057962     -8.342674    
  4.061267     -8.354298    
  4.061354     -8.360662    
  4.065579     -8.158580    
  4.069764     -8.255987    
  4.073909     -8.398992    
  4.078015     -8.395955    
  4.078102     -8.398317    
  4.080241     -8.408317    
  4.080328     -8.407644    
  4.080857     -8.407555    
  4.080944     -8.407784    
  4.081009     -8.408026    
  4.081054     -8.408656    
  4.082194     -8.407094    
  4.082281     -8.410913    
  4.084738     -8.415425    
  4.087181     -8.422876    
  4.089611     -8.432496    
  4.092028     -8.434678    
  4.094430     -8.444836    
  4.096820     -8.449818    
  4.099197     -8.458111    
  4.101560     -8.459727    
  4.101647     -8.465693    
  4.104844     -8.480325    
  4.108018     -8.352761    
  4.111169     -8.359837    
  4.114297     -8.499737    
  4.117403     -8.515996    
  4.120486     -8.506904    
  4.123548     -8.530396    
  4.126589     -8.540723    
  4.129608     -8.530359    
  4.132606     -8.555570    
  4.135584     -8.564180    
  4.138542     -8.575740    
  4.141479     -8.557232    
  4.144397     -8.589452    
  4.147296     -8.597014    
  4.150175     -8.605173    
  4.150262     -8.605378    
  4.153103     -8.617394    
  4.155926     -8.593956    
  4.156013     -8.587236    
  4.158103     -8.624230    
  4.158190     -8.623397    
  4.161727     -8.637824    
  4.161814     -8.637470    
  4.163762     -8.643203    
  4.163849     -8.643560    
  4.163959     -8.643846    
  4.164046     -8.643394    
  4.166389     -8.657052    
  4.168720     -8.662445    
  4.171039     -8.486192    
  4.173345     -8.637002    
  4.175640     -8.664682    
  4.177922     -8.690107    
  4.180192     -8.703276    
  4.182450     -8.699926    
  4.184697     -8.705739    
  4.186932     -8.711562    
  4.189156     -8.717719    
  4.191369     -8.728679    
  4.193570     -8.717007    
  4.195760     -8.745541    
  4.197939     -8.685401    
  4.200107     -8.741234    
  4.204411     -8.764184    
  4.208673     -8.763456    
  4.212894     -8.789042    
  4.217074     -8.783112    
  4.221214     -8.806890    
  4.225315     -8.818604    
  4.229377     -8.775812    
  4.233402     -8.842214    
  4.233489     -8.832059    
  4.235773     -8.850986    
  4.238044     -8.860679    
  4.240303     -8.836494    
  4.242551     -8.852054    
  4.244787     -8.875611    
  4.247012     -8.884497    
  4.249225     -8.878641    
  4.251427     -8.887719    
  4.251514     -8.891952    
  4.255198     -8.906423    
  4.258852     -8.910578    
  4.262474     -8.888757    
  4.266067     -8.939212    
  4.266154     -8.935429    
  4.268659     -9.483870    
  4.271149     -8.424462    
  4.273626     -8.325313    
  4.276088     -8.608578    
  4.278536     -8.943822    
  4.280971     -8.977229    
  4.283392     -8.987411    
  4.285800     -8.993661    
  4.288194     -9.007374    
  4.290575     -8.916796    
  4.292943     -9.005924    
  4.295299     -9.018778    
  4.297641     -9.025876    
  4.299971     -9.032320    
  4.302289     -9.038657    
  4.304595     -9.044965    
  4.306888     -9.051650    
  4.309169     -9.047947    
  4.311438     -9.034655    
  4.313695     -9.069370    
  4.315941     -9.075671    
  4.318175     -9.082209    
  4.320398     -9.090198    
  4.322610     -9.079319    
  4.324810     -9.097396    
  4.326999     -9.101695    
  4.329177     -9.109663    
  4.331345     -9.117561    
  4.335647     -9.067989    
  4.339907     -9.095330    
  4.339994     -9.034215    
  4.343342     -9.070342    
  4.346664     -9.153715    
  4.349961     -9.169178    
  4.353233     -9.178128    
  4.353320     -9.179820    
  4.356074     -9.170626    
  4.356161     -9.177365    
  4.357582     -9.186879    
  4.357669     -9.187339    
  4.357779     -9.187952    
  4.357865     -9.188842    
  4.360696     -9.203164    
  4.363507     -9.212238    
  4.366301     -9.206412    
  4.369077     -9.234689    
  4.371835     -9.172177    
  4.374576     -9.237293    
  4.377300     -9.234988    
  4.380006     -9.253739    
  4.382696     -9.260822    
  4.385369     -9.267442    
  4.388026     -9.275441    
  4.390667     -9.278923    
  4.393292     -9.272804    
  4.395901     -9.298488    
  4.398495     -9.300482    
  4.401073     -9.314159    
  4.403636     -9.313342    
  4.406183     -9.326543    
  4.408716     -9.328182    
  4.411235     -9.314977    
  4.413739     -9.347091    
  4.416228     -9.355688    
  4.418703     -9.333008    
  4.421164     -9.159750    
  4.423612     -9.360083    
  4.426045     -9.382085    
  4.428465     -9.368558    
  4.430872     -9.389818    
  4.433266     -9.370600    
  4.435646     -9.400604    
  4.438013     -9.413304    
  4.440368     -9.420109    
  4.440455     -9.408745    
  4.442834     -9.404260    
  4.445201     -9.436616    
  4.445288     -9.433811    
  4.447569     -9.442453    
  4.449839     -9.440662    
  4.452097     -9.258222    
  4.454343     -9.311370    
  4.456578     -9.456305    
  4.458801     -9.451963    
  4.461013     -9.423730    
  4.463213     -9.473932    
  4.465403     -9.489231    
  4.467581     -9.496826    
  4.471906     -9.500222    
  4.476188     -9.519994    
  4.480428     -9.396753    
  4.512937     -9.600812    
  4.513024     -9.619310    
  4.514610     -9.623291    
  4.514697     -9.622818    
  4.515945     -9.626786    
  4.516032     -9.626972    
  4.516141     -9.627261    
  4.516228     -9.624951    
  4.585469     -9.801349    
  4.585556     -9.767545    
  4.648489     -9.954888    
  4.648576     -9.986605    
  4.649548     -9.989932    
  4.649635     -9.990167    
  4.649838     -9.990815    
  4.649925     -9.991109    
  4.650035     -9.991453    
  4.650122     -9.945661    
  4.709765     -10.11720    
  4.709852     -10.14453    
  4.765753     -10.27983    
  4.765822     -10.30469    
  4.765909     -10.30781    
  4.766019     -10.31175    
  4.766106     -10.29117    
  4.818480     -10.45863    
  4.818567     -10.41815    
  4.868094     -10.52994    
  4.868152     -10.58378    
  4.868214     -10.58397    
  4.868324     -10.58428    
  4.868411     -10.47642    
  4.915089     -10.76238    
  4.915176     -10.71301    
  4.959449     -10.82667    
  4.959536     -10.82897    
  4.959642     -10.81706    
  4.959729     -10.80594    
  4.959839     -10.79558    
  4.959925     -10.82004    
  5.002021     -10.86597    
  5.002108     -10.94867    
  5.041986     -11.05631    
  5.042072     -11.07261    
  5.042428     -11.06918    
  5.042515     -11.06838    
  5.042624     -11.06738    
  5.042711     -11.03793    
  5.081038     -11.15532    
  5.081125     -11.10788    
  5.117569     -11.25240    
  5.117655     -11.26933    
  5.118005     -11.23405    
  5.118092     -11.02720    
  5.118201     -10.89905    
  5.118288     -11.16089    
  5.153462     -11.39412    
  5.153549     -11.34795    
  5.187204     -11.44554    
  5.187290     -11.43167    
  5.187529     -11.43288    
  5.187616     -11.43333    
  5.187725     -11.43388    
  5.187812     -11.43206    
  5.251180     -11.57462    
  5.251266     -11.60636    
  5.251931     -11.61323    
  5.252018     -11.61265    
  5.252095     -11.61268    
  5.252182     -11.59987    
  5.311750     -11.74823    
  5.311837     -11.78962    
  5.311944     -11.79273    
  5.312021     -11.79429    
  5.312108     -11.77622    
  5.368079     -11.88275    
  5.368165     -11.90782    
  5.420736     -12.05884    
  5.420823     -12.04245    
  5.470384     -12.16052    
  5.470471     -12.17990    
  5.517346     -12.31506    
  5.517433     -12.29790    
  5.561899     -12.42922    
  5.561985     -12.42844    
  5.604277     -12.52032    
  5.604364     -12.54620    
  5.644684     -12.63961    
  5.644771     -12.64272    
  6.101351     -13.86139    
  6.318972     -14.46851    
  6.571403     -15.16217    
  6.845929     -15.92451    
  7.133075     -16.73628    
  7.426993     -17.59956    
  7.724423     -18.53776    
  8.023641     -19.63645    
  8.323763     -21.24604    
  8.624338    -100.00000    
  8.925140    -100.00000    
