 0.6989700    -100.00000    
 0.7247828    -100.00000    
 0.7491470    -100.00000    
 0.7722168    -100.00000    
 0.7941226    -100.00000    
 0.8348744    -100.00000    
 0.8721282    -100.00000    
 0.9064373     -34.16788    
 0.9382333     -33.29181    
 0.9678594     -32.90462    
 0.9955930     -32.86592    
  1.021661     -33.11878    
  1.046253     -33.63800    
  1.069527     -34.41253    
  1.091616     -35.43783    
  1.132686    -100.00000    
  1.170205    -100.00000    
  1.204739    -100.00000    
  1.236728    -100.00000    
  1.266522    -100.00000    
  1.294403    -100.00000    
  1.320601    -100.00000    
  1.345308    -100.00000    
  1.368685    -100.00000    
  1.390867    -100.00000    
  1.390954     -47.18245    
  1.407231    -100.00000    
  1.407318     -48.65469    
  1.416604    -100.00000    
  1.416691     -39.65570    
  1.434239    -100.00000    
  1.434325     -41.20437    
  1.438732     -41.84001    
  1.438819     -41.62538    
  1.442990     -42.15830    
  1.443077     -42.30558    
  1.465932    -100.00000    
  1.466019     -44.33759    
  1.466567     -44.39181    
  1.466654     -44.60087    
  1.485460    -100.00000    
  1.485547     -46.25538    
  1.485843     -46.28398    
  1.485930     -46.43915    
  1.499937     -47.32696    
  1.500023     -45.57494    
  1.502811     -45.78600    
  1.502898     -46.13285    
  1.515152    -100.00000    
  1.515239     -47.43881    
  1.538911    -100.00000    
  1.538998     -49.69842    
  1.541754     -49.99977    
  1.541841     -49.92585    
  1.544410    -100.00000    
  1.544497     -49.74904    
  1.546755    -100.00000    
  1.546842     -50.56336    
  1.568094    -100.00000    
  1.568181     -52.66099    
  1.576102     -53.79277    
  1.576189     -53.40743    
  1.577032     -53.49300    
  1.577119     -53.57709    
  1.586189     -55.15289    
  1.586276     -54.40643    
  1.587530     -54.52956    
  1.587617     -54.67505    
  1.602078    -100.00000    
  1.602165     -55.88659    
  1.604747     -56.32907    
  1.604834     -56.06901    
  1.629405    -100.00000    
  1.629492     -58.11609    
  1.633100     -58.35624    
  1.633187     -58.39409    
  1.643761     -59.14381    
  1.643848     -58.98806    
  1.646889     -59.16828    
  1.646976     -59.17786    
  1.653070     -59.54910    
  1.653157     -59.60601    
  1.667964    -100.00000    
  1.668051     -60.78161    
  1.673067     -60.85701    
  1.673154     -60.79481    
  1.673452     -60.78179    
  1.673539    -100.00000    
  1.683736     -59.66787    
  1.683823     -59.85929    
  1.689301     -58.80139    
  1.689388     -58.72884    
  1.690173     -58.62026    
  1.690260     -58.61837    
  1.691919     -58.38685    
  1.692006    -100.00000    
  1.709636     -56.34751    
  1.709723     -56.22812    
  1.714846     -55.54283    
  1.714933     -55.50857    
  1.717233     -55.24236    
  1.717320     -55.22325    
  1.717576     -55.19409    
  1.717663     -55.19431    
  1.719536     -54.97769    
  1.719623     -54.97673    
  1.721805     -54.71887    
  1.721892     -54.74932    
  1.725295     -54.31941    
  1.725382     -54.56509    
  1.731154     -53.63521    
  1.731241     -53.56640    
  1.731758     -53.50046    
  1.731845     -53.49037    
  1.732294     -53.43308    
  1.732381     -53.45880    
  1.735217     -53.08142    
  1.735304    -100.00000    
  1.746841     -51.74115    
  1.746929     -51.57153    
  1.747807     -51.45895    
  1.747894     -51.82720    
  1.753972     -50.74132    
  1.754058     -50.70438    
  1.756978     -50.31847    
  1.757065     -50.58774    
  1.762907     -49.62058    
  1.762994     -49.55196    
  1.763503     -49.48799    
  1.763590     -49.49911    
  1.765957     -49.19776    
  1.766044     -49.19840    
  1.768505     -48.88595    
  1.768592     -50.48213    
  1.776113     -48.03118    
  1.776200     -48.09768    
  1.781285     -47.37161    
  1.781372     -47.31739    
  1.781946     -47.24836    
  1.782033     -47.33623    
  1.786409     -46.75161    
  1.786495     -46.71562    
  1.788161     -46.51597    
  1.788248     -46.50322    
  1.789372     -46.36988    
  1.789459     -46.38607    
  1.792246     -46.04469    
  1.792333    -100.00000    
  1.800765     -45.12989    
  1.800851    -100.00000    
  1.809708     -44.10732    
  1.809795     -44.00025    
  1.810144     -43.96008    
  1.810231     -44.00960    
  1.814042     -43.54220    
  1.814129    -100.00000    
  1.834747     -41.47665    
  1.834834     -41.26258    
  1.838907     -40.77958    
  1.838994     -40.74858    
  1.840414     -40.59261    
  1.840501     -40.59334    
  1.842703     -40.34935    
  1.842790     -40.33574    
  1.844125     -40.19013    
  1.844212    -100.00000    
  1.857265     -38.93418    
  1.857352    -100.00000    
  1.870233     -37.57482    
  1.870320     -37.42481    
  1.871306     -37.32273    
  1.871393     -37.31307    
  1.872072     -37.24333    
  1.872158     -37.23702    
  1.873424     -37.10634    
  1.873511     -37.43326    
  1.880831     -36.41122    
  1.880918     -36.54022    
  1.887368     -35.74139    
  1.887455    -100.00000    
  1.899003     -34.65392    
  1.899090     -34.73940    
  1.905821     -33.92280    
  1.905908     -33.98559    
  1.911657     -33.34586    
  1.911744     -33.29889    
  1.912227     -33.25198    
  1.912313     -33.24891    
  1.913955     -33.08965    
  1.914042    -100.00000    
  1.924238     -32.19788    
  1.924325     -32.10158    
  1.925856     -31.95583    
  1.925943     -31.94506    
  1.926709     -31.87278    
  1.926796     -31.86395    
  1.926846     -31.85925    
  1.926932     -31.85122    
  1.927461     -31.80128    
  1.927548     -31.81737    
  1.930771     -31.50355    
  1.930858     -31.50239    
  1.933873     -31.21165    
  1.933960     -31.21213    
  1.936983     -30.92182    
  1.937070     -30.90338    
  1.938051     -30.81188    
  1.938138     -30.81742    
  1.940777     -30.56746    
  1.940864    -100.00000    
  1.955697     -29.34129    
  1.955784     -29.22718    
  1.959855     -28.84116    
  1.959942     -28.84274    
  1.963545     -28.50783    
  1.963632    -100.00000    
  1.974225     -27.63882    
  1.974312     -27.54422    
  1.974387     -27.53761    
  1.974474     -27.54359    
  1.977192     -27.30231    
  1.977279    -100.00000    
  1.994212     -26.00145    
  1.994299     -25.84480    
  1.996552     -25.65442    
  1.996639     -25.64292    
  1.997939     -25.53503    
  1.998026     -25.53305    
  2.000182     -25.35274    
  2.000268     -25.48479    
  2.007421     -24.79794    
  2.007508     -24.75381    
  2.009100     -24.62060    
  2.009187     -24.61225    
  2.009352     -24.60143    
  2.009439     -24.58953    
  2.009543     -24.76330    
  2.017372     -24.00537    
  2.017459     -24.22809    
  2.026471     -23.30383    
  2.026558     -23.24427    
  2.028108     -23.12363    
  2.028195    -100.00000    
  2.044930    -100.00000    
  2.061043     -20.83186    
  2.061130     -20.76240    
  2.067104     -20.32812    
  2.067191     -20.30063    
  2.068339     -20.22621    
  2.068426     -20.31499    
  2.076209     -19.74317    
  2.076296    -100.00000    
  2.097304     -18.59896    
  2.097391     -18.92810    
  2.100294     -18.75782    
  2.100380     -18.76297    
  2.101519     -18.68788    
  2.101605     -18.70132    
  2.102584     -18.62290    
  2.102671     -18.56842    
  2.104539     -17.99766    
  2.104626     -17.78028    
  2.106101    -100.00000    
  2.106187     -18.17995    
  2.111508     -17.69157    
  2.111595     -17.74709    
  2.111941     -17.85062    
  2.112028     -17.26391    
  2.124229     -16.68494    
  2.124316     -16.51109    
  2.124942     -15.72416    
  2.125029     -16.06349    
  2.126973    -100.00000    
  2.127060     -16.92649    
  2.127658     -16.95189    
  2.127745     -17.54914    
  2.131986     -16.30536    
  2.132073     -15.85923    
  2.137486     -17.06436    
  2.137573     -16.61831    
  2.141450     -16.04165    
  2.141537     -16.49463    
  2.141662     -16.55110    
  2.141749     -15.52420    
  2.149371     -15.80216    
  2.149458     -15.67523    
  2.150293     -15.64930    
  2.150380     -15.67289    
  2.150508     -15.18763    
  2.154246    -100.00000    
  2.154333     -15.82752    
  2.156640     -15.28052    
  2.156727     -15.56714    
  2.156827     -15.48306    
  2.158960     -15.44314    
  2.159047     -14.39865    
  2.168055     -14.49213    
  2.168141     -14.58956    
  2.177604     -14.33443    
  2.177690     -14.45135    
  2.181731     -14.24552    
  2.181818     -13.54314    
  2.184198     -13.51709    
  2.184285     -14.35438    
  2.188445     -14.23230    
  2.188532     -13.91117    
  2.191911     -14.03424    
  2.191997     -13.45026    
  2.204170     -13.56383    
  2.204257     -13.78240    
  2.213352     -13.24033    
  2.213439     -13.42696    
  2.217837     -15.17251    
  2.217924    -100.00000    
  2.218030     -15.20985    
  2.218315     -13.77535    
  2.218402     -13.87385    
  2.218688     -13.86423    
  2.218775     -13.62289    
  2.225403     -13.36769    
  2.231931     -13.33411    
  2.232018     -13.95741    
  2.234695     -13.70835    
  2.234781     -13.82854    
  2.239617    -100.00000    
  2.239704     -13.27931    
  2.245345     -13.66615    
  2.245432     -13.59563    
  2.250721     -13.11448    
  2.250808     -13.02184    
  2.252069    -100.00000    
  2.252156     -14.02289    
  2.253696     -14.16303    
  2.253782     -13.01460    
  2.257177    -100.00000    
  2.260545     -12.61177    
  2.260632     -13.27066    
  2.263836     -13.29427    
  2.267016     -13.43117    
  2.267103     -13.66208    
  2.270490     -13.37841    
  2.270577     -13.15754    
  2.271628     -13.73053    
  2.271715     -13.17185    
  2.275818     -13.17234    
  2.275905     -13.61998    
  2.278364    -100.00000    
  2.280809     -13.45374    
  2.280896     -13.65049    
  2.283804     -13.45969    
  2.283891     -13.82546    
  2.284781    -100.00000    
  2.284868    -100.00000    
  2.286288     -13.70659    
  2.286375     -13.93842    
  2.286786     -14.38921    
  2.286873     -12.36101    
  2.289459    -100.00000    
  2.292031     -13.03293    
  2.294586     -13.23735    
  2.297128     -13.53944    
  2.297214     -13.59594    
  2.297982     -13.80249    
  2.298069     -12.99178    
  2.300085    -100.00000    
  2.302092     -12.89037    
  2.304090     -13.47890    
  2.306078     -13.29050    
  2.306165     -13.51560    
  2.308268     -13.49249    
  2.309316     -13.19301    
  2.310361     -13.39597    
  2.311404     -12.94355    
  2.312444     -13.03303    
  2.313482     -13.72196    
  2.314517     -13.50540    
  2.314604     -13.60308    
  2.315597     -13.48989    
  2.315684     -13.79513    
  2.316612     -13.41755    
  2.317538     -13.13568    
  2.318463     -13.00277    
  2.319385     -12.92194    
  2.320305     -13.32606    
  2.321224     -13.25035    
  2.322140     -12.51711    
  2.323055    -100.00000    
  2.323141     -13.05852    
  2.324295     -13.55510    
  2.325445     -13.56494    
  2.326592     -13.70664    
  2.327736     -13.31366    
  2.327823     -13.56342    
  2.328799     -13.49101    
  2.329773     -13.36691    
  2.330745     -13.42736    
  2.331714     -13.10896    
  2.331801     -13.42511    
  2.333101    -100.00000    
  2.333188    -100.00000    
  2.334187     -13.57861    
  2.335184     -13.57037    
  2.336179     -13.67548    
  2.337171     -14.20684    
  2.338161     -13.41460    
  2.339149     -13.72190    
  2.340135     -13.47673    
  2.341118     -13.30424    
  2.341205     -13.55903    
  2.341283     -13.62943    
  2.341370     -13.62441    
  2.341472     -13.67718    
  2.342320     -13.47870    
  2.343166     -13.51423    
  2.344011     -13.40426    
  2.344853     -13.41579    
  2.344940     -13.21515    
  2.345621     -13.14976    
  2.346301    -100.00000    
  2.346979     -14.08394    
  2.347657     -13.50343    
  2.348333     -13.56101    
  2.349009    -100.00000    
  2.349683     -13.15873    
  2.350356     -12.83440    
  2.350443     -13.49731    
  2.351331     -13.10454    
  2.352217    -100.00000    
  2.352659     -13.12126    
  2.353101     -13.24576    
  2.353542    -100.00000    
  2.353983     -12.60668    
  2.354070     -13.22251    
  2.354494     -13.26577    
  2.354917    -100.00000    
  2.355340    -100.00000    
  2.355762     -12.55234    
  2.355849     -13.54949    
  2.356283     -12.85335    
  2.356717     -12.95715    
  2.357149     -12.93159    
  2.357582    -100.00000    
  2.357669     -9.377337    
  2.362936     -8.320824    
  2.363023     -7.025104    
  2.376702     -5.474851    
  2.376789     -5.284622    
  2.381401     -5.697596    
  2.381488     -5.567076    
  2.381574     -5.491571    
  2.381660     -4.950981    
  2.384670     -4.793108    
  2.384757     -5.195863    
  2.387126     -5.951414    
  2.387213     -5.592652    
  2.396615     -4.346107    
  2.405819     -4.200679    
  2.405905     -4.028675    
  2.409345     -5.236178    
  2.409431     -5.327009    
  2.409967     -4.066160    
  2.410054     -3.949550    
  2.411501     -3.872388    
  2.411588     -3.786073    
  2.412778     -3.795731    
  2.412865     -3.854420    
  2.413098     -3.915146    
  2.413185     -4.020948    
  2.417228     -5.574650    
  2.417315     -4.221063    
  2.417448     -4.141526    
  2.417535     -4.488338    
  2.419545     -3.992276    
  2.419632     -3.929851    
  2.424108     -4.708650    
  2.424195     -4.490653    
  2.429911     -4.100579    
  2.429998     -4.184056    
  2.432147     -4.114921    
  2.432234     -4.079734    
  2.433514     -5.437448    
  2.433601     -4.018834    
  2.434762     -3.825340    
  2.434849     -3.808500    
  2.435182     -3.841962    
  2.435269     -3.829357    
  2.435570     -4.094168    
  2.435657     -3.933112    
  2.438099     -4.040028    
  2.438186     -3.911710    
  2.443115     -4.266689    
  2.443202    -100.00000    
  2.448046     -4.263467    
  2.448133     -4.207793    
  2.449372     -3.805526    
  2.449459     -3.837627    
  2.450924     -4.169145    
  2.451011     -3.965637    
  2.456026     -4.967899    
  2.456113     -4.218302    
  2.457105     -4.290966    
  2.457192     -4.025741    
  2.461170     -4.247106    
  2.461257     -5.513238    
  2.466286     -4.839021    
  2.466372     -5.551383    
  2.466976     -5.311504    
  2.467064     -5.750320    
  2.471828     -4.856968    
  2.471915     -5.369254    
  2.476442     -3.782909    
  2.476529     -5.144089    
  2.476628     -6.098771    
  2.476715     -6.680951    
  2.476977     -6.469703    
  2.477064     -4.394823    
  2.483465     -4.697180    
  2.483551     -4.671694    
  2.483824     -4.709636    
  2.483911     -4.481062    
  2.484130     -4.213852    
  2.484217     -3.905969    
  2.487600     -4.240035    
  2.490956     -4.086968    
  2.491043     -3.905425    
  2.493583     -4.813334    
  2.496107     -4.087959    
  2.496194     -4.180615    
  2.500074     -4.126304    
  2.503920     -3.869607    
  2.504007     -3.736087    
  2.504069     -3.761058    
  2.504156     -3.639822    
  2.506191     -3.591956    
  2.506278     -4.199436    
  2.506857     -3.675958    
  2.506943     -3.660563    
  2.507203     -3.636387    
  2.507290     -4.092229    
  2.511408     -3.505049    
  2.515486     -3.644868    
  2.515573     -3.482151    
  2.515719     -3.491316    
  2.515805     -3.498699    
  2.515872     -3.504620    
  2.515959     -3.535241    
  2.516943     -3.675400    
  2.517030     -3.607267    
  2.517941     -3.640599    
  2.518028     -3.630093    
  2.518445     -3.646142    
  2.518532     -3.908816    
  2.522095     -3.556517    
  2.525630     -4.066819    
  2.529136     -3.587048    
  2.532615     -3.744907    
  2.532701     -3.765151    
  2.536032     -3.851761    
  2.539337     -3.928133    
  2.539424     -3.736638    
  2.543132     -3.860546    
  2.546808     -3.887459    
  2.546895     -3.897872    
  2.547329     -3.793788    
  2.547416     -3.819765    
  2.551118     -3.886216    
  2.551204     -3.778772    
  2.554808     -3.831966    
  2.558382     -3.965429    
  2.558469     -3.948519    
  2.558869     -3.891275    
  2.558956     -4.015182    
  2.561557     -3.837781    
  2.561644     -4.215874    
  2.564082     -3.889908    
  2.566507     -3.680513    
  2.568917     -3.785631    
  2.571315     -3.857784    
  2.571402     -3.855205    
  2.571490     -3.857162    
  2.571576     -3.978707    
  2.574740     -3.893525    
  2.577880     -3.863840    
  2.580998     -4.119484    
  2.584094     -4.035115    
  2.587168     -4.399141    
  2.590220     -3.798282    
  2.593250     -4.053672    
  2.596260     -4.061156    
  2.596347     -3.805866    
  2.597646     -4.076167    
  2.597733     -3.815361    
  2.600542     -3.775776    
  2.603333     -4.155070    
  2.603420     -3.941780    
  2.606239     -3.822041    
  2.606324     -3.799181    
  2.606411     -3.775399    
  2.607237     -3.941232    
  2.607324     -3.937489    
  2.611491     -3.864481    
  2.615617     -3.869112    
  2.615704     -3.794991    
  2.619659     -4.047230    
  2.619746     -4.002460    
  2.620859     -4.089462    
  2.620946     -3.911165    
  2.621962     -3.953193    
  2.622049     -3.738114    
  2.625471     -3.818403    
  2.625557     -3.989920    
  2.626297     -3.608816    
  2.626384     -3.763967    
  2.627024     -3.751426    
  2.627111     -3.759760    
  2.630159     -3.933796    
  2.633186     -3.775693    
  2.633273     -3.822820    
  2.633585     -3.819751    
  2.633672     -3.841942    
  2.636750     -3.994894    
  2.639805     -3.828732    
  2.642840     -3.967353    
  2.645853     -3.964479    
  2.645940     -3.978047    
  2.646436     -3.969228    
  2.646523     -3.967098    
  2.648513     -4.007761    
  2.648600     -4.047479    
  2.650581     -3.936228    
  2.650668     -3.943894    
  2.652023     -3.950515    
  2.652110     -3.934089    
  2.653758     -4.017217    
  2.653845     -4.036820    
  2.654514     -3.985253    
  2.654601     -4.081634    
  2.655848     -4.181425    
  2.655935     -3.975675    
  2.656856     -3.934996    
  2.656943     -3.958409    
  2.659789     -3.995729    
  2.659876     -4.018759    
  2.661632     -3.989301    
  2.661711     -3.984957    
  2.661798     -4.004520    
  2.662838     -3.998594    
  2.662925     -3.982734    
  2.664288     -3.990937    
  2.665620     -4.055582    
  2.666947     -3.824448    
  2.668270     -3.757437    
  2.668357     -3.788639    
  2.669554     -3.898017    
  2.670748     -3.967628    
  2.670835     -3.972014    
  2.671974     -3.997441    
  2.673109     -4.024494    
  2.674242     -4.038976    
  2.675371     -4.035113    
  2.675458     -4.037731    
  2.676824     -4.041539    
  2.676911     -4.039967    
  2.677751     -4.043709    
  2.677838     -4.045621    
  2.679282     -4.051264    
  2.680721     -4.053683    
  2.682155     -4.056464    
  2.683585     -4.060730    
  2.683672     -4.060067    
  2.684694     -4.060582    
  2.685714     -4.065376    
  2.685801     -4.065750    
  2.685988     -4.065828    
  2.686075     -4.065468    
  2.686520     -4.066896    
  2.686607     -4.101039    
  2.687604     -4.038635    
  2.688599     -4.074771    
  2.688686     -4.054293    
  2.689315     -4.035904    
  2.689943     -4.058317    
  2.690571     -4.039219    
  2.691198     -4.050884    
  2.691823     -4.059376    
  2.692448     -4.063614    
  2.693072     -4.070156    
  2.693695     -4.073649    
  2.694317     -4.079612    
  2.694939     -4.113302    
  2.695559     -4.206897    
  2.696179     -4.077070    
  2.696797     -4.077489    
  2.697415     -4.075828    
  2.698032     -4.080176    
  2.698648     -4.085279    
  2.698717     -4.085779    
  2.698803     -4.085803    
  2.699142     -4.099300    
  2.699229     -4.109655    
  2.700077     -4.080289    
  2.700500     -4.085965    
  2.700923     -4.087082    
  2.701345     -4.090192    
  2.701767     -4.089629    
  2.702189     -4.092422    
  2.702610     -4.094652    
  2.702697     -4.112185    
  2.706323     -4.100179    
  2.706410     -4.109977    
  2.708352     -4.117023    
  2.708438     -4.087705    
  2.709271     -4.125215    
  2.709358     -4.241508    
  2.712230     -4.085930    
  2.712317     -4.129784    
  2.716395     -4.132340    
  2.716481     -4.141062    
  2.716568     -4.150552    
  2.718970     -4.143659    
  2.721359     -4.155186    
  2.721446     -4.153380    
  2.721792     -4.152814    
  2.721879     -4.153797    
  2.724957     -4.188144    
  2.725044     -4.165320    
  2.728368     -4.174257    
  2.728455     -4.173531    
  2.728556     -4.173593    
  2.728643     -4.143890    
  2.730036     -4.266265    
  2.730123     -4.176969    
  2.733020     -4.166003    
  2.735898     -4.192133    
  2.735985     -4.191011    
  2.736079     -4.191498    
  2.737059     -4.195732    
  2.737146     -4.196608    
  2.740300     -4.206004    
  2.740387     -4.205425    
  2.744215     -4.212856    
  2.748009     -4.223084    
  2.751770     -4.228524    
  2.755499     -4.255778    
  2.755586     -4.248071    
  2.758474     -4.246045    
  2.758561     -4.246841    
  2.759027     -4.248786    
  2.759113     -4.249092    
  2.759268     -4.249797    
  2.759355     -4.249554    
  2.759911     -4.252398    
  2.759997     -4.252414    
  2.760747     -4.253686    
  2.760833     -4.252580    
  2.762307     -4.252836    
  2.762394     -4.254475    
  2.764577     -4.263204    
  2.764664     -4.263050    
  2.765400     -4.262620    
  2.765487     -4.263537    
  2.765755     -4.265573    
  2.765842     -4.383444    
  2.767568     -4.262099    
  2.767655     -4.187903    
  2.771767     -4.230296    
  2.775841     -4.288225    
  2.775928     -4.283758    
  2.777541     -4.293683    
  2.777628     -4.294256    
  2.781421     -4.303905    
  2.781508     -4.305236    
  2.784445     -4.313046    
  2.787363     -4.318878    
  2.787450     -4.320153    
  2.789348     -4.323065    
  2.789435     -4.320617    
  2.792054     -4.328087    
  2.792141     -4.328748    
  2.795962     -4.338444    
  2.796049     -4.338554    
  2.798395     -4.393976    
  2.800729     -4.273863    
  2.803050     -4.352331    
  2.805359     -4.361192    
  2.807656     -4.369402    
  2.809941     -4.376014    
  2.812213     -4.377237    
  2.814474     -4.384363    
  2.814561     -4.386452    
  2.815775     -4.382826    
  2.815862     -4.385274    
  2.816430     -4.386744    
  2.816517     -4.386135    
  2.818570     -4.392564    
  2.818657     -4.393191    
  2.821422     -4.399653    
  2.824169     -4.407387    
  2.826900     -4.406944    
  2.829613     -4.418080    
  2.829700     -4.415042    
  2.832139     -4.423952    
  2.834565     -4.419572    
  2.836978     -4.490974    
  2.839377     -4.348815    
  2.839464     -4.361409    
  2.842740     -4.434710    
  2.845992     -4.452894    
  2.846054     -4.448301    
  2.846141     -4.448648    
  2.846320     -4.449539    
  2.846407     -4.449506    
  2.846929     -4.451724    
  2.847016     -4.453433    
  2.850284     -4.459972    
  2.850371     -4.461740    
  2.851107     -4.462341    
  2.851194     -4.463889    
  2.851272     -4.465128    
  2.851359     -4.466634    
  2.851605     -4.466556    
  2.851692     -4.463967    
  2.852969     -4.465291    
  2.853056     -4.521872    
  2.856721     -4.374616    
  2.856808     -4.448385    
  2.860014     -4.479262    
  2.863196     -4.485344    
  2.863283     -4.482321    
  2.866961     -4.494679    
  2.867048     -4.496203    
  2.867158     -4.498186    
  2.871477     -4.503724    
  2.871560     -4.498985    
  2.871647     -4.495961    
  2.874394     -4.533635    
  2.877123     -4.435723    
  2.877210     -4.477556    
  2.879769     -4.512165    
  2.882313     -4.518390    
  2.882400     -4.518698    
  2.882670     -4.518926    
  2.882757    -100.00000    
  2.885337     -3.888012    
  2.885423     -3.850898    
  2.886380     -3.944838    
  2.886467     -3.958290    
  2.886654     -3.998400    
  2.886741     -4.115007    
  2.889314     -4.503497    
  2.889401     -4.421437    
  2.891964     -4.528332    
  2.892051     -4.465435    
  2.893704     -4.513993    
  2.893791     -4.519778    
  2.894071     -4.524622    
  2.894158     -4.524877    
  2.895095     -4.540534    
  2.895182     -4.544857    
  2.896767     -4.539238    
  2.896854     -4.543555    
  2.897787     -4.546688    
  2.897874     -4.570671    
  2.900589     -4.527457    
  2.900676     -4.543600    
  2.902856     -4.554762    
  2.905026     -4.569038    
  2.905113     -4.566202    
  2.908098     -4.562048    
  2.908185     -4.565095    
  2.908477     -4.565479    
  2.908564     -4.564502    
  2.910090     -4.572777    
  2.910176     -4.572043    
  2.913363     -4.579088    
  2.916527     -4.606567    
  2.916614     -4.543030    
  2.916785     -4.545993    
  2.916872     -4.548488    
  2.917171     -4.554866    
  2.917258     -4.556616    
  2.919518     -4.584720    
  2.921765     -4.592560    
  2.921852     -4.592943    
  2.925029     -4.599112    
  2.925116     -4.597524    
  2.925941     -4.603735    
  2.926028     -4.599343    
  2.927554     -4.604544    
  2.927641     -4.608066    
  2.927950     -4.603981    
  2.928037     -4.598893    
  2.928671     -4.596920    
  2.928758     -4.598682    
  2.929127     -4.599634    
  2.929213     -4.599735    
  2.929524     -4.600811    
  2.929611     -4.602082    
  2.930245     -4.604336    
  2.930332     -4.603450    
  2.930604     -4.605323    
  2.930691     -4.606502    
  2.930963     -4.606984    
  2.931050     -4.607188    
  2.934646     -4.609792    
  2.934733     -4.612633    
  2.936807     -4.590674    
  2.936894     -4.590720    
  2.937412     -4.595525    
  2.937499     -4.596188    
  2.937612     -4.597351    
  2.939332     -4.601391    
  2.939418     -4.602788    
  2.941608     -4.607091    
  2.943787     -4.621354    
  2.943874     -4.621658    
  2.945266     -4.625964    
  2.945353     -4.626446    
  2.946273     -4.628377    
  2.946360     -4.629082    
  2.946687     -4.633029    
  2.946774     -4.629869    
  2.949036     -4.632692    
  2.951287     -4.631951    
  2.951374     -4.642424    
  2.953319     -4.610950    
  2.953406     -4.609898    
  2.953750     -4.612371    
  2.953837     -4.614251    
  2.954344     -4.620038    
  2.954431     -4.620764    
  2.955739     -4.630688    
  2.955826     -4.630729    
  2.956162     -4.632181    
  2.956249     -4.632879    
  2.956822     -4.640261    
  2.956909     -4.639571    
  2.957620     -4.638162    
  2.957703     -4.640016    
  2.957790     -4.651154    
  2.958622     -4.598728    
  2.958708     -4.605760    
  2.959196     -4.607866    
  2.959269     -4.606823    
  2.959356     -4.606603    
  2.959520     -4.606855    
  2.959575     -4.607462    
  2.959642     -4.610132    
  2.959729     -4.595265    
  2.959839     -4.572760    
  2.959926     -4.518694    
  2.960694     -4.475228    
  2.960781     -4.511616    
  2.961021     -4.559932    
  2.961108     -4.566160    
  2.961209     -4.553284    
  2.965318     -4.947741    
  2.965405     -4.401611    
  2.969227     -4.291296    
  2.969314     -4.411205    
  2.972533     -4.626896    
  2.975728     -4.579970    
  2.975815     -4.527918    
  2.976166     -4.547927    
  2.976253     -4.792540    
  2.979351     -4.540747    
  2.982423     -4.679267    
  2.982509     -4.482033    
  2.982872     -4.440593    
  2.982959     -4.456312    
  2.986873     -4.847052    
  2.990753     -4.428890    
  2.994598     -4.899866    
  2.998409     -4.489691    
  3.002187     -4.687218    
  3.005933     -4.727682    
  3.009646     -4.961494    
  3.013329     -4.312094    
  3.016980     -4.775859    
  3.020600     -4.783282    
  3.024191     -4.736467    
  3.027752     -4.780377    
  3.031285     -4.810646    
  3.034788     -4.820842    
  3.038264     -4.403208    
  3.041713     -4.788351    
  3.041799     -4.766381    
  3.044019     -4.820097    
  3.044106     -4.821063    
  3.046417     -4.821104    
  3.046504     -4.814250    
  3.047266     -4.827789    
  3.047353     -4.873157    
  3.050503     -4.789863    
  3.053630     -4.820042    
  3.056735     -4.814727    
  3.059819     -4.803130    
  3.062880     -4.812950    
  3.065920     -4.868154    
  3.068939     -4.665959    
  3.071937     -4.858218    
  3.072024     -4.891504    
  3.074515     -4.820228    
  3.074602     -4.843361    
  3.077416     -4.894157    
  3.080211     -4.838594    
  3.082988     -5.411231    
  3.085748     -4.361934    
  3.085835     -4.006802    
  3.088164     -4.501090    
  3.088251     -4.429425    
  3.089222     -4.596820    
  3.089309     -4.850980    
  3.091849     -4.654801    
  3.091936    -100.00000    
  3.095352     -4.139155    
  3.095438     -4.044289    
  3.096179     -4.185797    
  3.096266     -4.309874    
  3.099969     -5.194557    
  3.100056     -4.863700    
  3.102791     -4.724111    
  3.105509     -4.924543    
  3.105596     -4.788355    
  3.108813     -4.861301    
  3.112005     -4.654181    
  3.112092     -5.031279    
  3.114687     -4.744083    
  3.114774     -4.921171    
  3.114901     -4.831824    
  3.114988     -4.681952    
  3.116978     -4.919032    
  3.117065     -5.082140    
  3.117740     -4.856956    
  3.117827     -4.795398    
  3.118223     -4.698798    
  3.118310     -4.675998    
  3.120853     -4.961633    
  3.123381     -4.885256    
  3.123468     -5.094606    
  3.125997     -4.762542    
  3.126084     -5.087325    
  3.127687     -4.782095    
  3.127774     -4.815477    
  3.129225     -4.906765    
  3.129312     -4.960329    
  3.132455     -5.032393    
  3.135577     -4.955506    
  3.135664     -4.811608    
  3.136182     -4.810492    
  3.136269     -4.894003    
  3.138696     -5.049180    
  3.141109     -4.777785    
  3.141196     -4.986062    
  3.144101     -4.987741    
  3.144188     -5.038516    
  3.144956     -5.004693    
  3.145043     -5.012642    
  3.146758     -5.118573    
  3.146845     -5.318599    
  3.146975     -5.203925    
  3.147795     -4.992401    
  3.147882     -5.138426    
  3.148729     -5.208733    
  3.148816     -5.286924    
  3.150639     -4.837257    
  3.150726     -5.060352    
  3.151276     -5.004023    
  3.151363     -5.034910    
  3.153068     -5.086331    
  3.153155     -5.029510    
  3.153381     -5.019596    
  3.153434     -5.021562    
  3.153521     -5.010933    
  3.155016     -5.078239    
  3.155103     -5.405811    
  3.156074     -5.059603    
  3.156161     -5.017309    
  3.160418     -5.100386    
  3.164633     -5.095755    
  3.164720     -4.977326    
  3.165979     -5.203781    
  3.166066     -5.020237    
  3.168877     -5.101836    
  3.171670     -5.040968    
  3.171756     -4.428095    
  3.173578     -4.467457    
  3.173665     -4.571778    
  3.177077     -5.186207    
  3.180463     -5.249781    
  3.180550     -5.235874    
  3.181960     -5.238704    
  3.182047     -5.228700    
  3.184770     -5.248202    
  3.187477     -5.228195    
  3.187564     -5.221113    
  3.188338     -5.232220    
  3.188425     -5.278835    
  3.189356     -5.200521    
  3.189443    -100.00000    
  3.191119     -5.364443    
  3.191206     -4.658975    
  3.192224     -4.417593    
  3.192311     -4.435795    
  3.194885     -5.086574    
  3.194972     -4.994881    
  3.196916     -5.176308    
  3.197003     -5.193929    
  3.200094     -5.263674    
  3.203162     -5.235734    
  3.203250     -5.270811    
  3.204674     -5.265081    
  3.204761     -5.271056    
  3.207365     -5.284433    
  3.207452     -5.298762    
  3.209994     -5.197626    
  3.212521     -5.187170    
  3.215033     -4.813619    
  3.217531     -3.999137    
  3.217618     -4.208947    
  3.218164     -4.391508    
  3.218251     -4.418081    
  3.218329     -4.443824    
  3.218415     -4.608601    
  3.222383     -5.748205    
  3.226315     -5.308263    
  3.230212     -5.345340    
  3.234074     -5.629336    
  3.237901     -4.795147    
  3.241696     -5.420209    
  3.245457     -5.361703    
  3.249187     -5.362336    
  3.249274     -5.380408    
  3.251238     -5.400576    
  3.251325     -5.399323    
  3.251523     -5.400904    
  3.251610     -5.402534    
  3.254604     -5.414077    
  3.257576     -5.397369    
  3.260529     -5.406988    
  3.263462     -5.436918    
  3.263549     -5.434636    
  3.265995     -5.437843    
  3.268428     -5.450218    
  3.270847     -5.409609    
  3.273253     -5.431446    
  3.273340     -5.449290    
  3.276535     -5.450494    
  3.279706     -5.468563    
  3.279793     -5.467577    
  3.281662     -5.477930    
  3.281749     -5.477203    
  3.285833     -5.489851    
  3.285920     -5.483588    
  3.289028     -5.492158    
  3.289115     -5.495065    
  3.291415     -5.494888    
  3.291501     -5.496687    
  3.293929     -5.506072    
  3.296343     -5.512303    
  3.298744     -5.516857    
  3.301132     -5.520137    
  3.301219     -5.522127    
  3.305074     -5.532674    
  3.305161     -5.532780    
  3.305985     -5.534321    
  3.306072     -5.537402    
  3.306887     -5.526145    
  3.306974     -5.525449    
  3.309850     -5.542085    
  3.309937     -5.541930    
  3.310624     -5.544223    
  3.310710     -5.543013    
  3.311825     -5.537305    
  3.311912     -5.539510    
  3.312012     -5.537695    
  3.312099     -5.529117    
  3.314648     -5.577897    
  3.317181     -5.609907    
  3.319700     -5.592481    
  3.322204     -5.573110    
  3.324695     -5.560662    
  3.327170     -5.578029    
  3.329632     -5.588155    
  3.332080     -5.589683    
  3.334514     -5.587293    
  3.336935     -5.584939    
  3.339342     -5.656480    
  3.341736     -5.564254    
  3.344117     -5.664759    
  3.346485     -5.587048    
  3.348840     -5.601578    
  3.351182     -5.681579    
  3.351269     -5.747162    
  3.354866     -5.554629    
  3.358433     -5.708162    
  3.361971     -5.746396    
  3.365480     -5.500675    
  3.365567     -5.576146    
  3.367434     -5.697967    
  3.367521     -5.695537    
  3.370087     -5.735415    
  3.372609     -5.707702    
  3.375118     -5.730774    
  3.377612     -5.760852    
  3.377699     -5.648326    
  3.380754     -5.543489    
  3.383787     -5.744744    
  3.386800     -5.773600    
  3.389792     -5.778708    
  3.389879     -5.776237    
  3.392466     -5.785655    
  3.395039     -5.792496    
  3.395126     -5.792081    
  3.397959     -5.798559    
  3.398046     -5.798813    
  3.398416     -5.799443    
  3.398503     -5.899941    
  3.400855     -5.645138    
  3.400942     -5.451435    
  3.402428     -5.502665    
  3.402515     -5.547567    
  3.404126     -5.733932    
  3.404213     -5.734255    
  3.406921     -5.824489    
  3.409611     -5.819808    
  3.412285     -5.833514    
  3.414942     -5.840857    
  3.415029     -5.839258    
  3.419186     -5.850445    
  3.423303     -5.864446    
  3.427382     -5.869706    
  3.431422     -5.877868    
  3.431509     -5.869100    
  3.434904     -6.065891    
  3.438273     -5.410265    
  3.441616     -5.883433    
  3.444934     -5.929736    
  3.445021     -5.914497    
  3.447484     -5.921248    
  3.449934     -5.924232    
  3.450021     -5.933035    
  3.452474     -5.930493    
  3.454914     -5.934542    
  3.455001     -5.935308    
  3.457947     -5.939284    
  3.460873     -5.944543    
  3.463780     -5.955980    
  3.466667     -5.961865    
  3.466754     -5.962895    
  3.467583     -5.965287    
  3.467670     -6.019789    
  3.469453     -5.968585    
  3.469505     -5.971609    
  3.469592     -5.971438    
  3.469843     -5.970815    
  3.469930     -5.969487    
  3.471179     -5.969364    
  3.471266     -5.970495    
  3.474100     -5.980067    
  3.474187     -5.990144    
  3.476423     -5.953459    
  3.478648     -5.882723    
  3.480861     -5.989627    
  3.483063     -6.001862    
  3.483150     -6.001262    
  3.485959     -6.010726    
  3.488749     -6.011007    
  3.491522     -6.023414    
  3.494277     -6.029922    
  3.494364     -6.030637    
  3.496766     -6.034050    
  3.499154     -6.040981    
  3.501530     -6.083004    
  3.503893     -6.102449    
  3.506243     -5.588762    
  3.508580     -5.586053    
  3.510905     -6.030731    
  3.513217     -6.082142    
  3.513304     -6.075683    
  3.515963     -6.088766    
  3.518606     -6.091292    
  3.521233     -6.096860    
  3.523845     -6.103327    
  3.526440     -6.105616    
  3.529020     -6.111839    
  3.531585     -6.121550    
  3.534135     -6.128207    
  3.534222     -6.128391    
  3.536649     -6.135993    
  3.539062     -6.125811    
  3.541462     -6.177118    
  3.543849     -5.691626    
  3.543936     -5.794150    
  3.544500     -5.864097    
  3.544586     -5.924476    
  3.547376     -6.159743    
  3.550148     -6.168749    
  3.550235     -6.165279    
  3.552940     -6.176988    
  3.555627     -6.180059    
  3.555714     -6.179885    
  3.556728     -6.183882    
  3.556815     -6.182719    
  3.557696     -6.184451    
  3.557783     -6.184290    
  3.558846     -6.191977    
  3.558933     -6.188536    
  3.559110     -6.189035    
  3.559197     -6.189429    
  3.559291     -6.189838    
  3.559378     -6.191399    
  3.560851     -6.191919    
  3.560938     -6.187532    
  3.561019     -6.188062    
  3.561106     -6.188815    
  3.561368     -6.190722    
  3.561455     -6.191192    
  3.561549     -6.191700    
  3.561702     -6.192497    
  3.561789     -6.192976    
  3.561899     -6.192632    
  3.561986     -6.193295    
  3.562293     -6.190044    
  3.565681     -6.262990    
  3.565768     -6.263703    
  3.568672     -6.243310    
  3.571556     -6.246221    
  3.574422     -6.202488    
  3.577268     -6.211595    
  3.580096     -6.250723    
  3.582906     -6.251349    
  3.585698     -6.216888    
  3.588471     -6.332032    
  3.591228     -6.150370    
  3.593966     -6.291942    
  3.596688     -6.306039    
  3.599393     -6.246873    
  3.602081     -6.248233    
  3.604752     -6.373275    
  3.607407     -6.239173    
  3.610046     -6.137528    
  3.610133     -6.139259    
  3.612394     -6.314527    
  3.614642     -6.083742    
  3.616880     -6.313577    
  3.619105     -6.387699    
  3.621319     -6.399363    
  3.623523     -6.403929    
  3.625715     -6.291800    
  3.627896     -6.405331    
  3.627982     -6.402871    
  3.630428     -6.425294    
  3.632293     -6.430226    
  3.632379     -6.429557    
  3.635363     -6.480992    
  3.638325     -6.156166    
  3.641268     -6.303682    
  3.644191     -6.451972    
  3.644278     -6.444446    
  3.646967     -6.467336    
  3.649640     -6.477134    
  3.652297     -6.447431    
  3.654938     -6.406790    
  3.655025     -6.418643    
  3.657211     -6.485412    
  3.659385     -6.257494    
  3.659472     -6.349271    
  3.663615     -6.525160    
  3.663702     -6.484797    
  3.666918     -6.389557    
  3.670110     -6.514714    
  3.670197     -5.961472    
  3.674031     -5.606918    
  3.677831     -6.808243    
  3.681598     -6.526951    
  3.685333     -6.559951    
  3.685420     -6.857293    
  3.688862     -6.010573    
  3.688948     -6.116062    
  3.690731     -6.441973    
  3.690818     -6.416017    
  3.691459     -6.467062    
  3.691546     -6.491261    
  3.694812     -6.527985    
  3.694898     -6.542998    
  3.695365     -6.559655    
  3.695452     -6.562168    
  3.695518     -6.564064    
  3.695605     -6.570643    
  3.698701     -6.593259    
  3.701776     -6.599130    
  3.704828     -6.603974    
  3.707860     -6.613004    
  3.710870     -6.620848    
  3.712650     -6.621734    
  3.713860     -6.626617    
  3.716830     -6.625777    
  3.719779     -6.623970    
  3.719866     -6.635377    
  3.723198     -6.650749    
  3.726504     -6.659282    
  3.729786     -6.667389    
  3.733043     -6.675572    
  3.733130     -6.533333    
  3.736895     -6.481457    
  3.740628     -6.717764    
  3.740715     -6.694053    
  3.743507     -6.704333    
  3.746281     -6.708860    
  3.749037     -6.715241    
  3.751777     -6.721916    
  3.751863     -6.722136    
  3.754658     -6.729002    
  3.754745     -6.729247    
  3.755217     -6.730425    
  3.755304     -6.730637    
  3.755522     -6.731172    
  3.755609     -6.729303    
  3.758467     -6.750094    
  3.761306     -6.816938    
  3.764127     -6.552745    
  3.766929     -6.561350    
  3.769713     -6.686020    
  3.772480     -6.727149    
  3.775229     -6.777842    
  3.777961     -6.789352    
  3.778048     -6.788122    
  3.778151     -6.791049    
  3.781161     -6.793472    
  3.784252     -6.800737    
  3.787320     -6.808698    
  3.790368     -6.824733    
  3.793394     -6.820516    
  3.796399     -6.817659    
  3.799384     -6.853786    
  3.802348     -6.823145    
  3.802435     -6.829947    
  3.806009     -6.880935    
  3.806096     -6.867236    
  3.809815     -6.832364    
  3.809902     -6.856386    
  3.811377     -6.877951    
  3.811464     -6.872389    
  3.811517     -6.871972    
  3.811568     -6.871669    
  3.811655     -6.872304    
  3.814154     -6.901798    
  3.816638     -6.770750    
  3.819108     -6.096502    
  3.821564     -6.878974    
  3.821651     -6.773291    
  3.825835     -6.873045    
  3.829979     -6.927423    
  3.834084     -6.946350    
  3.838150     -6.953032    
  3.838237     -6.944659    
  3.840994     -6.877101    
  3.843735     -6.967441    
  3.846458     -6.975854    
  3.849164     -6.965408    
  3.851853     -6.908403    
  3.854526     -6.641781    
  3.857182     -6.891313    
  3.859823     -6.969405    
  3.859910     -6.982312    
  3.862754     -7.007571    
  3.865581     -7.021535    
  3.868389     -7.030191    
  3.871179     -7.027611    
  3.871266     -7.027959    
  3.873695     -7.041129    
  3.876111     -7.047884    
  3.878513     -7.054749    
  3.880902     -7.057413    
  3.880989     -6.899182    
  3.884377     -7.015223    
  3.887739     -7.077612    
  3.891076     -7.086879    
  3.894387     -7.094177    
  3.894474     -7.094549    
  3.898660     -7.105268    
  3.898747     -7.105458    
  3.901486     -7.112227    
  3.904208     -7.118656    
  3.904295     -7.115799    
  3.905384     -7.117747    
  3.905471     -7.119135    
  3.908472     -7.129727    
  3.908559     -7.130179    
  3.912193     -7.138412    
  3.912280     -7.138057    
  3.913068     -7.140503    
  3.913155     -7.140892    
  3.913273     -7.141269    
  3.913714     -7.142713    
  3.913769     -7.142805    
  3.913842     -7.142862    
  3.913889     -7.142868    
  3.913972     -7.143190    
  3.914081     -7.143621    
  3.914168     -7.206879    
  3.916915     -7.029540    
  3.917002     -6.941306    
  3.919240     -7.091058    
  3.921466     -7.187623    
  3.923680     -7.186301    
  3.925884     -7.184670    
  3.928076     -7.189575    
  3.930258     -7.196635    
  3.934588     -7.207070    
  3.938875     -7.212009    
  3.943121     -7.207883    
  3.947325     -7.239317    
  3.951490     -7.232096    
  3.955614     -7.232629    
  3.959700     -7.271019    
  3.963748     -7.303123    
  3.967758     -7.256188    
  3.971732     -7.092103    
  3.975669     -7.314563    
  3.979571     -7.302065    
  3.983439     -7.241996    
  3.983526     -7.314646    
  3.987126     -7.369307    
  3.990697     -7.335570    
  3.994239     -7.370861    
  3.997752     -7.390172    
  3.997838     -7.389121    
  4.000147     -7.401343    
  4.002444     -7.301018    
  4.004728     -7.337223    
  4.007001     -6.829770    
  4.009262     -7.271045    
  4.011511     -7.401093    
  4.013748     -7.427313    
  4.015974     -7.426003    
  4.018189     -7.424172    
  4.020392     -7.374908    
  4.022585     -7.443731    
  4.024766     -7.456843    
  4.029096     -7.467248    
  4.033383     -7.477397    
  4.033470     -7.380058    
  4.034774     -8.004655    
  4.034861     -7.001417    
  4.038365     -7.141504    
  4.038452     -7.297995    
  4.040802     -7.193326    
  4.043140     -7.455391    
  4.045465     -7.502859    
  4.047778     -7.510073    
  4.047865     -7.512322    
  4.051277     -7.532993    
  4.054632     -7.540513    
  4.057962     -7.548272    
  4.061267     -7.558004    
  4.061354     -7.559047    
  4.065579     -7.380152    
  4.069764     -7.397635    
  4.073909     -7.604457    
  4.078015     -7.599488    
  4.078102     -7.600303    
  4.080241     -7.600892    
  4.080328     -7.580579    
  4.080857     -7.584809    
  4.080944     -7.583960    
  4.081009     -7.583102    
  4.081054     -7.579257    
  4.082194     -7.589245    
  4.082281     -7.596256    
  4.084738     -7.605529    
  4.087181     -7.613624    
  4.089611     -7.625919    
  4.092028     -7.621472    
  4.094430     -7.635398    
  4.096820     -7.637958    
  4.099197     -7.644932    
  4.101560     -7.645319    
  4.101647     -7.651674    
  4.104844     -7.673387    
  4.108018     -7.428948    
  4.111169     -7.453796    
  4.114297     -7.679345    
  4.117403     -7.707325    
  4.120486     -7.684284    
  4.123548     -7.709762    
  4.126589     -7.727473    
  4.129608     -7.707140    
  4.132606     -7.730155    
  4.135584     -7.746749    
  4.138542     -7.745918    
  4.141479     -7.726334    
  4.144397     -7.761744    
  4.147296     -7.775209    
  4.150175     -7.784688    
  4.150262     -7.784964    
  4.153103     -7.799931    
  4.155926     -7.758174    
  4.156013     -7.752639    
  4.158103     -7.780559    
  4.158190     -7.793104    
  4.161727     -7.818732    
  4.161814     -7.815751    
  4.163762     -7.821351    
  4.163849     -7.821821    
  4.163959     -7.822067    
  4.164046     -7.821515    
  4.166389     -7.842284    
  4.168720     -7.861770    
  4.171039     -7.632424    
  4.173345     -7.791703    
  4.175640     -7.831262    
  4.177922     -7.874984    
  4.180192     -7.879702    
  4.182450     -7.881476    
  4.184697     -7.881261    
  4.186932     -7.886103    
  4.189156     -7.892367    
  4.191369     -7.902549    
  4.193570     -7.896392    
  4.195760     -7.926875    
  4.197939     -7.833273    
  4.200107     -7.902597    
  4.204411     -7.941558    
  4.208673     -7.925438    
  4.212894     -7.966040    
  4.217074     -7.936393    
  4.221214     -7.978571    
  4.225315     -7.986858    
  4.229377     -7.916045    
  4.233402     -8.003387    
  4.233489     -7.995732    
  4.235773     -8.023558    
  4.238044     -8.047731    
  4.240303     -7.939646    
  4.242551     -7.988955    
  4.244787     -8.045913    
  4.247012     -8.056963    
  4.249225     -8.044039    
  4.251427     -8.048746    
  4.251514     -8.054999    
  4.255198     -8.077793    
  4.258852     -8.069758    
  4.262474     -8.018687    
  4.266067     -8.113712    
  4.266154     -8.103969    
  4.268659     -8.233929    
  4.271149     -7.735544    
  4.273626     -7.481582    
  4.276088     -7.753603    
  4.278536     -8.105800    
  4.280971     -8.112581    
  4.283392     -8.065220    
  4.285800     -8.150923    
  4.288194     -8.170302    
  4.290575     -8.009791    
  4.292943     -8.156261    
  4.295299     -8.185481    
  4.297641     -8.193378    
  4.299971     -8.199821    
  4.302289     -8.205371    
  4.304595     -8.211629    
  4.306888     -8.218092    
  4.309169     -8.212564    
  4.311438     -8.162459    
  4.313695     -8.310361    
  4.315941     -8.234831    
  4.318175     -8.257782    
  4.320398     -8.259033    
  4.322610     -8.248806    
  4.324810     -8.248669    
  4.326999     -8.239560    
  4.329177     -8.265021    
  4.331345     -8.281479    
  4.335647     -8.163785    
  4.339907     -8.223087    
  4.339994     -8.168801    
  4.343342     -8.204563    
  4.346664     -8.312837    
  4.349961     -8.330441    
  4.353233     -8.339949    
  4.353320     -8.342950    
  4.356074     -8.326747    
  4.356161     -8.334771    
  4.357582     -8.346551    
  4.357669     -8.346842    
  4.357779     -8.347604    
  4.357865     -8.349019    
  4.360696     -8.369452    
  4.363507     -8.378184    
  4.366301     -8.362111    
  4.369077     -8.395991    
  4.371835     -8.313188    
  4.374576     -8.394456    
  4.377300     -8.393617    
  4.380006     -8.415904    
  4.382696     -8.422836    
  4.385369     -8.429860    
  4.388026     -8.437851    
  4.390667     -8.439975    
  4.393292     -8.421997    
  4.395901     -8.460685    
  4.398495     -8.458006    
  4.401073     -8.479751    
  4.403636     -8.468747    
  4.406183     -8.491189    
  4.408716     -8.455998    
  4.411235     -8.450947    
  4.413739     -8.508668    
  4.416228     -8.518577    
  4.418703     -8.423283    
  4.421164     -8.211853    
  4.423612     -8.480877    
  4.426045     -8.539470    
  4.428465     -8.509750    
  4.430872     -8.548007    
  4.433266     -8.519705    
  4.435646     -8.554526    
  4.438013     -8.576197    
  4.440368     -8.583382    
  4.440455     -8.554941    
  4.442834     -8.552787    
  4.445201     -8.599365    
  4.445288     -8.595410    
  4.447569     -8.608012    
  4.449839     -8.586391    
  4.452097     -8.425950    
  4.454343     -8.457494    
  4.456578     -8.619960    
  4.458801     -8.587706    
  4.461013     -8.556912    
  4.463213     -8.626095    
  4.465403     -8.651501    
  4.467581     -8.661111    
  4.471906     -8.658670    
  4.476188     -8.682265    
  4.480428     -8.571442    
  4.512937     -8.766835    
  4.513024     -8.777890    
  4.514610     -8.784926    
  4.514697     -8.785509    
  4.515945     -8.789438    
  4.516032     -8.789516    
  4.516141     -8.789842    
  4.516228     -8.783065    
  4.585469     -8.951655    
  4.585556     -8.897580    
  4.648489     -9.096200    
  4.648576     -9.137128    
  4.649548     -9.152312    
  4.649635     -9.152935    
  4.649838     -9.155178    
  4.649925     -9.156052    
  4.650035     -9.157092    
  4.650122     -9.094256    
  4.709765     -9.294694    
  4.709852     -9.302396    
  4.765753     -9.455975    
  4.765822     -9.478964    
  4.765909     -9.479560    
  4.766019     -9.483324    
  4.766106     -9.443696    
  4.818480     -9.645879    
  4.818567     -9.598687    
  4.868094     -9.712407    
  4.868152     -9.753144    
  4.868214     -9.751642    
  4.868324     -9.751928    
  4.868411     -9.570554    
  4.915089     -10.00909    
  4.915176     -9.899952    
  4.959449     -10.00145    
  4.959536     -10.02887    
  4.959642     -9.818015    
  4.959729     -9.676535    
  4.959839     -9.758555    
  4.959925     -9.992676    
  5.002021     -10.06950    
  5.002108     -10.13766    
  5.041986     -10.24467    
  5.042072     -10.26496    
  5.042428     -10.26176    
  5.042515     -10.26100    
  5.042624     -10.26010    
  5.042711     -10.20378    
  5.081038     -10.35005    
  5.081125     -10.23375    
  5.117569     -10.47171    
  5.117655     -10.53717    
  5.118005     -10.23488    
  5.118092     -9.568340    
  5.118201     -9.407515    
  5.118288     -10.43956    
  5.153462     -10.53962    
  5.153549     -10.54730    
  5.187204     -10.64871    
  5.187290     -10.63686    
  5.187529     -10.63832    
  5.187616     -10.63881    
  5.187725     -10.63942    
  5.187812     -10.62067    
  5.251180     -10.78281    
  5.251266     -10.81235    
  5.251931     -10.81608    
  5.252018     -10.81645    
  5.252095     -10.81679    
  5.252182     -10.79300    
  5.311750     -10.95437    
  5.311837     -11.00328    
  5.311944     -11.00516    
  5.312021     -11.00544    
  5.312108     -10.98925    
  5.368079     -11.08704    
  5.368165     -11.12765    
  5.420736     -11.28532    
  5.420823     -11.25085    
  5.470384     -11.37253    
  5.470471     -11.39668    
  5.517346     -11.55565    
  5.517433     -11.52758    
  5.561899     -11.65973    
  5.561985     -11.66219    
  5.604277     -11.73531    
  5.604364     -11.78212    
  5.644684     -11.88656    
  5.644771     -11.88323    
  6.101351     -13.11988    
  6.318972     -13.74468    
  6.571403     -14.46339    
  6.845929     -15.27013    
  7.133075     -16.17164    
  7.426993     -17.24091    
  7.724423     -18.71352    
  8.023641    -100.00000    
  8.323763     -22.93498    
  8.624338    -100.00000    
  8.925140    -100.00000    
