 0.6989700    -100.00000    
 0.7247828    -100.00000    
 0.7491470     -75.98802    
 0.7722168     -74.56556    
 0.7941226     -73.87706    
 0.8348744     -72.97419    
 0.8721282     -72.92571    
 0.9064373     -73.47698    
 0.9382333     -74.56095    
 0.9678594    -100.00000    
 0.9955930    -100.00000    
  1.021661    -100.00000    
  1.046253     -79.05996    
  1.069527    -100.00000    
  1.091616    -100.00000    
  1.132686    -100.00000    
  1.170205    -100.00000    
  1.204739    -100.00000    
  1.236728    -100.00000    
  1.266522    -100.00000    
  1.294403    -100.00000    
  1.320601    -100.00000    
  1.345308    -100.00000    
  1.368685    -100.00000    
  1.390867    -100.00000    
  1.390954    -100.00000    
  1.416604    -100.00000    
  1.416691    -100.00000    
  1.442990     -92.95308    
  1.443077    -100.00000    
  1.465932    -100.00000    
  1.466019     -92.63965    
  1.508260    -100.00000    
  1.546755    -100.00000    
  1.546842    -100.00000    
  1.576102     -96.79641    
  1.576189     -94.69776    
  1.604747    -100.00000    
  1.604834     -87.15850    
  1.638223     -80.99844    
  1.669228     -75.35213    
  1.698166     -70.41235    
  1.725295    -100.00000    
  1.725382     -69.36623    
  1.731758    -100.00000    
  1.731845     -64.26137    
  1.759983     -60.44667    
  1.786409    -100.00000    
  1.786495     -55.78765    
  1.816265     -52.32082    
  1.844125    -100.00000    
  1.844212     -48.29054    
  1.873424    -100.00000    
  1.873511     -44.50606    
  1.905821    -100.00000    
  1.905908    -100.00000    
  1.913955    -100.00000    
  1.914042     -42.38093    
  1.926709    -100.00000    
  1.926796    -100.00000    
  1.927461    -100.00000    
  1.927548     -38.59280    
  1.962158     -35.90649    
  1.994212    -100.00000    
  1.994299    -100.00000    
  1.996552    -100.00000    
  1.996639    -100.00000    
  1.997939    -100.00000    
  1.998026    -100.00000    
  2.007421    -100.00000    
  2.007508     -32.70116    
  2.028108    -100.00000    
  2.028195     -30.02608    
  2.061043    -100.00000    
  2.061130     -28.84116    
  2.079594     -28.21091    
  2.097304    -100.00000    
  2.097391    -100.00000    
  2.101519    -100.00000    
  2.101605    -100.00000    
  2.102584    -100.00000    
  2.102671    -100.00000    
  2.106101    -100.00000    
  2.106187    -100.00000    
  2.111508    -100.00000    
  2.111595    -100.00000    
  2.111941    -100.00000    
  2.112028     -26.27765    
  2.126973    -100.00000    
  2.127060    -100.00000    
  2.127658    -100.00000    
  2.127745    -100.00000    
  2.137486    -100.00000    
  2.137573    -100.00000    
  2.149371    -100.00000    
  2.149458    -100.00000    
  2.156741    -100.00000    
  2.156827    -100.00000    
  2.158960    -100.00000    
  2.159047     -22.92314    
  2.177604    -100.00000    
  2.177690    -100.00000    
  2.181731    -100.00000    
  2.181818    -100.00000    
  2.188445    -100.00000    
  2.188532    -100.00000    
  2.204170    -100.00000    
  2.204257    -100.00000    
  2.211100    -100.00000    
  2.217837    -100.00000    
  2.217924    -100.00000    
  2.218030    -100.00000    
  2.218315    -100.00000    
  2.218402    -100.00000    
  2.218688    -100.00000    
  2.218775    -100.00000    
  2.226808    -100.00000    
  2.234695    -100.00000    
  2.234781    -100.00000    
  2.239617    -100.00000    
  2.239704    -100.00000    
  2.245345    -100.00000    
  2.245432    -100.00000    
  2.250721    -100.00000    
  2.250808    -100.00000    
  2.253696    -100.00000    
  2.253782    -100.00000    
  2.257129    -100.00000    
  2.260450    -100.00000    
  2.263745    -100.00000    
  2.267016    -100.00000    
  2.267103    -100.00000    
  2.270490    -100.00000    
  2.270577    -100.00000    
  2.271628    -100.00000    
  2.271715    -100.00000    
  2.275818    -100.00000    
  2.275905    -100.00000    
  2.277893    -100.00000    
  2.279873    -100.00000    
  2.281843    -100.00000    
  2.283804    -100.00000    
  2.283891    -100.00000    
  2.286288    -100.00000    
  2.286375    -100.00000    
  2.286786    -100.00000    
  2.286873    -100.00000    
  2.289459    -100.00000    
  2.292031    -100.00000    
  2.294586    -100.00000    
  2.297128    -100.00000    
  2.297214    -100.00000    
  2.297982    -100.00000    
  2.298069    -100.00000    
  2.300085    -100.00000    
  2.302092    -100.00000    
  2.304090    -100.00000    
  2.306078    -100.00000    
  2.306165    -100.00000    
  2.308268    -100.00000    
  2.309316    -100.00000    
  2.310361    -100.00000    
  2.311404    -100.00000    
  2.312444    -100.00000    
  2.313482    -100.00000    
  2.314517    -100.00000    
  2.314604    -100.00000    
  2.315597    -100.00000    
  2.315684    -100.00000    
  2.316612    -100.00000    
  2.317538    -100.00000    
  2.318463    -100.00000    
  2.319385    -100.00000    
  2.320305    -100.00000    
  2.321224    -100.00000    
  2.322140    -100.00000    
  2.323055    -100.00000    
  2.323141    -100.00000    
  2.324295    -100.00000    
  2.325445    -100.00000    
  2.326592    -100.00000    
  2.327736    -100.00000    
  2.327823    -100.00000    
  2.328799    -100.00000    
  2.329773    -100.00000    
  2.330745    -100.00000    
  2.331714    -100.00000    
  2.331801    -100.00000    
  2.333101    -100.00000    
  2.333188    -100.00000    
  2.334187    -100.00000    
  2.335184    -100.00000    
  2.336179    -100.00000    
  2.337171    -100.00000    
  2.338161    -100.00000    
  2.339149    -100.00000    
  2.340135    -100.00000    
  2.341118    -100.00000    
  2.341205    -100.00000    
  2.341283    -100.00000    
  2.341370    -100.00000    
  2.341472    -100.00000    
  2.342320    -100.00000    
  2.343166    -100.00000    
  2.344011    -100.00000    
  2.344853    -100.00000    
  2.344940    -100.00000    
  2.345621    -100.00000    
  2.346301    -100.00000    
  2.346979    -100.00000    
  2.347657    -100.00000    
  2.348333    -100.00000    
  2.349009    -100.00000    
  2.349683    -100.00000    
  2.350356    -100.00000    
  2.350443    -100.00000    
  2.351331    -100.00000    
  2.352217    -100.00000    
  2.352659    -100.00000    
  2.353101    -100.00000    
  2.353542    -100.00000    
  2.353983    -100.00000    
  2.354070    -100.00000    
  2.354511    -100.00000    
  2.354951    -100.00000    
  2.355390    -100.00000    
  2.355830    -100.00000    
  2.356269    -100.00000    
  2.356707    -100.00000    
  2.357145    -100.00000    
  2.357582     -15.00967    
  2.357669    -100.00000    
  2.367290    -100.00000    
  2.376702    -100.00000    
  2.376789    -100.00000    
  2.381401    -100.00000    
  2.381488    -100.00000    
  2.381574    -100.00000    
  2.381660    -100.00000    
  2.384670    -100.00000    
  2.384757    -100.00000    
  2.387126    -100.00000    
  2.387213    -100.00000    
  2.396615    -100.00000    
  2.405819    -100.00000    
  2.405905     -13.73308    
  2.409345    -100.00000    
  2.409431    -100.00000    
  2.409967    -100.00000    
  2.410054     -12.46981    
  2.411501     -12.34694    
  2.411588     -12.31007    
  2.413098     -12.48109    
  2.413185     -12.24381    
  2.417228     -12.43157    
  2.417315     -11.00718    
  2.417448     -10.59226    
  2.417535     -10.07920    
  2.429911     -9.784743    
  2.429998     -10.47220    
  2.433514     -9.916818    
  2.433601     -9.700446    
  2.434762     -9.490244    
  2.434849     -9.249810    
  2.435570    -100.00000    
  2.435657     -10.14606    
  2.438099     -10.07112    
  2.438186     -10.11221    
  2.443115     -9.823957    
  2.443202     -9.716768    
  2.448046     -9.667193    
  2.448133     -9.595207    
  2.449372     -9.568397    
  2.449459     -10.89997    
  2.456026     -9.031539    
  2.456113    -100.00000    
  2.457105     -9.503763    
  2.457192     -9.170247    
  2.461170     -9.381282    
  2.461257     -9.358081    
  2.466286     -9.250227    
  2.466372    -100.00000    
  2.466976     -9.398165    
  2.467064     -9.407176    
  2.471828     -8.915198    
  2.471915     -8.888859    
  2.476442     -8.732132    
  2.476529    -100.00000    
  2.476628    -100.00000    
  2.476715    -100.00000    
  2.476977    -100.00000    
  2.477064     -7.263485    
  2.483465    -100.00000    
  2.483551     -7.444689    
  2.483824     -7.959185    
  2.483911     -8.053555    
  2.484130     -8.568614    
  2.484217     -8.680149    
  2.487220     -8.788282    
  2.490203     -8.597353    
  2.493165     -8.838847    
  2.496107     -8.361329    
  2.496194     -8.900279    
  2.500074     -8.110124    
  2.503920     -8.930424    
  2.504007     -9.472182    
  2.504069     -8.925483    
  2.504156     -8.417574    
  2.506191     -8.321294    
  2.506278     -8.154910    
  2.508598     -8.436638    
  2.510906     -8.476230    
  2.513202     -7.923410    
  2.515486     -8.296807    
  2.515573     -8.086854    
  2.515719     -8.051150    
  2.515805     -8.042493    
  2.515872     -8.046840    
  2.515959     -8.188344    
  2.516943     -7.791479    
  2.517030     -7.926644    
  2.517941     -8.795498    
  2.518028     -8.083109    
  2.521727     -8.043205    
  2.525387     -7.872181    
  2.529016     -7.658159    
  2.532615     -8.017344    
  2.532701    -100.00000    
  2.536032     -7.381756    
  2.539337     -7.333273    
  2.539424     -7.231880    
  2.543132     -7.237712    
  2.546808    -100.00000    
  2.546895     -8.193479    
  2.547329     -7.874890    
  2.547416     -8.161894    
  2.551118     -6.974512    
  2.551204     -6.639184    
  2.554808     -7.643961    
  2.558382     -6.703085    
  2.558469     -6.831715    
  2.558869     -6.696906    
  2.558956     -7.225819    
  2.562079     -7.024005    
  2.565180     -6.616614    
  2.568258     -6.797063    
  2.571315     -6.540367    
  2.571402     -6.395828    
  2.571490     -6.431257    
  2.571576     -6.532788    
  2.574740     -7.003933    
  2.577880     -6.909285    
  2.580998     -6.564352    
  2.584094     -6.418238    
  2.587168     -8.174439    
  2.590220     -6.581944    
  2.593250     -6.453380    
  2.596260     -6.686960    
  2.596347     -6.505233    
  2.597646     -6.598783    
  2.597733     -6.573639    
  2.602007     -6.455894    
  2.606239     -5.843505    
  2.606326     -5.336979    
  2.607237     -6.033496    
  2.607324     -6.008378    
  2.610441     -5.914215    
  2.613536     -5.936726    
  2.616608     -5.232032    
  2.619659    -100.00000    
  2.619746     -6.010246    
  2.620859     -6.364871    
  2.620946     -6.080505    
  2.621962     -6.298094    
  2.622049     -6.152505    
  2.625471     -5.966367    
  2.625557     -6.201655    
  2.626297     -5.774715    
  2.626384     -5.651773    
  2.627024     -7.111980    
  2.627111     -6.275295    
  2.630159     -5.994196    
  2.633186     -6.214901    
  2.633273     -6.229553    
  2.633585     -5.811748    
  2.633672     -5.455950    
  2.636750     -6.249008    
  2.639805     -5.377594    
  2.642840     -5.541256    
  2.645853     -4.997519    
  2.645940     -5.819789    
  2.646436     -4.728167    
  2.646523     -4.661259    
  2.648513    -100.00000    
  2.648600     -5.508988    
  2.650315     -6.386406    
  2.652023     -5.602893    
  2.652110     -5.049701    
  2.653758    -100.00000    
  2.653845     -5.632362    
  2.655848    -100.00000    
  2.655935    -100.00000    
  2.656856     -4.892019    
  2.656943     -5.039463    
  2.659789     -5.893223    
  2.659876     -5.838648    
  2.661711     -7.448783    
  2.661798    -100.00000    
  2.662838     -5.512766    
  2.662925     -4.697833    
  2.664915     -4.797481    
  2.666868     -5.864668    
  2.668813     -5.862115    
  2.670748     -6.258931    
  2.670835     -7.290058    
  2.671974    -100.00000    
  2.673109    -100.00000    
  2.674242     -5.948215    
  2.675371     -6.516883    
  2.675458    -100.00000    
  2.676606     -4.913302    
  2.677751    -100.00000    
  2.677838     -5.040807    
  2.679282    -100.00000    
  2.680721     -7.141557    
  2.682155     -6.055607    
  2.683585     -6.257314    
  2.683672    -100.00000    
  2.684831     -5.790030    
  2.685988     -6.627824    
  2.686075    -100.00000    
  2.686520     -6.634756    
  2.686607     -6.278779    
  2.687604     -6.943201    
  2.688599     -6.712587    
  2.688686     -6.364677    
  2.689315     -6.398148    
  2.689943     -6.358775    
  2.690571     -5.800466    
  2.691198     -5.777032    
  2.691823     -5.499100    
  2.692448    -100.00000    
  2.693072     -5.529311    
  2.693695     -5.658494    
  2.694317     -6.210775    
  2.694939     -5.534007    
  2.695559     -5.813421    
  2.696179     -5.619413    
  2.696797     -6.020828    
  2.697415     -5.179785    
  2.698032     -6.525317    
  2.698648     -5.012403    
  2.698717     -5.705579    
  2.698803     -5.953622    
  2.699142     -6.012870    
  2.699229     -5.966251    
  2.700077     -5.016145    
  2.700500     -5.551531    
  2.700923     -6.299769    
  2.701345     -6.165821    
  2.701767     -5.602971    
  2.702189     -5.519470    
  2.702610     -5.777893    
  2.702697     -6.099551    
  2.706323     -5.991320    
  2.706410     -5.869491    
  2.708352     -5.388513    
  2.708438     -5.148134    
  2.709271    -100.00000    
  2.709358     -5.379317    
  2.712230     -4.898888    
  2.712317    -100.00000    
  2.714595     -5.502916    
  2.716861    -100.00000    
  2.719116     -5.204690    
  2.721359    -100.00000    
  2.721446    -100.00000    
  2.721792    -100.00000    
  2.721879     -6.164328    
  2.725135     -6.181851    
  2.728368     -5.911003    
  2.728455     -6.116474    
  2.730036    -100.00000    
  2.730123    -100.00000    
  2.733067     -6.440454    
  2.735992     -6.278937    
  2.736079     -5.923601    
  2.737059     -5.830349    
  2.737146     -6.651547    
  2.740300     -5.882151    
  2.740387    -100.00000    
  2.744215     -5.788888    
  2.748009     -4.850919    
  2.751770     -5.885928    
  2.755499     -5.661043    
  2.755586     -5.210586    
  2.758474     -5.206300    
  2.758561     -5.359236    
  2.759027     -5.329107    
  2.759113     -6.259703    
  2.760747     -5.473061    
  2.760833     -5.694616    
  2.763123     -5.783152    
  2.765400     -5.533763    
  2.765487     -5.652664    
  2.765755     -6.046307    
  2.765842     -6.471553    
  2.768363     -5.776943    
  2.770870     -5.162843    
  2.773363     -5.332110    
  2.775841     -5.370306    
  2.775928     -5.590595    
  2.777541     -5.749458    
  2.777628     -5.417637    
  2.780082     -5.476855    
  2.782523     -5.244057    
  2.784950     -6.068537    
  2.787363     -5.483312    
  2.787450    -100.00000    
  2.789348     -4.818593    
  2.789435     -4.884394    
  2.792054     -5.057346    
  2.792141     -6.017831    
  2.795962     -4.274109    
  2.796049     -4.952212    
  2.798395     -4.851755    
  2.800729     -5.512035    
  2.803050     -5.125835    
  2.805359    -100.00000    
  2.807656     -4.077783    
  2.809941     -4.633351    
  2.812213     -4.544309    
  2.814474     -4.984383    
  2.814561     -4.098717    
  2.815775     -4.416760    
  2.815862     -5.003339    
  2.819341     -4.126262    
  2.822792     -4.469290    
  2.826216     -4.859626    
  2.829613     -3.833764    
  2.829700     -3.919755    
  2.832139     -4.398786    
  2.834565     -4.137856    
  2.836978     -5.636011    
  2.839377     -4.082599    
  2.839464     -4.241455    
  2.842740     -4.922415    
  2.845992     -3.718280    
  2.846054     -3.770040    
  2.846141     -3.782398    
  2.846320     -3.782900    
  2.846407     -3.768035    
  2.846929     -3.981615    
  2.847016     -3.997692    
  2.850284     -4.146532    
  2.850371     -4.205606    
  2.851107     -3.979420    
  2.851194     -4.287795    
  2.851272     -4.403496    
  2.851359     -4.390210    
  2.851605     -4.131939    
  2.851692     -4.060608    
  2.852969     -4.106071    
  2.853056     -4.024271    
  2.856721     -4.004549    
  2.856808     -4.089790    
  2.860014     -4.097777    
  2.863196     -4.130680    
  2.863283     -4.119722    
  2.866961     -4.134085    
  2.867048     -4.198210    
  2.869268     -4.256904    
  2.871477     -4.267363    
  2.871560     -4.337505    
  2.871647     -4.448934    
  2.874394     -4.287538    
  2.877123     -4.196679    
  2.877210     -4.161326    
  2.879769     -4.247941    
  2.882313     -4.209331    
  2.882400     -4.140652    
  2.882670     -5.025633    
  2.882757    -100.00000    
  2.885337     -3.842220    
  2.885423     -3.699578    
  2.886380     -3.645530    
  2.886467     -3.666353    
  2.886654     -3.681318    
  2.886741     -3.903301    
  2.889314     -5.050878    
  2.889401     -3.984741    
  2.891964     -4.283309    
  2.892051     -3.991721    
  2.893704     -4.053793    
  2.893791     -3.928304    
  2.894071     -3.917128    
  2.894158     -3.915522    
  2.895095     -3.967853    
  2.895182     -3.984609    
  2.896767     -4.098091    
  2.896854     -4.159030    
  2.897787     -4.255120    
  2.897874     -4.217957    
  2.900589     -4.260818    
  2.900676     -4.230233    
  2.902856     -4.225640    
  2.905026     -4.270968    
  2.905113     -4.280843    
  2.908098     -4.305567    
  2.908185     -4.300321    
  2.908477     -4.298578    
  2.908564     -4.302406    
  2.910090     -4.316282    
  2.910176     -4.345604    
  2.913363     -4.329905    
  2.916527     -4.364254    
  2.916614     -4.152685    
  2.916785     -4.135213    
  2.916872     -4.130731    
  2.917171     -4.112020    
  2.917258     -4.115143    
  2.919518     -4.199498    
  2.921765     -4.294826    
  2.921852     -4.282552    
  2.925029     -4.324451    
  2.925116     -4.375410    
  2.925941     -4.324520    
  2.926028     -4.346706    
  2.927554     -4.337882    
  2.927641     -4.329524    
  2.927950     -4.333862    
  2.928037     -4.356756    
  2.928671     -4.326487    
  2.928758     -4.319946    
  2.929127     -4.327387    
  2.929213     -4.332344    
  2.929524     -4.299692    
  2.929611     -4.298577    
  2.930245     -4.364693    
  2.930332     -4.336267    
  2.930644     -4.375395    
  2.930731     -4.340910    
  2.930963     -4.317537    
  2.931050     -4.319681    
  2.934646     -4.377253    
  2.934733     -4.331066    
  2.936807     -4.342561    
  2.936894     -4.310035    
  2.937412     -4.296589    
  2.937499     -4.302406    
  2.937612     -4.303751    
  2.939332     -4.322256    
  2.939418     -4.383202    
  2.941608     -4.260445    
  2.943787     -4.227556    
  2.943874     -4.257672    
  2.945266     -4.292251    
  2.945353     -4.273120    
  2.946273     -4.298750    
  2.946360     -4.306422    
  2.946687     -4.311966    
  2.946774     -4.296422    
  2.949036     -4.332301    
  2.951287     -4.338834    
  2.951374     -4.303110    
  2.953319     -4.551746    
  2.953406     -4.358763    
  2.953750     -4.335404    
  2.953837     -4.328142    
  2.955739     -4.299086    
  2.955826     -4.314730    
  2.956162     -4.319001    
  2.956249     -4.332442    
  2.957620     -4.347197    
  2.957703     -4.337241    
  2.957790     -4.356171    
  2.959196     -4.348519    
  2.959269     -4.334388    
  2.959356     -4.343697    
  2.959520     -4.354682    
  2.959575     -4.351068    
  2.959642     -4.345064    
  2.959729     -4.313500    
  2.960694     -4.243683    
  2.960781     -4.242059    
  2.961122     -4.240483    
  2.961209     -4.216042    
  2.965318     -4.670922    
  2.965405     -4.490325    
  2.969227     -3.877366    
  2.969314     -4.039069    
  2.972533     -4.283086    
  2.975728     -4.298096    
  2.975815     -4.221734    
  2.976166     -4.212131    
  2.976253     -4.313076    
  2.979351     -4.355909    
  2.982423     -4.458267    
  2.982509     -4.270380    
  2.982872     -4.207420    
  2.982959     -4.151871    
  2.986034     -4.277858    
  2.989087     -4.556379    
  2.992119     -4.332000    
  2.995130     -4.360309    
  2.998121     -3.930095    
  3.001090     -4.106818    
  3.004040     -4.240134    
  3.006970     -4.230793    
  3.009880     -4.390346    
  3.012771     -4.203570    
  3.015642     -4.346405    
  3.018495     -4.311831    
  3.021329     -4.428274    
  3.024145     -4.406254    
  3.026943     -4.448859    
  3.029723     -4.471870    
  3.032485     -4.488028    
  3.035229     -4.666601    
  3.037957     -4.090341    
  3.040667     -4.331162    
  3.043360     -4.415901    
  3.046038     -4.448524    
  3.048698     -4.432562    
  3.051342     -4.421714    
  3.053971     -4.495020    
  3.056583     -4.411151    
  3.059180     -4.424320    
  3.061762     -4.490654    
  3.064328     -4.457993    
  3.066879     -4.497637    
  3.069415     -4.606998    
  3.071937     -4.558694    
  3.072024     -4.586316    
  3.076115     -4.135080    
  3.080169     -4.363448    
  3.084185     -4.466603    
  3.088164     -4.031804    
  3.088251     -4.198834    
  3.091849     -4.547248    
  3.091936     -4.498483    
  3.095352     -4.586872    
  3.095438     -4.362533    
  3.097710     -4.396729    
  3.099969     -4.373265    
  3.100056     -4.420089    
  3.103074     -4.483054    
  3.106072     -4.486976    
  3.109049     -4.543341    
  3.112005     -4.462957    
  3.112092     -4.489301    
  3.114687     -4.530546    
  3.114774     -4.540695    
  3.116978     -4.602301    
  3.117065     -4.516615    
  3.118223     -4.585994    
  3.118310     -4.500382    
  3.122171     -4.576290    
  3.125997     -4.456312    
  3.126084     -4.568175    
  3.127687     -4.441709    
  3.127774     -4.442725    
  3.131998     -4.563443    
  3.136182     -4.457011    
  3.136269     -4.418874    
  3.140203     -4.618227    
  3.144101     -4.565429    
  3.144188     -4.564944    
  3.146758     -4.667027    
  3.146845     -4.548118    
  3.147795     -4.332904    
  3.147882     -4.325261    
  3.148729     -4.615807    
  3.148816     -4.586653    
  3.153068     -4.572559    
  3.153155     -4.460898    
  3.153381     -4.461723    
  3.153434     -4.442914    
  3.153521     -4.469646    
  3.156074     -4.862688    
  3.156161     -4.406675    
  3.160418     -4.571452    
  3.164633     -4.561951    
  3.164720     -4.613768    
  3.166913     -4.446435    
  3.169095     -4.537589    
  3.173426     -4.297100    
  3.177714     -4.543700    
  3.181960     -4.533627    
  3.182047     -4.663791    
  3.184770     -4.922481    
  3.187477     -4.902523    
  3.187564     -4.426351    
  3.188338     -5.668701    
  3.188425     -5.220493    
  3.192224     -4.918037    
  3.192311     -4.841354    
  3.194885     -4.940322    
  3.194972     -5.311283    
  3.196916     -4.636228    
  3.197003     -4.772928    
  3.200855     -4.534320    
  3.204674     -4.814199    
  3.204761     -4.911954    
  3.207365     -4.943437    
  3.207452     -4.852069    
  3.210155     -4.842136    
  3.212841     -4.837317    
  3.215511     -4.690135    
  3.218164     -4.781031    
  3.218251     -5.034856    
  3.222514     -4.859759    
  3.226736     -4.531664    
  3.230917     -4.736844    
  3.235058     -4.997236    
  3.239160     -4.487099    
  3.243224     -4.429495    
  3.247249     -4.456325    
  3.251238     -4.665646    
  3.251325     -4.646280    
  3.254951     -4.706276    
  3.258546     -4.661493    
  3.262112     -4.717294    
  3.265649     -4.564462    
  3.269157     -4.703311    
  3.272637     -4.676855    
  3.276089     -4.546090    
  3.279515     -4.727895    
  3.282913     -4.826380    
  3.286285     -4.937681    
  3.289631     -4.903802    
  3.292952     -4.879406    
  3.296247     -4.854712    
  3.299517     -4.881067    
  3.302763     -4.928363    
  3.305985     -5.087952    
  3.306072     -5.084772    
  3.306887     -5.108384    
  3.306974     -5.096568    
  3.309850     -5.040290    
  3.309937     -5.070724    
  3.310624     -5.079114    
  3.310710     -5.088454    
  3.311825     -5.095067    
  3.311912     -5.110697    
  3.314473     -5.118193    
  3.317019     -4.973841    
  3.319550     -5.079911    
  3.322067     -5.187976    
  3.324569     -4.959591    
  3.327057     -5.050662    
  3.329531     -5.135358    
  3.331990     -5.176679    
  3.334436     -5.167859    
  3.336869     -5.202869    
  3.339287     -5.233655    
  3.341692     -5.179453    
  3.344084     -5.261577    
  3.346463     -5.241605    
  3.348829     -5.031548    
  3.351182     -5.165451    
  3.351269     -5.212679    
  3.355367     -5.131459    
  3.359427     -5.332250    
  3.363449     -5.229322    
  3.367434     -5.156412    
  3.367521     -5.227112    
  3.370368     -5.354254    
  3.373197     -5.385855    
  3.376007     -5.422251    
  3.378799     -5.230125    
  3.381574     -5.173014    
  3.384330     -5.291182    
  3.387069     -5.394871    
  3.389792     -5.435371    
  3.389879     -5.447903    
  3.392466     -5.430037    
  3.395039     -5.414413    
  3.395126     -5.400964    
  3.397959     -5.410391    
  3.398046     -5.407522    
  3.398416     -5.415368    
  3.398503     -5.481694    
  3.400855     -5.353504    
  3.400942     -5.188802    
  3.402428     -5.078929    
  3.402515     -5.112630    
  3.405655     -5.341238    
  3.408773     -5.451848    
  3.411869     -5.472346    
  3.414942     -5.507321    
  3.415029     -5.505327    
  3.419186     -5.529148    
  3.423303     -5.527743    
  3.427382     -5.486850    
  3.431422     -5.480958    
  3.431509     -5.548045    
  3.434904     -5.433461    
  3.438273     -5.109303    
  3.441616     -5.254423    
  3.444934     -5.548596    
  3.445021     -5.517876    
  3.447515     -5.587303    
  3.449995     -5.613088    
  3.452462     -5.618975    
  3.454914     -5.617231    
  3.455001     -5.622536    
  3.458672     -5.613730    
  3.462313     -5.629189    
  3.465924     -5.636412    
  3.469505     -5.693388    
  3.469592     -5.633741    
  3.469843     -5.634748    
  3.469930     -5.634943    
  3.471179     -5.643660    
  3.471266     -5.642012    
  3.474100     -5.653351    
  3.474187     -5.635331    
  3.476423     -5.616157    
  3.478648     -5.576885    
  3.480861     -5.614015    
  3.483063     -5.658380    
  3.483150     -5.656915    
  3.485959     -5.680403    
  3.488749     -5.666194    
  3.491522     -5.685557    
  3.494277     -5.703591    
  3.494364     -5.701116    
  3.496766     -5.695396    
  3.499154     -5.691272    
  3.501530     -5.795110    
  3.503893     -5.716981    
  3.506243     -5.492927    
  3.508580     -5.153904    
  3.510905     -5.463057    
  3.513217     -5.656824    
  3.513304     -5.652077    
  3.515963     -5.737257    
  3.518606     -5.767569    
  3.521233     -5.786402    
  3.523845     -5.736518    
  3.526440     -5.778008    
  3.529020     -5.688958    
  3.531585     -5.755856    
  3.534135     -5.794341    
  3.534222     -5.787222    
  3.538259     -5.812642    
  3.542258     -5.760082    
  3.546221     -5.647135    
  3.550148     -5.826659    
  3.550235     -5.825323    
  3.552940     -5.837653    
  3.555627     -5.858109    
  3.555714     -5.841835    
  3.556728     -5.844886    
  3.556815     -5.841543    
  3.558846     -5.875352    
  3.558933     -5.848481    
  3.560851     -5.888989    
  3.560938     -5.854594    
  3.561019     -5.850757    
  3.561106     -5.848331    
  3.561368     -5.846021    
  3.561455     -5.845800    
  3.561549     -5.845815    
  3.561702     -5.846073    
  3.561789     -5.844965    
  3.562293     -5.844380    
  3.565681     -5.898358    
  3.565768     -5.895139    
  3.568672     -5.934080    
  3.571556     -5.945713    
  3.574422     -5.939948    
  3.577268     -5.845987    
  3.580096     -5.885034    
  3.582906     -5.917831    
  3.585698     -5.897485    
  3.588471     -5.978146    
  3.591228     -5.799152    
  3.593966     -5.863383    
  3.596688     -5.849414    
  3.599393     -5.964890    
  3.602081     -5.940173    
  3.604752     -6.051716    
  3.607407     -5.899220    
  3.610046     -5.687417    
  3.610133     -5.676822    
  3.612394     -5.935518    
  3.614642     -5.766090    
  3.616880     -5.824127    
  3.619105     -5.966101    
  3.621319     -6.035972    
  3.623523     -6.071717    
  3.625715     -5.904692    
  3.627896     -6.000773    
  3.627982     -6.003793    
  3.630428     -6.065277    
  3.632092     -6.083632    
  3.636162     -6.141215    
  3.640195     -5.967518    
  3.644191     -6.026995    
  3.644278     -6.041507    
  3.646967     -6.090931    
  3.649640     -6.146077    
  3.652297     -6.176634    
  3.654938     -5.899219    
  3.655025     -6.016760    
  3.657211     -5.975004    
  3.659385     -5.895337    
  3.659472     -5.922372    
  3.663615     -6.097470    
  3.663702     -6.108299    
  3.666466     -5.853287    
  3.669212     -5.578331    
  3.671940     -5.553548    
  3.674652     -5.482763    
  3.677347     -5.996600    
  3.680026     -6.152714    
  3.682687     -6.214311    
  3.685333     -6.234705    
  3.685420     -6.336910    
  3.688862     -6.040343    
  3.688948     -6.013042    
  3.690731     -6.095308    
  3.690818     -6.093700    
  3.691459     -6.119390    
  3.691546     -6.134950    
  3.694812     -6.139868    
  3.694898     -6.169208    
  3.695365     -6.169936    
  3.695452     -6.168442    
  3.695518     -6.167869    
  3.695605     -6.161577    
  3.698701     -6.250760    
  3.701776     -6.268160    
  3.704828     -6.258839    
  3.707860     -6.282689    
  3.710870     -6.295012    
  3.712650     -6.297012    
  3.713860     -6.300685    
  3.716830     -6.315927    
  3.719779     -6.280025    
  3.719866     -6.285179    
  3.723988     -6.325354    
  3.728071     -6.278498    
  3.732116     -6.386669    
  3.736124     -6.072873    
  3.740095     -6.312913    
  3.744030     -6.382775    
  3.747929     -6.390230    
  3.751794     -6.401703    
  3.751881     -6.399539    
  3.755217     -6.409939    
  3.755304     -6.410714    
  3.755522     -6.411266    
  3.755609     -6.406308    
  3.758467     -6.424429    
  3.761306     -6.431405    
  3.764127     -6.422934    
  3.766929     -6.377209    
  3.769713     -6.344243    
  3.772480     -6.114155    
  3.775229     -6.363920    
  3.777961     -6.445028    
  3.778048     -6.436551    
  3.778151     -6.448463    
  3.781161     -6.474867    
  3.784252     -6.484756    
  3.787320     -6.494069    
  3.790368     -6.504860    
  3.793394     -6.499720    
  3.796399     -6.495899    
  3.799384     -6.519629    
  3.802348     -6.507636    
  3.802435     -6.502564    
  3.806009     -6.574333    
  3.806096     -6.556500    
  3.809815     -6.504209    
  3.809902     -6.536375    
  3.811377     -6.449584    
  3.811464     -6.461445    
  3.811517     -6.460935    
  3.811568     -6.460507    
  3.811655     -6.450672    
  3.814154     -6.540094    
  3.816638     -6.562421    
  3.819108     -6.248806    
  3.821564     -6.384929    
  3.821651     -6.441778    
  3.825835     -5.923809    
  3.829979     -5.734411    
  3.834084     -6.651461    
  3.838150     -6.655620    
  3.838237     -6.636673    
  3.842494     -6.595352    
  3.846710     -6.695319    
  3.850885     -6.557402    
  3.855020     -6.484813    
  3.859117     -6.612076    
  3.863175     -6.669325    
  3.867196     -6.697498    
  3.871179     -6.733497    
  3.871266     -6.725684    
  3.874225     -6.735674    
  3.877163     -6.747111    
  3.880081     -6.778170    
  3.882980     -6.635347    
  3.885860     -6.725440    
  3.888721     -6.750624    
  3.891563     -6.780077    
  3.894387     -6.789456    
  3.894474     -6.790453    
  3.896842     -6.797360    
  3.899197     -6.808225    
  3.901540     -6.813674    
  3.903870     -6.821505    
  3.906188     -6.817023    
  3.908494     -6.830339    
  3.910787     -6.834031    
  3.913068     -6.843370    
  3.913155     -6.844001    
  3.913273     -6.844298    
  3.913769     -6.845211    
  3.913856     -6.845063    
  3.913972     -6.857018    
  3.916915     -6.829242    
  3.917002     -6.732672    
  3.919240     -6.735340    
  3.921466     -6.827831    
  3.923680     -6.837530    
  3.925884     -6.876047    
  3.928076     -6.893998    
  3.930258     -6.907206    
  3.934588     -6.909881    
  3.938875     -6.926562    
  3.943121     -6.924188    
  3.947325     -6.933968    
  3.951490     -6.951912    
  3.955614     -6.954232    
  3.959700     -6.965617    
  3.963748     -6.984209    
  3.967758     -6.983131    
  3.971732     -6.914253    
  3.975669     -6.888589    
  3.979571     -7.013653    
  3.983439     -7.010231    
  3.983526     -7.025110    
  3.987832     -7.067986    
  3.992097     -7.043418    
  3.996320     -7.073730    
  4.000502     -7.100247    
  4.004644     -7.086701    
  4.008747     -6.748048    
  4.012812     -7.110713    
  4.016839     -7.120864    
  4.020829     -7.101797    
  4.024783     -7.159956    
  4.028701     -7.180942    
  4.032584     -7.953335    
  4.036433     -6.416837    
  4.040248     -6.860775    
  4.044029     -7.172199    
  4.047778     -7.238327    
  4.047865     -7.231085    
  4.051711     -7.256818    
  4.055494     -7.263869    
  4.059244     -7.274760    
  4.062962     -7.290898    
  4.066649     -7.144154    
  4.070304     -7.040303    
  4.073930     -7.269132    
  4.077524     -7.331618    
  4.081090     -7.281592    
  4.084626     -7.296332    
  4.088134     -7.342491    
  4.091614     -7.352631    
  4.095066     -7.363007    
  4.098491     -7.375656    
  4.101889     -7.378008    
  4.105261     -7.408486    
  4.108607     -7.322735    
  4.111927     -7.218699    
  4.115222     -7.360674    
  4.118492     -7.439690    
  4.121738     -7.427156    
  4.124960     -7.451653    
  4.128158     -7.472179    
  4.131332     -7.450807    
  4.134484     -7.481729    
  4.137613     -7.472654    
  4.140719     -7.490253    
  4.143803     -7.486652    
  4.146866     -7.514628    
  4.149907     -7.525059    
  4.152927     -7.538233    
  4.155926     -7.541474    
  4.156013     -7.511088    
  4.158880     -7.541086    
  4.161727     -7.561982    
  4.161814     -7.558777    
  4.163762     -7.568488    
  4.163849     -7.570662    
  4.167436     -7.607515    
  4.170993     -7.483182    
  4.174521     -7.541093    
  4.178021     -7.596125    
  4.181494     -7.635706    
  4.184938     -7.638995    
  4.188355     -7.648558    
  4.191746     -7.656113    
  4.195110     -7.677064    
  4.198449     -7.639259    
  4.201762     -7.673560    
  4.205050     -7.687072    
  4.208313     -7.698578    
  4.211552     -7.710366    
  4.214767     -7.719132    
  4.217959     -7.738863    
  4.221127     -7.728684    
  4.224272     -7.751181    
  4.227394     -7.763087    
  4.230494     -7.717955    
  4.233573     -7.747304    
  4.236629     -7.768333    
  4.239665     -7.763126    
  4.242679     -7.687377    
  4.245672     -7.789873    
  4.248645     -7.822350    
  4.251598     -7.804294    
  4.254530     -7.836371    
  4.257443     -7.846002    
  4.260337     -7.845661    
  4.263212     -7.853554    
  4.266067     -7.872893    
  4.266154     -7.870020    
  4.269157     -7.788484    
  4.272139     -7.755412    
  4.275101     -7.487923    
  4.278043     -7.656718    
  4.280965     -7.840444    
  4.283867     -7.595686    
  4.286751     -7.825540    
  4.289615     -7.910862    
  4.292460     -7.936108    
  4.295287     -7.962229    
  4.298096     -7.970357    
  4.300886     -7.979407    
  4.303659     -7.987883    
  4.306414     -7.994352    
  4.309152     -8.001556    
  4.311873     -7.958139    
  4.314576     -8.228267    
  4.317263     -8.027360    
  4.319934     -8.033639    
  4.322588     -8.044761    
  4.325226     -8.005613    
  4.327848     -8.014561    
  4.330454     -8.052436    
  4.333045     -8.064499    
  4.335621     -8.073445    
  4.338181     -8.040017    
  4.340726     -8.085703    
  4.343256     -8.023112    
  4.345772     -8.079519    
  4.348274     -8.100784    
  4.350760     -8.118403    
  4.353233     -8.124335    
  4.353320     -8.130168    
  4.356074     -8.130122    
  4.356161     -8.126238    
  4.357582     -8.139053    
  4.357669     -8.141291    
  4.360507     -8.151891    
  4.363326     -8.172861    
  4.366127     -8.164018    
  4.368910     -8.185577    
  4.371675     -8.158891    
  4.374422     -8.169198    
  4.377153     -8.193699    
  4.379866     -8.203744    
  4.382563     -8.224014    
  4.385243     -8.231416    
  4.387906     -8.242959    
  4.390553     -8.249492    
  4.393185     -8.238165    
  4.395800     -8.260075    
  4.398400     -8.270811    
  4.400984     -8.274006    
  4.403553     -8.286108    
  4.406107     -8.280836    
  4.408646     -8.232596    
  4.411170     -8.200081    
  4.413679     -8.286481    
  4.416174     -8.306003    
  4.418655     -8.297918    
  4.421122     -8.275373    
  4.423575     -8.317229    
  4.426014     -8.340017    
  4.428439     -8.353375    
  4.430851     -8.364502    
  4.433250     -8.348467    
  4.435636     -8.358914    
  4.438008     -8.378229    
  4.440368     -8.383915    
  4.440455     -8.388758    
  4.442913     -8.394062    
  4.445357     -8.409886    
  4.447787     -8.421269    
  4.450204     -8.434847    
  4.452608     -8.375566    
  4.454999     -8.371948    
  4.457376     -8.415171    
  4.459740     -8.441086    
  4.462092     -8.427551    
  4.464431     -8.457379    
  4.466757     -8.469526    
  4.469071     -8.481645    
  4.471373     -8.478058    
  4.473663     -8.494319    
  4.475940     -8.502483    
  4.478206     -8.340579    
  4.512937     -8.534466    
  4.513024     -8.611967    
  4.514610     -8.620068    
  4.514697     -8.619875    
  4.515945     -8.619069    
  4.516032     -8.627071    
  4.585469     -8.814820    
  4.585556     -8.790676    
  4.648489     -8.958590    
  4.648576     -9.019006    
  4.649548     -9.026204    
  4.649635     -9.026680    
  4.649838     -9.028020    
  4.649925     -8.990480    
  4.709765     -9.215959    
  4.709852     -9.207411    
  4.765753     -9.346988    
  4.765822     -9.369962    
  4.765909     -9.352616    
  4.818480     -9.546197    
  4.818567     -9.519037    
  4.868094     -9.634690    
  4.868152     -9.576101    
  4.868214     -9.585499    
  4.915089     -9.870449    
  4.915176     -9.817826    
  4.959449     -9.936120    
  4.959536     -9.954564    
  4.959642     -9.938013    
  4.959729     -9.929880    
  5.002021     -10.02642    
  5.002108     -10.06959    
  5.041986     -10.18366    
  5.042072     -10.20574    
  5.042428     -10.20562    
  5.042515     -10.15211    
  5.081038     -10.28914    
  5.081125     -10.15605    
  5.117569     -10.43311    
  5.117655     -10.40710    
  5.118005     -10.40891    
  5.118092     -10.34861    
  5.153462     -10.51844    
  5.153549     -10.48421    
  5.187204     -10.60434    
  5.187290     -10.61064    
  5.187529     -10.61024    
  5.187616     -10.56645    
  5.251180     -10.75597    
  5.251266     -10.76841    
  5.251931     -10.76677    
  5.252018     -10.74499    
  5.311750     -10.91510    
  5.311837     -10.93343    
  5.311944     -10.92148    
  5.614629     -11.72248    
  5.791270     -12.20176    
  6.013559     -12.81036    
  6.269124     -13.54131    
  6.545503     -14.37286    
  6.833661     -15.30768    
  7.128110     -16.41007    
  7.425812     -17.83793    
  7.725168     -19.73903    
  8.025358    -100.00000    
  8.325968    -100.00000    
  8.626788    -100.00000    
  8.927713    -100.00000    
