 0.6989700    -100.00000    
 0.7247828    -100.00000    
 0.7491470     -102.4507    
 0.7722168     -98.78267    
 0.7941226     -98.29424    
 0.8348744     -96.83960    
 0.8721282     -96.71293    
 0.9064373     -97.28351    
 0.9382333     -98.39970    
 0.9678594     -100.6291    
 0.9955930    -100.00000    
  1.021661     -101.4183    
  1.046253    -100.00000    
  1.069527    -100.00000    
  1.091616    -100.00000    
  1.132686    -100.00000    
  1.170205    -100.00000    
  1.204739    -100.00000    
  1.236728    -100.00000    
  1.266522    -100.00000    
  1.294403    -100.00000    
  1.320601     -126.5409    
  1.345308    -100.00000    
  1.368685    -100.00000    
  1.390867    -100.00000    
  1.390954     -115.6630    
  1.416604    -100.00000    
  1.416691     -107.1558    
  1.442990     -103.5051    
  1.443077     -103.4778    
  1.465932    -100.00000    
  1.466019     -105.4785    
  1.508260    -100.00000    
  1.546755     -104.2221    
  1.546842     -107.0075    
  1.576102    -100.00000    
  1.576189    -100.00000    
  1.604747     -106.1280    
  1.604834    -100.00000    
  1.638223    -100.00000    
  1.669228    -100.00000    
  1.698166    -100.00000    
  1.725295     -79.79070    
  1.725382    -100.00000    
  1.731758     -78.18458    
  1.731845    -100.00000    
  1.759983    -100.00000    
  1.786409     -69.10383    
  1.786495    -100.00000    
  1.816265    -100.00000    
  1.844125     -60.37975    
  1.844212    -100.00000    
  1.873424     -56.40517    
  1.873511    -100.00000    
  1.905821     -52.34639    
  1.905908    -100.00000    
  1.913955     -51.01715    
  1.914042    -100.00000    
  1.926709     -49.60233    
  1.926796     -49.43324    
  1.927461     -49.35743    
  1.927548    -100.00000    
  1.962158    -100.00000    
  1.994212     -42.68577    
  1.994299     -42.31668    
  1.996552     -42.09493    
  1.996639     -42.08221    
  1.997939     -41.95652    
  1.998026     -43.04865    
  2.007421     -41.13413    
  2.007508    -100.00000    
  2.028108     -39.37568    
  2.028195    -100.00000    
  2.061043     -36.66814    
  2.061130    -100.00000    
  2.097304     -33.82577    
  2.097391     -33.51346    
  2.101519     -33.19412    
  2.101605     -33.17430    
  2.102584     -33.10179    
  2.102671     -33.11071    
  2.106101     -32.85201    
  2.106187     -32.88169    
  2.111508     -32.46983    
  2.111595     -32.44219    
  2.111941     -32.41709    
  2.112028    -100.00000    
  2.126973     -31.45668    
  2.127060     -31.34605    
  2.127658     -31.30450    
  2.127745     -31.52643    
  2.137486     -30.68367    
  2.137573     -31.08176    
  2.149371     -29.90671    
  2.149458     -29.91178    
  2.156741     -29.38927    
  2.156827     -29.35728    
  2.158960     -29.21943    
  2.159047    -100.00000    
  2.177604     -28.16962    
  2.177690     -28.06016    
  2.181731     -27.80891    
  2.181818     -27.84411    
  2.188445     -27.41991    
  2.188532    -100.00000    
  2.204170     -26.56745    
  2.204257     -26.52370    
  2.211100     -26.12293    
  2.217837     -25.73686    
  2.217924     -25.71164    
  2.218030     -25.70573    
  2.218315     -25.69062    
  2.218402     -25.68572    
  2.218688     -25.66943    
  2.218775     -25.73267    
  2.226808     -25.27275    
  2.234695     -24.86397    
  2.234781     -24.84229    
  2.239617     -24.57587    
  2.239704     -24.76785    
  2.245345     -24.24828    
  2.245432     -24.28330    
  2.250721     -24.00058    
  2.250808     -23.98631    
  2.253696     -23.83807    
  2.253782     -23.82830    
  2.257129     -23.69660    
  2.260450     -23.50453    
  2.263745     -23.34125    
  2.267016     -23.18400    
  2.267103     -23.17973    
  2.270490     -23.01513    
  2.270577     -23.00514    
  2.271628     -22.95515    
  2.271715     -22.96286    
  2.275818     -22.76159    
  2.275905     -22.75503    
  2.277893     -22.65852    
  2.279873     -22.56682    
  2.281843     -22.47304    
  2.283804     -22.38177    
  2.283891     -22.37918    
  2.286288     -22.26770    
  2.286375     -22.26150    
  2.286786     -22.24308    
  2.286873     -22.24466    
  2.289459     -22.12381    
  2.292031     -22.00657    
  2.294586     -21.89410    
  2.297128     -21.77505    
  2.297214     -21.77050    
  2.297982     -21.73635    
  2.298069     -21.73326    
  2.300085     -21.64545    
  2.302092     -21.55532    
  2.304090     -21.46738    
  2.306078     -21.38030    
  2.306165     -21.37668    
  2.308268     -21.28471    
  2.309316     -21.23798    
  2.310361     -21.19327    
  2.311404     -21.14883    
  2.312444     -21.10402    
  2.313482     -21.05850    
  2.314517     -21.01547    
  2.314604     -21.01119    
  2.315597     -20.96896    
  2.315684     -20.96525    
  2.316612     -20.92573    
  2.317538     -20.88678    
  2.318463     -20.84755    
  2.319385     -20.80882    
  2.320305     -20.77184    
  2.321224     -20.73390    
  2.322140     -20.69330    
  2.323055     -20.65488    
  2.323141     -20.65164    
  2.324295     -20.60345    
  2.325445     -20.55578    
  2.326592     -20.50826    
  2.327736     -20.46107    
  2.327823     -20.45730    
  2.328799     -20.41722    
  2.329773     -20.37732    
  2.330745     -20.33755    
  2.331714     -20.29819    
  2.331801     -20.29486    
  2.333101     -20.24170    
  2.333188     -20.23809    
  2.334187     -20.19757    
  2.335184     -20.15727    
  2.336179     -20.11717    
  2.337171     -20.07735    
  2.338161     -20.03761    
  2.339149     -19.99811    
  2.340135     -19.95881    
  2.341118     -19.91979    
  2.341205     -19.91602    
  2.341283     -19.91293    
  2.341370     -19.90947    
  2.341472     -19.90555    
  2.342320     -19.87200    
  2.343166     -19.83852    
  2.344011     -19.80522    
  2.344853     -19.77207    
  2.344940     -19.76855    
  2.345621     -19.74189    
  2.346301     -19.71524    
  2.346979     -19.68865    
  2.347657     -19.66221    
  2.348333     -19.63584    
  2.349009     -19.60960    
  2.349683     -19.58348    
  2.350356     -19.55761    
  2.350443     -19.55401    
  2.351331     -19.51965    
  2.352217     -19.48686    
  2.352659     -19.47197    
  2.353101     -19.45111    
  2.353542     -19.43428    
  2.353983     -19.41746    
  2.354070     -19.42157    
  2.354511     -19.40233    
  2.354951     -19.38602    
  2.355390     -19.36890    
  2.355830     -19.35217    
  2.356269     -19.33552    
  2.356707     -19.31884    
  2.357145     -19.30217    
  2.357582    -100.00000    
  2.357669    -100.00000    
  2.367290     -15.83997    
  2.376702     -15.34232    
  2.376789     -15.32445    
  2.381401     -14.96171    
  2.381488     -14.91896    
  2.381574     -14.90986    
  2.381660     -15.01612    
  2.384670     -15.06018    
  2.384757     -15.53928    
  2.387126     -15.00150    
  2.387213     -14.87191    
  2.396615     -14.82316    
  2.405819     -14.12727    
  2.405905     -14.18687    
  2.409345     -14.98074    
  2.409431     -14.20729    
  2.409967     -14.22045    
  2.410054     -14.30284    
  2.411501     -14.20411    
  2.411588     -14.23024    
  2.413098     -14.08286    
  2.413185     -14.11050    
  2.417228     -14.01695    
  2.417315     -13.42956    
  2.417448     -13.22944    
  2.417535     -13.18919    
  2.429911     -12.68702    
  2.429998     -12.38824    
  2.433514     -12.34074    
  2.433601     -12.44982    
  2.434762     -12.70315    
  2.434849     -12.63019    
  2.435570    -100.00000    
  2.435657     -12.54512    
  2.438099     -12.43838    
  2.438186     -12.14631    
  2.443115     -12.22461    
  2.443202     -12.41578    
  2.448046     -11.88817    
  2.448133     -11.87419    
  2.449372     -11.83300    
  2.449459     -12.11585    
  2.456026     -11.90519    
  2.456113    -100.00000    
  2.457105     -11.92880    
  2.457192     -11.89410    
  2.461170     -12.11960    
  2.461257     -11.70613    
  2.466286     -11.84378    
  2.466372    -100.00000    
  2.466976     -11.81346    
  2.467064     -11.42794    
  2.471828     -11.45504    
  2.471915     -11.40883    
  2.476442     -11.35655    
  2.476529    -100.00000    
  2.476628     -16.23198    
  2.476715     -16.99326    
  2.476977     -15.93486    
  2.477064     -11.35808    
  2.483465     -11.39412    
  2.483551     -10.94692    
  2.483824     -10.87655    
  2.483911     -10.85206    
  2.484130     -10.82674    
  2.484217     -10.94557    
  2.487220     -11.33285    
  2.490203     -10.72540    
  2.493165     -10.87167    
  2.496107     -10.67915    
  2.496194     -10.76537    
  2.500074     -10.99978    
  2.503920     -10.53238    
  2.504007     -10.47845    
  2.504069     -10.45530    
  2.504156     -10.60273    
  2.506191     -10.66307    
  2.506278     -10.54995    
  2.508598     -11.22866    
  2.510906     -10.39690    
  2.513202     -10.56714    
  2.515486     -10.31746    
  2.515573     -10.39930    
  2.515719     -10.39886    
  2.515805     -10.39564    
  2.515872     -10.39059    
  2.515959     -10.35363    
  2.516943     -10.43580    
  2.517030     -10.43168    
  2.517941     -10.07157    
  2.518028     -10.10169    
  2.521727     -10.64321    
  2.525387     -10.06592    
  2.529016     -10.14196    
  2.532615     -9.993447    
  2.532701     -9.866450    
  2.536032     -10.11533    
  2.539337     -10.02937    
  2.539424     -10.04387    
  2.543132     -9.950401    
  2.546808     -9.792150    
  2.546895     -9.695777    
  2.547329     -9.760314    
  2.547416     -9.747072    
  2.551118     -9.742927    
  2.551204     -9.772103    
  2.554808     -9.552619    
  2.558382     -9.601350    
  2.558469     -9.575235    
  2.558869     -9.580613    
  2.558956     -9.576253    
  2.562079     -9.525166    
  2.565180     -9.432087    
  2.568258     -9.391557    
  2.571315     -9.352192    
  2.571402     -9.322298    
  2.571490     -9.319208    
  2.571576     -9.401384    
  2.574740     -9.330792    
  2.577880     -9.172451    
  2.580998     -9.110124    
  2.584094     -8.979671    
  2.587168     -9.179402    
  2.590220     -8.910660    
  2.593250     -8.852700    
  2.596260     -8.787357    
  2.596347     -8.786238    
  2.597646     -8.756381    
  2.597733     -8.756571    
  2.602007     -8.671370    
  2.606239     -8.585897    
  2.606326     -8.571969    
  2.607237     -8.573287    
  2.607324     -8.651233    
  2.610441     -8.506757    
  2.613536     -8.543984    
  2.616608     -8.444781    
  2.619659     -8.426975    
  2.619746     -8.315086    
  2.620859     -8.214852    
  2.620946     -8.231085    
  2.621962     -8.216024    
  2.622049     -8.417738    
  2.625471     -7.982673    
  2.625557     -7.958540    
  2.626297     -8.149552    
  2.626384     -7.940381    
  2.627024     -8.230868    
  2.627111     -8.045684    
  2.630159     -8.220188    
  2.633186     -8.130715    
  2.633273     -8.154755    
  2.633585     -8.144471    
  2.633672     -8.160239    
  2.636750     -8.046164    
  2.639805     -8.084339    
  2.642840     -8.030540    
  2.645853     -7.974427    
  2.645940     -7.794162    
  2.646436     -8.094227    
  2.646523     -8.217322    
  2.648513     -7.888063    
  2.648600     -7.918264    
  2.650315     -7.791785    
  2.652023     -7.704123    
  2.652110     -7.839884    
  2.653758     -8.217368    
  2.653845     -7.993017    
  2.655848     -8.015492    
  2.655935     -7.627482    
  2.656856    -100.00000    
  2.656943     -7.842611    
  2.659789     -7.611435    
  2.659876     -7.614933    
  2.661711     -7.582069    
  2.661798     -7.618456    
  2.662838     -7.778959    
  2.662925     -7.873707    
  2.664915    -100.00000    
  2.666868     -7.583751    
  2.668813     -7.921130    
  2.670748     -7.585860    
  2.670835     -7.664510    
  2.671974     -7.715898    
  2.673109     -7.902173    
  2.674242     -7.682119    
  2.675371     -8.428685    
  2.675458    -100.00000    
  2.676606     -8.180130    
  2.677751    -100.00000    
  2.677838    -100.00000    
  2.679282    -100.00000    
  2.680721    -100.00000    
  2.682155    -100.00000    
  2.683585    -100.00000    
  2.683672     -8.172267    
  2.684831    -100.00000    
  2.685988    -100.00000    
  2.686075    -100.00000    
  2.686520     -7.715964    
  2.686607     -7.317829    
  2.687604     -7.819496    
  2.688599     -7.329041    
  2.688686     -7.337077    
  2.689315     -7.552967    
  2.689943     -7.307925    
  2.690571     -7.949278    
  2.691198    -100.00000    
  2.691823    -100.00000    
  2.692448    -100.00000    
  2.693072    -100.00000    
  2.693695    -100.00000    
  2.694317     -8.092981    
  2.694939    -100.00000    
  2.695559    -100.00000    
  2.696179    -100.00000    
  2.696797    -100.00000    
  2.697415    -100.00000    
  2.698032    -100.00000    
  2.698648    -100.00000    
  2.698717    -100.00000    
  2.698803    -100.00000    
  2.699142    -100.00000    
  2.699229    -100.00000    
  2.700077    -100.00000    
  2.700500    -100.00000    
  2.700923    -100.00000    
  2.701345     -9.297239    
  2.701767    -100.00000    
  2.702189    -100.00000    
  2.702610    -100.00000    
  2.702697     -7.364659    
  2.706323    -100.00000    
  2.706410     -7.407863    
  2.708352     -6.442444    
  2.708438     -6.115286    
  2.709271     -7.519943    
  2.709358     -6.707434    
  2.712230     -6.222261    
  2.712317    -100.00000    
  2.714595     -6.536746    
  2.716861     -6.752491    
  2.719116     -6.460566    
  2.721359    -100.00000    
  2.721446    -100.00000    
  2.721792    -100.00000    
  2.721879     -7.226350    
  2.725135     -6.862860    
  2.728368     -6.594422    
  2.728455     -7.063619    
  2.730036    -100.00000    
  2.730123    -100.00000    
  2.733067    -100.00000    
  2.735992    -100.00000    
  2.736079     -6.580959    
  2.737059     -6.682299    
  2.737146    -100.00000    
  2.740300     -6.714423    
  2.740387    -100.00000    
  2.744215     -7.161300    
  2.748009     -5.542119    
  2.751770     -6.898838    
  2.755499     -6.208874    
  2.755586     -6.078873    
  2.758474     -5.926037    
  2.758561     -6.013947    
  2.759027     -5.945114    
  2.759113    -100.00000    
  2.760747     -6.110423    
  2.760833     -6.341881    
  2.763123     -6.549983    
  2.765400     -6.158173    
  2.765487     -6.565676    
  2.765755    -100.00000    
  2.765842    -100.00000    
  2.768363     -6.353364    
  2.770870     -5.802748    
  2.773363     -5.984237    
  2.775841     -5.935801    
  2.775928     -6.290020    
  2.777541     -6.602742    
  2.777628     -6.022605    
  2.780082     -6.053803    
  2.782523     -5.831994    
  2.784950    -100.00000    
  2.787363     -6.220162    
  2.787450    -100.00000    
  2.789348     -5.507047    
  2.789435     -5.538451    
  2.792054     -5.992342    
  2.792141     -7.196046    
  2.795962     -5.017998    
  2.796049     -5.575038    
  2.798395     -5.774694    
  2.800729     -6.400718    
  2.803050     -5.772581    
  2.805359    -100.00000    
  2.807656     -4.553959    
  2.809941     -5.280366    
  2.812213     -5.272308    
  2.814474     -5.359996    
  2.814561     -4.690620    
  2.815775     -5.112131    
  2.815862    -100.00000    
  2.819341     -4.723218    
  2.822792     -5.117167    
  2.826216     -5.209192    
  2.829613     -4.437078    
  2.829700     -4.436607    
  2.832139     -5.199066    
  2.834565     -4.712453    
  2.836978    -100.00000    
  2.839377     -4.502092    
  2.839464     -4.820689    
  2.842740     -5.662861    
  2.845992     -4.101286    
  2.846054     -4.046072    
  2.846141     -4.044181    
  2.846320     -4.002913    
  2.846407     -3.955218    
  2.846929     -4.434041    
  2.847016     -4.351209    
  2.850284     -4.459841    
  2.850371     -4.866425    
  2.851107     -4.221013    
  2.851194     -4.704094    
  2.851272     -4.925690    
  2.851359     -5.030286    
  2.851605     -4.711976    
  2.851692     -4.530012    
  2.852969     -4.376155    
  2.853056     -4.296216    
  2.856721     -4.085434    
  2.856808     -4.216159    
  2.860014     -4.335288    
  2.863196     -4.799057    
  2.863283     -4.730915    
  2.866961     -4.112862    
  2.867048     -4.213480    
  2.869268     -4.347723    
  2.871477     -4.162308    
  2.871560     -4.213558    
  2.871647     -4.357628    
  2.874394     -4.356661    
  2.877123     -4.168968    
  2.877210     -4.174927    
  2.879769     -4.359092    
  2.882313     -4.153512    
  2.882400     -4.147730    
  2.882670     -4.856021    
  2.882757    -100.00000    
  2.885337     -3.961688    
  2.885423     -3.810944    
  2.886380     -3.808104    
  2.886467     -3.846790    
  2.886654     -3.889821    
  2.886741     -4.040826    
  2.889314     -5.758957    
  2.889401     -4.083163    
  2.891964     -4.490034    
  2.892051     -4.186050    
  2.893704     -4.405328    
  2.893791     -4.318989    
  2.894071     -4.070302    
  2.894158     -4.057378    
  2.895095     -4.053842    
  2.895182     -3.994453    
  2.896767     -4.163125    
  2.896854     -4.102612    
  2.897787     -4.343084    
  2.897874     -4.244273    
  2.900589     -4.215589    
  2.900676     -4.214548    
  2.902856     -4.178315    
  2.905026     -4.161146    
  2.905113     -4.119750    
  2.908098     -4.810547    
  2.908185     -4.311851    
  2.908477     -4.218656    
  2.908564     -4.266983    
  2.910090     -4.239972    
  2.910176     -4.658610    
  2.913363     -4.398083    
  2.916527     -4.181001    
  2.916614     -4.009119    
  2.916785     -3.985886    
  2.916872     -4.020457    
  2.917171     -4.212072    
  2.917258     -4.172394    
  2.919518     -4.168758    
  2.921765     -4.413472    
  2.921852     -4.443384    
  2.925029     -4.548811    
  2.925116     -4.520322    
  2.925941     -4.300467    
  2.926028     -4.241664    
  2.927554    -100.00000    
  2.927641     -4.770181    
  2.927950     -4.262266    
  2.928037     -4.943225    
  2.928671     -4.590855    
  2.928758     -4.701233    
  2.929127     -4.334516    
  2.929213     -4.507879    
  2.929524     -3.974780    
  2.929611     -3.931148    
  2.930245    -100.00000    
  2.930332     -4.744698    
  2.930644     -4.340520    
  2.930731     -4.185996    
  2.930963     -4.113490    
  2.931050     -4.261241    
  2.934646     -5.032282    
  2.934733     -4.504427    
  2.936807     -4.762657    
  2.936894     -4.200776    
  2.937412     -4.193339    
  2.937499     -4.357703    
  2.937612     -4.084945    
  2.939332     -4.334023    
  2.939418     -4.259637    
  2.941608     -4.429918    
  2.943787     -4.319427    
  2.943874     -4.051601    
  2.945266     -5.765795    
  2.945353     -4.288652    
  2.946273     -4.263010    
  2.946360     -4.405051    
  2.946687     -4.295887    
  2.946774     -4.095282    
  2.949036     -4.235002    
  2.951287     -4.241804    
  2.951374     -4.031397    
  2.953319     -4.300325    
  2.953406     -4.145388    
  2.953750     -4.164906    
  2.953837     -4.606111    
  2.955739     -4.101994    
  2.955826     -4.123180    
  2.956162     -4.145631    
  2.956249     -4.309378    
  2.957620     -4.133924    
  2.957703     -4.124147    
  2.957790     -4.362344    
  2.959196     -4.257807    
  2.959269     -4.333452    
  2.959356     -4.562902    
  2.959520     -4.794632    
  2.959575     -4.722627    
  2.959642     -4.587820    
  2.959729     -4.192118    
  2.960694     -4.522385    
  2.960781     -4.112294    
  2.961122     -4.065741    
  2.961209     -4.136697    
  2.965318     -4.290618    
  2.965405     -4.569191    
  2.969227     -4.112700    
  2.969314     -4.007951    
  2.972533     -4.157773    
  2.975728     -4.204023    
  2.975815     -4.448327    
  2.976166     -4.217430    
  2.976253     -4.280463    
  2.979351     -4.163546    
  2.982423     -4.381082    
  2.982509     -4.249224    
  2.982872     -4.125699    
  2.982959     -4.324651    
  2.986034     -4.178789    
  2.989087     -4.344540    
  2.992119     -4.630730    
  2.995130     -4.257029    
  2.998121     -4.128115    
  3.001090     -4.007035    
  3.004040     -4.207874    
  3.006970     -4.321589    
  3.009880     -4.141208    
  3.012771     -4.261813    
  3.015642     -4.168020    
  3.018495     -4.096381    
  3.021329     -4.263244    
  3.024145     -4.302489    
  3.026943     -4.520510    
  3.029723     -4.226778    
  3.032485     -4.240052    
  3.035229     -4.478764    
  3.037957     -4.098589    
  3.040667     -4.296889    
  3.043360     -4.316287    
  3.046038     -4.307657    
  3.048698     -4.330482    
  3.051342     -4.682229    
  3.053971     -4.286928    
  3.056583     -4.253408    
  3.059180     -4.281804    
  3.061762     -4.332720    
  3.064328     -4.344941    
  3.066879     -4.366538    
  3.069415     -4.533672    
  3.071937     -4.554908    
  3.072024     -4.509513    
  3.076115     -4.136041    
  3.080169     -4.394510    
  3.084185     -4.382902    
  3.088164     -4.105213    
  3.088251     -4.228643    
  3.091849     -4.431934    
  3.091936     -4.400675    
  3.095352     -4.499518    
  3.095438     -4.583722    
  3.097710     -4.367248    
  3.099969     -4.320929    
  3.100056     -4.338335    
  3.103074     -4.379692    
  3.106072     -4.387622    
  3.109049     -4.444731    
  3.112005     -4.391236    
  3.112092     -4.407652    
  3.114687     -4.442699    
  3.114774     -4.418040    
  3.116978     -4.490435    
  3.117065     -4.444749    
  3.118223     -4.482890    
  3.118310     -4.465322    
  3.122171     -4.451360    
  3.125997     -4.563557    
  3.126084     -4.478123    
  3.127687     -4.376130    
  3.127774     -4.365141    
  3.131998     -4.468408    
  3.136182     -4.390951    
  3.136269     -4.389326    
  3.140203     -4.580966    
  3.144101     -4.461829    
  3.144188     -4.350837    
  3.146758     -4.649718    
  3.146845     -4.440273    
  3.147795     -4.339112    
  3.147882     -4.286914    
  3.148729     -4.438182    
  3.148816     -4.536974    
  3.153068     -4.581750    
  3.153155     -4.510197    
  3.153381     -4.468065    
  3.153434     -4.471867    
  3.153521     -4.494420    
  3.156074     -4.852806    
  3.156161     -4.461473    
  3.160418     -4.563797    
  3.164633     -4.611709    
  3.164720     -4.615885    
  3.166913     -4.502227    
  3.169095     -4.541582    
  3.173426     -4.523871    
  3.177714     -4.591240    
  3.181960     -4.502672    
  3.182047     -4.646438    
  3.184770     -4.885545    
  3.187477     -4.881693    
  3.187564     -4.465574    
  3.188338     -5.288152    
  3.188425     -5.011385    
  3.192224     -4.843018    
  3.192311     -4.790594    
  3.194885     -4.920139    
  3.194972     -5.150272    
  3.196916     -4.700408    
  3.197003     -4.773753    
  3.200855     -4.580509    
  3.204674     -4.822185    
  3.204761     -4.922502    
  3.207365     -4.964773    
  3.207452     -4.851053    
  3.210155     -4.830056    
  3.212841     -4.870556    
  3.215511     -4.707901    
  3.218164     -4.800173    
  3.218251     -5.011229    
  3.222514     -4.836817    
  3.226736     -4.590439    
  3.230917     -4.765841    
  3.235058     -4.934583    
  3.239160     -4.572943    
  3.243224     -4.334478    
  3.247249     -4.339080    
  3.251238     -4.603453    
  3.251325     -4.574873    
  3.254951     -4.659706    
  3.258546     -4.710366    
  3.262112     -4.730212    
  3.265649     -4.672781    
  3.269157     -4.713428    
  3.272637     -4.709725    
  3.276089     -5.175393    
  3.279515     -4.590205    
  3.282913     -4.883537    
  3.286285     -4.854721    
  3.289631     -4.813800    
  3.292952     -4.780942    
  3.296247     -4.592416    
  3.299517     -5.323598    
  3.302763     -4.605250    
  3.305985     -4.683008    
  3.306072     -4.727325    
  3.306887     -4.911590    
  3.306974     -4.732215    
  3.309850     -5.029516    
  3.309937     -4.842649    
  3.310624     -4.719305    
  3.310710     -4.886081    
  3.311825     -4.740635    
  3.311912     -4.785698    
  3.314473     -5.012745    
  3.317019     -4.652299    
  3.319550     -4.914127    
  3.322067     -4.855515    
  3.324569     -4.651553    
  3.327057     -4.732065    
  3.329531     -4.907904    
  3.331990     -4.973886    
  3.334436     -4.916262    
  3.336869     -5.035927    
  3.339287     -4.983135    
  3.341692     -4.999418    
  3.344084     -5.072845    
  3.346463     -5.100436    
  3.348829     -4.895736    
  3.351182     -4.966657    
  3.351269     -5.021591    
  3.355367     -4.973513    
  3.359427     -5.198960    
  3.363449     -5.090958    
  3.367434     -5.001787    
  3.367521     -5.072122    
  3.370368     -5.155079    
  3.373197     -5.215953    
  3.376007     -5.238844    
  3.378799     -5.126791    
  3.381574     -5.059638    
  3.384330     -5.183533    
  3.387069     -5.249524    
  3.389792     -5.262953    
  3.389879     -5.278553    
  3.392466     -5.270979    
  3.395039     -5.243942    
  3.395126     -5.222596    
  3.397959     -5.236248    
  3.398046     -5.250306    
  3.398416     -5.263465    
  3.398503     -5.285867    
  3.400855     -5.259493    
  3.400942     -5.146040    
  3.402428     -5.015295    
  3.402515     -5.030527    
  3.405655     -5.239133    
  3.408773     -5.295885    
  3.411869     -5.294577    
  3.414942     -5.337214    
  3.415029     -5.337175    
  3.419186     -5.351338    
  3.423303     -5.362686    
  3.427382     -5.322488    
  3.431422     -5.302115    
  3.431509     -5.329135    
  3.434904     -5.218635    
  3.438273     -5.074969    
  3.441616     -5.196213    
  3.444934     -5.398564    
  3.445021     -5.373312    
  3.447515     -5.424656    
  3.449995     -5.459242    
  3.452462     -5.464883    
  3.454914     -5.460116    
  3.455001     -5.462222    
  3.458672     -5.460070    
  3.462313     -5.474118    
  3.465924     -5.475353    
  3.469505     -5.567517    
  3.469592     -5.476701    
  3.469843     -5.480300    
  3.469930     -5.470931    
  3.471179     -5.479249    
  3.471266     -5.480005    
  3.474100     -5.497191    
  3.474187     -5.487685    
  3.476423     -5.455551    
  3.478648     -5.459232    
  3.480861     -5.472732    
  3.483063     -5.505857    
  3.483150     -5.506909    
  3.485959     -5.532573    
  3.488749     -5.517480    
  3.491522     -5.544416    
  3.494277     -5.560679    
  3.494364     -5.553661    
  3.496766     -5.548281    
  3.499154     -5.548029    
  3.501530     -5.685537    
  3.503893     -5.528194    
  3.506243     -5.485167    
  3.508580     -5.159809    
  3.510905     -5.428653    
  3.513217     -5.552242    
  3.513304     -5.545260    
  3.515963     -5.590742    
  3.518606     -5.615365    
  3.521233     -5.632975    
  3.523845     -5.564621    
  3.526440     -5.616165    
  3.529020     -5.564246    
  3.531585     -5.618353    
  3.534135     -5.652640    
  3.534222     -5.644670    
  3.538259     -5.680261    
  3.542258     -5.657374    
  3.546221     -5.588384    
  3.550148     -5.698991    
  3.550235     -5.705667    
  3.552940     -5.694292    
  3.555627     -5.741564    
  3.555714     -5.697175    
  3.556728     -5.703502    
  3.556815     -5.683886    
  3.558846     -5.768214    
  3.558933     -5.695831    
  3.560851     -5.784589    
  3.560938     -5.724755    
  3.561019     -5.713286    
  3.561106     -5.705032    
  3.561368     -5.697430    
  3.561455     -5.697494    
  3.561549     -5.697221    
  3.561702     -5.697864    
  3.561789     -5.698734    
  3.562293     -5.692766    
  3.565681     -5.751815    
  3.565768     -5.755377    
  3.568672     -5.791126    
  3.571556     -5.807793    
  3.574422     -5.817606    
  3.577268     -5.741463    
  3.580096     -5.752409    
  3.582906     -5.814779    
  3.585698     -5.741091    
  3.588471     -5.853145    
  3.591228     -5.600032    
  3.593966     -5.660296    
  3.596688     -5.669913    
  3.599393     -5.854067    
  3.602081     -5.795015    
  3.604752     -5.920423    
  3.607407     -5.714416    
  3.610046     -5.670240    
  3.610133     -5.667026    
  3.612394     -5.877766    
  3.614642     -5.665633    
  3.616880     -5.719631    
  3.619105     -5.808630    
  3.621319     -5.886458    
  3.623523     -5.970527    
  3.625715     -5.800603    
  3.627896     -5.885883    
  3.627982     -5.892614    
  3.630428     -5.942076    
  3.632092     -5.955265    
  3.636162     -5.987849    
  3.640195     -5.904428    
  3.644191     -5.866804    
  3.644278     -5.864182    
  3.646967     -5.940231    
  3.649640     -5.984697    
  3.652297     -6.104217    
  3.654938     -5.703116    
  3.655025     -5.840487    
  3.657211     -5.810212    
  3.659385     -5.841756    
  3.659472     -5.848332    
  3.663615     -5.979719    
  3.663702     -5.969240    
  3.666466     -5.975142    
  3.669212     -5.486259    
  3.671940     -5.657636    
  3.674652     -5.558234    
  3.677347     -5.930085    
  3.680026     -6.055366    
  3.682687     -6.088430    
  3.685333     -6.106321    
  3.685420     -6.154040    
  3.688862     -6.056164    
  3.688948     -5.988155    
  3.690731     -6.021385    
  3.690818     -6.031088    
  3.691459     -6.043647    
  3.691546     -6.065423    
  3.694812     -5.949812    
  3.694898     -5.991368    
  3.695365     -6.013125    
  3.695452     -6.016097    
  3.695518     -6.018461    
  3.695605     -6.019718    
  3.698701     -6.118027    
  3.701776     -6.094639    
  3.704828     -6.101362    
  3.707860     -6.150146    
  3.710870     -6.171972    
  3.712650     -6.178408    
  3.713860     -6.173958    
  3.716830     -6.190141    
  3.719779     -6.170623    
  3.719866     -6.177655    
  3.723988     -6.213895    
  3.728071     -6.135003    
  3.732116     -6.252223    
  3.736124     -6.094579    
  3.740095     -6.226072    
  3.744030     -6.258590    
  3.747929     -6.272196    
  3.751794     -6.284045    
  3.751881     -6.285381    
  3.755217     -6.292597    
  3.755304     -6.293253    
  3.755522     -6.294298    
  3.755609     -6.291949    
  3.758467     -6.302340    
  3.761306     -6.313898    
  3.764127     -6.325170    
  3.766929     -6.282470    
  3.769713     -6.176086    
  3.772480     -5.890371    
  3.775229     -6.218365    
  3.777961     -6.317239    
  3.778048     -6.310067    
  3.778151     -6.325000    
  3.781161     -6.364643    
  3.784252     -6.373213    
  3.787320     -6.383845    
  3.790368     -6.392944    
  3.793394     -6.385586    
  3.796399     -6.398359    
  3.799384     -6.401089    
  3.802348     -6.416562    
  3.802435     -6.406858    
  3.806009     -6.427161    
  3.806096     -6.413173    
  3.809815     -6.410623    
  3.809902     -6.435261    
  3.811377     -6.376393    
  3.811464     -6.377990    
  3.811517     -6.377943    
  3.811568     -6.377793    
  3.811655     -6.363175    
  3.814154     -6.422003    
  3.816638     -6.497530    
  3.819108     -6.294824    
  3.821564     -6.397249    
  3.821651     -6.403236    
  3.825835     -5.987374    
  3.829979     -5.777697    
  3.834084     -6.509945    
  3.838150     -6.542343    
  3.838237     -6.551973    
  3.842494     -6.505385    
  3.846710     -6.604557    
  3.850885     -6.350637    
  3.855020     -6.416067    
  3.859117     -6.552196    
  3.863175     -6.532841    
  3.867196     -6.576131    
  3.871179     -6.617141    
  3.871266     -6.615661    
  3.874225     -6.628808    
  3.877163     -6.635461    
  3.880081     -6.662279    
  3.882980     -6.608261    
  3.885860     -6.640656    
  3.888721     -6.645527    
  3.891563     -6.670383    
  3.894387     -6.682448    
  3.894474     -6.682475    
  3.896842     -6.693322    
  3.899197     -6.703458    
  3.901540     -6.712661    
  3.903870     -6.717282    
  3.906188     -6.713082    
  3.908494     -6.727055    
  3.910787     -6.737173    
  3.913068     -6.738353    
  3.913155     -6.738452    
  3.913273     -6.738384    
  3.913769     -6.740949    
  3.913856     -6.741491    
  3.913972     -6.739091    
  3.916915     -6.773346    
  3.917002     -6.737404    
  3.919240     -6.692810    
  3.921466     -6.754349    
  3.923680     -6.768181    
  3.925884     -6.776105    
  3.928076     -6.788078    
  3.930258     -6.797142    
  3.934588     -6.802029    
  3.938875     -6.819584    
  3.943121     -6.825954    
  3.947325     -6.830287    
  3.951490     -6.854045    
  3.955614     -6.862948    
  3.959700     -6.854980    
  3.963748     -6.885984    
  3.967758     -6.879482    
  3.971732     -6.917374    
  3.975669     -6.818087    
  3.979571     -6.912309    
  3.983439     -6.910802    
  3.983526     -6.912151    
  3.987832     -6.969443    
  3.992097     -6.974561    
  3.996320     -6.982151    
  4.000502     -7.002187    
  4.004644     -7.009400    
  4.008747     -6.897843    
  4.012812     -7.043624    
  4.016839     -6.995775    
  4.020829     -7.039249    
  4.024783     -7.082590    
  4.028701     -7.095731    
  4.032584    -100.00000    
  4.036433     -6.186360    
  4.040248     -6.676543    
  4.044029     -7.097272    
  4.047778     -7.138112    
  4.047865     -7.133386    
  4.051711     -7.167500    
  4.055494     -7.177067    
  4.059244     -7.187808    
  4.062962     -7.204627    
  4.066649     -7.114231    
  4.070304     -7.164781    
  4.073930     -7.215006    
  4.077524     -7.244498    
  4.081090     -7.159461    
  4.084626     -7.174285    
  4.088134     -7.258991    
  4.091614     -7.275839    
  4.095066     -7.277021    
  4.098491     -7.296453    
  4.101889     -7.301502    
  4.105261     -7.335238    
  4.108607     -7.263876    
  4.111927     -7.089432    
  4.115222     -7.247311    
  4.118492     -7.346921    
  4.121738     -7.364136    
  4.124960     -7.374603    
  4.128158     -7.393373    
  4.131332     -7.389208    
  4.134484     -7.404574    
  4.137613     -7.395587    
  4.140719     -7.424424    
  4.143803     -7.422752    
  4.146866     -7.442152    
  4.149907     -7.451924    
  4.152927     -7.458575    
  4.155926     -7.484618    
  4.156013     -7.469368    
  4.158880     -7.475540    
  4.161727     -7.492910    
  4.161814     -7.496461    
  4.163762     -7.502277    
  4.163849     -7.502862    
  4.167436     -7.521566    
  4.170993     -7.505866    
  4.174521     -7.530994    
  4.178021     -7.541529    
  4.181494     -7.558859    
  4.184938     -7.559515    
  4.188355     -7.576181    
  4.191746     -7.586474    
  4.195110     -7.598792    
  4.198449     -7.616300    
  4.201762     -7.610772    
  4.205050     -7.623569    
  4.208313     -7.627465    
  4.211552     -7.649448    
  4.214767     -7.655295    
  4.217959     -7.682036    
  4.221127     -7.676275    
  4.224272     -7.684488    
  4.227394     -7.701516    
  4.230494     -7.710122    
  4.233573     -7.699970    
  4.236629     -7.715603    
  4.239665     -7.637923    
  4.242679     -7.550739    
  4.245672     -7.714959    
  4.248645     -7.762014    
  4.251598     -7.746268    
  4.254530     -7.771152    
  4.257443     -7.780530    
  4.260337     -7.798701    
  4.263212     -7.800631    
  4.266067     -7.815392    
  4.266154     -7.815018    
  4.269157     -7.798713    
  4.272139     -7.920330    
  4.275101     -7.469142    
  4.278043     -7.660350    
  4.280965     -7.770257    
  4.283867     -7.436808    
  4.286751     -7.721463    
  4.289615     -7.848845    
  4.292460     -7.886321    
  4.295287     -7.905007    
  4.298096     -7.913917    
  4.300886     -7.922685    
  4.303659     -7.929949    
  4.306414     -7.938888    
  4.309152     -7.951302    
  4.311873     -7.939933    
  4.314576     -8.103918    
  4.317263     -7.915096    
  4.319934     -7.961393    
  4.322588     -7.985093    
  4.325226     -7.943144    
  4.327848     -7.942103    
  4.330454     -7.983731    
  4.333045     -8.016100    
  4.335621     -8.025102    
  4.338181     -8.029415    
  4.340726     -8.072818    
  4.343256     -8.025431    
  4.345772     -8.048790    
  4.348274     -8.062007    
  4.350760     -8.068740    
  4.353233     -8.063064    
  4.353320     -8.066358    
  4.356074     -8.090395    
  4.356161     -8.089747    
  4.357582     -8.094990    
  4.357669     -8.094614    
  4.360507     -8.109901    
  4.363326     -8.121457    
  4.366127     -8.131038    
  4.368910     -8.132794    
  4.371675     -8.146693    
  4.374422     -8.149316    
  4.377153     -8.166097    
  4.379866     -8.167737    
  4.382563     -8.176588    
  4.385243     -8.187101    
  4.387906     -8.195452    
  4.390553     -8.203823    
  4.393185     -8.211079    
  4.395800     -8.215235    
  4.398400     -8.226682    
  4.400984     -8.233873    
  4.403553     -8.238399    
  4.406107     -8.235920    
  4.408646     -8.130242    
  4.411170     -8.110929    
  4.413679     -8.223889    
  4.416174     -8.247157    
  4.418655     -8.203487    
  4.421122     -8.261616    
  4.423575     -8.290265    
  4.426014     -8.301454    
  4.428439     -8.313565    
  4.430851     -8.323887    
  4.433250     -8.336123    
  4.435636     -8.325072    
  4.438008     -8.328426    
  4.440368     -8.346128    
  4.440455     -8.346532    
  4.442913     -8.357333    
  4.445357     -8.364459    
  4.447787     -8.374385    
  4.450204     -8.385789    
  4.452608     -8.424546    
  4.454999     -8.351507    
  4.457376     -8.387597    
  4.459740     -8.404613    
  4.462092     -8.419352    
  4.464431     -8.420827    
  4.466757     -8.431826    
  4.469071     -8.439002    
  4.471373     -8.444686    
  4.473663     -8.452641    
  4.475940     -8.461102    
  4.478206     -8.417679    
  4.512937     -8.562032    
  4.513024     -8.527105    
  4.514610     -8.550628    
  4.514697     -8.553444    
  4.515945     -8.559658    
  4.516032     -8.592778    
  4.585469     -8.773592    
  4.585556     -8.729668    
  4.648489     -8.882043    
  4.648576     -8.973125    
  4.649548     -8.978694    
  4.649635     -8.979357    
  4.649838     -8.980328    
  4.649925     -8.929181    
  4.709765     -9.160732    
  4.709852     -9.150511    
  4.765753     -9.299830    
  4.765822     -9.289258    
  4.765909     -9.269590    
  4.818480     -9.471382    
  4.818567     -9.445325    
  4.868094     -9.575048    
  4.868152     -9.515401    
  4.868214     -9.474302    
  4.915089     -9.777186    
  4.915176     -9.710405    
  4.959449     -9.816061    
  4.959536     -9.839068    
  4.959642     -9.839287    
  4.959729     -9.829095    
  5.002021     -9.946858    
  5.002108     -9.947744    
  5.041986     -10.05255    
  5.042072     -10.07694    
  5.042428     -10.07627    
  5.042515     -10.02242    
  5.081038     -10.16148    
  5.081125     -9.997183    
  5.117569     -10.30791    
  5.117655     -10.26596    
  5.118005     -10.27004    
  5.118092     -10.26545    
  5.153462     -10.34713    
  5.153549     -10.33594    
  5.187204     -10.45702    
  5.187290     -10.46065    
  5.187529     -10.46006    
  5.187616     -10.42505    
  5.251180     -10.59463    
  5.251266     -10.61217    
  5.251931     -10.61158    
  5.252018     -10.58614    
  5.311750     -10.75689    
  5.311837     -10.77252    
  5.311944     -10.76015    
  5.614629     -11.54775    
  5.791270     -12.02615    
  6.013559     -12.63799    
  6.269124     -13.38245    
  6.545503     -14.24764    
  6.833661     -15.26975    
  7.128110     -16.54008    
  7.425812     -18.25272    
  7.725168     -20.27501    
  8.025358    -100.00000    
  8.325968    -100.00000    
  8.626788    -100.00000    
  8.927713    -100.00000    
