 0.6989700    -100.00000    
 0.7247828    -100.00000    
 0.7491470    -100.00000    
 0.7722168     -30.10790    
 0.7941226    -100.00000    
 0.8348744     -27.95500    
 0.8721282     -26.01552    
 0.9064373     -25.28020    
 0.9382333     -24.94770    
 0.9678594     -24.90567    
 0.9955930     -25.09434    
  1.021661     -25.47094    
  1.046253     -26.00372    
  1.069527     -26.67209    
  1.091616     -27.49410    
  1.132686    -100.00000    
  1.170205    -100.00000    
  1.204739    -100.00000    
  1.236728    -100.00000    
  1.266522    -100.00000    
  1.294403    -100.00000    
  1.320601    -100.00000    
  1.345308    -100.00000    
  1.368685    -100.00000    
  1.390867    -100.00000    
  1.390954     -29.01833    
  1.407231    -100.00000    
  1.407318     -29.82822    
  1.416604    -100.00000    
  1.416691     -24.71570    
  1.434239     -25.38673    
  1.434325     -25.28858    
  1.438732     -25.45146    
  1.438819     -25.45332    
  1.442990     -25.61040    
  1.443077     -25.67637    
  1.465932     -27.02914    
  1.466019     -26.49704    
  1.466567     -26.51845    
  1.466654     -26.57471    
  1.485460     -27.47571    
  1.485547     -27.29294    
  1.502811     -27.98765    
  1.502898     -27.87359    
  1.515152     -28.24244    
  1.515239     -28.24925    
  1.538911     -28.89918    
  1.538998     -28.79775    
  1.541754     -28.86513    
  1.541841     -28.86719    
  1.544410     -28.93062    
  1.544497     -28.93270    
  1.546755     -28.98926    
  1.546842     -28.98548    
  1.568094     -29.60782    
  1.568181     -29.53201    
  1.576102     -29.76736    
  1.576189     -29.76071    
  1.577032     -29.78600    
  1.577119     -29.79763    
  1.586189     -30.08737    
  1.586276     -30.07508    
  1.587530     -30.11561    
  1.587617     -30.14225    
  1.602078     -30.67260    
  1.602165     -30.61448    
  1.604747     -30.70716    
  1.604834     -30.79461    
  1.633100    -100.00000    
  1.633187     -31.83571    
  1.643761     -32.31773    
  1.643848     -32.27066    
  1.646889     -32.40505    
  1.646976     -32.41519    
  1.653070     -32.69474    
  1.653157     -32.72912    
  1.667964     -33.56980    
  1.668051     -33.38907    
  1.673067     -33.63903    
  1.673154     -33.63158    
  1.673452     -33.64361    
  1.673539     -33.67897    
  1.683736     -34.24767    
  1.683823     -34.18305    
  1.689301     -34.48130    
  1.689388     -34.46502    
  1.690173     -34.51262    
  1.690260     -34.51423    
  1.691919     -34.60674    
  1.692006     -34.69053    
  1.709636    -100.00000    
  1.709723     -35.64554    
  1.714846     -35.97657    
  1.714933     -35.95929    
  1.717233     -36.11085    
  1.717320     -36.11375    
  1.717576     -36.12784    
  1.717663     -36.13504    
  1.719536     -36.25804    
  1.719623     -36.26384    
  1.721805     -36.40830    
  1.721892     -36.41385    
  1.725295     -36.65842    
  1.725382     -36.67701    
  1.731154     -37.03826    
  1.731241     -37.99454    
  1.731758     -36.76989    
  1.731845    -100.00000    
  1.732294     -36.57573    
  1.732381     -37.14555    
  1.735217     -37.32191    
  1.735304     -37.40619    
  1.746841     -38.43917    
  1.746929     -38.29718    
  1.747807     -38.16449    
  1.747894     -37.98627    
  1.753972    -100.00000    
  1.754058     -37.98930    
  1.756978    -100.00000    
  1.757065    -100.00000    
  1.762907    -100.00000    
  1.762994     -39.09728    
  1.763503    -100.00000    
  1.763590     -39.03609    
  1.765957     -39.68818    
  1.766044     -39.99074    
  1.768505     -39.57970    
  1.768592     -40.15542    
  1.776113     -40.27514    
  1.776200     -40.15932    
  1.781285     -40.90350    
  1.781372     -40.70122    
  1.781946     -40.87790    
  1.782033     -40.73876    
  1.786409     -40.58246    
  1.786495     -40.05914    
  1.788161    -100.00000    
  1.788248     -40.60869    
  1.789372     -41.14047    
  1.789459     -40.33292    
  1.792246     -40.41157    
  1.792333     -41.14436    
  1.800765     -40.10370    
  1.800851    -100.00000    
  1.809708     -39.18608    
  1.809795     -39.10050    
  1.810144     -39.02018    
  1.810231     -39.07464    
  1.814042     -38.70045    
  1.814129     -38.57636    
  1.834747     -37.63068    
  1.834834     -36.85404    
  1.838907     -36.02847    
  1.838994     -36.10953    
  1.840414    -100.00000    
  1.840501     -36.41750    
  1.842703     -35.46849    
  1.842790     -35.95535    
  1.844125     -35.45626    
  1.844212     -35.73974    
  1.857265     -34.51154    
  1.857352    -100.00000    
  1.870233     -33.51000    
  1.870320     -33.72121    
  1.871306     -32.90136    
  1.871393     -33.30779    
  1.872072     -32.75790    
  1.872158     -32.64806    
  1.873424     -33.12798    
  1.873511     -33.07020    
  1.880831     -31.75156    
  1.880918     -31.79193    
  1.887368     -31.04342    
  1.887455    -100.00000    
  1.899003     -29.93200    
  1.899090     -30.00676    
  1.905821     -29.21759    
  1.905908     -29.20618    
  1.911657     -28.69934    
  1.911744     -28.61615    
  1.912227     -28.56740    
  1.912313     -28.57691    
  1.913955     -28.43639    
  1.914042    -100.00000    
  1.924238     -26.20829    
  1.924325    -100.00000    
  1.925856     -25.95796    
  1.925943     -26.03488    
  1.926709     -26.79305    
  1.926796     -26.54337    
  1.926846     -26.30347    
  1.926932     -26.28024    
  1.927461    -100.00000    
  1.927548     -26.88278    
  1.930771     -26.60900    
  1.930858    -100.00000    
  1.933873     -25.11461    
  1.933960     -25.17646    
  1.936983     -25.56350    
  1.937070     -24.76675    
  1.938051    -100.00000    
  1.938138     -26.30793    
  1.940777     -25.69737    
  1.940864    -100.00000    
  1.955697     -23.20081    
  1.955784     -24.32775    
  1.959855     -23.08676    
  1.959942     -22.75466    
  1.963545     -22.90856    
  1.963632     -22.65594    
  1.974225     -23.50070    
  1.974312    -100.00000    
  1.974387    -100.00000    
  1.974474    -100.00000    
  1.977192     -22.66016    
  1.977279     -20.52201    
  1.994212    -100.00000    
  1.994299    -100.00000    
  1.996552    -100.00000    
  1.996639    -100.00000    
  1.997939    -100.00000    
  1.998026    -100.00000    
  2.000182     -21.46410    
  2.000268    -100.00000    
  2.007421    -100.00000    
  2.007508     -21.74374    
  2.009100     -20.94276    
  2.009187     -21.30264    
  2.009352     -21.22508    
  2.009439    -100.00000    
  2.009543     -21.13635    
  2.017372     -20.94006    
  2.017459     -20.82959    
  2.026471     -19.95958    
  2.026558    -100.00000    
  2.028108     -19.57738    
  2.028195    -100.00000    
  2.044930     -19.32130    
  2.061043     -17.82090    
  2.061130     -17.71831    
  2.067104     -17.39293    
  2.067191     -17.39159    
  2.068339     -17.23972    
  2.068426     -17.31935    
  2.076209     -16.87632    
  2.076296     -16.98912    
  2.086927     -16.32409    
  2.097304     -15.76546    
  2.097391     -16.45891    
  2.100294     -16.11330    
  2.100380     -16.13074    
  2.101519     -16.06207    
  2.101605     -16.02956    
  2.102584     -16.02738    
  2.102671     -16.01204    
  2.104539     -15.68996    
  2.104626     -15.69834    
  2.106101     -15.93041    
  2.106187     -15.73549    
  2.111508     -15.45632    
  2.111595    -100.00000    
  2.111941     -15.65020    
  2.112028    -100.00000    
  2.124942     -14.46266    
  2.125029     -14.16581    
  2.126973    -100.00000    
  2.127060     -15.66712    
  2.127658     -14.83847    
  2.127745     -16.14423    
  2.131986     -14.38578    
  2.132073     -13.90765    
  2.137486     -15.36271    
  2.137573     -15.18231    
  2.141450     -14.07994    
  2.141537     -14.59648    
  2.141662     -14.97166    
  2.141749     -13.63206    
  2.149371     -13.93805    
  2.149458     -13.45833    
  2.154246     -14.03515    
  2.154333     -14.16323    
  2.156640     -13.43120    
  2.156727     -13.61298    
  2.156827     -13.73675    
  2.158960     -13.68214    
  2.159047     -12.63416    
  2.168424     -12.85445    
  2.177604     -12.78481    
  2.177690     -12.81952    
  2.181731     -12.70742    
  2.181818     -11.76780    
  2.184198     -12.49307    
  2.184285     -12.83687    
  2.188445     -12.88269    
  2.188532     -12.35098    
  2.191911     -12.94482    
  2.191997     -11.88885    
  2.204170     -12.34296    
  2.204257     -12.36879    
  2.213352     -11.86117    
  2.213439     -12.08514    
  2.217837     -12.42694    
  2.217924     -12.39992    
  2.218030     -12.64479    
  2.218315    -100.00000    
  2.218402     -12.67642    
  2.218688     -13.24950    
  2.218775     -12.30828    
  2.225403     -12.04711    
  2.231931     -12.33827    
  2.232018     -12.79615    
  2.234695     -12.52198    
  2.234781     -12.54573    
  2.239617     -12.47818    
  2.239704     -11.68567    
  2.245345    -100.00000    
  2.245432    -100.00000    
  2.250721     -11.41221    
  2.250808    -100.00000    
  2.252069     -12.51988    
  2.252156     -12.95123    
  2.253696     -13.54156    
  2.253782     -11.66476    
  2.257177    -100.00000    
  2.260545     -11.17812    
  2.260632    -100.00000    
  2.263836     -11.97977    
  2.267016     -12.49158    
  2.267103     -12.40632    
  2.270490     -12.30704    
  2.270577     -11.59308    
  2.271628    -100.00000    
  2.271715     -12.81393    
  2.275818     -12.58659    
  2.275905     -12.54566    
  2.278364    -100.00000    
  2.280809     -11.95699    
  2.280896     -12.24830    
  2.283804     -12.11638    
  2.283891     -12.46406    
  2.284781     -12.99371    
  2.284868     -13.46839    
  2.286288     -12.60469    
  2.286375     -12.89485    
  2.286786     -13.43212    
  2.286873     -12.67922    
  2.289459     -12.87244    
  2.292031     -12.87691    
  2.294586     -12.84981    
  2.297128     -12.77931    
  2.297214     -13.06895    
  2.297982     -12.73878    
  2.298069     -13.18864    
  2.300085     -12.55806    
  2.302092     -12.70584    
  2.304090     -12.38709    
  2.306078     -14.40124    
  2.306165     -12.72603    
  2.308268     -13.17304    
  2.309316     -12.28886    
  2.310361     -12.91035    
  2.311404     -12.80618    
  2.312444     -12.86248    
  2.313482     -12.84261    
  2.314517     -12.79181    
  2.314604     -12.80750    
  2.315597     -12.73755    
  2.315684     -12.81728    
  2.316612     -12.67924    
  2.317538     -12.17827    
  2.318463     -12.15287    
  2.319385     -12.00999    
  2.320305     -12.40870    
  2.321224     -12.95270    
  2.322140     -11.76349    
  2.323055    -100.00000    
  2.323141     -12.40689    
  2.324295     -12.64138    
  2.325445     -12.54614    
  2.326592     -12.74682    
  2.327736     -12.30406    
  2.327823     -12.59862    
  2.328799     -12.42461    
  2.329773     -12.32643    
  2.330745     -12.37582    
  2.331714     -12.09356    
  2.331801     -12.41102    
  2.333101     -12.40136    
  2.333188     -12.38417    
  2.334187     -12.42858    
  2.335184     -12.42029    
  2.336179     -12.35321    
  2.337171     -12.32353    
  2.338161     -12.26013    
  2.339149     -12.29001    
  2.340135     -12.20095    
  2.341118     -12.17448    
  2.341205     -12.34767    
  2.341283     -12.43983    
  2.341370     -12.34511    
  2.341472     -12.17667    
  2.342320     -12.15359    
  2.343166     -12.26998    
  2.344011     -12.16161    
  2.344853     -12.15310    
  2.344940     -12.04171    
  2.345621     -12.14935    
  2.346301     -12.08422    
  2.346979     -12.08027    
  2.347657     -12.06201    
  2.348333     -11.96885    
  2.349009     -12.14381    
  2.349683     -11.91438    
  2.350356     -11.93812    
  2.350443     -12.23883    
  2.351331     -11.85387    
  2.352217     -11.97606    
  2.352659     -11.56662    
  2.353101     -11.84443    
  2.353542     -12.17948    
  2.353983     -11.41334    
  2.354070     -11.95519    
  2.354494     -11.69528    
  2.354917     -11.83501    
  2.355340     -11.77759    
  2.355762     -11.46110    
  2.355849     -11.75509    
  2.356283     -11.59274    
  2.356717     -11.44200    
  2.357149     -11.66791    
  2.357582    -100.00000    
  2.357669    -100.00000    
  2.362936     -6.076370    
  2.363023    -100.00000    
  2.376702     -5.131988    
  2.376789     -4.672963    
  2.381401     -5.364861    
  2.381488     -4.933328    
  2.381574     -4.824182    
  2.381660     -4.000560    
  2.384670     -4.287666    
  2.384757     -4.697898    
  2.387126    -100.00000    
  2.387213    -100.00000    
  2.396615     -3.817086    
  2.405819     -3.917552    
  2.405905     -3.705637    
  2.409345     -4.773570    
  2.409431     -5.005989    
  2.409967     -3.858359    
  2.410054     -3.638086    
  2.411501     -3.373181    
  2.411588     -3.409509    
  2.412778     -3.519168    
  2.412865     -3.540876    
  2.413098     -3.634943    
  2.413185     -3.658956    
  2.417228     -4.288891    
  2.417315     -3.777674    
  2.417448     -3.734533    
  2.417535     -3.877612    
  2.419545     -3.558483    
  2.419632     -3.638032    
  2.424108     -3.800706    
  2.424195     -4.194356    
  2.429911     -3.404771    
  2.429998     -3.559246    
  2.432147     -3.621089    
  2.432234     -3.627448    
  2.433514     -3.834744    
  2.433601     -3.775015    
  2.434762     -3.641985    
  2.434849     -3.666274    
  2.435182     -3.687740    
  2.435269     -3.678961    
  2.435570     -3.681341    
  2.435657     -3.695807    
  2.438099     -3.831014    
  2.438186     -3.776463    
  2.443115     -3.885847    
  2.443202     -5.272161    
  2.448046     -3.646437    
  2.448133     -3.853784    
  2.449372     -3.773828    
  2.449459     -3.738778    
  2.450924     -3.820039    
  2.451011     -4.020894    
  2.456026     -3.651830    
  2.456113     -3.531403    
  2.457105     -3.725629    
  2.457192     -3.778716    
  2.461170     -3.980350    
  2.461257     -5.293540    
  2.466286     -4.061034    
  2.466372     -4.864955    
  2.466976     -4.777338    
  2.467064    -100.00000    
  2.471828     -4.121950    
  2.471915     -3.945032    
  2.476442     -3.475397    
  2.476529     -3.575262    
  2.476628     -4.043645    
  2.476715     -4.687895    
  2.476977     -4.440894    
  2.477064     -3.666360    
  2.483465     -3.946208    
  2.483551     -4.258094    
  2.483824     -4.326444    
  2.483911     -3.916834    
  2.484130     -3.130277    
  2.484217     -3.038498    
  2.487220     -3.451510    
  2.490203     -3.547125    
  2.493165     -3.719783    
  2.496107     -3.629062    
  2.496194     -3.441567    
  2.500074     -3.448083    
  2.503920     -3.492666    
  2.504007     -3.442792    
  2.504069     -3.461192    
  2.504156     -3.442871    
  2.506191     -3.529840    
  2.506278     -3.490385    
  2.508598     -3.902428    
  2.510906     -3.492648    
  2.513202     -3.758020    
  2.515486     -3.595294    
  2.515573     -3.602785    
  2.515719     -3.616697    
  2.515805     -3.623590    
  2.515872     -3.627982    
  2.515959     -3.658529    
  2.516943     -3.588981    
  2.517030     -3.589329    
  2.517941     -3.608737    
  2.518028     -3.703583    
  2.521727     -3.657766    
  2.525387     -3.766153    
  2.529016     -3.594205    
  2.532615     -3.679468    
  2.532701     -3.704164    
  2.536032     -3.812635    
  2.539337     -3.932012    
  2.539424     -3.694070    
  2.543132     -3.867659    
  2.546808     -3.708640    
  2.546895     -3.718435    
  2.547329     -3.765140    
  2.547416     -3.792537    
  2.551118     -3.805639    
  2.551204     -3.806894    
  2.554808     -3.877008    
  2.558382     -3.760969    
  2.558469     -3.734463    
  2.558869     -3.758608    
  2.558956     -3.721636    
  2.561557     -4.072964    
  2.561644     -3.907072    
  2.564082     -3.781280    
  2.566507     -3.757837    
  2.568917     -3.876043    
  2.571315     -3.771216    
  2.571402     -3.768729    
  2.571490     -3.769130    
  2.571576     -3.818358    
  2.574740     -3.809452    
  2.577880     -3.797983    
  2.580998     -3.824181    
  2.584094     -3.796302    
  2.587168     -3.870701    
  2.590220     -3.780577    
  2.593250     -3.851324    
  2.596260     -3.778713    
  2.596347     -3.781560    
  2.597646     -3.877928    
  2.597733     -3.794489    
  2.602007     -3.861513    
  2.606239     -3.796432    
  2.606326     -3.804679    
  2.607237     -3.830552    
  2.607324     -3.813606    
  2.611491     -3.895933    
  2.615617     -3.889652    
  2.615704     -3.772856    
  2.619659     -4.049169    
  2.619746     -3.830014    
  2.620859     -3.808353    
  2.620946     -3.792258    
  2.621962     -3.979825    
  2.622049     -4.075285    
  2.625471     -3.849351    
  2.625557     -4.047280    
  2.626297     -3.853015    
  2.626384     -3.830878    
  2.627024     -3.791301    
  2.627111     -3.866581    
  2.630159     -3.877057    
  2.633186     -3.875496    
  2.633273     -3.880007    
  2.633585     -3.882981    
  2.633672     -3.853412    
  2.636899     -4.109441    
  2.640101     -3.875431    
  2.643280     -3.880274    
  2.646436     -4.111643    
  2.646523     -3.992227    
  2.648513     -3.809720    
  2.648600     -3.864582    
  2.650315     -3.918996    
  2.652023     -3.927247    
  2.652110     -3.917605    
  2.653758     -3.947783    
  2.653845     -3.879956    
  2.655848     -4.216318    
  2.655935     -4.227004    
  2.656856     -4.005909    
  2.656943     -3.887758    
  2.659789     -3.937423    
  2.659876     -3.969738    
  2.661711     -3.953964    
  2.661798     -3.929220    
  2.662838     -3.966105    
  2.662925     -3.979374    
  2.664525     -3.936637    
  2.666091     -3.935919    
  2.667652     -3.862440    
  2.669207     -3.933784    
  2.670756     -3.927707    
  2.672300     -3.970470    
  2.673838     -4.027502    
  2.675371     -4.003180    
  2.675458     -3.992839    
  2.676606     -3.998299    
  2.677751     -4.007700    
  2.677838     -4.004359    
  2.679282     -4.022100    
  2.680721     -4.013260    
  2.682155     -4.003949    
  2.683585     -4.015688    
  2.683672     -3.996030    
  2.684831     -4.018393    
  2.685988     -4.031921    
  2.686075     -4.038807    
  2.686520     -4.040420    
  2.686607     -4.038862    
  2.687604     -4.044407    
  2.688599     -4.051599    
  2.688686     -4.047392    
  2.689315     -4.043116    
  2.689943     -4.053232    
  2.690571     -4.047724    
  2.691198     -4.045965    
  2.691823     -4.056954    
  2.692448     -4.051955    
  2.693072     -4.055296    
  2.693695     -4.050444    
  2.694317     -4.055043    
  2.694939     -4.061688    
  2.695559     -4.068436    
  2.696179     -4.083304    
  2.696797     -4.020695    
  2.697415     -3.993818    
  2.698032     -4.020900    
  2.698648     -4.036398    
  2.698717     -4.039567    
  2.698803     -4.049700    
  2.699142     -4.127064    
  2.699229     -4.179947    
  2.700077     -4.129511    
  2.700500     -4.008303    
  2.700923     -3.982896    
  2.701345     -3.990385    
  2.701767     -3.998071    
  2.702189     -4.010602    
  2.702610     -4.029400    
  2.702697     -4.050230    
  2.706323     -4.101449    
  2.706410     -4.078493    
  2.708352     -4.219894    
  2.708438     -4.315896    
  2.709271     -4.142950    
  2.709358     -4.030721    
  2.712230     -4.032662    
  2.712317     -4.065172    
  2.714595     -4.101413    
  2.716861     -4.086452    
  2.719116     -4.204230    
  2.721359     -4.045656    
  2.721446     -4.034189    
  2.721792     -4.045946    
  2.721879     -4.056475    
  2.725135     -4.147180    
  2.728368     -4.152530    
  2.728455     -4.155837    
  2.730036     -4.159807    
  2.730123     -4.191093    
  2.733067     -4.132489    
  2.735992     -4.186107    
  2.736079     -4.177222    
  2.737059     -4.164951    
  2.737146     -4.171589    
  2.740300     -4.197634    
  2.740387     -4.195932    
  2.742690     -4.191249    
  2.744980     -4.176372    
  2.747258     -4.185643    
  2.749525     -4.205409    
  2.751779     -4.174475    
  2.754023     -4.202648    
  2.756254     -4.217012    
  2.758474     -4.222005    
  2.758561     -4.228057    
  2.759027     -4.235716    
  2.759113     -4.235584    
  2.760747     -4.241130    
  2.760833     -4.247006    
  2.763123     -4.248044    
  2.765400     -4.264677    
  2.765487     -4.256350    
  2.765755     -4.259358    
  2.765842     -4.269018    
  2.768363     -4.270639    
  2.770870     -4.271275    
  2.773363     -4.286194    
  2.775841     -4.282147    
  2.775928     -4.273819    
  2.777541     -4.298090    
  2.777628     -4.295985    
  2.780588     -4.316988    
  2.783527     -4.287711    
  2.786448     -4.308152    
  2.789348     -4.329449    
  2.789435     -4.334144    
  2.792054     -4.299593    
  2.792141     -4.309583    
  2.795962     -4.327857    
  2.796049     -4.306763    
  2.798395     -4.343203    
  2.800729     -4.289110    
  2.803050     -4.330667    
  2.805359     -4.361692    
  2.807656     -4.368332    
  2.809941     -4.388541    
  2.812213     -4.397333    
  2.814474     -4.397500    
  2.814561     -4.395320    
  2.815775     -4.412237    
  2.815862     -4.407716    
  2.819341     -4.418871    
  2.822792     -4.439638    
  2.826216     -4.449382    
  2.829613     -4.458108    
  2.829700     -4.450256    
  2.832139     -4.453500    
  2.834565     -4.465361    
  2.836978     -4.534128    
  2.839377     -4.417696    
  2.839464     -4.427676    
  2.842740     -4.490521    
  2.845992     -4.457634    
  2.846079     -4.451532    
  2.846320     -4.452868    
  2.846407     -4.454499    
  2.846929     -4.470951    
  2.847016     -4.477248    
  2.850284     -4.526942    
  2.850371     -4.519325    
  2.851107     -4.531150    
  2.851194     -4.529373    
  2.851272     -4.528071    
  2.851359     -4.525996    
  2.851605     -4.518528    
  2.851692     -4.516178    
  2.852969     -4.526329    
  2.853056     -4.578127    
  2.856721     -4.385007    
  2.856808     -4.462580    
  2.860014     -4.490515    
  2.863196     -4.536029    
  2.863283     -4.542694    
  2.866961     -4.571190    
  2.867048     -4.567503    
  2.869268     -4.592225    
  2.871477     -4.571209    
  2.871560     -4.577106    
  2.871647     -4.559156    
  2.874394     -4.705792    
  2.877123     -4.414450    
  2.877210     -4.484059    
  2.879769     -4.566792    
  2.882313     -4.612356    
  2.882400     -4.613896    
  2.882670     -4.613434    
  2.882757     -5.481642    
  2.886654     -4.363261    
  2.886741     -4.440794    
  2.889314     -4.539241    
  2.889401     -4.557197    
  2.891964     -4.603659    
  2.892051     -4.577089    
  2.893704     -4.577381    
  2.893791     -4.593625    
  2.894071     -4.599282    
  2.894158     -4.591719    
  2.895095     -4.619590    
  2.895182     -4.621943    
  2.896767     -4.635175    
  2.896854     -4.638219    
  2.897787     -4.653687    
  2.897874     -4.645449    
  2.900589     -4.667884    
  2.900676     -4.655643    
  2.902856     -4.636337    
  2.905026     -4.679871    
  2.905113     -4.689377    
  2.908098     -4.674679    
  2.908185     -4.679838    
  2.908477     -4.681616    
  2.908564     -4.682673    
  2.910090     -4.681318    
  2.910176     -4.682157    
  2.913363     -4.697529    
  2.916527     -4.712530    
  2.916614     -4.710976    
  2.916785     -4.712173    
  2.916872     -4.713126    
  2.917171     -4.717895    
  2.917258     -4.721865    
  2.919518     -4.728206    
  2.921765     -4.712035    
  2.921852     -4.741429    
  2.925029     -4.678928    
  2.925116     -4.682723    
  2.925941     -4.692366    
  2.926028     -4.692864    
  2.927554     -4.736728    
  2.927641     -4.736696    
  2.927950     -4.738210    
  2.928037     -4.741479    
  2.928671     -4.728220    
  2.928758     -4.720077    
  2.929127     -4.704717    
  2.929213     -4.703465    
  2.929524     -4.708296    
  2.929611     -4.711067    
  2.930245     -4.725060    
  2.930332     -4.726131    
  2.930644     -4.733245    
  2.930731     -4.735831    
  2.930963     -4.744013    
  2.931050     -4.779351    
  2.934646     -4.679266    
  2.934733     -4.696884    
  2.936807     -4.756903    
  2.936894     -4.752318    
  2.937412     -4.765624    
  2.937499     -4.767461    
  2.937612     -4.772725    
  2.939332     -4.768505    
  2.939418     -4.763608    
  2.941608     -4.806650    
  2.943787     -4.686247    
  2.943874     -4.673845    
  2.945266     -4.738645    
  2.945353     -4.739806    
  2.946273     -4.765515    
  2.946360     -4.770593    
  2.946687     -4.774243    
  2.946774     -4.735883    
  2.949036     -4.664941    
  2.951287     -4.696366    
  2.951374     -4.724016    
  2.953750     -4.745942    
  2.953837     -4.764628    
  2.955739     -4.781383    
  2.955826     -4.748327    
  2.956162     -4.730583    
  2.956249     -4.737046    
  2.957620     -4.774971    
  2.957703     -4.775767    
  2.957790     -4.783824    
  2.959196     -4.778596    
  2.959269     -4.773511    
  2.959356     -4.772052    
  2.959520     -4.770007    
  2.959575     -4.769569    
  2.959642     -4.769040    
  2.959729     -4.764537    
  2.960694     -4.742428    
  2.960781     -4.746513    
  2.961122     -4.739761    
  2.961209     -4.678351    
  2.965318     -5.049582    
  2.965405     -5.103280    
  2.969227     -4.695599    
  2.969314     -4.787367    
  2.972533     -4.761087    
  2.975728     -4.747495    
  2.975815     -4.762564    
  2.976171     -4.780209    
  2.976258     -4.812362    
  2.979351     -4.876362    
  2.982423     -4.889594    
  2.982509     -4.859630    
  2.982872     -4.872199    
  2.982959     -4.837721    
  2.986034     -4.856718    
  2.989087     -4.856734    
  2.992119     -4.882825    
  2.995130     -4.972319    
  2.998121     -4.870240    
  3.001090     -4.889184    
  3.004040     -4.928070    
  3.006970     -4.963194    
  3.009880     -5.069799    
  3.012771     -4.877528    
  3.015642     -4.858497    
  3.018495     -4.969688    
  3.021329     -4.932864    
  3.024145     -4.952782    
  3.026943     -4.961436    
  3.029723     -4.865541    
  3.032485     -5.060771    
  3.035229     -5.148710    
  3.037957     -4.791177    
  3.040667     -5.016942    
  3.043360     -5.052760    
  3.046038     -5.122050    
  3.048698     -5.302128    
  3.051342     -5.012218    
  3.053971     -4.896698    
  3.056583     -5.186503    
  3.059180     -5.063118    
  3.061762     -5.137448    
  3.064328     -5.041834    
  3.066879     -5.253906    
  3.069415     -5.018896    
  3.071937     -5.101619    
  3.072024     -5.214272    
  3.076115     -5.132590    
  3.080169     -5.290055    
  3.084185     -5.232686    
  3.088164     -4.924094    
  3.088251     -4.977554    
  3.091849     -5.169883    
  3.091936    -100.00000    
  3.095971     -4.225875    
  3.099969     -6.203469    
  3.100056     -5.143864    
  3.103074     -5.060968    
  3.106072     -5.224780    
  3.109049     -5.177680    
  3.112005     -4.924974    
  3.112092     -5.438465    
  3.114687     -5.084671    
  3.114774     -4.985364    
  3.116978     -5.293548    
  3.117065     -5.677143    
  3.118223     -4.997539    
  3.118310     -5.062966    
  3.122171     -5.333148    
  3.125997     -5.252567    
  3.126084     -5.497817    
  3.127687     -5.094115    
  3.127774     -5.218443    
  3.131998     -5.376130    
  3.136182     -5.284421    
  3.136269     -5.449756    
  3.140203     -5.204813    
  3.144101     -5.430352    
  3.144188     -5.383323    
  3.146758     -5.455866    
  3.146845     -5.467058    
  3.147795     -5.501109    
  3.147882     -5.492057    
  3.148729     -5.506611    
  3.148816     -5.500036    
  3.153068     -5.548784    
  3.153155     -5.521960    
  3.153381     -5.531614    
  3.153434     -5.522995    
  3.153521     -5.508103    
  3.156074     -5.527103    
  3.156161     -5.517613    
  3.160418     -5.542427    
  3.164633     -5.538042    
  3.164720     -5.547356    
  3.167631     -5.561624    
  3.170522     -5.592983    
  3.173394     -5.257245    
  3.176248     -5.412731    
  3.179082     -5.526953    
  3.181899     -5.579995    
  3.184697     -5.629281    
  3.187477     -5.662314    
  3.187564     -5.644636    
  3.188338     -5.645645    
  3.188425     -6.124892    
  3.192224     -5.565821    
  3.192311     -5.382523    
  3.194885     -5.527290    
  3.194972     -5.499884    
  3.196916     -5.586407    
  3.197003     -5.607458    
  3.200855     -5.641968    
  3.204674     -5.676085    
  3.204761     -5.676837    
  3.207365     -5.698116    
  3.207452     -5.707975    
  3.210155     -5.608214    
  3.212841     -5.583272    
  3.215511     -5.154487    
  3.218164     -4.703275    
  3.218251     -4.822311    
  3.222514     -5.706403    
  3.226736     -5.790543    
  3.230917     -5.801696    
  3.235058     -5.762473    
  3.239160     -5.595031    
  3.243224     -5.760496    
  3.247249     -5.802164    
  3.251238     -5.828668    
  3.251325     -5.828187    
  3.254951     -5.848164    
  3.258546     -5.852814    
  3.262112     -5.863976    
  3.265649     -5.885277    
  3.269157     -5.902409    
  3.272637     -5.826759    
  3.276089     -5.902589    
  3.279515     -5.925391    
  3.282913     -5.936685    
  3.286285     -5.941154    
  3.289631     -5.956331    
  3.292952     -5.965306    
  3.296247     -5.974398    
  3.299517     -5.984603    
  3.302763     -5.997807    
  3.305985     -6.008236    
  3.306072     -6.006963    
  3.306887     -6.007712    
  3.306974     -6.007240    
  3.309850     -6.018513    
  3.309937     -6.018849    
  3.310624     -6.021149    
  3.310710     -6.021065    
  3.311825     -6.015455    
  3.311912     -6.007254    
  3.314473     -6.035796    
  3.317019     -6.061742    
  3.319550     -6.070826    
  3.322067     -6.064038    
  3.324569     -6.061511    
  3.327057     -6.059707    
  3.329531     -6.075233    
  3.331990     -6.086979    
  3.334436     -6.097070    
  3.336869     -6.096946    
  3.339287     -6.102579    
  3.341692     -6.114636    
  3.344084     -6.129752    
  3.346463     -6.127762    
  3.348829     -6.119335    
  3.351182     -6.161216    
  3.351269     -6.170816    
  3.355367     -6.126260    
  3.359427     -6.188783    
  3.363449     -6.175997    
  3.367434     -6.143803    
  3.367521     -6.167307    
  3.370368     -6.225960    
  3.373197     -6.230290    
  3.376007     -6.256206    
  3.378799     -6.157879    
  3.381574     -6.144540    
  3.384330     -6.251689    
  3.387069     -6.288822    
  3.389792     -6.295477    
  3.389879     -6.296422    
  3.392466     -6.303440    
  3.395039     -6.311841    
  3.395126     -6.312482    
  3.398416     -6.317601    
  3.398503     -6.372129    
  3.400855     -6.189984    
  3.400942     -6.169353    
  3.402428     -6.095820    
  3.402515     -6.094087    
  3.405655     -6.264605    
  3.408773     -6.345512    
  3.411869     -6.365615    
  3.414942     -6.377512    
  3.415029     -6.375075    
  3.419186     -6.386403    
  3.423303     -6.395059    
  3.427382     -6.412601    
  3.431422     -6.421567    
  3.431509     -6.422605    
  3.434904     -6.495630    
  3.438273     -6.096947    
  3.441616     -6.245419    
  3.444934     -6.444818    
  3.445021     -6.434352    
  3.447515     -6.475492    
  3.449995     -6.485024    
  3.452462     -6.491256    
  3.454914     -6.493323    
  3.455001     -6.496207    
  3.458759     -6.499360    
  3.462485     -6.510408    
  3.466179     -6.525827    
  3.469843     -6.533864    
  3.469930     -6.533874    
  3.471179     -6.539803    
  3.471266     -6.541227    
  3.474100     -6.552274    
  3.474187     -6.560264    
  3.476423     -6.530450    
  3.478648     -6.307118    
  3.480861     -6.473003    
  3.483063     -6.529412    
  3.483150     -6.541130    
  3.485959     -6.588773    
  3.488749     -6.596654    
  3.491522     -6.603910    
  3.494277     -6.614054    
  3.494364     -6.612816    
  3.496766     -6.618739    
  3.499154     -6.625824    
  3.501530     -6.633464    
  3.503893     -6.717428    
  3.506243     -6.272782    
  3.508580     -6.089941    
  3.510905     -6.416116    
  3.513217     -6.585243    
  3.513304     -6.584680    
  3.515963     -6.669726    
  3.518606     -6.694276    
  3.521233     -6.697481    
  3.523845     -6.701947    
  3.526440     -6.708568    
  3.529020     -6.714656    
  3.531585     -6.721500    
  3.534135     -6.728767    
  3.534222     -6.724963    
  3.538259     -6.764753    
  3.542258     -6.594544    
  3.546221     -6.625568    
  3.550148     -6.765812    
  3.550235     -6.752720    
  3.552940     -6.785996    
  3.555627     -6.792509    
  3.555714     -6.792517    
  3.556728     -6.793897    
  3.556815     -6.794555    
  3.558846     -6.798987    
  3.558933     -6.799221    
  3.560851     -6.805688    
  3.560938     -6.805847    
  3.561019     -6.806013    
  3.561106     -6.806203    
  3.561368     -6.806701    
  3.561455     -6.806844    
  3.561549     -6.807017    
  3.561702     -6.807325    
  3.561789     -6.807940    
  3.562293     -6.810385    
  3.565681     -6.833601    
  3.565768     -6.836936    
  3.568672     -6.852943    
  3.571556     -6.861749    
  3.574422     -6.856013    
  3.577268     -6.853318    
  3.580096     -6.865882    
  3.582906     -6.869480    
  3.585698     -6.880947    
  3.588471     -6.891418    
  3.591228     -6.893153    
  3.593966     -6.898263    
  3.596688     -6.910926    
  3.599393     -6.917458    
  3.602081     -6.922724    
  3.604752     -6.937920    
  3.607407     -6.932722    
  3.610046     -6.949181    
  3.610133     -6.954924    
  3.612394     -6.965159    
  3.614642     -6.942865    
  3.616880     -6.951562    
  3.619105     -6.983266    
  3.621319     -7.010609    
  3.623523     -6.979124    
  3.625715     -6.955142    
  3.627896     -6.975998    
  3.627982     -6.975300    
  3.630428     -7.026861    
  3.632092     -7.040372    
  3.636162     -7.055270    
  3.640195     -6.964188    
  3.644191     -7.053010    
  3.644278     -7.057035    
  3.646967     -7.085248    
  3.649640     -7.092490    
  3.652297     -7.093308    
  3.654938     -7.092861    
  3.655025     -7.082834    
  3.657211     -7.047875    
  3.659385     -6.985366    
  3.659472     -6.966907    
  3.663615     -7.081967    
  3.663702     -6.940276    
  3.666466     -6.682510    
  3.669212     -7.410781    
  3.671940     -6.292598    
  3.674652     -6.335771    
  3.677347     -6.927572    
  3.680026     -7.101753    
  3.682687     -7.186912    
  3.685333     -7.214898    
  3.685420     -7.256685    
  3.688862     -6.981461    
  3.688948     -6.986593    
  3.690731     -7.051916    
  3.690818     -7.062802    
  3.691459     -7.095606    
  3.691546     -7.142533    
  3.694812     -7.029823    
  3.694898     -7.058423    
  3.695365     -7.082988    
  3.695452     -7.088614    
  3.695518     -7.092610    
  3.695605     -7.115466    
  3.698701     -7.211126    
  3.701776     -7.243854    
  3.704828     -7.251350    
  3.707860     -7.258418    
  3.710870     -7.266982    
  3.712650     -7.273549    
  3.713860     -7.275668    
  3.716830     -7.274704    
  3.719779     -7.282688    
  3.719866     -7.279464    
  3.723988     -7.303743    
  3.728071     -7.317155    
  3.732116     -7.354322    
  3.736124     -6.978653    
  3.740095     -7.306368    
  3.744030     -7.366875    
  3.747929     -7.376925    
  3.751794     -7.383662    
  3.751881     -7.386671    
  3.755217     -7.395320    
  3.755304     -7.396284    
  3.755522     -7.396970    
  3.755609     -7.397234    
  3.758467     -7.412949    
  3.761306     -7.453621    
  3.764127     -7.298753    
  3.766929     -7.299373    
  3.769713     -7.405042    
  3.772480     -7.438270    
  3.775229     -7.450358    
  3.777961     -7.463112    
  3.778048     -7.466213    
  3.778151     -7.465056    
  3.781161     -7.463868    
  3.784252     -7.478902    
  3.787320     -7.484743    
  3.790368     -7.490055    
  3.793394     -7.500221    
  3.796399     -7.510531    
  3.799384     -7.523042    
  3.802348     -7.521935    
  3.802435     -7.517594    
  3.806009     -7.536933    
  3.806096     -7.533523    
  3.809815     -7.534671    
  3.809902     -7.534159    
  3.811377     -7.545690    
  3.811464     -7.546698    
  3.811517     -7.547341    
  3.811568     -7.547987    
  3.811655     -7.550162    
  3.814154     -7.561104    
  3.816638     -7.452953    
  3.819108     -7.003294    
  3.821564     -7.218880    
  3.821651     -7.321872    
  3.825835     -7.564098    
  3.829979     -7.600301    
  3.834084     -7.636391    
  3.838150     -7.646520    
  3.838237     -7.608465    
  3.842494     -7.603961    
  3.846710     -7.673663    
  3.850885     -7.680228    
  3.855020     -7.633224    
  3.859117     -7.608194    
  3.863175     -7.706518    
  3.867196     -7.732091    
  3.871179     -7.738360    
  3.871266     -7.742823    
  3.874225     -7.747129    
  3.877163     -7.755655    
  3.880081     -7.751171    
  3.882980     -7.552809    
  3.885860     -7.705336    
  3.888721     -7.778416    
  3.891563     -7.797833    
  3.894387     -7.807460    
  3.894474     -7.805896    
  3.896842     -7.811779    
  3.899197     -7.816015    
  3.901540     -7.826272    
  3.903870     -7.829285    
  3.906188     -7.836620    
  3.908494     -7.843756    
  3.910787     -7.848156    
  3.913068     -7.854043    
  3.913155     -7.855882    
  3.913273     -7.856526    
  3.913769     -7.858915    
  3.913856     -7.859281    
  3.913972     -7.918499    
  3.916915     -7.725137    
  3.917002     -7.707006    
  3.919240     -7.714986    
  3.921466     -7.829008    
  3.923680     -7.884220    
  3.925884     -7.907606    
  3.928076     -7.913770    
  3.930258     -7.919929    
  3.934588     -7.932017    
  3.938875     -7.938885    
  3.943121     -7.939127    
  3.947325     -7.950890    
  3.951490     -7.955098    
  3.955614     -7.966344    
  3.959700     -7.983153    
  3.963748     -8.003853    
  3.967758     -8.050737    
  3.971732     -7.773784    
  3.975669     -7.881487    
  3.979571     -8.043845    
  3.983439     -8.041232    
  3.983526     -8.051001    
  3.987832     -8.076919    
  3.992097     -8.058538    
  3.996320     -8.086929    
  4.000502     -8.120217    
  4.004644     -7.895956    
  4.008747     -7.312490    
  4.012812     -8.095760    
  4.016839     -8.153029    
  4.020829     -8.114379    
  4.024783     -8.170941    
  4.028701     -8.191951    
  4.032584     -8.216102    
  4.036433     -8.185742    
  4.040248     -8.146649    
  4.044029     -8.188883    
  4.047778     -8.209638    
  4.047865     -8.213130    
  4.051711     -8.253512    
  4.055494     -8.270460    
  4.059244     -8.282829    
  4.062962     -8.390035    
  4.066649     -7.958137    
  4.070304     -7.860427    
  4.073930     -8.290696    
  4.077524     -8.323400    
  4.081090     -8.342507    
  4.084626     -8.347292    
  4.088134     -8.353694    
  4.091614     -8.361674    
  4.095066     -8.370967    
  4.098491     -8.385438    
  4.101889     -8.391605    
  4.105261     -8.420719    
  4.108607     -8.292302    
  4.111927     -8.301090    
  4.115222     -8.416792    
  4.118492     -8.446541    
  4.121738     -8.436115    
  4.124960     -8.463167    
  4.128158     -8.465122    
  4.131332     -8.462164    
  4.134484     -8.479338    
  4.137613     -8.503440    
  4.140719     -8.492098    
  4.143803     -8.489567    
  4.146866     -8.515324    
  4.149907     -8.535892    
  4.152927     -8.547144    
  4.155926     -8.521833    
  4.156013     -8.521486    
  4.158880     -8.523880    
  4.161727     -8.557557    
  4.161814     -8.557350    
  4.163762     -8.574573    
  4.163849     -8.572282    
  4.167436     -8.628669    
  4.170993     -8.353466    
  4.174521     -8.466899    
  4.178021     -8.600069    
  4.181494     -8.608357    
  4.184938     -8.615945    
  4.188355     -8.648912    
  4.191746     -8.651071    
  4.195110     -8.653697    
  4.198449     -8.603792    
  4.201762     -8.648703    
  4.205050     -8.696760    
  4.208313     -8.699355    
  4.211552     -8.704460    
  4.214767     -8.711154    
  4.217959     -8.720075    
  4.221127     -8.727107    
  4.224272     -8.742558    
  4.227394     -8.743661    
  4.230494     -8.663063    
  4.233573     -8.708951    
  4.236629     -8.773397    
  4.239665     -8.777687    
  4.242679     -8.783689    
  4.245672     -8.804353    
  4.248645     -8.804594    
  4.251598     -8.804329    
  4.254530     -8.826206    
  4.257443     -8.836274    
  4.260337     -8.827617    
  4.263212     -8.837724    
  4.266067     -8.852410    
  4.266154     -8.856188    
  4.269157     -8.334184    
  4.272139     -8.270754    
  4.275101     -8.202215    
  4.278043     -8.603084    
  4.280965     -8.722493    
  4.283867     -8.861154    
  4.286751     -8.922644    
  4.289615     -8.904511    
  4.292460     -8.911259    
  4.295287     -8.939327    
  4.298096     -8.955621    
  4.300886     -8.967071    
  4.303659     -8.972908    
  4.306414     -8.980165    
  4.309152     -8.965016    
  4.311873     -8.952872    
  4.314576     -8.976976    
  4.317263     -9.011046    
  4.319934     -9.019022    
  4.322588     -9.000720    
  4.325226     -9.010340    
  4.327848     -9.025049    
  4.330454     -9.039004    
  4.333045     -9.042808    
  4.335621     -9.022689    
  4.338181     -9.029457    
  4.340726     -8.894098    
  4.343256     -8.881924    
  4.345772     -9.008122    
  4.348274     -9.067037    
  4.350760     -9.093706    
  4.353233     -9.106939    
  4.353320     -9.109846    
  4.356074     -9.089696    
  4.356161     -9.094901    
  4.357582     -9.109976    
  4.357669     -9.110060    
  4.360507     -9.129119    
  4.363326     -9.139872    
  4.366127     -9.125229    
  4.368910     -9.159073    
  4.371675     -9.084309    
  4.374422     -9.103973    
  4.377153     -9.143530    
  4.379866     -9.168614    
  4.382563     -9.189764    
  4.385243     -9.200884    
  4.387906     -9.208894    
  4.390553     -9.211546    
  4.393185     -9.192343    
  4.395800     -9.212074    
  4.398400     -9.237933    
  4.400984     -9.242797    
  4.403553     -9.251261    
  4.406107     -9.258944    
  4.408646     -9.254471    
  4.411170     -9.235682    
  4.413679     -9.258878    
  4.416174     -9.282564    
  4.418655     -9.265101    
  4.421122     -9.176035    
  4.423575     -9.226005    
  4.426014     -9.296283    
  4.428439     -9.308245    
  4.430851     -9.315693    
  4.433250     -9.282341    
  4.435636     -9.297436    
  4.438008     -9.333078    
  4.440368     -9.353447    
  4.440455     -9.344441    
  4.442913     -9.338761    
  4.445357     -9.360570    
  4.447787     -9.377373    
  4.450204     -9.406942    
  4.452608     -9.027147    
  4.454999     -9.156358    
  4.457376     -9.319980    
  4.459740     -9.354916    
  4.462092     -9.345502    
  4.464431     -9.383498    
  4.466757     -9.422768    
  4.469071     -9.432909    
  4.471373     -9.422101    
  4.473663     -9.440844    
  4.475940     -9.453816    
  4.478206     -9.206724    
  4.512937     -9.411011    
  4.513024     -9.581587    
  4.514610     -9.581420    
  4.514697     -9.577209    
  4.515945     -9.569401    
  4.516032     -9.557672    
  4.585469     -9.730580    
  4.585556     -9.709813    
  4.648489     -9.864764    
  4.648576     -9.927124    
  4.649548     -9.939291    
  4.649635     -9.937049    
  4.649838     -9.936535    
  4.649925     -9.858543    
  4.709765     -10.01334    
  4.709852     -10.08946    
  4.765753     -10.18585    
  4.765822     -10.27121    
  4.765909     -10.23372    
  4.818480     -10.40725    
  4.818567     -10.33191    
  4.868094     -10.43413    
  4.868152     -10.53855    
  4.868214     -10.45003    
  4.915089     -10.70023    
  4.915176     -10.67598    
  4.959449     -10.79130    
  4.959536     -10.76678    
  4.959642     -10.58402    
  4.959729     -10.73119    
  5.002021     -10.76073    
  5.002108     -10.91460    
  5.041986     -11.02971    
  5.042072     -11.05198    
  5.042428     -11.05165    
  5.042515     -10.99582    
  5.081038     -11.10870    
  5.081125     -11.08433    
  5.117569     -11.23154    
  5.117655     -11.25806    
  5.118005     -11.21644    
  5.118092     -10.99029    
  5.153462     -11.47611    
  5.153549     -11.32144    
  5.187204     -11.43046    
  5.187290     -11.42979    
  5.187529     -11.42871    
  5.187616     -11.38668    
  5.251180     -11.50968    
  5.251266     -11.59399    
  5.251931     -11.59472    
  5.252018     -11.57473    
  5.311750     -11.70880    
  5.311837     -11.75443    
  5.311944     -11.71796    
  5.614629     -12.54115    
  5.791270     -13.04483    
  6.013559     -13.67274    
  6.269124     -14.39406    
  6.545503     -15.19861    
  6.833661     -16.03566    
  7.128110     -16.91038    
  7.425812     -17.82587    
  7.725168     -18.81922    
  8.025358     -19.99776    
  8.325968     -21.76438    
  8.626788    -100.00000    
  8.927713    -100.00000    
