 0.6989700    -100.00000    
 0.7331214    -100.00000    
 0.7647820    -100.00000    
 0.7942904    -100.00000    
 0.8219208     -79.04783    
 0.8220077     -78.76960    
 0.8256567     -77.98600    
 0.8257436    -100.00000    
 0.8647793    -100.00000    
 0.9005939    -100.00000    
 0.9336786    -100.00000    
 0.9644204    -100.00000    
 0.9931293    -100.00000    
  1.020057    -100.00000    
  1.045413    -100.00000    
  1.069370    -100.00000    
  1.092073    -100.00000    
  1.113649    -100.00000    
  1.153828     -31.11223    
  1.190604    -100.00000    
  1.224506     -29.25360    
  1.224593    -100.00000    
  1.258242     -16.44887    
  1.258328     -17.13164    
  1.281053     -16.17891    
  1.281140    -100.00000    
  1.305129    -100.00000    
  1.305216     -23.92384    
  1.326885    -100.00000    
  1.326972     -15.52636    
  1.346664     -15.60436    
  1.346750     -18.21741    
  1.351328    -100.00000    
  1.351414    -100.00000    
  1.362515     -18.63289    
  1.362602     -17.62310    
  1.390867     -18.32294    
  1.390954     -16.69288    
  1.403133     -16.22895    
  1.403220     -18.97706    
  1.416604     -18.45095    
  1.416691     -18.14173    
  1.442990     -18.18608    
  1.443077    -100.00000    
  1.465932     -15.92151    
  1.466019     -18.97915    
  1.485843    -100.00000    
  1.485929    -100.00000    
  1.499940     -21.63941    
  1.500027     -21.89511    
  1.524019     -17.02463    
  1.546755    -100.00000    
  1.546842     -22.18075    
  1.576102    -100.00000    
  1.576189    -100.00000    
  1.604747     -20.67571    
  1.604834     -16.82915    
  1.629405    -100.00000    
  1.629492     -25.76276    
  1.655461    -100.00000    
  1.679965     -36.11878    
  1.703160     -35.77050    
  1.725179     -35.58633    
  1.725266     -31.70683    
  1.731654     -30.50106    
  1.731741    -100.00000    
  1.762029    -100.00000    
  1.790341     -21.72743    
  1.790428     -20.32640    
  1.817058     -22.01110    
  1.842149    -100.00000    
  1.842236     -21.69875    
  1.843313     -22.35325    
  1.843400    -100.00000    
  1.861079     -21.49667    
  1.861166    -100.00000    
  1.861837     -21.70370    
  1.861924     -20.59678    
  1.874931     -22.62414    
  1.875018     -20.51684    
  1.914140     -21.39547    
  1.914227     -20.61816    
  1.921566     -20.65338    
  1.921653    -100.00000    
  1.926897     -20.70841    
  1.926984     -20.52368    
  1.953068    -100.00000    
  1.953155     -22.68673    
  1.971846     -22.36040    
  1.971933     -22.43218    
  1.992517     -21.93735    
  1.992604     -21.99600    
  1.993799     -20.58600    
  1.993886    -100.00000    
  1.994140    -100.00000    
  1.994226    -100.00000    
  1.996545     -22.28499    
  1.996632    -100.00000    
  1.998156     -22.34104    
  1.998243     -22.87689    
  2.000011     -22.57003    
  2.000098     -21.44940    
  2.005591    -100.00000    
  2.005678     -22.49302    
  2.007909    -100.00000    
  2.007996     -22.70695    
  2.009188     -23.66762    
  2.009275     -22.38775    
  2.036803     -22.03059    
  2.036890    -100.00000    
  2.061295     -20.88330    
  2.061382     -21.15285    
  2.077530     -20.06482    
  2.077617     -20.67105    
  2.095978     -19.24392    
  2.096065     -19.16450    
  2.097299     -19.10687    
  2.097386     -19.22995    
  2.102584     -19.03187    
  2.102671     -19.02168    
  2.103399     -18.98219    
  2.103486     -18.97816    
  2.105825     -18.88020    
  2.105912     -18.87450    
  2.106091     -18.86738    
  2.106178     -18.87657    
  2.111629     -18.63724    
  2.111716     -18.67190    
  2.119223     -18.36287    
  2.119310     -18.38172    
  2.124245     -18.16421    
  2.124332     -18.22495    
  2.137459     -17.65291    
  2.137546     -17.47555    
  2.138137     -17.63597    
  2.138224     -17.74601    
  2.138688     -17.56507    
  2.138775     -17.60760    
  2.149371     -17.17066    
  2.149458     -17.13314    
  2.150309     -17.12690    
  2.150396     -17.10392    
  2.150438     -17.10530    
  2.150525     -17.10026    
  2.156847     -16.85595    
  2.156934     -16.21512    
  2.168071     -16.15980    
  2.168158     -16.44077    
  2.177603     -15.91231    
  2.177690     -15.61626    
  2.191113     -15.49325    
  2.191200     -15.01018    
  2.197200     -14.83895    
  2.197287     -15.02305    
  2.203933     -15.21473    
  2.204020     -15.18920    
  2.204170     -15.00620    
  2.204257     -15.03525    
  2.204684     -14.98211    
  2.204771     -14.90335    
  2.211353     -14.74132    
  2.217836     -14.73729    
  2.217923     -14.65611    
  2.217949     -14.71243    
  2.218036     -14.83348    
  2.218819     -15.12605    
  2.218906     -14.99962    
  2.223758     -14.92671    
  2.223844     -14.92950    
  2.230357     -14.71509    
  2.236772     -14.51945    
  2.236859     -14.53796    
  2.239623     -14.42570    
  2.239710     -15.08159    
  2.244929     -14.96394    
  2.250086     -14.75192    
  2.250173     -15.18772    
  2.253696     -15.06662    
  2.253782     -15.03030    
  2.256807     -15.25490    
  2.259811     -14.05467    
  2.262794     -14.60490    
  2.265757     -14.63635    
  2.265844     -14.65019    
  2.267022     -14.55516    
  2.267109     -14.49346    
  2.270424     -15.44953    
  2.270511     -14.90497    
  2.273172     -14.86658    
  2.275818     -13.54550    
  2.275905     -13.91226    
  2.278993     -15.08519    
  2.279080     -14.45015    
  2.281448     -14.28204    
  2.283804     -14.42248    
  2.283891     -14.62579    
  2.286548     -14.54613    
  2.286635     -14.27734    
  2.286786     -14.37936    
  2.286873    -100.00000    
  2.289321     -13.40373    
  2.291755     -14.93403    
  2.294175     -14.25150    
  2.296582     -13.75381    
  2.298976     -14.04220    
  2.301356     -13.69770    
  2.303724     -13.31827    
  2.304903     -13.10968    
  2.306078     -13.51133    
  2.306165     -13.41539    
  2.308271     -14.62036    
  2.309320     -13.26517    
  2.310367    -100.00000    
  2.311411     -13.15793    
  2.312452     -13.61522    
  2.313491     -13.60655    
  2.314528     -13.97925    
  2.314614     -13.84719    
  2.315825     -13.86174    
  2.317033     -14.19072    
  2.318237     -13.26259    
  2.319437     -13.56491    
  2.320635     -13.69262    
  2.321829     -13.67448    
  2.323020     -13.51636    
  2.324207     -13.84254    
  2.324294     -13.91451    
  2.325800     -13.10592    
  2.325887     -13.41010    
  2.326813     -13.26398    
  2.327736     -13.44394    
  2.327823     -13.60036    
  2.328856     -13.81596    
  2.329886     -13.28603    
  2.330914     -13.43883    
  2.331939     -13.77894    
  2.332026     -13.52198    
  2.333111     -13.63405    
  2.334194     -13.68022    
  2.335274     -13.61096    
  2.336352     -13.57648    
  2.336439     -13.60856    
  2.337047     -13.58552    
  2.337655     -13.47396    
  2.338262     -13.37848    
  2.338868     -13.68264    
  2.339473     -13.51820    
  2.340077     -13.55498    
  2.340680     -13.53000    
  2.341283     -13.46286    
  2.341370     -13.43257    
  2.341472     -13.52930    
  2.342517     -13.36616    
  2.342604     -13.32845    
  2.343196     -13.29484    
  2.343786     -13.36787    
  2.343873     -13.19876    
  2.344850     -13.13019    
  2.345825     -13.12284    
  2.345912     -13.21899    
  2.346656     -12.90391    
  2.347399     -12.73109    
  2.348141     -12.56917    
  2.348882     -12.62098    
  2.348969     -13.34180    
  2.349884     -12.82941    
  2.349971     -13.01934    
  2.350040     -13.07637    
  2.350127     -12.76441    
  2.350953     -13.67023    
  2.351777     -13.35727    
  2.352600     -13.29484    
  2.353421     -13.24505    
  2.353508     -13.25825    
  2.353983     -13.08779    
  2.354070     -13.33196    
  2.354840     -13.04238    
  2.355610     -13.17031    
  2.356378     -12.71207    
  2.357144     -13.08500    
  2.357197     -12.89175    
  2.357231     -12.95736    
  2.357284     -13.08590    
  2.357504     -13.19634    
  2.357582    -100.00000    
  2.357669     -11.44439    
  2.357776     -10.40102    
  2.357863     -10.51724    
  2.360104    -100.00000    
  2.360190    -100.00000    
  2.373546     -5.838612    
  2.373632     -5.543376    
  2.378097    -100.00000    
  2.378184    -100.00000    
  2.381409     -5.515166    
  2.381496     -5.374437    
  2.384668     -4.878035    
  2.384755     -4.894286    
  2.387126    -100.00000    
  2.387213     -5.512026    
  2.397727     -5.091539    
  2.397814     -4.468284    
  2.403706     -4.449419    
  2.403793     -4.471458    
  2.405816     -4.435218    
  2.405903     -4.138994    
  2.409533     -5.194059    
  2.409619     -8.839041    
  2.409967     -6.810655    
  2.410054    -100.00000    
  2.411499     -4.921081    
  2.411586     -4.617536    
  2.413098     -3.919654    
  2.413185     -4.029929    
  2.417226     -4.649181    
  2.417313     -4.804744    
  2.417446     -4.849652    
  2.417533     -4.283027    
  2.429013     -4.366395    
  2.429100     -4.314219    
  2.429782     -4.443450    
  2.429869     -4.505858    
  2.429909     -4.527545    
  2.429996     -4.434551    
  2.433515     -4.296653    
  2.433602     -4.383353    
  2.434760     -4.491892    
  2.434847     -4.325220    
  2.438744     -4.098811    
  2.438831     -4.069607    
  2.441087     -4.228488    
  2.441174     -4.001456    
  2.442885     -4.058458    
  2.442972     -4.239421    
  2.446825     -5.618057    
  2.446912     -5.093168    
  2.449374     -4.411898    
  2.449460     -4.056197    
  2.454772     -4.693850    
  2.454858     -4.138712    
  2.457103     -4.269463    
  2.457190     -4.358952    
  2.462242     -4.184776    
  2.462329     -4.458190    
  2.465051     -5.748108    
  2.465138     -4.963048    
  2.466974     -4.692374    
  2.467061     -4.767286    
  2.469909     -5.097458    
  2.469996     -4.818612    
  2.471129     -4.664453    
  2.471216     -4.648264    
  2.471255     -4.643541    
  2.471342     -4.643992    
  2.471828     -4.642176    
  2.471915     -4.584827    
  2.473553     -4.586531    
  2.473639     -4.666716    
  2.473908     -4.602518    
  2.473994     -4.689475    
  2.475654     -4.512104    
  2.475741     -4.536285    
  2.476442     -4.199160    
  2.476529     -4.134275    
  2.476977     -4.014105    
  2.477064     -4.021465    
  2.479546     -4.764402    
  2.479633     -4.418543    
  2.483967     -5.260689    
  2.484054     -4.500755    
  2.484128     -4.463913    
  2.484215     -4.423081    
  2.484517     -4.315313    
  2.484604     -4.288800    
  2.487037     -4.149018    
  2.487124     -4.149230    
  2.491399     -4.568442    
  2.491486     -4.258896    
  2.493770     -4.167892    
  2.493799     -4.357584    
  2.493857     -4.378229    
  2.493886     -4.527124    
  2.496105     -4.866026    
  2.496192     -4.394862    
  2.497233     -4.211208    
  2.497320     -4.210265    
  2.497678     -4.108823    
  2.497765     -4.113186    
  2.498024     -4.168511    
  2.498111     -4.173229    
  2.501025     -4.368308    
  2.503920     -4.159423    
  2.504007     -4.124658    
  2.504069     -4.122262    
  2.504156     -4.138543    
  2.506191     -4.120118    
  2.506278     -4.072291    
  2.507046     -3.968259    
  2.507133     -3.859413    
  2.509451     -5.343615    
  2.511756     -3.944624    
  2.511843     -3.980592    
  2.512347     -3.837169    
  2.512434     -3.831189    
  2.514176     -3.943236    
  2.514263     -4.034201    
  2.515486     -4.031835    
  2.515573     -3.989732    
  2.515719     -4.006858    
  2.515805     -4.028545    
  2.515872     -4.044349    
  2.515959     -4.077920    
  2.516706     -3.951709    
  2.516793     -3.940495    
  2.516940     -3.922625    
  2.517027     -3.904307    
  2.517941     -3.891209    
  2.518028     -3.921753    
  2.519341     -3.936332    
  2.519428     -3.872447    
  2.521714     -4.075347    
  2.523988     -4.020008    
  2.526250     -4.395807    
  2.528500     -3.982956    
  2.528587     -4.035222    
  2.532731     -3.973166    
  2.532818     -3.925770    
  2.533833     -3.934189    
  2.533920     -3.913654    
  2.537178     -3.978857    
  2.540412     -4.147072    
  2.543622     -4.150448    
  2.546808     -3.968370    
  2.546895     -4.031352    
  2.547436     -4.041079    
  2.547523     -4.098011    
  2.551127     -4.170591    
  2.554701     -4.014098    
  2.554788     -3.994544    
  2.557290     -4.055853    
  2.559779     -4.086731    
  2.562253     -4.271473    
  2.564713     -4.382502    
  2.564799     -4.435989    
  2.568369     -4.047728    
  2.568456     -3.991400    
  2.571315     -4.003453    
  2.571402     -4.051744    
  2.571490     -4.050103    
  2.571576     -4.040530    
  2.572582     -4.133704    
  2.572668     -4.061286    
  2.573820     -4.053718    
  2.573907     -4.082317    
  2.576147     -4.277633    
  2.578375     -4.169192    
  2.580592     -4.195140    
  2.582797     -4.350324    
  2.582884     -4.303800    
  2.586758     -4.537715    
  2.590598     -4.438374    
  2.590685     -4.420058    
  2.593225     -4.182256    
  2.595750     -4.446192    
  2.595837     -4.452937    
  2.598386     -4.409630    
  2.600921     -4.153787    
  2.601008     -4.098650    
  2.603333     -4.097709    
  2.603420     -4.148467    
  2.604635     -4.350296    
  2.604722     -4.365096    
  2.606239     -4.266877    
  2.606324     -4.210654    
  2.606411     -4.152843    
  2.607057     -4.118466    
  2.607144     -4.174200    
  2.607239     -4.194919    
  2.607326     -4.199474    
  2.607391     -4.198191    
  2.607478     -4.193053    
  2.607654     -4.140570    
  2.607741     -4.025618    
  2.611049     -4.216096    
  2.614332     -4.042846    
  2.614419     -4.151273    
  2.617004     -4.051004    
  2.619574     -3.989240    
  2.619659     -4.009306    
  2.619746     -4.063615    
  2.620996     -4.174319    
  2.621082     -4.229715    
  2.621962     -4.249062    
  2.622049     -4.305396    
  2.623324     -4.236734    
  2.623411     -4.278188    
  2.624766     -4.164583    
  2.624853     -4.206753    
  2.627024     -4.212713    
  2.627110     -4.198207    
  2.630435     -4.094202    
  2.630522     -4.106735    
  2.632418     -4.207387    
  2.632505     -4.232313    
  2.633585     -4.118864    
  2.633672     -4.129407    
  2.634210     -4.100981    
  2.634297     -4.115274    
  2.636422     -4.030423    
  2.638537     -4.065218    
  2.640642     -4.144136    
  2.642737     -4.016516    
  2.642824     -4.048932    
  2.645913     -4.023596    
  2.646000     -4.020372    
  2.648513     -4.010170    
  2.648600     -4.005488    
  2.650102     -4.021831    
  2.650189     -4.027310    
  2.650581     -4.059148    
  2.650668     -4.129960    
  2.653884     -4.013721    
  2.653971     -4.015690    
  2.654508     -4.013597    
  2.654595     -4.014860    
  2.655848     -4.037916    
  2.655935     -4.025450    
  2.656856     -4.028191    
  2.656943     -4.130941    
  2.658483     -4.046532    
  2.658570     -4.016915    
  2.659789     -4.025424    
  2.659876     -4.025366    
  2.661632     -4.021895    
  2.661711     -4.036266    
  2.661798     -4.046365    
  2.662214     -4.062642    
  2.662301     -4.054843    
  2.662838     -4.069780    
  2.662925     -4.076949    
  2.663187     -4.077636    
  2.663274     -4.058151    
  2.665319     -4.024364    
  2.665405     -4.024333    
  2.666840     -4.010362    
  2.668270     -4.089735    
  2.668357     -4.133043    
  2.670100     -4.007721    
  2.670187     -4.033409    
  2.670742     -4.029804    
  2.670829     -4.026071    
  2.672470     -4.043776    
  2.674106     -4.036490    
  2.674193     -4.034752    
  2.675152     -4.038729    
  2.675239     -4.037863    
  2.675371     -4.037576    
  2.675458     -4.036035    
  2.676824     -4.043185    
  2.676911     -4.040876    
  2.677751     -4.037699    
  2.677838     -4.039112    
  2.679282     -4.041371    
  2.680721     -4.041953    
  2.682155     -4.044762    
  2.683585     -4.046051    
  2.683672     -4.046062    
  2.684480     -4.047409    
  2.684566     -4.048699    
  2.685714     -4.052817    
  2.685801     -4.050935    
  2.685988     -4.050672    
  2.686075     -4.050504    
  2.686520     -4.050191    
  2.686607     -4.050969    
  2.687327     -4.052366    
  2.688046     -4.052432    
  2.688133     -4.052034    
  2.688542     -4.059883    
  2.688599     -4.064152    
  2.688629     -4.065764    
  2.688686     -4.077749    
  2.689808     -4.059229    
  2.690927     -4.074454    
  2.691014     -4.065516    
  2.691670     -4.066159    
  2.692326     -4.065784    
  2.692981     -4.057699    
  2.693635     -4.058004    
  2.693722     -4.058450    
  2.694340     -4.059738    
  2.694958     -4.062418    
  2.695575     -4.062100    
  2.696192     -4.062713    
  2.696807     -4.082859    
  2.697422     -4.083412    
  2.698035     -4.068242    
  2.698648     -4.066587    
  2.698717     -4.067088    
  2.698803     -4.067152    
  2.699142     -4.067529    
  2.699229     -4.067612    
  2.700077     -4.068619    
  2.700500     -4.069952    
  2.700923     -4.070916    
  2.701345     -4.071010    
  2.701767     -4.071053    
  2.702189     -4.071585    
  2.702610     -4.072677    
  2.702697     -4.068310    
  2.706323     -4.095409    
  2.706410     -4.088015    
  2.707308     -4.081222    
  2.707395     -4.102154    
  2.708280     -4.166687    
  2.708352     -4.129465    
  2.708438     -4.119036    
  2.709271     -4.070847    
  2.709358     -4.077156    
  2.712230     -4.104695    
  2.712317     -4.081515    
  2.715874     -4.102025    
  2.715961     -4.086983    
  2.716395     -4.087438    
  2.716481     -4.087546    
  2.716568     -4.082986    
  2.721359     -4.111758    
  2.721446     -4.107708    
  2.724957     -4.114004    
  2.725044     -4.101453    
  2.725129     -4.101561    
  2.725216     -4.103847    
  2.727523     -4.104140    
  2.727610     -4.104411    
  2.728146     -4.105520    
  2.728233     -4.105504    
  2.728368     -4.105598    
  2.728455     -4.105656    
  2.728556     -4.105729    
  2.728643     -4.112922    
  2.735898     -4.126078    
  2.735985     -4.118187    
  2.736079     -4.118748    
  2.737059     -4.120123    
  2.737146     -4.119545    
  2.738167     -4.121821    
  2.738254     -4.122159    
  2.740490     -4.125233    
  2.740577     -4.127786    
  2.742815     -4.129702    
  2.742902     -4.058760    
  2.743703     -4.448533    
  2.743790     -4.355306    
  2.753428     -4.047302    
  2.753515     -4.144171    
  2.753850     -4.144738    
  2.753937     -4.145020    
  2.754509     -4.147478    
  2.754596     -4.147577    
  2.754850     -4.147790    
  2.754937     -4.146904    
  2.756676     -4.153507    
  2.756763     -4.164982    
  2.758474     -4.152982    
  2.758561     -4.153482    
  2.759027     -4.153993    
  2.759113     -4.154568    
  2.759911     -4.156169    
  2.759997     -4.155502    
  2.763464     -4.161635    
  2.763551     -4.161106    
  2.765400     -4.164551    
  2.765487     -4.164825    
  2.765755     -4.165042    
  2.765842     -4.162963    
  2.766689     -4.171830    
  2.766776     -4.154982    
  2.768842     -4.211189    
  2.768929     -4.252086    
  2.769216     -4.227813    
  2.769303     -4.188858    
  2.772541     -4.167442    
  2.772628     -4.175195    
  2.781421     -4.202755    
  2.781508     -4.189720    
  2.783749     -4.192806    
  2.783836     -4.218530    
  2.786316     -5.373265    
  2.786403     -4.249843    
  2.789343     -4.060301    
  2.789430     -4.164254    
  2.792049     -4.205648    
  2.792136     -4.201731    
  2.795957     -4.213578    
  2.796043     -4.212792    
  2.799021     -4.218339    
  2.799107     -4.189323    
  2.799738     -4.659715    
  2.799825     -5.137106    
  2.801475     -4.342628    
  2.801562     -4.187911    
  2.816430     -4.265164    
  2.816517     -4.247481    
  2.817018     -4.248318    
  2.817105     -4.248481    
  2.818570     -4.251001    
  2.818657     -4.250861    
  2.823371     -4.259662    
  2.823458     -4.259907    
  2.826003     -4.263789    
  2.826090     -4.263692    
  2.829613     -4.272959    
  2.829700     -4.270073    
  2.832995     -4.275845    
  2.833082     -4.277964    
  2.835804     -4.286041    
  2.835890     -4.274888    
  2.836249     -4.331146    
  2.836336     -4.343619    
  2.836442     -4.344589    
  2.836529     -4.370259    
  2.841429     -4.277211    
  2.841516     -4.287127    
  2.844722     -4.296829    
  2.844809     -4.295987    
  2.845614     -4.297803    
  2.845701     -4.298010    
  2.845992     -4.298447    
  2.846079     -4.298553    
  2.846320     -4.298876    
  2.846407     -4.311925    
  2.851273     -4.316318    
  2.851359     -4.303634    
  2.851605     -4.304303    
  2.851692     -4.304757    
  2.852906     -4.309269    
  2.852993     -4.309414    
  2.853657     -4.311485    
  2.853730     -4.311669    
  2.853816     -4.311470    
  2.856721     -4.325689    
  2.856808     -4.317783    
  2.861695     -4.327620    
  2.861782     -4.326943    
  2.863190     -4.329922    
  2.863277     -4.329718    
  2.864011     -4.330235    
  2.864097     -4.330430    
  2.864172     -4.330575    
  2.864259     -4.330355    
  2.866955     -4.337170    
  2.867042     -4.335340    
  2.872704     -4.346797    
  2.872791     -4.347841    
  2.877117     -4.364183    
  2.877204     -4.374937    
  2.880603     -4.358214    
  2.880690     -4.316840    
  2.882313     -4.559213    
  2.882400     -4.706184    
  2.882670     -4.725587    
  2.882757    -100.00000    
  2.886654     -4.333684    
  2.886684     -4.194898    
  2.886741     -4.196976    
  2.886771     -4.199817    
  2.887555     -4.231151    
  2.887642     -4.322979    
  2.893704     -4.430643    
  2.893791     -4.383877    
  2.894071     -4.384491    
  2.894157     -4.384809    
  2.895095     -4.386623    
  2.895182     -4.386786    
  2.895490     -4.387496    
  2.895577     -4.388204    
  2.896767     -4.390786    
  2.896854     -4.457308    
  2.897787    -100.00000    
  2.897874     -5.528410    
  2.899209     -4.506643    
  2.899296     -4.339995    
  2.901336     -4.264600    
  2.901423     -4.347258    
  2.905548     -4.413703    
  2.905635     -4.404684    
  2.908098     -4.413318    
  2.908185     -4.410173    
  2.908477     -4.410731    
  2.908564     -4.409694    
  2.916527     -4.430583    
  2.916614     -4.429609    
  2.916785     -4.430533    
  2.916872     -4.431196    
  2.917171     -4.437437    
  2.917258     -4.431750    
  2.921759     -4.441827    
  2.921845     -4.448441    
  2.925029     -4.448643    
  2.925116     -4.438724    
  2.925683     -4.439546    
  2.925770     -4.439703    
  2.925849     -4.439828    
  2.925936     -4.439970    
  2.926028     -4.440074    
  2.927554     -4.446083    
  2.927641     -4.446058    
  2.927672     -4.446158    
  2.927759     -4.446444    
  2.927951     -4.447024    
  2.928037     -4.447271    
  2.928671     -4.448935    
  2.928758     -4.449165    
  2.929127     -4.450060    
  2.929213     -4.450255    
  2.929524     -4.451145    
  2.929611     -4.451453    
  2.929967     -4.450859    
  2.930054     -4.450440    
  2.930245     -4.450064    
  2.930332     -4.450015    
  2.930604     -4.451016    
  2.930644     -4.451381    
  2.930691     -4.451725    
  2.930731     -4.452041    
  2.930956     -4.453780    
  2.931043     -4.454984    
  2.932654     -4.456227    
  2.932741     -4.456447    
  2.933595     -4.459171    
  2.933682     -4.459836    
  2.934646     -4.458654    
  2.934733     -4.458796    
  2.934790     -4.458849    
  2.934877     -4.458896    
  2.935353     -4.459941    
  2.935439     -4.459759    
  2.936807     -4.465118    
  2.936894     -4.466237    
  2.937517     -4.467709    
  2.937604     -4.466685    
  2.942728     -4.472453    
  2.942815     -4.475186    
  2.943758     -4.478494    
  2.943845     -4.478434    
  2.943894     -4.478543    
  2.943981     -4.478972    
  2.945266     -4.479560    
  2.945353     -4.479672    
  2.946273     -4.482366    
  2.946360     -4.482799    
  2.946687     -4.483447    
  2.946746     -4.483504    
  2.946774     -4.483545    
  2.946833     -4.483498    
  2.950770     -4.489869    
  2.950857     -4.490791    
  2.951287     -4.491820    
  2.951374     -4.492033    
  2.951710     -4.493086    
  2.951797     -4.493502    
  2.952602     -4.494961    
  2.952688     -4.495258    
  2.953750     -4.497452    
  2.953837     -4.497606    
  2.953990     -4.498106    
  2.954077     -4.498456    
  2.954361     -4.499222    
  2.954448     -4.499261    
  2.955030     -4.499632    
  2.955117     -4.499799    
  2.955739     -4.500857    
  2.955826     -4.501025    
  2.956162     -4.501680    
  2.956248     -4.501835    
  2.956346     -4.502001    
  2.956433     -4.502120    
  2.957599     -4.504717    
  2.957685     -4.504752    
  2.957790     -4.504735    
  2.958490     -4.506094    
  2.958577     -4.506487    
  2.958702     -4.506852    
  2.958789     -4.507137    
  2.959196     -4.508447    
  2.959269     -4.508492    
  2.959356     -4.508542    
  2.959520     -4.508363    
  2.959575     -4.508219    
  2.959607     -4.508138    
  2.959642     -4.508045    
  2.959678     -4.507954    
  2.959729     -4.507833    
  2.959837     -4.507652    
  2.959916     -4.507527    
  2.960003     -4.507751    
  2.960694     -4.505104    
  2.960781     -4.504911    
  2.961122     -4.505146    
  2.961209     -4.344463    
  2.965318     -4.580925    
  2.965405     -4.827276    
  2.973340     -4.246467    
  2.973427     -4.419304    
  2.975729     -4.286383    
  2.975815     -4.279292    
  2.976171     -4.363289    
  2.976258     -4.285857    
  2.981363     -4.547212    
  2.981450     -4.692687    
  2.982423     -4.414377    
  2.982509     -4.363233    
  2.982872     -4.249517    
  2.982959     -4.296579    
  2.994503     -4.391948    
  3.005749     -4.368755    
  3.005836     -4.366575    
  3.008346     -4.366570    
  3.008392     -4.360753    
  3.008433     -4.361139    
  3.008479     -4.427986    
  3.022969     -4.393630    
  3.023055     -4.395418    
  3.024662     -4.398356    
  3.024749     -4.398050    
  3.026972     -4.403932    
  3.027058     -4.403440    
  3.028439     -4.405487    
  3.028526     -4.421857    
  3.041713     -4.485979    
  3.041799     -4.443638    
  3.044019     -4.450044    
  3.044106     -4.451142    
  3.046417     -4.467130    
  3.046504     -4.468131    
  3.047266     -4.463519    
  3.047353     -4.462291    
  3.053134     -4.480609    
  3.053221     -4.534417    
  3.056619     -4.517911    
  3.056706     -4.577847    
  3.057754     -4.498245    
  3.057841     -4.487670    
  3.072777     -4.550736    
  3.072864     -4.538480    
  3.074515     -4.539807    
  3.074602     -4.559416    
  3.082910     -4.569327    
  3.082997     -4.483698    
  3.085748     -5.294331    
  3.085835     -4.824966    
  3.088154     -4.337135    
  3.088240     -4.452678    
  3.089212     -4.552608    
  3.089299     -4.582956    
  3.092941     -4.625566    
  3.093028     -4.602231    
  3.093244     -4.605329    
  3.093331     -4.725605    
  3.093732    -100.00000    
  3.093819    -100.00000    
  3.096179     -4.479937    
  3.096266     -4.412790    
  3.099391     -4.666793    
  3.099477     -4.637729    
  3.110593     -4.677966    
  3.110679     -4.675023    
  3.114687     -4.678562    
  3.114774     -4.717822    
  3.115819     -4.670828    
  3.115905     -4.673139    
  3.116258     -4.678938    
  3.116344     -4.683855    
  3.116978     -4.682425    
  3.117065     -4.672521    
  3.118889     -4.706577    
  3.118976     -4.684926    
  3.124616     -4.722931    
  3.124703     -4.703641    
  3.125997     -4.724995    
  3.126084     -4.734222    
  3.126554     -4.727085    
  3.126641     -4.721490    
  3.126962     -4.711919    
  3.127049     -4.708931    
  3.127687     -4.707612    
  3.127774     -4.719343    
  3.129225     -4.714232    
  3.129312     -4.708789    
  3.132800     -4.725508    
  3.132887     -4.725276    
  3.135587     -4.746163    
  3.135674     -4.743570    
  3.138745     -4.782512    
  3.138832     -4.890455    
  3.139047     -4.918027    
  3.139134     -4.865923    
  3.141109     -4.762549    
  3.141196     -4.788918    
  3.143577     -4.753110    
  3.143664     -4.763326    
  3.144101     -4.789514    
  3.144188     -4.816184    
  3.144945     -4.807367    
  3.145031     -4.788996    
  3.146758     -4.831567    
  3.146845     -4.879279    
  3.146888     -4.893275    
  3.146975     -4.970957    
  3.147795     -4.833192    
  3.147882     -4.805461    
  3.148717     -4.785365    
  3.148804     -4.826285    
  3.149747     -4.806568    
  3.149834     -4.798198    
  3.150628     -4.839892    
  3.150714     -4.839166    
  3.151276     -4.843254    
  3.151363     -4.823126    
  3.152544     -4.784778    
  3.152631     -4.799769    
  3.152935     -4.815782    
  3.153022     -4.817215    
  3.153068     -4.818146    
  3.153155     -4.818642    
  3.153381     -4.818884    
  3.153434     -4.820036    
  3.153468     -4.820612    
  3.153521     -4.826379    
  3.155016     -4.813243    
  3.155103     -4.805916    
  3.159418     -4.822438    
  3.159505     -4.810082    
  3.159758     -4.810567    
  3.159845     -4.829381    
  3.164009     -4.851586    
  3.164096     -4.824774    
  3.164633     -4.855016    
  3.164720     -4.852998    
  3.164846     -4.854172    
  3.164933     -4.859685    
  3.165979     -4.855146    
  3.166066     -4.857918    
  3.171670     -4.857799    
  3.171756     -4.860257    
  3.173578     -4.841317    
  3.173665     -4.847011    
  3.174167     -4.848849    
  3.174254     -4.844258    
  3.179466     -4.869598    
  3.179553     -4.868829    
  3.180463     -4.869926    
  3.180550     -4.870589    
  3.181675     -4.875169    
  3.181761     -4.875883    
  3.184969     -4.885613    
  3.185055     -4.884656    
  3.187464     -4.897718    
  3.187494     -4.898043    
  3.187551     -4.898258    
  3.187581     -4.898618    
  3.188338     -4.896486    
  3.188425     -4.898209    
  3.189356     -4.898349    
  3.189443     -5.313460    
  3.190962    -100.00000    
  3.191049     -6.015415    
  3.191119     -5.895416    
  3.191206     -5.855098    
  3.192224     -5.007418    
  3.192311     -4.821237    
  3.194885     -4.773360    
  3.194972     -4.852693    
  3.196916     -4.919203    
  3.197003     -4.913497    
  3.203163     -4.947617    
  3.203249     -4.945909    
  3.204661     -4.948041    
  3.204747     -4.949827    
  3.207365     -4.958253    
  3.207452     -4.959902    
  3.209135     -4.967071    
  3.209222     -4.964499    
  3.209715     -4.966073    
  3.209802     -5.059225    
  3.217531     -4.891391    
  3.217618     -4.603479    
  3.217704     -4.608993    
  3.217791     -4.618452    
  3.218329     -4.700961    
  3.218415     -4.902656    
  3.233361     -5.091260    
  3.233448     -5.135076    
  3.243111     -5.039471    
  3.243198     -5.090632    
  3.251238     -5.099289    
  3.251325     -5.101491    
  3.261641     -5.136550    
  3.261728     -5.136517    
  3.263462     -5.141772    
  3.263549     -5.141989    
  3.271269     -5.168239    
  3.271355     -5.169246    
  3.271415     -5.169446    
  3.271502     -5.169636    
  3.273253     -5.174630    
  3.273340     -5.175086    
  3.276754     -5.186669    
  3.276841     -5.190721    
  3.279706     -5.196215    
  3.279793     -5.196854    
  3.281662     -5.203123    
  3.281749     -5.203288    
  3.283538     -5.209383    
  3.283625     -5.209638    
  3.285833     -5.217230    
  3.285920     -5.217641    
  3.289028     -5.228354    
  3.289115     -5.227960    
  3.291415     -5.236272    
  3.291501     -5.236532    
  3.292656     -5.239677    
  3.292743     -5.240298    
  3.294670     -5.247085    
  3.294757     -5.247219    
  3.295898     -5.251263    
  3.295985     -5.251624    
  3.296762     -5.254118    
  3.296849     -5.254549    
  3.299441     -5.263069    
  3.299528     -5.263445    
  3.301132     -5.268946    
  3.301219     -5.269182    
  3.305074     -5.282275    
  3.305161     -5.282587    
  3.305985     -5.285403    
  3.306072     -5.285704    
  3.306887     -5.288379    
  3.306974     -5.289256    
  3.309364     -5.298735    
  3.309451     -5.297258    
  3.309833     -5.298439    
  3.309920     -5.298754    
  3.310624     -5.301107    
  3.310710     -5.301385    
  3.310978     -5.302213    
  3.311065     -5.302472    
  3.311327     -5.303329    
  3.311414     -5.303626    
  3.311825     -5.305098    
  3.311912     -5.305421    
  3.312012     -5.305790    
  3.312099     -5.287510    
  3.333122     -5.367506    
  3.333209     -5.359893    
  3.343376     -5.395140    
  3.343463     -5.387433    
  3.351164     -5.416795    
  3.351250     -5.408781    
  3.351681     -5.410319    
  3.351768     -5.421637    
  3.363548     -5.450183    
  3.363635     -5.480809    
  3.367434     -5.466334    
  3.367521     -5.464176    
  3.377612     -5.500390    
  3.377699     -5.497077    
  3.379159     -5.513991    
  3.379246     -5.568546    
  3.382086     -5.491815    
  3.382173     -5.520649    
  3.385882     -5.527230    
  3.385969     -5.529502    
  3.389771     -5.542656    
  3.389858     -5.542972    
  3.395039     -5.561139    
  3.395125     -5.561652    
  3.400648     -5.580291    
  3.400735     -5.580052    
  3.400855     -5.581748    
  3.400942     -5.627769    
  3.403535     -5.579017    
  3.403595     -5.577081    
  3.403622     -5.577679    
  3.403681     -5.579121    
  3.404126     -5.586930    
  3.404213     -5.591919    
  3.414942     -5.632299    
  3.415029     -5.631415    
  3.419275     -5.646304    
  3.419361     -5.646618    
  3.421764     -5.655166    
  3.421851     -5.655413    
  3.426245     -5.671237    
  3.426332     -5.671443    
  3.434923     -5.701200    
  3.435010     -5.704025    
  3.442825     -5.711729    
  3.442912     -5.728440    
  3.444934     -5.736913    
  3.445021     -5.737196    
  3.449934     -5.754789    
  3.450021     -5.755336    
  3.466667     -5.813837    
  3.466754     -5.814480    
  3.467592     -5.817149    
  3.467679     -5.817561    
  3.468746     -5.822228    
  3.468833     -5.821894    
  3.469843     -5.825549    
  3.469930     -5.826327    
  3.472928     -5.836326    
  3.473015     -5.836783    
  3.480890     -5.864765    
  3.480977     -5.865243    
  3.485957     -5.882779    
  3.486044     -5.883111    
  3.486320     -5.884200    
  3.486406     -5.885613    
  3.494277     -5.912658    
  3.494364     -5.912679    
  3.503878     -5.947635    
  3.503965     -5.949520    
  3.505952     -5.950814    
  3.506039     -5.941441    
  3.506892     -5.949870    
  3.506979     -5.854342    
  3.515804     -6.026171    
  3.515836     -5.989508    
  3.515891     -5.989653    
  3.515923     -5.990082    
  3.534135     -6.056045    
  3.534222     -6.055637    
  3.535311     -6.058141    
  3.535397     -6.059896    
  3.539346     -6.074679    
  3.539433     -6.073157    
  3.543849     -6.093668    
  3.543936     -6.100367    
  3.544500     -6.060766    
  3.544586     -6.064174    
  3.545154     -6.075323    
  3.545241     -6.089385    
  3.552154     -6.123115    
  3.552241     -6.120979    
  3.553235     -6.124889    
  3.553322     -6.125068    
  3.555627     -6.133240    
  3.555714     -6.133479    
  3.557696     -6.141071    
  3.557783     -6.140981    
  3.558846     -6.144729    
  3.558933     -6.145140    
  3.559110     -6.145821    
  3.559197     -6.146211    
  3.560994     -6.152553    
  3.561019     -6.152531    
  3.561080     -6.152736    
  3.561106     -6.152819    
  3.561368     -6.153775    
  3.561455     -6.154112    
  3.561702     -6.155062    
  3.561789     -6.155391    
  3.561899     -6.155805    
  3.561986     -6.163038    
  3.565681     -6.144077    
  3.565768     -6.142834    
  3.568654     -6.172204    
  3.568741     -6.172442    
  3.572245     -6.182741    
  3.572332     -6.184966    
  3.628600     -6.372074    
  3.628687     -6.371963    
  3.631423     -6.384280    
  3.631510     -6.384218    
  3.632293     -6.387035    
  3.632379     -6.387292    
  3.634321     -6.394130    
  3.634408     -6.397946    
  3.644191     -6.424479    
  3.644278     -6.428213    
  3.656741     -6.476503    
  3.656828     -6.483559    
  3.663615     -6.496134    
  3.663702     -6.506460    
  3.670110     -6.523000    
  3.670197     -6.775643    
  3.673498     -6.072876    
  3.673585     -6.334774    
  3.687730     -6.716633    
  3.687817     -6.555761    
  3.688052     -6.561384    
  3.688139     -6.574001    
  3.688708     -6.605048    
  3.688795     -6.590764    
  3.688862     -6.586724    
  3.688948     -6.500326    
  3.691459     -6.574711    
  3.691546     -6.591882    
  3.695795     -6.615762    
  3.695882     -6.616465    
  3.713236     -6.679512    
  3.713322     -6.681331    
  3.719779     -6.698471    
  3.719866     -6.702234    
  3.725984     -6.725931    
  3.726070     -6.725819    
  3.733043     -6.751034    
  3.733130     -6.739435    
  3.740126     -6.761158    
  3.740213     -6.775766    
  3.740628     -6.777628    
  3.740715     -6.778536    
  3.751777     -6.818924    
  3.751863     -6.819100    
  3.753187     -6.823932    
  3.753274     -6.824240    
  3.753882     -6.826415    
  3.753969     -6.826717    
  3.754658     -6.829234    
  3.754745     -6.829555    
  3.755217     -6.831275    
  3.755304     -6.831587    
  3.755522     -6.832370    
  3.755609     -6.832682    
  3.755717     -6.833067    
  3.755803     -6.830043    
  3.793452     -6.969686    
  3.793539     -6.967227    
  3.804079     -7.007011    
  3.804166     -7.005567    
  3.806615     -7.014776    
  3.806702     -7.135832    
  3.821564     -6.845744    
  3.821651     -7.041302    
  3.838150     -7.141451    
  3.838237     -7.134602    
  3.842793     -7.139823    
  3.842880     -7.139656    
  3.865757     -7.218153    
  3.865844     -7.228716    
  3.866035     -7.229415    
  3.866122     -7.229746    
  3.871179     -7.248037    
  3.871266     -7.247481    
  3.892235     -7.321391    
  3.892321     -7.324300    
  3.894387     -7.331712    
  3.894474     -7.331984    
  3.895132     -7.334322    
  3.895219     -7.334542    
  3.898660     -7.347175    
  3.898747     -7.347484    
  3.900415     -7.353467    
  3.900502     -7.353816    
  3.902270     -7.360162    
  3.902356     -7.360500    
  3.904208     -7.367143    
  3.904295     -7.367481    
  3.905964     -7.373500    
  3.906051     -7.373799    
  3.906858     -7.376713    
  3.906945     -7.377033    
  3.908342     -7.382054    
  3.908429     -7.382387    
  3.913068     -7.399105    
  3.913155     -7.399448    
  3.913186     -7.399558    
  3.913273     -7.399864    
  3.913769     -7.401603    
  3.913856     -7.401908    
  3.913885     -7.402009    
  3.913972     -7.402323    
  3.914081     -7.402731    
  3.914168     -7.405877    
  3.916915     -7.405613    
  3.917002     -7.409311    
  3.968835     -7.600719    
  3.968922     -7.574065    
  3.983439     -7.648405    
  3.983526     -7.648920    
  3.993238     -7.687385    
  3.993325     -7.614265    
  4.025832     -7.748167    
  4.025919     -7.802477    
  4.034774     -7.842478    
  4.034860     -7.846614    
  4.038365     -7.813357    
  4.038452     -7.811807    
  4.047778     -7.881551    
  4.047808     -7.882459    
  4.047865     -7.882691    
  4.047895     -7.902671    
  4.073362     -7.914935    
  4.073449     -7.975998    
  4.128589     -8.153223    
  4.128676     -8.168041    
  4.150175     -8.246535    
  4.150262     -8.248200    
  4.155926     -8.266449    
  4.156013     -8.257839    
  4.161727     -8.287407    
  4.161814     -8.287941    
  4.163762     -8.295514    
  4.163849     -8.295729    
  4.163959     -8.296109    
  4.164046     -8.289658    
  4.251427     -8.604035    
  4.251514     -8.608334    
  4.266067     -8.642295    
  4.266154     -8.493740    
  4.339907     -9.012818    
  4.339994     -8.851042    
  4.353233     -8.974745    
  4.353320     -8.959113    
  4.356074     -8.966169    
  4.356161     -8.959869    
  4.357582     -8.965583    
  4.357669     -8.969776    
  4.357779     -8.970741    
  4.357865     -8.977182    
  4.440368     -9.236663    
  4.440455     -9.238653    
  4.512937     -9.435157    
  4.513024     -9.500261    
  4.514610     -9.505211    
  4.514697     -9.505760    
  4.515945     -9.509992    
  4.516032     -9.510270    
  4.516141     -9.510565    
  4.516228     -9.506619    
  4.585469     -9.727000    
  4.585556     -9.702911    
  4.648489     -9.914384    
  4.648576     -9.943552    
  4.649548     -9.948286    
  4.649635     -9.948621    
  4.649838     -9.949508    
  4.649925     -9.949872    
  4.650035     -9.950316    
  4.650122     -9.911421    
  4.709765     -10.09868    
  4.709852     -10.13071    
  4.765753     -10.29721    
  4.765822     -10.32024    
  4.765844     -10.32022    
  4.765909     -10.32039    
  4.765931     -10.32054    
  4.766019     -10.32102    
  4.766106     -10.30375    
  4.818480     -10.48650    
  4.818567     -10.46422    
  4.868094     -10.59116    
  4.868127     -10.63717    
  4.868152     -10.63706    
  4.868181     -10.63698    
  4.868214     -10.63699    
  4.868239     -10.63711    
  4.868324     -10.63829    
  4.868411     -10.54893    
  4.915089     -10.81086    
  4.915176     -10.78319    
  4.959449     -10.90295    
  4.959536     -10.91431    
  4.959642     -10.91421    
  4.959667     -10.91411    
  4.959729     -10.91394    
  4.959754     -10.91389    
  4.959839     -10.91380    
  4.959925     -10.91623    
  5.002021     -10.94346    
  5.002108     -11.04160    
  5.041986     -11.15584    
  5.042072     -11.16228    
  5.042428     -11.16327    
  5.042455     -11.16330    
  5.042515     -11.16343    
  5.042541     -11.16349    
  5.042624     -11.16365    
  5.042711     -11.14431    
  5.081038     -11.26892    
  5.081125     -11.23149    
  5.117569     -11.37135    
  5.117655     -11.38454    
  5.118005     -11.38463    
  5.118030     -11.38426    
  5.118092     -11.38390    
  5.118117     -11.38372    
  5.118201     -11.38615    
  5.118288     -11.31368    
  5.153462     -11.50530    
  5.153549     -11.48121    
  5.187204     -11.58383    
  5.187290     -11.57670    
  5.187529     -11.57688    
  5.187558     -11.57703    
  5.187616     -11.57724    
  5.187645     -11.57737    
  5.187725     -11.57780    
  5.187812     -11.57268    
  5.251180     -11.73645    
  5.251266     -11.76592    
  5.251931     -11.76817    
  5.252018     -11.76798    
  5.252095     -11.76805    
  5.252182     -11.75710    
  5.311750     -11.91175    
  5.311837     -11.93674    
  5.311944     -11.93675    
  5.312021     -11.93674    
  5.312108     -11.94033    
  5.368079     -12.05927    
  5.368165     -12.08364    
  5.420737     -12.24003    
  5.420823     -12.22948    
  5.470384     -12.34553    
  5.470471     -12.36801    
  5.517346     -12.50785    
  5.517433     -12.49548    
  5.561899     -12.62775    
  5.561985     -12.63290    
  5.604277     -12.72368    
  5.604364     -12.75361    
  5.644684     -12.85555    
  5.644771     -12.85485    
  6.103027     -14.15337    
  6.321002     -14.79178    
  6.573673     -15.51880    
  6.848341     -16.30568    
  7.135565     -17.12654    
  7.429524     -17.98260    
  7.726975     -18.89345    
  8.026204     -19.91591    
  8.326331     -21.21650    
  8.626909    -100.00000    
  8.927713    -100.00000    
