 0.6989700    -100.00000    
 0.7331214    -100.00000    
 0.7647820    -100.00000    
 0.7942904    -100.00000    
 0.8219208     -53.74721    
 0.8220077     -53.45986    
 0.8256567     -53.06269    
 0.8257436    -100.00000    
 0.8647793    -100.00000    
 0.9005939    -100.00000    
 0.9336786    -100.00000    
 0.9644204    -100.00000    
 0.9931293    -100.00000    
  1.020057     -39.06176    
  1.045413     -37.96445    
  1.069370     -37.24598    
  1.092073     -36.74791    
  1.113649    -100.00000    
  1.153828     -22.03865    
  1.190604     -21.11335    
  1.224506     -21.41669    
  1.224593    -100.00000    
  1.258242     -16.19482    
  1.258328     -16.65547    
  1.281053     -15.95475    
  1.281140     -19.15566    
  1.305129    -100.00000    
  1.305216    -100.00000    
  1.326885     -24.84602    
  1.326972     -15.26002    
  1.346664     -15.47086    
  1.346750    -100.00000    
  1.351328     -19.77060    
  1.351414    -100.00000    
  1.362515     -18.56025    
  1.362602     -17.41140    
  1.390867     -18.39471    
  1.390954     -16.35344    
  1.403133     -16.15239    
  1.403220     -19.29787    
  1.416604     -18.09373    
  1.416691     -17.75234    
  1.442990     -17.97668    
  1.443077    -100.00000    
  1.465932     -15.85967    
  1.466019     -19.07351    
  1.485843     -20.26500    
  1.485929     -19.77983    
  1.499940     -20.04716    
  1.500027     -19.13310    
  1.524019     -16.90790    
  1.546755    -100.00000    
  1.546842     -21.13167    
  1.576102    -100.00000    
  1.576189    -100.00000    
  1.604747     -19.29814    
  1.604834     -16.76540    
  1.629405    -100.00000    
  1.629492     -27.06203    
  1.655461    -100.00000    
  1.679965    -100.00000    
  1.703160    -100.00000    
  1.725179     -35.25168    
  1.725266     -30.48837    
  1.731654     -29.99429    
  1.731741    -100.00000    
  1.762029    -100.00000    
  1.790341     -21.60006    
  1.790428     -20.52047    
  1.817058     -21.47673    
  1.842149    -100.00000    
  1.842236     -21.78776    
  1.843313     -22.39688    
  1.843400    -100.00000    
  1.861079     -21.87855    
  1.861166    -100.00000    
  1.861837     -21.79911    
  1.861924     -20.96364    
  1.874931     -23.00555    
  1.875018     -20.79519    
  1.914140     -21.34960    
  1.914227     -21.03001    
  1.921566     -20.98156    
  1.921653     -23.85822    
  1.926897     -20.96083    
  1.926984     -20.76879    
  1.953068    -100.00000    
  1.953155     -23.09001    
  1.971846     -22.32289    
  1.971933     -22.54325    
  1.992517     -21.98045    
  1.992604     -21.64092    
  1.993799     -21.19555    
  1.993886    -100.00000    
  1.994140     -22.11085    
  1.994226     -22.24164    
  1.996545     -22.36672    
  1.996632     -22.62360    
  1.998156     -21.99029    
  1.998243     -22.35037    
  2.000011     -21.99980    
  2.000098     -21.46102    
  2.005591     -22.08392    
  2.005678     -21.70664    
  2.007909     -22.11541    
  2.007996     -21.87413    
  2.009188     -21.94196    
  2.009275    -100.00000    
  2.036803     -20.75787    
  2.036890    -100.00000    
  2.061295     -19.68680    
  2.061382     -19.89164    
  2.077530     -18.95235    
  2.077617     -19.03210    
  2.095978     -18.35428    
  2.096065     -18.31512    
  2.097299     -18.26321    
  2.097386     -18.37070    
  2.102584     -18.18520    
  2.102671     -18.70982    
  2.103399     -18.36242    
  2.103486     -18.29352    
  2.105825     -18.30303    
  2.105912     -18.24122    
  2.106091     -18.31972    
  2.106178     -18.23990    
  2.111629     -18.01208    
  2.111716     -17.89597    
  2.119223     -17.66150    
  2.119310     -17.63136    
  2.124245     -17.63217    
  2.124332     -17.51878    
  2.137459     -17.04667    
  2.137546     -16.78394    
  2.138137     -17.11613    
  2.138224     -17.65613    
  2.138688     -16.97699    
  2.138775     -17.04211    
  2.149371     -16.59559    
  2.149458     -16.54246    
  2.150309     -16.83260    
  2.150396     -16.63915    
  2.150438     -16.66144    
  2.150525     -16.55670    
  2.156847     -16.31119    
  2.156934     -15.46718    
  2.168071     -15.46075    
  2.168158     -15.95713    
  2.177603     -15.25306    
  2.177690     -14.97846    
  2.191113     -14.95369    
  2.191200     -14.33379    
  2.197200     -14.17536    
  2.197287     -14.37498    
  2.203933     -14.89431    
  2.204020    -100.00000    
  2.204170     -14.39612    
  2.204257     -14.61369    
  2.204684     -14.44206    
  2.204771     -14.31448    
  2.211353     -14.18051    
  2.217836     -14.37510    
  2.217923     -14.27508    
  2.217949     -14.33377    
  2.218036     -14.39542    
  2.218819     -14.57586    
  2.218906     -14.43464    
  2.223758     -14.56233    
  2.223844     -14.51811    
  2.230357     -14.33755    
  2.236772     -14.20385    
  2.236859     -14.28383    
  2.239623     -14.19230    
  2.239710     -14.65683    
  2.244929     -14.68250    
  2.250086     -14.37466    
  2.250173     -14.70553    
  2.253696     -15.50918    
  2.253782     -15.09824    
  2.256807    -100.00000    
  2.259811     -13.63955    
  2.262794     -14.47397    
  2.265757     -14.83560    
  2.265844     -14.71616    
  2.267022     -14.34754    
  2.267109     -14.13133    
  2.270424    -100.00000    
  2.270511     -14.88844    
  2.273172     -14.51497    
  2.275818     -13.75997    
  2.275905     -14.24502    
  2.278993     -14.51540    
  2.279080     -14.94665    
  2.281448     -14.86258    
  2.283804     -14.04999    
  2.283891     -14.93525    
  2.286548     -14.53006    
  2.286635    -100.00000    
  2.286786     -14.76616    
  2.286873    -100.00000    
  2.289321     -13.84904    
  2.291755    -100.00000    
  2.294175     -14.49891    
  2.296582     -14.29289    
  2.298976     -14.94190    
  2.301356     -14.26686    
  2.303724     -13.85679    
  2.304903    -100.00000    
  2.306078     -13.66814    
  2.306165    -100.00000    
  2.308271     -14.44322    
  2.309320     -14.04236    
  2.310367     -15.27236    
  2.311411     -14.21322    
  2.312452     -14.11561    
  2.313491    -100.00000    
  2.314528     -14.74310    
  2.314614    -100.00000    
  2.315825    -100.00000    
  2.317033     -14.20350    
  2.318237     -14.51484    
  2.319437    -100.00000    
  2.320635     -14.54546    
  2.321829    -100.00000    
  2.323020    -100.00000    
  2.324207    -100.00000    
  2.324294     -13.98454    
  2.325800    -100.00000    
  2.325887     -13.94712    
  2.326813    -100.00000    
  2.327736    -100.00000    
  2.327823    -100.00000    
  2.328856    -100.00000    
  2.329886    -100.00000    
  2.330914    -100.00000    
  2.331939    -100.00000    
  2.332026     -14.90922    
  2.333111    -100.00000    
  2.334194    -100.00000    
  2.335274    -100.00000    
  2.336352    -100.00000    
  2.336439    -100.00000    
  2.337047     -16.19958    
  2.337655    -100.00000    
  2.338262    -100.00000    
  2.338868    -100.00000    
  2.339473    -100.00000    
  2.340077    -100.00000    
  2.340680    -100.00000    
  2.341283    -100.00000    
  2.341370    -100.00000    
  2.341472    -100.00000    
  2.342517    -100.00000    
  2.342604    -100.00000    
  2.343196    -100.00000    
  2.343786    -100.00000    
  2.343873    -100.00000    
  2.344850    -100.00000    
  2.345825    -100.00000    
  2.345912     -14.48197    
  2.346656    -100.00000    
  2.347399     -13.76619    
  2.348141     -14.11692    
  2.348882    -100.00000    
  2.348969     -14.32493    
  2.349884    -100.00000    
  2.349971     -14.34966    
  2.350040     -13.54598    
  2.350127    -100.00000    
  2.350953    -100.00000    
  2.351777    -100.00000    
  2.352600    -100.00000    
  2.353421    -100.00000    
  2.353508    -100.00000    
  2.353983    -100.00000    
  2.354070     -13.61651    
  2.354840    -100.00000    
  2.355610    -100.00000    
  2.356378     -13.42827    
  2.357144    -100.00000    
  2.357197    -100.00000    
  2.357231    -100.00000    
  2.357284    -100.00000    
  2.357504    -100.00000    
  2.357582    -100.00000    
  2.357669    -100.00000    
  2.357776     -9.389882    
  2.357863     -9.590579    
  2.360104    -100.00000    
  2.360190    -100.00000    
  2.373546     -4.877404    
  2.373632     -4.518048    
  2.378097    -100.00000    
  2.378184     -4.523474    
  2.381409     -4.741144    
  2.381496     -4.675629    
  2.384668     -3.785888    
  2.384755     -4.110528    
  2.387126    -100.00000    
  2.387213     -4.421972    
  2.397727     -4.081531    
  2.397814     -3.749386    
  2.403706     -3.714229    
  2.403793     -3.758906    
  2.405816     -3.686213    
  2.405903     -3.617428    
  2.409533    -100.00000    
  2.409619     -6.244507    
  2.409967     -4.611421    
  2.410054     -4.398629    
  2.411499     -3.560652    
  2.411586     -3.549444    
  2.413098     -3.592173    
  2.413185     -3.569674    
  2.417226     -4.016269    
  2.417313     -3.753736    
  2.417446     -3.735578    
  2.417533     -3.661887    
  2.429013     -3.790067    
  2.429100     -3.619444    
  2.429782     -3.620695    
  2.429869     -3.635701    
  2.429909     -3.640025    
  2.429996     -3.623267    
  2.433515     -3.733287    
  2.433602     -3.705312    
  2.434760     -3.667466    
  2.434847     -3.752129    
  2.438744     -3.587085    
  2.438831     -3.631223    
  2.441087     -3.664704    
  2.441174     -3.641920    
  2.442885     -3.773551    
  2.442972     -4.200076    
  2.446825     -3.864994    
  2.446912     -4.319798    
  2.449374     -3.497604    
  2.449460     -3.582597    
  2.454772     -4.159149    
  2.454858     -3.592551    
  2.457103     -3.641749    
  2.457190     -3.578911    
  2.462242     -3.960410    
  2.462329     -4.216226    
  2.465051     -4.883631    
  2.465138     -4.069760    
  2.466974     -4.081892    
  2.467061     -4.320721    
  2.469909     -4.563325    
  2.469996     -4.247157    
  2.471129     -4.056558    
  2.471216     -3.904846    
  2.471255     -3.884646    
  2.471342     -3.958152    
  2.471828     -4.057645    
  2.471915     -3.738742    
  2.473553     -4.107277    
  2.473639     -4.372707    
  2.473908     -4.171451    
  2.473994     -4.053192    
  2.475654     -3.465745    
  2.475741     -3.426340    
  2.476442     -3.765113    
  2.476529     -3.678999    
  2.476977     -3.592605    
  2.477064     -3.726591    
  2.479546     -3.757096    
  2.479633     -3.654526    
  2.483967     -4.573387    
  2.484054     -3.796534    
  2.484128     -3.743777    
  2.484215     -3.685477    
  2.484517     -3.528408    
  2.484604     -3.411047    
  2.487037     -3.365741    
  2.487124     -3.837800    
  2.491399     -3.601253    
  2.491486     -3.543096    
  2.493770     -3.640538    
  2.493799     -3.920611    
  2.493857     -4.001183    
  2.493886     -4.540647    
  2.496105     -3.640589    
  2.496192     -3.491248    
  2.497233     -3.482870    
  2.497320     -3.531318    
  2.497678     -3.515607    
  2.497765     -3.491655    
  2.498024     -3.478344    
  2.498111     -3.594025    
  2.501025     -3.527051    
  2.503920     -3.589171    
  2.504007     -3.568856    
  2.504069     -3.566712    
  2.504156     -3.552706    
  2.506191     -3.579496    
  2.506278     -3.634956    
  2.507046     -3.650596    
  2.507133     -3.547803    
  2.509451     -4.361987    
  2.511756     -3.464014    
  2.511843     -3.550669    
  2.512347     -3.589142    
  2.512434     -3.601448    
  2.514176     -3.704314    
  2.514263     -3.723235    
  2.515486     -3.646319    
  2.515573     -3.654897    
  2.515719     -3.653123    
  2.515805     -3.652113    
  2.515872     -3.651371    
  2.515959     -3.645942    
  2.516706     -3.671067    
  2.516793     -3.674618    
  2.516940     -3.677406    
  2.517027     -3.678312    
  2.517941     -3.700109    
  2.518028     -3.681751    
  2.519341     -3.787364    
  2.519428     -3.811871    
  2.521714     -3.674160    
  2.523988     -3.721313    
  2.526250     -3.874028    
  2.528500     -3.439630    
  2.528587     -3.475178    
  2.532731     -3.671232    
  2.532818     -3.691023    
  2.533833     -3.731211    
  2.533920     -3.741452    
  2.537178     -3.788867    
  2.540412     -3.803237    
  2.543622     -3.794380    
  2.546808     -3.788823    
  2.546895     -3.792046    
  2.547436     -3.801593    
  2.547523     -3.807811    
  2.551127     -3.811261    
  2.554701     -3.813996    
  2.554788     -3.811845    
  2.557290     -3.827228    
  2.559779     -3.828265    
  2.562253     -3.861569    
  2.564713     -3.815803    
  2.564799     -3.824846    
  2.568369     -3.806648    
  2.568456     -3.815358    
  2.571315     -3.831482    
  2.571402     -3.830661    
  2.571490     -3.832409    
  2.571576     -3.829401    
  2.572582     -3.863144    
  2.572668     -3.874380    
  2.573820     -3.902957    
  2.573907     -3.856077    
  2.576147     -3.848173    
  2.578375     -3.853551    
  2.580592     -3.869734    
  2.582797     -3.871696    
  2.582884     -3.862915    
  2.586758     -3.961985    
  2.590598     -3.859289    
  2.590685     -3.834849    
  2.593225     -3.875378    
  2.595750     -3.933070    
  2.595837     -3.894404    
  2.598386     -3.893345    
  2.600921     -3.892852    
  2.601008     -3.893395    
  2.603333     -3.915053    
  2.603420     -3.905036    
  2.604635     -3.904834    
  2.604722     -3.907074    
  2.606239     -3.937375    
  2.606324     -3.916191    
  2.606411     -3.914271    
  2.607057     -3.922976    
  2.607144     -3.925010    
  2.607239     -3.923748    
  2.607326     -3.922038    
  2.607391     -3.921101    
  2.607478     -3.920418    
  2.607654     -3.919940    
  2.607741     -3.918945    
  2.611049     -3.921872    
  2.614332     -3.927135    
  2.614419     -3.925421    
  2.617004     -3.924478    
  2.619574     -3.948736    
  2.619659     -3.948393    
  2.619746     -3.950545    
  2.620996     -3.958721    
  2.621082     -3.951453    
  2.621962     -3.949233    
  2.622049     -3.932732    
  2.623324     -3.930836    
  2.623411     -3.934601    
  2.624766     -3.948628    
  2.624853     -3.942573    
  2.627024     -3.940662    
  2.627110     -3.932139    
  2.630435     -3.986392    
  2.630522     -3.982731    
  2.632418     -3.960864    
  2.632505     -3.964300    
  2.633585     -3.966180    
  2.633672     -3.965619    
  2.634210     -3.967538    
  2.634297     -3.967928    
  2.636422     -3.973891    
  2.638537     -3.979459    
  2.640642     -3.971792    
  2.642737     -4.009495    
  2.642824     -3.993608    
  2.645913     -4.002429    
  2.646000     -4.007762    
  2.648513     -4.006762    
  2.648600     -4.009631    
  2.650102     -4.005081    
  2.650189     -4.004900    
  2.650581     -4.005632    
  2.650668     -4.007087    
  2.653884     -4.014906    
  2.653971     -4.016254    
  2.654508     -4.027245    
  2.654595     -4.028528    
  2.655848     -4.036443    
  2.655935     -4.024288    
  2.656856     -4.035452    
  2.656943     -4.030312    
  2.658483     -4.031060    
  2.658570     -4.035106    
  2.659789     -4.033449    
  2.659876     -4.040390    
  2.661632     -4.034509    
  2.661711     -4.035762    
  2.661798     -4.035144    
  2.662214     -4.034676    
  2.662301     -4.034853    
  2.662838     -4.033906    
  2.662925     -4.033947    
  2.663187     -4.033864    
  2.663274     -4.033934    
  2.665319     -4.040461    
  2.665405     -4.049363    
  2.666840     -3.990183    
  2.668270     -3.950799    
  2.668357     -3.958688    
  2.670100     -3.993732    
  2.670187     -3.988619    
  2.670742     -3.998390    
  2.670829     -4.007525    
  2.672470     -4.042944    
  2.674106     -4.056208    
  2.674193     -4.055978    
  2.675152     -4.061458    
  2.675239     -4.061723    
  2.675371     -4.062092    
  2.675458     -4.062035    
  2.676824     -4.069064    
  2.676911     -4.070612    
  2.677751     -4.070621    
  2.677838     -4.069810    
  2.679282     -4.068897    
  2.680721     -4.073642    
  2.682155     -4.078189    
  2.683585     -4.080445    
  2.683672     -4.080389    
  2.684480     -4.081910    
  2.684566     -4.082264    
  2.685714     -4.083208    
  2.685801     -4.082830    
  2.685988     -4.082896    
  2.686075     -4.082795    
  2.686520     -4.084660    
  2.686607     -4.086603    
  2.687327     -4.087685    
  2.688046     -4.089071    
  2.688133     -4.089025    
  2.688542     -4.089762    
  2.688599     -4.090186    
  2.688629     -4.090208    
  2.688686     -4.088578    
  2.689808     -4.095018    
  2.690927     -4.096401    
  2.691014     -4.096291    
  2.691670     -4.100075    
  2.692326     -4.092621    
  2.692981     -4.081237    
  2.693635     -4.077948    
  2.693722     -4.080520    
  2.694340     -4.088798    
  2.694958     -4.091290    
  2.695575     -4.095608    
  2.696192     -4.107123    
  2.696807     -4.151733    
  2.697422     -4.112774    
  2.698035     -4.112102    
  2.698648     -4.107652    
  2.698717     -4.108413    
  2.698803     -4.108684    
  2.699142     -4.112225    
  2.699229     -4.115628    
  2.700077     -4.120828    
  2.700500     -4.122446    
  2.700923     -4.121588    
  2.701345     -4.119238    
  2.701767     -4.121204    
  2.702189     -4.122638    
  2.702610     -4.123368    
  2.702697     -4.119766    
  2.706323     -4.143010    
  2.706410     -4.128046    
  2.707308     -4.126249    
  2.707395     -4.128900    
  2.708280     -4.137544    
  2.708352     -4.137472    
  2.708438     -4.138787    
  2.709271     -4.141052    
  2.709358     -4.149574    
  2.712230     -4.184880    
  2.712317     -4.156240    
  2.715874     -4.152900    
  2.715961     -4.155413    
  2.716395     -4.156270    
  2.716481     -4.156433    
  2.716568     -4.160662    
  2.721359     -4.167224    
  2.721446     -4.164816    
  2.724957     -4.176081    
  2.725044     -4.175326    
  2.725129     -4.175670    
  2.725216     -4.177231    
  2.727523     -4.179710    
  2.727610     -4.179037    
  2.728146     -4.180432    
  2.728233     -4.181025    
  2.728368     -4.181676    
  2.728455     -4.182050    
  2.728556     -4.182502    
  2.728643     -4.182504    
  2.735898     -4.199619    
  2.735985     -4.201200    
  2.736079     -4.201502    
  2.737059     -4.204727    
  2.737146     -4.205367    
  2.738167     -4.206412    
  2.738254     -4.205683    
  2.740490     -4.210848    
  2.740577     -4.210952    
  2.742815     -4.216660    
  2.742902     -4.116452    
  2.743703     -4.862322    
  2.743790     -4.326481    
  2.753428     -4.152301    
  2.753515     -4.241786    
  2.753850     -4.243805    
  2.753937     -4.244170    
  2.754509     -4.247922    
  2.754596     -4.248799    
  2.754850     -4.250033    
  2.754937     -4.250738    
  2.756676     -4.251198    
  2.756763     -4.248184    
  2.758474     -4.252442    
  2.758561     -4.253077    
  2.759027     -4.254501    
  2.759113     -4.254798    
  2.759911     -4.256014    
  2.759997     -4.255937    
  2.763464     -4.261360    
  2.763551     -4.261999    
  2.765400     -4.266250    
  2.765487     -4.268533    
  2.765755     -4.270129    
  2.765842     -4.258727    
  2.766689     -4.311352    
  2.766776     -4.283129    
  2.768842     -4.264227    
  2.768929     -4.273368    
  2.769216     -4.274114    
  2.769303     -4.274911    
  2.772541     -4.284721    
  2.772628     -4.278904    
  2.781421     -4.309473    
  2.781508     -4.306000    
  2.783749     -4.314094    
  2.783836     -4.450119    
  2.786316     -4.671137    
  2.786403     -4.218939    
  2.789343     -4.232432    
  2.789430     -4.256434    
  2.792049     -4.329593    
  2.792136     -4.324259    
  2.795957     -4.346939    
  2.796043     -4.340470    
  2.799021     -4.365735    
  2.799107     -5.311671    
  2.799738     -5.487880    
  2.799825     -5.970611    
  2.801475     -4.343828    
  2.801562     -4.299403    
  2.816430     -4.416194    
  2.816517     -4.389896    
  2.817018     -4.390969    
  2.817105     -4.391235    
  2.818570     -4.392248    
  2.818657     -4.392174    
  2.823371     -4.412925    
  2.823458     -4.408641    
  2.826003     -4.412508    
  2.826090     -4.416698    
  2.829613     -4.416900    
  2.829700     -4.417341    
  2.832995     -4.433711    
  2.833082     -4.430515    
  2.835804     -4.442061    
  2.835890     -4.428334    
  2.836249     -4.574027    
  2.836336     -4.552067    
  2.836442     -4.506612    
  2.836529     -4.439138    
  2.841429     -4.437130    
  2.841516     -4.445104    
  2.844722     -4.454831    
  2.844809     -4.455616    
  2.845614     -4.461218    
  2.845701     -4.461482    
  2.845992     -4.462437    
  2.846079     -4.462510    
  2.846320     -4.462475    
  2.846407     -4.472277    
  2.851273     -4.470887    
  2.851359     -4.473610    
  2.851605     -4.474077    
  2.851692     -4.469089    
  2.852906     -4.501624    
  2.852993     -4.502433    
  2.853657     -4.478409    
  2.853730     -4.482864    
  2.853816     -4.520510    
  2.856721     -4.495994    
  2.856808     -4.489343    
  2.861695     -4.493220    
  2.861782     -4.493485    
  2.863190     -4.496919    
  2.863277     -4.497365    
  2.864011     -4.506634    
  2.864097     -4.507166    
  2.864172     -4.506928    
  2.864259     -4.501857    
  2.866955     -4.503769    
  2.867042     -4.503592    
  2.872704     -4.518854    
  2.872791     -4.532128    
  2.877117     -4.565810    
  2.877204     -4.524219    
  2.880603     -4.538792    
  2.880690     -4.697668    
  2.882313     -5.404225    
  2.882400     -4.878026    
  2.882670     -4.752556    
  2.882757    -100.00000    
  2.886654     -4.253818    
  2.886684     -4.266915    
  2.886741     -4.270541    
  2.886771     -4.270415    
  2.887555     -4.331522    
  2.887642     -4.405773    
  2.893704     -4.631492    
  2.893791     -4.561555    
  2.894071     -4.565418    
  2.894157     -4.565805    
  2.895095     -4.572335    
  2.895182     -4.575508    
  2.895490     -4.579999    
  2.895577     -4.576287    
  2.896767     -4.588047    
  2.896854     -4.783886    
  2.897787    -100.00000    
  2.897874     -5.389507    
  2.899209     -4.458132    
  2.899296     -4.450093    
  2.901336     -4.502228    
  2.901423     -4.511684    
  2.905548     -4.596901    
  2.905635     -4.591059    
  2.908098     -4.604516    
  2.908185     -4.603212    
  2.908477     -4.603379    
  2.908564     -4.601787    
  2.916527     -4.621827    
  2.916614     -4.618366    
  2.916785     -4.619118    
  2.916872     -4.619446    
  2.917171     -4.619872    
  2.917258     -4.616461    
  2.921759     -4.633347    
  2.921845     -4.625471    
  2.925029     -4.633020    
  2.925116     -4.634172    
  2.925683     -4.635798    
  2.925770     -4.635891    
  2.925849     -4.636022    
  2.925936     -4.636139    
  2.926028     -4.636360    
  2.927554     -4.639158    
  2.927641     -4.639525    
  2.927672     -4.639586    
  2.927759     -4.639698    
  2.927951     -4.639677    
  2.928037     -4.640422    
  2.928671     -4.640761    
  2.928758     -4.640108    
  2.929127     -4.640672    
  2.929213     -4.641079    
  2.929524     -4.641282    
  2.929611     -4.640737    
  2.929967     -4.639221    
  2.930054     -4.639143    
  2.930245     -4.639348    
  2.930332     -4.639639    
  2.930604     -4.640592    
  2.930644     -4.640689    
  2.930691     -4.640809    
  2.930731     -4.640902    
  2.930956     -4.641298    
  2.931043     -4.640642    
  2.932654     -4.648747    
  2.932741     -4.648277    
  2.933595     -4.644024    
  2.933682     -4.642485    
  2.934646     -4.643545    
  2.934733     -4.644929    
  2.934790     -4.645286    
  2.934877     -4.645812    
  2.935353     -4.649599    
  2.935439     -4.652183    
  2.936807     -4.648192    
  2.936894     -4.648823    
  2.937517     -4.647311    
  2.937604     -4.649629    
  2.942728     -4.656178    
  2.942815     -4.660404    
  2.943758     -4.666990    
  2.943845     -4.667026    
  2.943894     -4.667260    
  2.943981     -4.667701    
  2.945266     -4.674217    
  2.945353     -4.674030    
  2.946273     -4.674489    
  2.946360     -4.674441    
  2.946687     -4.675065    
  2.946746     -4.675310    
  2.946774     -4.675407    
  2.946833     -4.675530    
  2.950770     -4.675101    
  2.950857     -4.679106    
  2.951287     -4.682205    
  2.951374     -4.682850    
  2.951710     -4.685252    
  2.951797     -4.685940    
  2.952602     -4.690701    
  2.952688     -4.691430    
  2.953750     -4.695636    
  2.953837     -4.695619    
  2.953990     -4.695990    
  2.954077     -4.696183    
  2.954361     -4.696635    
  2.954448     -4.696728    
  2.955030     -4.697085    
  2.955117     -4.696853    
  2.955739     -4.697281    
  2.955826     -4.697400    
  2.956162     -4.697913    
  2.956248     -4.698120    
  2.956346     -4.698281    
  2.956433     -4.698289    
  2.957599     -4.700596    
  2.957685     -4.700761    
  2.957790     -4.701073    
  2.958490     -4.700604    
  2.958577     -4.700134    
  2.958702     -4.699823    
  2.958789     -4.699591    
  2.959196     -4.699734    
  2.959269     -4.699864    
  2.959356     -4.699997    
  2.959520     -4.700352    
  2.959575     -4.700502    
  2.959607     -4.700589    
  2.959642     -4.700690    
  2.959678     -4.700820    
  2.959729     -4.700505    
  2.959837     -4.697743    
  2.959916     -4.693693    
  2.960003     -4.686454    
  2.960694     -4.656503    
  2.960781     -4.656500    
  2.961122     -4.654294    
  2.961209     -4.593083    
  2.965318     -4.959781    
  2.965405     -4.843919    
  2.973340     -4.614922    
  2.973427     -4.698548    
  2.975729     -4.689330    
  2.975815     -4.689080    
  2.976171     -4.680724    
  2.976258     -4.710507    
  2.981363     -4.811601    
  2.981450     -4.707452    
  2.982423     -4.775648    
  2.982509     -4.706936    
  2.982872     -4.689921    
  2.982959     -4.683163    
  3.005749     -4.780219    
  3.005836     -4.791146    
  3.008346     -4.808954    
  3.008392     -4.815154    
  3.008433     -4.815581    
  3.008479     -4.780085    
  3.022969     -4.793406    
  3.023055     -4.838463    
  3.024662     -4.847831    
  3.024749     -4.854262    
  3.026972     -4.850393    
  3.027058     -4.854007    
  3.028439     -4.860820    
  3.028526     -4.932809    
  3.041713     -4.760167    
  3.041799     -4.857709    
  3.044019     -4.906100    
  3.044106     -4.902820    
  3.046417     -4.914633    
  3.046504     -4.912213    
  3.047266     -4.914499    
  3.047353     -4.935060    
  3.053134     -4.919642    
  3.053221     -4.926024    
  3.056619     -4.926985    
  3.056706     -4.926286    
  3.057754     -4.930162    
  3.057841     -4.967015    
  3.072777     -4.951127    
  3.072864     -5.006359    
  3.074515     -5.017310    
  3.074602     -4.979781    
  3.082910     -5.028388    
  3.082997     -5.057900    
  3.085748     -5.290406    
  3.085835     -4.565281    
  3.088154     -4.488132    
  3.088240     -4.575982    
  3.089212     -4.683560    
  3.089299     -4.814577    
  3.092941     -4.947423    
  3.093028     -4.898737    
  3.093244     -5.352379    
  3.093331     -6.052872    
  3.093732     -6.599947    
  3.093819    -100.00000    
  3.096179     -4.317743    
  3.096266     -4.397547    
  3.099391     -5.060246    
  3.099477     -4.944212    
  3.110593     -5.077775    
  3.110679     -4.943924    
  3.114687     -5.122671    
  3.114774     -5.096630    
  3.115819     -4.982034    
  3.115905     -4.989768    
  3.116258     -4.986939    
  3.116344     -4.967625    
  3.116978     -5.060754    
  3.117065     -5.191081    
  3.118889     -5.010492    
  3.118976     -5.012098    
  3.124616     -5.172528    
  3.124703     -5.130770    
  3.125997     -5.087950    
  3.126084     -5.100158    
  3.126554     -5.136169    
  3.126641     -5.150869    
  3.126962     -5.133950    
  3.127049     -5.115465    
  3.127687     -5.081480    
  3.127774     -5.085446    
  3.129225     -5.076536    
  3.129312     -5.104671    
  3.132800     -5.159034    
  3.132887     -5.160652    
  3.135587     -5.217362    
  3.135674     -5.085920    
  3.138745     -5.356832    
  3.138832     -5.261647    
  3.139047     -5.175140    
  3.139134     -5.076340    
  3.141109     -5.049324    
  3.141196     -5.078473    
  3.143577     -5.191812    
  3.143664     -5.184746    
  3.144101     -5.192390    
  3.144188     -5.191115    
  3.144945     -5.191879    
  3.145031     -5.235735    
  3.146758     -5.230095    
  3.146845     -5.231031    
  3.146888     -5.233573    
  3.146975     -5.225715    
  3.147795     -5.189479    
  3.147882     -5.205160    
  3.148717     -5.217813    
  3.148804     -5.250103    
  3.149747     -5.206740    
  3.149834     -5.199495    
  3.150628     -5.204120    
  3.150714     -5.209385    
  3.151276     -5.215465    
  3.151363     -5.215105    
  3.152544     -5.217168    
  3.152631     -5.219345    
  3.152935     -5.216403    
  3.153022     -5.216922    
  3.153068     -5.216845    
  3.153155     -5.216587    
  3.153381     -5.215832    
  3.153434     -5.215844    
  3.153468     -5.215846    
  3.153521     -5.214768    
  3.155016     -5.218195    
  3.155103     -5.231374    
  3.159418     -5.246738    
  3.159505     -5.241603    
  3.159758     -5.243181    
  3.159845     -5.255372    
  3.164009     -5.264013    
  3.164096     -5.251868    
  3.164633     -5.273120    
  3.164720     -5.260750    
  3.164846     -5.254749    
  3.164933     -5.251682    
  3.165979     -5.277423    
  3.166066     -5.254961    
  3.171670     -5.278885    
  3.171756     -5.212597    
  3.173578     -5.193086    
  3.173665     -5.201897    
  3.174167     -5.201080    
  3.174254     -5.212452    
  3.179466     -5.308206    
  3.179553     -5.300341    
  3.180463     -5.306601    
  3.180550     -5.308160    
  3.181675     -5.319988    
  3.181761     -5.320710    
  3.184969     -5.333833    
  3.185055     -5.332577    
  3.187464     -5.340744    
  3.187494     -5.342062    
  3.187551     -5.342099    
  3.187581     -5.341978    
  3.188338     -5.340743    
  3.188425     -5.345203    
  3.189356     -5.337740    
  3.189443     -5.962139    
  3.190962    -100.00000    
  3.191049     -6.048539    
  3.191119     -5.850814    
  3.191206     -5.604877    
  3.192224     -5.148096    
  3.192311     -5.125083    
  3.194885     -5.227191    
  3.194972     -5.245986    
  3.196916     -5.324886    
  3.197003     -5.340028    
  3.203163     -5.386076    
  3.203249     -5.378956    
  3.204661     -5.390463    
  3.204747     -5.391769    
  3.207365     -5.398225    
  3.207452     -5.395564    
  3.209135     -5.404003    
  3.209222     -5.403979    
  3.209715     -5.405807    
  3.209802    -100.00000    
  3.217531     -4.735380    
  3.217618     -4.550788    
  3.217704     -4.555569    
  3.217791     -4.558511    
  3.218329     -4.618946    
  3.218415     -4.965320    
  3.233361     -6.271295    
  3.233448     -5.447551    
  3.243111     -5.387313    
  3.243198     -5.498178    
  3.251238     -5.534607    
  3.251325     -5.531422    
  3.261641     -5.565755    
  3.261728     -5.565248    
  3.263462     -5.568711    
  3.263549     -5.570841    
  3.271269     -5.595851    
  3.271355     -5.593399    
  3.271415     -5.593171    
  3.271502     -5.588000    
  3.273253     -5.593117    
  3.273340     -5.596668    
  3.276754     -5.611659    
  3.276841     -5.613815    
  3.279706     -5.621475    
  3.279793     -5.622219    
  3.281662     -5.627550    
  3.281749     -5.628152    
  3.283538     -5.631292    
  3.283625     -5.631825    
  3.285833     -5.636511    
  3.285920     -5.638541    
  3.289028     -5.649470    
  3.289115     -5.651173    
  3.291415     -5.655951    
  3.291501     -5.655790    
  3.292656     -5.659419    
  3.292743     -5.659667    
  3.294670     -5.666198    
  3.294757     -5.667059    
  3.295898     -5.665248    
  3.295985     -5.666141    
  3.296762     -5.670893    
  3.296849     -5.671984    
  3.299441     -5.683295    
  3.299528     -5.681817    
  3.301132     -5.685305    
  3.301219     -5.686525    
  3.305074     -5.697401    
  3.305161     -5.698350    
  3.305985     -5.696866    
  3.306072     -5.695763    
  3.306887     -5.700366    
  3.306974     -5.702610    
  3.309364     -5.709890    
  3.309451     -5.709677    
  3.309833     -5.711195    
  3.309920     -5.711417    
  3.310624     -5.714586    
  3.310710     -5.715154    
  3.310978     -5.716742    
  3.311065     -5.717281    
  3.311327     -5.718429    
  3.311414     -5.718655    
  3.311825     -5.719314    
  3.311912     -5.719310    
  3.312012     -5.719228    
  3.312099     -5.724158    
  3.333122     -5.777215    
  3.333209     -5.781906    
  3.343376     -5.802704    
  3.343463     -5.811188    
  3.351164     -5.821179    
  3.351250     -5.837632    
  3.351681     -5.839809    
  3.351768     -5.827898    
  3.363548     -5.884135    
  3.363635     -5.893628    
  3.367434     -5.802390    
  3.367521     -5.877578    
  3.377612     -5.942005    
  3.377699     -5.966197    
  3.379159     -5.940032    
  3.379246     -5.824786    
  3.382086     -5.846020    
  3.382173     -5.883002    
  3.385882     -5.967850    
  3.385969     -5.956522    
  3.389771     -5.974178    
  3.389858     -5.969397    
  3.395039     -5.986542    
  3.395125     -5.976648    
  3.400648     -6.020898    
  3.400735     -6.047229    
  3.400855     -6.027583    
  3.400942     -5.942781    
  3.403535     -5.793436    
  3.403595     -5.869237    
  3.403622     -5.870849    
  3.403681     -5.874800    
  3.404126     -5.890371    
  3.404213     -5.960173    
  3.414942     -6.071225    
  3.415029     -6.048749    
  3.419275     -6.058099    
  3.419361     -6.056794    
  3.421764     -6.068784    
  3.421851     -6.064809    
  3.426245     -6.085241    
  3.426332     -6.083571    
  3.434923     -6.102966    
  3.435010     -6.075016    
  3.442825     -5.912657    
  3.442912     -6.084856    
  3.444934     -6.130922    
  3.445021     -6.130484    
  3.449934     -6.158430    
  3.450021     -6.153184    
  3.466667     -6.203774    
  3.466754     -6.205754    
  3.467592     -6.207304    
  3.467679     -6.212555    
  3.468746     -6.214839    
  3.468833     -6.209128    
  3.469843     -6.209408    
  3.469930     -6.208861    
  3.472928     -6.220671    
  3.473015     -6.230247    
  3.480890     -6.224216    
  3.480977     -6.238088    
  3.485957     -6.263129    
  3.486044     -6.263915    
  3.486320     -6.265180    
  3.486406     -6.266997    
  3.494277     -6.282913    
  3.494364     -6.286439    
  3.503878     -6.318392    
  3.503965     -6.305328    
  3.505952     -6.342763    
  3.506039     -6.386103    
  3.506892     -6.014302    
  3.506979     -5.895479    
  3.515804     -6.573555    
  3.515836     -6.347736    
  3.515891     -6.348193    
  3.515923     -6.353569    
  3.534135     -6.406770    
  3.534222     -6.404042    
  3.535311     -6.409974    
  3.535397     -6.412185    
  3.539346     -6.422470    
  3.539433     -6.468732    
  3.543849     -6.293353    
  3.543936     -6.306832    
  3.544500     -6.324963    
  3.544586     -6.327625    
  3.545154     -6.335699    
  3.545241     -6.354110    
  3.552154     -6.492811    
  3.552241     -6.465745    
  3.553235     -6.468475    
  3.553322     -6.468106    
  3.555627     -6.469260    
  3.555714     -6.471366    
  3.557696     -6.480422    
  3.557783     -6.481128    
  3.558846     -6.483317    
  3.558933     -6.482294    
  3.559110     -6.482351    
  3.559197     -6.483336    
  3.560994     -6.482552    
  3.561019     -6.483137    
  3.561080     -6.483722    
  3.561106     -6.483986    
  3.561368     -6.487111    
  3.561455     -6.488062    
  3.561702     -6.490031    
  3.561789     -6.490541    
  3.561899     -6.491109    
  3.561986     -6.485010    
  3.565681     -6.514272    
  3.565768     -6.526033    
  3.568654     -6.541699    
  3.568741     -6.531835    
  3.572245     -6.533359    
  3.572332     -6.518965    
  3.628600     -6.678917    
  3.628687     -6.692123    
  3.631423     -6.732881    
  3.631510     -6.729225    
  3.632293     -6.733917    
  3.632379     -6.734942    
  3.634321     -6.742618    
  3.634408     -6.725085    
  3.644191     -6.614102    
  3.644278     -6.761084    
  3.656741     -6.801492    
  3.656828     -6.762982    
  3.663615     -6.745371    
  3.663702     -6.775585    
  3.670110     -6.820343    
  3.670197     -7.337981    
  3.673498     -5.962285    
  3.673585     -6.284191    
  3.687730    -100.00000    
  3.687817     -6.686588    
  3.688052     -6.649238    
  3.688139     -6.637101    
  3.688708     -6.575023    
  3.688795     -6.567781    
  3.688862     -6.562121    
  3.688948     -6.518904    
  3.691459     -6.705968    
  3.691546     -6.772894    
  3.695795     -6.921000    
  3.695882     -6.918137    
  3.713236     -6.971984    
  3.713322     -6.977452    
  3.719779     -6.977294    
  3.719866     -6.974528    
  3.725984     -7.010224    
  3.726070     -7.013623    
  3.733043     -7.026050    
  3.733130     -6.882417    
  3.740126     -6.926276    
  3.740213     -7.020688    
  3.740628     -7.029671    
  3.740715     -7.045563    
  3.751777     -7.088595    
  3.751863     -7.084950    
  3.753187     -7.084915    
  3.753274     -7.083723    
  3.753882     -7.088483    
  3.753969     -7.090416    
  3.754658     -7.093921    
  3.754745     -7.093874    
  3.755217     -7.094053    
  3.755304     -7.093971    
  3.755522     -7.094136    
  3.755609     -7.094343    
  3.755717     -7.094701    
  3.755803     -7.099427    
  3.793452     -7.203273    
  3.793539     -7.206717    
  3.804079     -7.233248    
  3.804166     -7.228233    
  3.806615     -7.237816    
  3.806702     -7.765585    
  3.821564     -6.811555    
  3.821651     -7.123430    
  3.838150     -7.441016    
  3.838237     -7.341770    
  3.842793     -7.291894    
  3.842880     -7.348310    
  3.865757     -7.384911    
  3.865844     -7.433773    
  3.866035     -7.434416    
  3.866122     -7.434202    
  3.871179     -7.444811    
  3.871266     -7.432458    
  3.892235     -7.472238    
  3.892321     -7.503599    
  3.894387     -7.511697    
  3.894474     -7.513123    
  3.895132     -7.515740    
  3.895219     -7.515098    
  3.898660     -7.524180    
  3.898747     -7.520499    
  3.900415     -7.527595    
  3.900502     -7.528016    
  3.902270     -7.534691    
  3.902356     -7.531872    
  3.904208     -7.540222    
  3.904295     -7.540111    
  3.905964     -7.546246    
  3.906051     -7.546944    
  3.906858     -7.551218    
  3.906945     -7.552366    
  3.908342     -7.553926    
  3.908429     -7.553975    
  3.913068     -7.559954    
  3.913155     -7.560192    
  3.913186     -7.560246    
  3.913273     -7.560362    
  3.913769     -7.559780    
  3.913856     -7.560120    
  3.913885     -7.560233    
  3.913972     -7.560816    
  3.914081     -7.561983    
  3.914168     -7.581969    
  3.916915     -7.536339    
  3.917002     -7.547559    
  3.968835     -7.738715    
  3.968922     -7.602662    
  3.983439     -7.744598    
  3.983526     -7.756011    
  3.993238     -7.811416    
  3.993325     -7.663822    
  4.025832     -7.782871    
  4.025919     -7.897456    
  4.034774     -7.975987    
  4.034860     -7.884397    
  4.038365     -7.785433    
  4.038452     -7.740891    
  4.047778     -7.963844    
  4.047808     -7.963335    
  4.047865     -7.963919    
  4.047895     -8.067575    
  4.073362     -7.842395    
  4.073449     -8.049225    
  4.128589     -8.128519    
  4.128676     -8.193584    
  4.150175     -8.256603    
  4.150262     -8.273544    
  4.155926     -8.268937    
  4.156013     -8.233418    
  4.161727     -8.296351    
  4.161814     -8.295330    
  4.163762     -8.307118    
  4.163849     -8.307024    
  4.163959     -8.307490    
  4.164046     -8.267915    
  4.251427     -8.549213    
  4.251514     -8.562734    
  4.266067     -8.554209    
  4.266154     -8.311287    
  4.339907     -8.979967    
  4.339994     -8.642484    
  4.353233     -8.892883    
  4.353320     -8.849935    
  4.356074     -8.841954    
  4.356161     -8.839234    
  4.357582     -8.846483    
  4.357669     -8.847529    
  4.357779     -8.848399    
  4.357865     -8.861196    
  4.440368     -9.029246    
  4.440455     -9.047086    
  4.512937     -9.164025    
  4.513024     -9.292455    
  4.514610     -9.295042    
  4.514697     -9.292758    
  4.515945     -9.291119    
  4.516032     -9.291680    
  4.516141     -9.292150    
  4.516228     -9.285383    
  4.585469     -9.458678    
  4.585556     -9.407704    
  4.648489     -9.603577    
  4.648576     -9.657154    
  4.649548     -9.662781    
  4.649635     -9.661694    
  4.649838     -9.661542    
  4.649925     -9.661350    
  4.650035     -9.661177    
  4.650122     -9.596192    
  4.709765     -9.766128    
  4.709852     -9.810796    
  4.765753     -9.940541    
  4.765822     -9.991088    
  4.765844     -9.990756    
  4.765909     -9.990360    
  4.765931     -9.990445    
  4.766019     -9.990694    
  4.766106     -9.953949    
  4.818480     -10.13045    
  4.818567     -10.09018    
  4.868094     -10.19409    
  4.868127     -10.26214    
  4.868152     -10.26163    
  4.868181     -10.26110    
  4.868214     -10.26069    
  4.868239     -10.26060    
  4.868324     -10.26231    
  4.868411     -10.10359    
  4.915089     -10.46312    
  4.915176     -10.39329    
  4.959449     -10.49766    
  4.959536     -10.50755    
  4.959642     -10.50194    
  4.959667     -10.49886    
  4.959729     -10.48961    
  4.959754     -10.48498    
  4.959839     -10.46823    
  4.959925     -10.49693    
  5.002021     -10.52156    
  5.002108     -10.62708    
  5.041986     -10.73006    
  5.042072     -10.74047    
  5.042428     -10.74207    
  5.042455     -10.74227    
  5.042515     -10.74264    
  5.042541     -10.74282    
  5.042624     -10.74340    
  5.042711     -10.70918    
  5.081038     -10.83297    
  5.081125     -10.76396    
  5.117569     -10.93095    
  5.117655     -10.94462    
  5.118005     -10.94280    
  5.118030     -10.93828    
  5.118092     -10.92332    
  5.118117     -10.92702    
  5.118201     -10.79846    
  5.118288     -10.81587    
  5.153462     -11.08823    
  5.153549     -11.03129    
  5.187204     -11.12609    
  5.187290     -11.12549    
  5.187529     -11.12568    
  5.187558     -11.12553    
  5.187616     -11.12538    
  5.187645     -11.12529    
  5.187725     -11.12500    
  5.187812     -11.11393    
  5.251180     -11.25075    
  5.251266     -11.29649    
  5.251931     -11.30273    
  5.252018     -11.30263    
  5.252095     -11.30288    
  5.252182     -11.28326    
  5.311750     -11.42489    
  5.311837     -11.45968    
  5.311944     -11.45943    
  5.312021     -11.45915    
  5.312108     -11.46505    
  5.368079     -11.56134    
  5.368165     -11.60308    
  5.420737     -11.75147    
  5.420823     -11.73559    
  5.470384     -11.84431    
  5.470471     -11.87584    
  5.517346     -12.01367    
  5.517433     -11.99853    
  5.561899     -12.12682    
  5.561985     -12.13498    
  5.604277     -12.22098    
  5.604364     -12.25355    
  5.644684     -12.34965    
  5.644771     -12.35103    
  6.103027     -13.62783    
  6.321002     -14.26584    
  6.573673     -14.98973    
  6.848341     -15.78082    
  7.135565     -16.62873    
  7.429524     -17.55525    
  7.726975     -18.62627    
  8.026204     -20.02389    
  8.326331    -100.00000    
  8.626909    -100.00000    
  8.927713    -100.00000    
