 0.8219208     -45.18113    
 0.8220077     -45.21904    
 0.8256567     -45.09740    
 0.8257436    -100.00000    
 0.8647793    -100.00000    
 0.9005939    -100.00000    
 0.9336786    -100.00000    
 0.9644204    -100.00000    
 0.9931293    -100.00000    
  1.020057     -32.59654    
  1.045413     -31.22082    
  1.069370     -30.27553    
  1.092073     -29.52342    
  1.113649     -29.69529    
  1.153828    -100.00000    
  1.190604     -17.36563    
  1.224506     -17.32530    
  1.224593    -100.00000    
  1.258242     -17.17922    
  1.258328    -100.00000    
  1.281053     -16.00207    
  1.281140     -16.19012    
  1.301030    -100.00000    
  1.305129     -18.23655    
  1.305216     -19.52748    
  1.326885    -100.00000    
  1.326972     -16.28196    
  1.346664     -16.15250    
  1.346750    -100.00000    
  1.351328    -100.00000    
  1.351414     -14.83658    
  1.362515     -14.14452    
  1.362602     -14.67233    
  1.390867     -13.94338    
  1.390954     -13.03660    
  1.403133     -11.79000    
  1.403220     -11.81347    
  1.416604     -11.63155    
  1.416691     -11.65538    
  1.442990     -11.31455    
  1.443077     -11.36383    
  1.465932     -11.03475    
  1.466019     -11.06740    
  1.485843     -10.85620    
  1.485929     -10.86234    
  1.499940     -10.66454    
  1.500027     -9.900332    
  1.524019     -9.582311    
  1.546755     -9.541635    
  1.546842     -9.533113    
  1.576102     -9.527402    
  1.576189     -9.527325    
  1.604747     -9.604816    
  1.604834     -9.682901    
  1.629405     -9.694596    
  1.629492     -9.738059    
  1.655461     -9.930662    
  1.679965     -10.15584    
  1.703160     -10.38748    
  1.725179     -10.59615    
  1.725266     -10.59019    
  1.731654     -10.54306    
  1.731741     -10.55276    
  1.762029     -10.83012    
  1.790341     -10.90464    
  1.790428     -10.90954    
  1.817058     -10.92112    
  1.842149     -10.87943    
  1.842236     -10.87141    
  1.843313     -10.86417    
  1.843400     -10.87357    
  1.861079     -10.77456    
  1.861166     -10.76614    
  1.861837     -10.76054    
  1.861924     -10.76941    
  1.874931     -10.65092    
  1.875018     -10.84376    
  1.914140     -10.17410    
  1.914227     -10.06699    
  1.921566     -9.683897    
  1.921653     -9.756902    
  1.926897     -9.656827    
  1.926984     -9.674668    
  1.953068     -9.351053    
  1.953155     -9.542275    
  1.971846     -9.050025    
  1.971933     -9.072348    
  1.992517     -8.628359    
  1.992604     -8.737581    
  1.993799     -8.719203    
  1.993886     -8.713543    
  1.994140     -8.725565    
  1.994226     -8.805603    
  1.996545     -8.575809    
  1.996632     -8.566979    
  1.998156     -8.268147    
  1.998243     -8.186592    
  2.000011     -8.049117    
  2.000098     -8.086884    
  2.005591     -7.943669    
  2.005678     -7.954619    
  2.007909     -7.938076    
  2.007996     -7.918901    
  2.009188     -7.818118    
  2.009275     -7.602975    
  2.036803     -7.530234    
  2.036890     -7.359314    
  2.061295     -7.194454    
  2.061382     -7.257485    
  2.077530     -6.971287    
  2.077617     -6.831972    
  2.095978     -6.724513    
  2.096065     -6.733694    
  2.097299     -6.730291    
  2.097386     -6.712792    
  2.102584     -6.686424    
  2.102671     -6.678959    
  2.103399     -6.650542    
  2.103486     -6.659756    
  2.105825    -100.00000    
  2.105912     -7.465731    
  2.106091     -7.415127    
  2.106178     -7.139793    
  2.111629     -6.476911    
  2.111716     -6.528782    
  2.119223     -7.118706    
  2.119310     -6.742460    
  2.124245     -6.454391    
  2.124332     -6.477142    
  2.137459     -6.436838    
  2.137546     -6.520446    
  2.138137     -6.515283    
  2.138224     -6.521359    
  2.138688     -6.487216    
  2.138775     -6.345715    
  2.149371     -6.310453    
  2.149458     -6.259713    
  2.150309     -6.191505    
  2.150396     -6.204713    
  2.150438     -6.205460    
  2.150525     -6.208119    
  2.156847     -6.172312    
  2.156934     -6.144568    
  2.168071     -6.121895    
  2.168158     -6.129281    
  2.177603     -6.155767    
  2.177690     -6.507652    
  2.191113     -5.977348    
  2.191200     -6.052368    
  2.197200     -5.779333    
  2.197287     -5.877510    
  2.203933     -5.831859    
  2.204020     -5.829342    
  2.204170     -5.831419    
  2.204257     -5.833054    
  2.204684     -5.840556    
  2.204771     -5.796451    
  2.211353     -5.958550    
  2.217836     -5.658370    
  2.217923     -5.769896    
  2.217949     -5.770332    
  2.218036     -5.774861    
  2.218819     -5.816912    
  2.218906     -5.713325    
  2.223758     -5.731439    
  2.223844     -6.526495    
  2.230357     -5.773348    
  2.236772     -5.711145    
  2.236859     -5.680996    
  2.239623     -5.670780    
  2.239710     -5.682596    
  2.244929     -5.576312    
  2.250086     -5.612291    
  2.250173     -5.550687    
  2.253696     -5.526372    
  2.253782     -5.514646    
  2.256807     -5.509265    
  2.259811     -5.485646    
  2.262794     -5.500128    
  2.265757     -5.460194    
  2.265844     -5.465379    
  2.267022     -5.498441    
  2.267109     -5.725524    
  2.270424     -5.463450    
  2.270511     -5.487383    
  2.273172     -5.491301    
  2.275818     -5.322787    
  2.275905     -5.367574    
  2.278993     -5.357643    
  2.279080     -5.357589    
  2.281448     -5.343572    
  2.283804     -5.338696    
  2.283891     -5.336265    
  2.286548     -5.392128    
  2.286635     -5.430903    
  2.286786     -5.451622    
  2.286873     -5.429856    
  2.289321     -5.327020    
  2.291755     -5.258253    
  2.294175     -5.256403    
  2.296582     -5.211367    
  2.298976     -5.227831    
  2.301356     -5.236617    
  2.303724     -5.224688    
  2.304903     -5.219202    
  2.306078     -5.212847    
  2.306165     -5.202402    
  2.308271     -5.236632    
  2.309320     -5.063044    
  2.310367     -5.166589    
  2.311411     -5.185553    
  2.312452     -5.107102    
  2.313491     -5.170517    
  2.314528     -5.151974    
  2.314614     -5.129832    
  2.315825     -5.073209    
  2.317033     -5.116686    
  2.318237     -5.120194    
  2.319437     -5.088364    
  2.320635     -5.472905    
  2.321829     -5.643751    
  2.323020     -5.019607    
  2.324207     -4.954963    
  2.324294     -4.973094    
  2.325800     -5.047049    
  2.325887     -5.042333    
  2.326813     -5.054610    
  2.327736     -5.026576    
  2.327823     -5.012948    
  2.328856     -5.031253    
  2.329886     -4.972304    
  2.330914     -4.925325    
  2.331939     -4.894415    
  2.332026     -4.883261    
  2.333111     -4.902184    
  2.334194     -4.974294    
  2.335274     -4.987172    
  2.336352     -4.903880    
  2.336439     -4.895117    
  2.337047     -4.912514    
  2.337655     -4.921704    
  2.338262     -4.967580    
  2.338868     -4.999639    
  2.339473     -4.988775    
  2.340077     -4.909639    
  2.340680     -4.935905    
  2.341283     -4.955409    
  2.341370     -4.950971    
  2.341472     -4.939360    
  2.342517     -4.942436    
  2.342604     -4.955014    
  2.343196     -4.967447    
  2.343786     -4.971963    
  2.343873     -4.976281    
  2.344850     -5.007709    
  2.345825     -4.982696    
  2.345912     -4.968172    
  2.346656     -4.956726    
  2.347399     -4.966614    
  2.348141     -4.964698    
  2.348882     -4.945044    
  2.348969     -4.937678    
  2.349884     -4.936662    
  2.349971     -4.943036    
  2.350040     -4.945067    
  2.350127     -4.949279    
  2.350953     -4.948527    
  2.351777     -4.949797    
  2.352600     -4.917797    
  2.353421     -4.813411    
  2.353508     -4.818241    
  2.353983     -4.832839    
  2.354070     -4.840765    
  2.354840     -4.899827    
  2.355610     -4.899416    
  2.356378     -4.858158    
  2.357144     -4.828374    
  2.357197     -4.841356    
  2.357231     -4.843442    
  2.357284     -4.847149    
  2.357504     -4.856894    
  2.357582     -4.858061    
  2.357669     -4.857657    
  2.357776     -4.855309    
  2.357863     -5.417699    
  2.360104     -4.373803    
  2.360190     -4.747200    
  2.373546     -4.198695    
  2.373632     -3.910070    
  2.378097     -4.132286    
  2.378184     -3.780315    
  2.381409     -3.812772    
  2.381496     -4.379205    
  2.384668     -3.598190    
  2.384755     -3.527644    
  2.387126     -4.330172    
  2.387213     -3.815341    
  2.397727     -3.737807    
  2.397814     -3.559398    
  2.403706     -3.529676    
  2.403793     -3.629167    
  2.405816     -3.498811    
  2.405903     -3.462962    
  2.409533     -3.989475    
  2.409619     -4.059540    
  2.409967     -3.986086    
  2.410054     -4.097145    
  2.411499     -3.672609    
  2.411586     -3.482261    
  2.413098     -3.437540    
  2.413185     -3.466301    
  2.417226     -3.530341    
  2.417313     -3.526658    
  2.417446     -3.537364    
  2.417533     -3.500476    
  2.429013     -3.663149    
  2.429100     -3.530965    
  2.429782     -3.536388    
  2.429869     -3.538532    
  2.429909     -3.539423    
  2.429996     -3.544665    
  2.433515     -3.532005    
  2.433602     -3.525521    
  2.434760     -3.589359    
  2.434847     -3.609110    
  2.438744     -3.532311    
  2.438831     -3.557274    
  2.441087     -3.560168    
  2.441174     -3.547932    
  2.442885     -3.533735    
  2.442972     -3.536274    
  2.446825     -3.640802    
  2.446912     -3.590433    
  2.449374     -3.570727    
  2.449460     -3.593881    
  2.454772     -3.620419    
  2.454858     -3.786216    
  2.457103     -3.524846    
  2.457190     -3.601878    
  2.462242     -3.604462    
  2.462329     -3.610567    
  2.465051     -3.713542    
  2.465138     -3.739054    
  2.466974     -3.824360    
  2.467061     -3.682215    
  2.469909     -3.719974    
  2.469996     -3.854618    
  2.471129     -3.883966    
  2.471216     -3.837750    
  2.471255     -3.830382    
  2.471342     -3.811718    
  2.471828     -3.739009    
  2.471915     -3.756571    
  2.473553     -3.697657    
  2.473639     -3.702457    
  2.473908     -3.688062    
  2.473994     -3.619488    
  2.475654     -3.834950    
  2.475741     -3.912717    
  2.476442     -3.713274    
  2.476529     -3.669571    
  2.476977     -3.604675    
  2.477064     -3.594130    
  2.479546     -3.681867    
  2.479633     -3.611494    
  2.483967     -4.193573    
  2.484054     -3.758487    
  2.484128     -3.724907    
  2.484215     -3.685053    
  2.484517     -3.595275    
  2.484604     -3.532325    
  2.487037     -3.516465    
  2.487124     -3.560678    
  2.491399     -3.736563    
  2.491486     -3.752047    
  2.493770     -3.610078    
  2.493799     -3.660866    
  2.493857     -3.665277    
  2.493886     -3.666106    
  2.496105     -3.688621    
  2.496192     -3.731661    
  2.497233     -3.742805    
  2.497320     -3.712222    
  2.497678     -3.669573    
  2.497765     -3.663863    
  2.498024     -3.656709    
  2.498111     -3.642168    
  2.501025     -3.707962    
  2.503920     -3.656730    
  2.504007     -3.665020    
  2.504069     -3.664214    
  2.504156     -3.661120    
  2.506191     -3.663802    
  2.506278     -3.657703    
  2.507046     -3.654616    
  2.507133     -3.655490    
  2.509451     -3.653516    
  2.511756     -3.807664    
  2.511843     -3.720456    
  2.512347     -3.677304    
  2.512434     -3.666478    
  2.514176     -3.671269    
  2.514263     -3.676345    
  2.515486     -3.689447    
  2.515573     -3.682983    
  2.515719     -3.682862    
  2.515805     -3.684073    
  2.515872     -3.685391    
  2.515959     -3.691197    
  2.516706     -3.686346    
  2.516793     -3.680839    
  2.516940     -3.677719    
  2.517027     -3.675547    
  2.517941     -3.674651    
  2.518028     -3.675241    
  2.519341     -3.676776    
  2.519428     -3.673398    
  2.521714     -3.704073    
  2.523988     -3.685522    
  2.526250     -3.721126    
  2.528500     -3.756737    
  2.528587     -3.700954    
  2.532731     -3.712468    
  2.532818     -3.707003    
  2.533833     -3.711365    
  2.533920     -3.712854    
  2.537178     -3.712241    
  2.540412     -3.755612    
  2.543622     -3.734809    
  2.546808     -3.738898    
  2.546895     -3.740060    
  2.547436     -3.740455    
  2.547523     -3.747386    
  2.551127     -3.757456    
  2.554701     -3.760327    
  2.554788     -3.756203    
  2.557290     -3.771447    
  2.559779     -3.779479    
  2.562253     -3.781537    
  2.564713     -3.776404    
  2.564799     -3.781998    
  2.568369     -3.788302    
  2.568456     -3.791793    
  2.571315     -3.797321    
  2.571402     -3.795702    
  2.571490     -3.795828    
  2.571576     -3.791792    
  2.572582     -3.814247    
  2.572668     -3.830791    
  2.573820     -3.800969    
  2.573907     -3.800515    
  2.576147     -3.808676    
  2.578375     -3.814401    
  2.580592     -3.816807    
  2.582797     -3.823590    
  2.582884     -3.829404    
  2.586758     -3.863840    
  2.590598     -3.832657    
  2.590685     -3.845496    
  2.593225     -3.860084    
  2.595750     -3.874441    
  2.595837     -3.855222    
  2.598386     -3.860994    
  2.600921     -3.867390    
  2.601008     -3.866669    
  2.603333     -3.872635    
  2.603420     -3.873121    
  2.604635     -3.876099    
  2.604722     -3.867717    
  2.606239     -3.926516    
  2.606324     -3.911729    
  2.606411     -3.902889    
  2.607057     -3.878892    
  2.607144     -3.882328    
  2.607239     -3.882545    
  2.607326     -3.882804    
  2.607391     -3.882981    
  2.607478     -3.883168    
  2.607654     -3.883359    
  2.607741     -3.883430    
  2.611049     -3.892721    
  2.614332     -3.900381    
  2.614419     -3.899737    
  2.617004     -3.906453    
  2.619574     -3.913270    
  2.619659     -3.915023    
  2.619746     -3.916253    
  2.620996     -3.915912    
  2.621082     -3.916505    
  2.621962     -3.918710    
  2.622049     -3.918559    
  2.623324     -3.923977    
  2.623411     -3.930113    
  2.624766     -3.927921    
  2.624853     -3.929925    
  2.627024     -3.932413    
  2.627110     -3.924601    
  2.630435     -3.959119    
  2.630522     -3.990831    
  2.632418     -3.931487    
  2.632505     -3.945520    
  2.633585     -3.947759    
  2.633672     -3.948234    
  2.634210     -3.949691    
  2.634297     -3.950032    
  2.636422     -3.955419    
  2.638537     -3.962718    
  2.640642     -3.961642    
  2.642737     -4.000889    
  2.642824     -4.013614    
  2.645913     -3.967123    
  2.646000     -3.990760    
  2.648513     -3.985426    
  2.648600     -3.987294    
  2.650102     -3.990220    
  2.650189     -3.990587    
  2.650581     -3.991756    
  2.650668     -3.994357    
  2.653884     -4.001253    
  2.653971     -4.001390    
  2.654508     -4.008068    
  2.654595     -4.008932    
  2.655848     -4.045380    
  2.655935     -4.024198    
  2.656856     -4.010555    
  2.656943     -4.015805    
  2.658483     -4.011100    
  2.658570     -4.018839    
  2.659789     -4.017944    
  2.659876     -4.023824    
  2.661632     -4.021360    
  2.661711     -4.020748    
  2.661798     -4.021020    
  2.662214     -4.021772    
  2.662301     -4.021746    
  2.662838     -4.024004    
  2.662925     -4.024631    
  2.663187     -4.025599    
  2.663274     -4.024913    
  2.665319     -4.030100    
  2.665405     -4.030506    
  2.666840     -4.034610    
  2.668270     -4.038120    
  2.668357     -4.028561    
  2.670100     -4.050456    
  2.670187     -4.050915    
  2.670742     -4.047613    
  2.670829     -4.045376    
  2.672470     -4.047655    
  2.674106     -4.052347    
  2.674193     -4.052552    
  2.675152     -4.055758    
  2.675239     -4.056248    
  2.675371     -4.056669    
  2.675458     -4.056632    
  2.676824     -4.059588    
  2.676911     -4.060709    
  2.677751     -4.064789    
  2.677838     -4.063282    
  2.679282     -4.066232    
  2.680721     -4.069748    
  2.682155     -4.073730    
  2.683585     -4.077442    
  2.683672     -4.077642    
  2.684480     -4.079698    
  2.684566     -4.079911    
  2.685714     -4.082974    
  2.685801     -4.083214    
  2.685988     -4.083738    
  2.686075     -4.083990    
  2.686520     -4.085233    
  2.686607     -4.085462    
  2.687327     -4.087531    
  2.688046     -4.090490    
  2.688133     -4.090804    
  2.688542     -4.091302    
  2.688599     -4.091321    
  2.688629     -4.091350    
  2.688686     -4.091047    
  2.689808     -4.094793    
  2.690927     -4.096784    
  2.691014     -4.097104    
  2.691670     -4.098831    
  2.692326     -4.100556    
  2.692981     -4.102386    
  2.693635     -4.104325    
  2.693722     -4.104601    
  2.694340     -4.106933    
  2.694958     -4.108949    
  2.695575     -4.109661    
  2.696192     -4.109080    
  2.696807     -4.159044    
  2.697422     -4.178455    
  2.698035     -4.117322    
  2.698648     -4.117180    
  2.698717     -4.118064    
  2.698803     -4.118171    
  2.699142     -4.119257    
  2.699229     -4.120221    
  2.700077     -4.124485    
  2.700500     -4.123985    
  2.700923     -4.126141    
  2.701345     -4.126905    
  2.701767     -4.126360    
  2.702189     -4.127089    
  2.702610     -4.128250    
  2.702697     -4.128088    
  2.706323     -4.139532    
  2.706410     -4.139843    
  2.707308     -4.140941    
  2.707395     -4.141500    
  2.708280     -4.144014    
  2.708352     -4.144278    
  2.708438     -4.143312    
  2.709271     -4.153257    
  2.709358     -4.152623    
  2.712230     -4.218313    
  2.712317     -4.155873    
  2.715874     -4.164771    
  2.715961     -4.164477    
  2.716395     -4.165612    
  2.716481     -4.165848    
  2.716568     -4.168618    
  2.721359     -4.179941    
  2.721446     -4.179454    
  2.724957     -4.189132    
  2.725044     -4.189420    
  2.725129     -4.189663    
  2.725216     -4.190141    
  2.727523     -4.196001    
  2.727610     -4.196267    
  2.728146     -4.197748    
  2.728233     -4.197978    
  2.728368     -4.198351    
  2.728455     -4.198596    
  2.728556     -4.198889    
  2.728643     -4.199271    
  2.735898     -4.219281    
  2.735985     -4.219562    
  2.736079     -4.219749    
  2.737059     -4.222150    
  2.737146     -4.222440    
  2.738167     -4.225813    
  2.738254     -4.227597    
  2.740490     -4.231866    
  2.740577     -4.232344    
  2.742815     -4.238292    
  2.742902     -4.238747    
  2.743703     -4.241319    
  2.743790     -4.259346    
  2.753428     -4.267827    
  2.753515     -4.269958    
  2.753850     -4.270148    
  2.753937     -4.270215    
  2.754509     -4.271475    
  2.754596     -4.271805    
  2.754850     -4.272775    
  2.754937     -4.273898    
  2.756676     -4.279386    
  2.756763     -4.279029    
  2.758474     -4.282579    
  2.758561     -4.282439    
  2.759027     -4.284064    
  2.759113     -4.285113    
  2.759911     -4.289537    
  2.759997     -4.286616    
  2.763464     -4.296781    
  2.763551     -4.297306    
  2.765400     -4.301591    
  2.765487     -4.301421    
  2.765755     -4.302164    
  2.765842     -4.302382    
  2.766689     -4.304933    
  2.766776     -4.305133    
  2.768842     -4.312457    
  2.768929     -4.313542    
  2.769216     -4.314099    
  2.769303     -4.313648    
  2.772541     -4.320996    
  2.772628     -4.322108    
  2.781421     -4.346207    
  2.781508     -4.346479    
  2.783749     -4.353595    
  2.783836     -4.353479    
  2.786316     -4.360431    
  2.786403     -4.374174    
  2.789343     -4.367018    
  2.789430     -4.369401    
  2.792049     -4.376532    
  2.792136     -4.376921    
  2.795957     -4.387866    
  2.796043     -4.384712    
  2.799021     -4.406874    
  2.799107     -5.131040    
  2.799738     -5.235981    
  2.799825     -4.829365    
  2.801475     -4.462366    
  2.801562     -4.343369    
  2.816430     -4.474673    
  2.816517     -4.447406    
  2.817018     -4.448863    
  2.817105     -4.448931    
  2.818570     -4.453641    
  2.818657     -4.452285    
  2.823371     -4.471148    
  2.823458     -4.468931    
  2.826003     -4.475812    
  2.826090     -4.476549    
  2.829613     -4.485647    
  2.829700     -4.485213    
  2.832995     -4.496387    
  2.833082     -4.496729    
  2.835804     -4.507585    
  2.835890     -4.506968    
  2.836249     -4.506171    
  2.836336     -4.506216    
  2.836442     -4.506348    
  2.836529     -4.507349    
  2.841429     -4.521124    
  2.841516     -4.524366    
  2.844722     -4.530777    
  2.844809     -4.530265    
  2.845614     -4.534148    
  2.845701     -4.534579    
  2.845992     -4.535537    
  2.846079     -4.535737    
  2.846320     -4.536114    
  2.846407     -4.537270    
  2.851273     -4.552899    
  2.851359     -4.551349    
  2.851605     -4.551517    
  2.851692     -4.548778    
  2.852906     -4.564128    
  2.852993     -4.576669    
  2.853657     -4.577446    
  2.853730     -4.571553    
  2.853816     -4.560702    
  2.856721     -4.625382    
  2.856808     -4.571566    
  2.861695     -4.579770    
  2.861782     -4.580186    
  2.863190     -4.585244    
  2.863277     -4.584745    
  2.864011     -4.589176    
  2.864097     -4.591060    
  2.864172     -4.592084    
  2.864259     -4.592891    
  2.866955     -4.595570    
  2.867042     -4.595918    
  2.872704     -4.612356    
  2.872791     -4.592371    
  2.877117     -4.704318    
  2.877204     -4.634301    
  2.880603     -4.635490    
  2.880690     -4.641199    
  2.882313     -4.793438    
  2.882400     -4.784651    
  2.882670     -4.833114    
  2.882757     -4.712309    
  2.886654     -4.702016    
  2.886684     -4.698250    
  2.886741     -4.689333    
  2.886771     -4.674424    
  2.887555     -4.661351    
  2.887642     -4.658437    
  2.893704     -4.717491    
  2.893791     -4.696206    
  2.894071     -4.684959    
  2.894157     -4.680907    
  2.895095     -4.680940    
  2.895182     -4.682043    
  2.895490     -4.685511    
  2.895577     -4.688890    
  2.896767     -4.691577    
  2.896854     -4.700430    
  2.897787     -4.703851    
  2.897874     -4.693474    
  2.899209     -4.700292    
  2.899296     -4.717175    
  2.901336     -4.694386    
  2.901423     -4.699448    
  2.905548     -4.711376    
  2.905635     -4.712118    
  2.908098     -4.719676    
  2.908185     -4.719556    
  2.908477     -4.720320    
  2.908564     -4.719855    
  2.916527     -4.745880    
  2.916614     -4.745835    
  2.916785     -4.746096    
  2.916872     -4.746250    
  2.917171     -4.747071    
  2.917258     -4.750037    
  2.921759     -4.764074    
  2.921845     -4.763025    
  2.925029     -4.772372    
  2.925116     -4.773147    
  2.925683     -4.773087    
  2.925770     -4.773153    
  2.925849     -4.773234    
  2.925936     -4.773364    
  2.926028     -4.773397    
  2.927554     -4.779583    
  2.927641     -4.778982    
  2.927672     -4.779019    
  2.927759     -4.779136    
  2.927951     -4.779527    
  2.928037     -4.779753    
  2.928671     -4.781736    
  2.928758     -4.782021    
  2.929127     -4.783342    
  2.929213     -4.783597    
  2.929524     -4.785207    
  2.929611     -4.785940    
  2.929967     -4.789714    
  2.930054     -4.790496    
  2.930245     -4.791353    
  2.930332     -4.791273    
  2.930604     -4.790879    
  2.930644     -4.790896    
  2.930691     -4.790919    
  2.930731     -4.790895    
  2.930956     -4.791928    
  2.931043     -4.794876    
  2.932654     -4.795207    
  2.932741     -4.793774    
  2.933595     -4.802460    
  2.933682     -4.805070    
  2.934646     -4.802611    
  2.934733     -4.801766    
  2.934790     -4.801668    
  2.934877     -4.801405    
  2.935353     -4.802864    
  2.935439     -4.804163    
  2.936807     -4.810276    
  2.936894     -4.811087    
  2.937517     -4.819597    
  2.937604     -4.814987    
  2.942728     -4.826277    
  2.942815     -4.828891    
  2.943758     -4.828565    
  2.943845     -4.829491    
  2.943894     -4.829574    
  2.943981     -4.829338    
  2.945266     -4.832070    
  2.945353     -4.832650    
  2.946273     -4.836405    
  2.946360     -4.837257    
  2.946687     -4.838878    
  2.946746     -4.838929    
  2.946774     -4.838974    
  2.946833     -4.838653    
  2.950770     -4.849424    
  2.950857     -4.849537    
  2.951287     -4.850720    
  2.951374     -4.850961    
  2.951710     -4.852001    
  2.951797     -4.852291    
  2.952602     -4.855156    
  2.952688     -4.855443    
  2.953750     -4.859689    
  2.953837     -4.859605    
  2.953990     -4.860002    
  2.954077     -4.860258    
  2.954361     -4.861272    
  2.954448     -4.861658    
  2.955030     -4.863088    
  2.955117     -4.863197    
  2.955739     -4.864727    
  2.955826     -4.865040    
  2.956162     -4.866368    
  2.956248     -4.866772    
  2.956346     -4.867203    
  2.956433     -4.867786    
  2.957599     -4.870869    
  2.957685     -4.871105    
  2.957790     -4.871520    
  2.958490     -4.873550    
  2.958577     -4.873700    
  2.958702     -4.874043    
  2.958789     -4.874292    
  2.959196     -4.875873    
  2.959269     -4.876161    
  2.959356     -4.876473    
  2.959520     -4.876987    
  2.959575     -4.877138    
  2.959607     -4.877226    
  2.959642     -4.877322    
  2.959678     -4.877421    
  2.959729     -4.877558    
  2.959837     -4.877854    
  2.959916     -4.878078    
  2.960003     -4.878355    
  2.960694     -4.880265    
  2.960781     -4.880461    
  2.961122     -4.881100    
  2.961209     -4.809622    
  2.965318     -4.866674    
  2.965405     -4.924064    
  2.973340     -4.804102    
  2.973427     -4.858647    
  2.975729     -4.796182    
  2.975815     -4.779004    
  2.976171     -4.820706    
  2.976258     -4.816342    
  2.981363     -4.838873    
  2.981450     -4.783000    
  2.982423     -4.852864    
  2.982509     -4.855513    
  2.982872     -4.833326    
  2.982959     -4.828573    
  3.005749     -4.875563    
  3.005836     -4.873412    
  3.008346     -4.884689    
  3.008392     -4.884084    
  3.008433     -4.884150    
  3.008479     -4.977473    
  3.022969     -4.919251    
  3.023055     -4.938366    
  3.024662     -4.949316    
  3.024749     -4.942260    
  3.026972     -4.951259    
  3.027058     -4.952683    
  3.028439     -4.957669    
  3.028526     -4.960208    
  3.041713     -5.027100    
  3.041799     -5.030799    
  3.044019     -4.993873    
  3.044106     -5.006429    
  3.046417     -5.014863    
  3.046504     -5.015397    
  3.047266     -5.017065    
  3.047353     -5.023962    
  3.053134     -5.048001    
  3.053221     -5.047410    
  3.056619     -5.048039    
  3.056706     -5.053424    
  3.057754     -5.052980    
  3.057841     -5.071464    
  3.072777     -5.110792    
  3.072864     -5.092947    
  3.074515     -5.167834    
  3.074602     -5.119180    
  3.082910     -5.136054    
  3.082997     -5.145460    
  3.085748     -5.190250    
  3.085835     -5.212424    
  3.088154     -5.093567    
  3.088240     -5.110308    
  3.089212     -5.149037    
  3.089299     -5.153735    
  3.092941     -5.186063    
  3.093028     -5.146825    
  3.093244     -5.381558    
  3.093331     -6.998504    
  3.093732     -7.545462    
  3.093819    -100.00000    
  3.096179     -5.046549    
  3.096266     -5.018177    
  3.099391     -5.205707    
  3.099477     -5.195342    
  3.110593     -5.246498    
  3.110679     -5.243537    
  3.114687     -5.253717    
  3.114774     -5.264323    
  3.115819     -5.261405    
  3.115905     -5.257233    
  3.116258     -5.257269    
  3.116344     -5.258778    
  3.116978     -5.264232    
  3.117065     -5.261169    
  3.118889     -5.265836    
  3.118976     -5.267843    
  3.124616     -5.285996    
  3.124703     -5.285165    
  3.125997     -5.297000    
  3.126084     -5.297436    
  3.126554     -5.317793    
  3.126641     -5.325707    
  3.126962     -5.332924    
  3.127049     -5.328651    
  3.127687     -5.295966    
  3.127774     -5.296628    
  3.129225     -5.305860    
  3.129312     -5.303937    
  3.132800     -5.315478    
  3.132887     -5.314933    
  3.135587     -5.325040    
  3.135674     -5.321807    
  3.138745     -5.348438    
  3.138832     -5.390573    
  3.139047     -5.445810    
  3.139134     -5.486956    
  3.141109     -5.313560    
  3.141196     -5.343050    
  3.143577     -5.353446    
  3.143664     -5.353224    
  3.144101     -5.354676    
  3.144188     -5.354836    
  3.144945     -5.358302    
  3.145031     -5.358552    
  3.146758     -5.365548    
  3.146845     -5.369711    
  3.146888     -5.370958    
  3.146975     -5.378211    
  3.147795     -5.383857    
  3.147882     -5.374531    
  3.148717     -5.369361    
  3.148804     -5.371470    
  3.149747     -5.374686    
  3.149834     -5.375030    
  3.150628     -5.377975    
  3.150714     -5.378261    
  3.151276     -5.380192    
  3.151363     -5.380476    
  3.152544     -5.384622    
  3.152631     -5.384972    
  3.152935     -5.386094    
  3.153022     -5.386414    
  3.153068     -5.386584    
  3.153155     -5.386903    
  3.153381     -5.387731    
  3.153434     -5.387924    
  3.153468     -5.388046    
  3.153521     -5.388185    
  3.155016     -5.393549    
  3.155103     -5.393813    
  3.159418     -5.409166    
  3.159505     -5.409506    
  3.159758     -5.410372    
  3.159845     -5.410753    
  3.164009     -5.425612    
  3.164096     -5.425847    
  3.164633     -5.427836    
  3.164720     -5.428139    
  3.164846     -5.428582    
  3.164933     -5.428865    
  3.165979     -5.432501    
  3.166066     -5.432903    
  3.171670     -5.452936    
  3.171756     -5.453357    
  3.173578     -5.459792    
  3.173665     -5.460040    
  3.174167     -5.461880    
  3.174254     -5.462188    
  3.179466     -5.480819    
  3.179553     -5.481182    
  3.180463     -5.484428    
  3.180550     -5.484733    
  3.181675     -5.488794    
  3.181761     -5.489259    
  3.184969     -5.500354    
  3.185055     -5.499946    
  3.187464     -5.509176    
  3.187494     -5.509410    
  3.187551     -5.509618    
  3.187581     -5.509754    
  3.188338     -5.512214    
  3.188425     -5.512498    
  3.189356     -5.515883    
  3.189443     -5.516652    
  3.190962     -5.525333    
  3.191049     -5.524461    
  3.191119     -5.524709    
  3.191206     -5.522202    
  3.192224     -5.556178    
  3.192311     -5.549423    
  3.194885     -5.527942    
  3.194972     -5.535780    
  3.196916     -5.543935    
  3.197003     -5.543858    
  3.203163     -5.566345    
  3.203249     -5.566419    
  3.204661     -5.571404    
  3.204747     -5.571782    
  3.207365     -5.581300    
  3.207452     -5.581531    
  3.209135     -5.587615    
  3.209222     -5.587872    
  3.209715     -5.589687    
  3.209802     -5.729468    
  3.217531     -5.399204    
  3.217618     -5.290033    
  3.217704     -5.300140    
  3.217791     -5.314834    
  3.218329     -5.397435    
  3.218415     -5.552604    
  3.233361     -5.709493    
  3.233448     -5.679934    
  3.243111     -5.712331    
  3.243198     -5.711256    
  3.251238     -5.740351    
  3.251325     -5.740657    
  3.261641     -5.778434    
  3.261728     -5.778751    
  3.263462     -5.785043    
  3.263549     -5.785373    
  3.271269     -5.813637    
  3.271355     -5.813837    
  3.271415     -5.814030    
  3.271502     -5.813539    
  3.273253     -5.818400    
  3.273340     -5.821169    
  3.276754     -5.833777    
  3.276841     -5.834112    
  3.279706     -5.844565    
  3.279793     -5.844970    
  3.281662     -5.851852    
  3.281749     -5.852109    
  3.283538     -5.858693    
  3.283625     -5.859014    
  3.285833     -5.867054    
  3.285920     -5.867355    
  3.289028     -5.878963    
  3.289115     -5.879272    
  3.291415     -5.887732    
  3.291501     -5.888068    
  3.292656     -5.892327    
  3.292743     -5.892652    
  3.294670     -5.899712    
  3.294757     -5.899975    
  3.295898     -5.904337    
  3.295985     -5.904615    
  3.296762     -5.907478    
  3.296849     -5.907823    
  3.299441     -5.917283    
  3.299528     -5.917653    
  3.301132     -5.923624    
  3.301219     -5.923848    
  3.305074     -5.938251    
  3.305161     -5.938556    
  3.305985     -5.941547    
  3.306072     -5.941887    
  3.306887     -5.944768    
  3.306974     -5.945198    
  3.309364     -5.954725    
  3.309451     -5.954185    
  3.309833     -5.955537    
  3.309920     -5.955861    
  3.310624     -5.958494    
  3.310710     -5.958825    
  3.310978     -5.959852    
  3.311065     -5.960190    
  3.311327     -5.961219    
  3.311414     -5.961568    
  3.311825     -5.963153    
  3.311912     -5.963470    
  3.312012     -5.963831    
  3.312099     -5.953317    
  3.333122     -6.038285    
  3.333209     -6.033070    
  3.343376     -6.073885    
  3.343463     -6.066277    
  3.351164     -6.098797    
  3.351250     -6.091597    
  3.351681     -6.093126    
  3.351768     -6.103032    
  3.363548     -6.136091    
  3.363635     -6.158499    
  3.367434     -6.160410    
  3.367521     -6.151739    
  3.377612     -6.189719    
  3.377699     -6.188768    
  3.379159     -6.198392    
  3.379246     -6.252626    
  3.382086     -6.193843    
  3.382173     -6.205936    
  3.385882     -6.221020    
  3.385969     -6.221041    
  3.389771     -6.235277    
  3.389858     -6.235612    
  3.395039     -6.255007    
  3.395125     -6.255380    
  3.400648     -6.275959    
  3.400735     -6.276198    
  3.400855     -6.276838    
  3.400942     -6.305923    
  3.403535     -6.310449    
  3.403595     -6.283629    
  3.403622     -6.283823    
  3.403681     -6.284310    
  3.404126     -6.286458    
  3.404213     -6.288709    
  3.414942     -6.330495    
  3.415029     -6.330078    
  3.419275     -6.346043    
  3.419361     -6.346370    
  3.421764     -6.355403    
  3.421851     -6.355625    
  3.426245     -6.372572    
  3.426332     -6.372634    
  3.434923     -6.404911    
  3.435010     -6.412104    
  3.442825     -6.438457    
  3.442912     -6.434629    
  3.444934     -6.442614    
  3.445021     -6.442769    
  3.449934     -6.461548    
  3.450021     -6.461997    
  3.466667     -6.524905    
  3.466754     -6.525131    
  3.467592     -6.528249    
  3.467679     -6.528534    
  3.468746     -6.532657    
  3.468833     -6.532997    
  3.469843     -6.536824    
  3.469930     -6.537140    
  3.472928     -6.548504    
  3.473015     -6.550258    
  3.480890     -6.570883    
  3.480977     -6.578816    
  3.485957     -6.597861    
  3.486044     -6.598183    
  3.486320     -6.599235    
  3.486406     -6.599745    
  3.494277     -6.629366    
  3.494364     -6.629895    
  3.503878     -6.666041    
  3.503965     -6.667034    
  3.505952     -6.671331    
  3.506039     -6.666576    
  3.506892     -6.657726    
  3.506979     -6.661720    
  3.515804     -6.711717    
  3.515836     -6.711005    
  3.515891     -6.711218    
  3.515923     -6.711422    
  3.534135     -6.781078    
  3.534222     -6.781231    
  3.535311     -6.785084    
  3.535397     -6.785661    
  3.539346     -6.800788    
  3.539433     -6.801046    
  3.543849     -6.817740    
  3.543936     -6.817678    
  3.544500     -6.819980    
  3.544586     -6.820520    
  3.545154     -6.822710    
  3.545241     -6.822793    
  3.552154     -6.849733    
  3.552241     -6.849943    
  3.553235     -6.853750    
  3.553322     -6.854037    
  3.555627     -6.862868    
  3.555714     -6.863205    
  3.557696     -6.870786    
  3.557783     -6.871110    
  3.558846     -6.875163    
  3.558933     -6.875506    
  3.559110     -6.876189    
  3.559197     -6.876534    
  3.560994     -6.883370    
  3.561019     -6.883477    
  3.561080     -6.883712    
  3.561106     -6.883811    
  3.561368     -6.884819    
  3.561455     -6.885152    
  3.561702     -6.886097    
  3.561789     -6.886431    
  3.561899     -6.886848    
  3.561986     -6.891012    
  3.565681     -6.886340    
  3.565768     -6.885791    
  3.568654     -6.906998    
  3.568741     -6.907382    
  3.572245     -6.920316    
  3.572332     -6.923686    
  3.628600     -7.130941    
  3.628687     -7.127124    
  3.631423     -7.137876    
  3.631510     -7.138286    
  3.632293     -7.141292    
  3.632379     -7.141599    
  3.634321     -7.148973    
  3.634408     -7.154203    
  3.644191     -7.194030    
  3.644278     -7.187195    
  3.656741     -7.234110    
  3.656828     -7.246283    
  3.663615     -7.261976    
  3.663702     -7.261611    
  3.670110     -7.285123    
  3.670197     -7.392788    
  3.673498     -6.923673    
  3.673585     -7.150730    
  3.687730     -7.436738    
  3.687817     -7.349326    
  3.688052     -7.354331    
  3.688139     -7.354155    
  3.688708     -7.429242    
  3.688795     -7.435082    
  3.688862     -7.437647    
  3.688948     -7.392733    
  3.691459     -7.341704    
  3.691546     -7.365888    
  3.695795     -7.376070    
  3.695882     -7.383772    
  3.713236     -7.450651    
  3.713322     -7.450852    
  3.719779     -7.474568    
  3.719866     -7.475519    
  3.725984     -7.498982    
  3.726070     -7.499288    
  3.733043     -7.525887    
  3.733130     -7.540829    
  3.740126     -7.548873    
  3.740213     -7.552765    
  3.740628     -7.554449    
  3.740715     -7.554996    
  3.751777     -7.597463    
  3.751863     -7.597650    
  3.753187     -7.602710    
  3.753274     -7.603041    
  3.753882     -7.605356    
  3.753969     -7.605687    
  3.754658     -7.608301    
  3.754745     -7.608629    
  3.755217     -7.610436    
  3.755304     -7.610767    
  3.755522     -7.611599    
  3.755609     -7.611933    
  3.755717     -7.612343    
  3.755803     -7.611167    
  3.793452     -7.756486    
  3.793539     -7.755056    
  3.804079     -7.796619    
  3.804166     -7.794512    
  3.806615     -7.803978    
  3.806702     -7.827986    
  3.821564     -7.807422    
  3.821651     -7.854612    
  3.838150     -7.927155    
  3.838237     -7.928446    
  3.842793     -7.943612    
  3.842880     -7.941473    
  3.865757     -8.029927    
  3.865844     -8.028392    
  3.866035     -8.029106    
  3.866122     -8.029441    
  3.871179     -8.048572    
  3.871266     -8.049789    
  3.892235     -8.128864    
  3.892321     -8.128431    
  3.894387     -8.136247    
  3.894474     -8.136559    
  3.895132     -8.139046    
  3.895219     -8.139394    
  3.898660     -8.152372    
  3.898747     -8.152684    
  3.900415     -8.158989    
  3.900502     -8.159322    
  3.902270     -8.165993    
  3.902356     -8.166327    
  3.904208     -8.173293    
  3.904295     -8.173640    
  3.905964     -8.179935    
  3.906051     -8.180258    
  3.906858     -8.183314    
  3.906945     -8.183655    
  3.908342     -8.188871    
  3.908429     -8.189231    
  3.913068     -8.206724    
  3.913155     -8.207062    
  3.913186     -8.207180    
  3.913273     -8.207513    
  3.913769     -8.209368    
  3.913856     -8.209688    
  3.913885     -8.209796    
  3.913972     -8.210122    
  3.914081     -8.210533    
  3.914168     -8.210967    
  3.916915     -8.220760    
  3.917002     -8.223463    
  3.968835     -8.415837    
  3.968922     -8.416149    
  3.983439     -8.469234    
  3.983526     -8.468120    
  3.993238     -8.510706    
  3.993325     -8.476233    
  4.025832     -8.602601    
  4.025919     -8.629521    
  4.034774     -8.662564    
  4.034860     -8.662845    
  4.038365     -8.675968    
  4.038452     -8.676911    
  4.047778     -8.706084    
  4.047808     -8.706496    
  4.047865     -8.707263    
  4.047895     -8.713760    
  4.073362     -8.799368    
  4.073449     -8.807422    
  4.128589     -9.010162    
  4.128676     -9.012264    
  4.150175     -9.091251    
  4.150262     -9.091507    
  4.155926     -9.113174    
  4.156013     -9.116205    
  4.161727     -9.131761    
  4.161814     -9.134456    
  4.163762     -9.141692    
  4.163849     -9.141998    
  4.163959     -9.142408    
  4.164046     -9.146267    
  4.251427     -9.466292    
  4.251514     -9.467404    
  4.266067     -9.515077    
  4.266154     -9.447906    
  4.339907     -9.831848    
  4.339994     -9.794516    
  4.353233     -9.834428    
  4.353320     -9.837858    
  4.356074     -9.849575    
  4.356161     -9.849910    
  4.357582     -9.850586    
  4.357669     -9.853302    
  4.357779     -9.853945    
  4.357865     -9.858285    
  4.440368     -10.14882    
  4.440455     -10.15432    
  4.512937     -10.39257    
  4.513024     -10.41149    
  4.514610     -10.41722    
  4.514697     -10.41763    
  4.515945     -10.42176    
  4.516032     -10.42208    
  4.516141     -10.42249    
  4.516228     -10.42277    
  4.585469     -10.66263    
  4.585556     -10.65578    
  4.648489     -10.87625    
  4.648576     -10.88149    
  4.649548     -10.88674    
  4.649635     -10.88695    
  4.649838     -10.88782    
  4.649925     -10.88818    
  4.650035     -10.88862    
  4.650122     -10.86373    
  4.709765     -11.04486    
  4.709852     -11.08851    
  4.765753     -11.27015    
  4.765822     -11.27986    
  4.765844     -11.27992    
  4.765909     -11.28010    
  4.765931     -11.28016    
  4.766019     -11.28039    
  4.766106     -11.27178    
  4.818480     -11.45580    
  4.818567     -11.45426    
  4.868094     -11.60064    
  4.868127     -11.61548    
  4.868152     -11.61557    
  4.868181     -11.61568    
  4.868214     -11.61580    
  4.868239     -11.61589    
  4.868324     -11.61621    
  4.868411     -11.55077    
  4.915089     -11.78818    
  4.915176     -11.76845    
  4.959449     -11.90168    
  4.959536     -11.90733    
  4.959642     -11.90639    
  4.959667     -11.90657    
  4.959729     -11.90812    
  4.959754     -11.90894    
  4.959839     -11.91628    
  4.959925     -11.90758    
  5.002021     -11.99857    
  5.002108     -12.04213    
  5.041986     -12.16432    
  5.042072     -12.16792    
  5.042428     -12.16896    
  5.042455     -12.16895    
  5.042515     -12.16906    
  5.042541     -12.16910    
  5.042624     -12.16925    
  5.042711     -12.15815    
  5.081038     -12.28220    
  5.081125     -12.25040    
  5.117569     -12.38330    
  5.117655     -12.39945    
  5.118005     -12.39908    
  5.118030     -12.40054    
  5.118092     -12.42271    
  5.118117     -12.44009    
  5.118201     -12.49961    
  5.118288     -12.33667    
  5.153462     -12.52520    
  5.153549     -12.50417    
  5.187204     -12.60925    
  5.187290     -12.60695    
  5.187529     -12.60616    
  5.187558     -12.60618    
  5.187616     -12.60617    
  5.187645     -12.60618    
  5.187725     -12.60629    
  5.187812     -12.60269    
  5.251180     -12.77000    
  5.251266     -12.79808    
  5.251931     -12.79946    
  5.252018     -12.79980    
  5.252095     -12.80013    
  5.252182     -12.79297    
  5.311750     -12.95250    
  5.311837     -12.97631    
  5.311944     -12.97620    
  5.312021     -12.97612    
  5.312108     -12.97919    
  5.368079     -13.10980    
  5.368165     -13.13309    
  5.420737     -13.29319    
  5.420823     -13.28253    
  5.470384     -13.39734    
  5.470471     -13.42873    
  5.517346     -13.57185    
  5.517433     -13.56253    
  5.561899     -13.68989    
  5.561985     -13.70200    
  5.604277     -13.80160    
  5.604364     -13.82569    
  5.644684     -13.93092    
  5.644771     -13.93643    
  6.103027     -15.24341    
  6.321002     -15.84998    
  6.573673     -16.54256    
  6.848341     -17.29197    
  7.135565     -18.07405    
  7.429524     -18.87409    
  7.726975     -19.67765    
  8.026204     -20.49720    
  8.326331     -21.37246    
  8.626909     -22.33579    
  8.927713    -100.00000    
