 0.8219208     -39.86014    
 0.8220077     -39.89146    
 0.8256567     -39.79086    
 0.8257436    -100.00000    
 0.8647793    -100.00000    
 0.9005939    -100.00000    
 0.9336786    -100.00000    
 0.9644204    -100.00000    
 0.9931293     -30.47875    
  1.020057     -28.94660    
  1.045413     -27.96884    
  1.069370     -27.20186    
  1.092073     -26.57626    
  1.113649     -26.31242    
  1.153828    -100.00000    
  1.190604     -17.21829    
  1.224506     -17.17687    
  1.224593    -100.00000    
  1.258242     -17.03231    
  1.258328    -100.00000    
  1.281053     -15.85915    
  1.281140     -16.04302    
  1.301030    -100.00000    
  1.305129     -20.30011    
  1.305216    -100.00000    
  1.326885     -18.54565    
  1.326972     -16.19308    
  1.346664     -15.91891    
  1.346750     -16.25724    
  1.351328     -15.94058    
  1.351414     -12.29738    
  1.362515     -11.60936    
  1.362602     -12.32897    
  1.390867     -11.32441    
  1.390954     -11.23362    
  1.403133     -10.34070    
  1.403220     -10.34465    
  1.416604     -10.18204    
  1.416691     -10.20627    
  1.442990     -9.898714    
  1.443077     -9.906194    
  1.465932     -9.694883    
  1.466019     -9.662597    
  1.485843     -9.447960    
  1.485929     -9.454349    
  1.499940     -9.246365    
  1.500027     -8.419344    
  1.524019     -8.093106    
  1.546755     -8.037277    
  1.546842     -8.029210    
  1.576102     -7.991255    
  1.576189     -7.989861    
  1.604747     -8.022570    
  1.604834     -8.107480    
  1.629405     -8.063092    
  1.629492     -8.104337    
  1.655461     -8.243901    
  1.679965     -8.426541    
  1.703160     -8.642306    
  1.725179     -8.881461    
  1.725266     -8.881741    
  1.731654     -8.718166    
  1.731741     -8.707628    
  1.762029     -9.220704    
  1.790341     -9.603571    
  1.790428     -9.629832    
  1.817058     -9.855119    
  1.842149     -9.999117    
  1.842236     -9.997417    
  1.843313     -9.948147    
  1.843400     -9.967568    
  1.861079     -9.881506    
  1.861166     -9.872563    
  1.861837     -9.859453    
  1.861924     -9.900853    
  1.874931     -9.737634    
  1.875018     -9.973066    
  1.914140     -9.219707    
  1.914227     -9.142590    
  1.921566     -8.038840    
  1.921653     -8.196088    
  1.926897     -8.255875    
  1.926984     -8.119345    
  1.953068     -8.203866    
  1.953155     -8.741084    
  1.971846     -8.033982    
  1.971933     -7.891219    
  1.992517     -7.483207    
  1.992604     -7.885681    
  1.993799     -7.917935    
  1.993886     -7.950743    
  1.994140     -7.962270    
  1.994226     -8.183319    
  1.996545     -7.508766    
  1.996632     -7.475257    
  1.998156     -7.246662    
  1.998243     -7.166200    
  2.000011     -6.986282    
  2.000098     -7.128392    
  2.005591     -6.974384    
  2.005678     -6.980728    
  2.007909     -7.059007    
  2.007996     -6.985164    
  2.009188     -7.001121    
  2.009275     -6.376905    
  2.036803     -6.406052    
  2.036890     -6.099660    
  2.061295     -6.597412    
  2.061382     -6.325377    
  2.077530     -6.377976    
  2.077617     -6.359367    
  2.095978     -5.753552    
  2.096065     -5.744463    
  2.097299     -5.810231    
  2.097386     -5.800735    
  2.102584     -5.726694    
  2.102671     -5.702799    
  2.103399     -5.708621    
  2.103486     -5.737977    
  2.105825     -6.940771    
  2.105912     -6.232599    
  2.106091     -6.252089    
  2.106178     -6.237181    
  2.111629     -5.556302    
  2.111716     -5.563954    
  2.119223    -100.00000    
  2.119310     -5.870285    
  2.124245     -5.528487    
  2.124332     -5.597265    
  2.137459     -5.570325    
  2.137546     -5.644363    
  2.138137     -5.619270    
  2.138224     -5.652267    
  2.138688     -5.703157    
  2.138775     -5.622157    
  2.149371     -5.488317    
  2.149458     -5.515250    
  2.150309     -5.420351    
  2.150396     -5.426708    
  2.150438     -5.425773    
  2.150525     -5.418607    
  2.156847     -5.385488    
  2.156934     -5.394781    
  2.168071     -5.359285    
  2.168158     -5.300727    
  2.177603     -5.473241    
  2.177690     -5.686730    
  2.191113     -5.274730    
  2.191200     -5.412909    
  2.197200     -5.146493    
  2.197287     -5.183404    
  2.203933     -5.195926    
  2.204020     -5.148343    
  2.204170     -5.149008    
  2.204257     -5.149628    
  2.204684     -5.149672    
  2.204771     -5.130662    
  2.211353     -5.215767    
  2.217836     -5.046717    
  2.217923     -5.110585    
  2.217949     -5.110449    
  2.218036     -5.108909    
  2.218819     -5.128472    
  2.218906     -5.095643    
  2.223758     -5.074531    
  2.223844    -100.00000    
  2.230357     -5.155994    
  2.236772     -5.063527    
  2.236859     -4.957611    
  2.239623     -5.259342    
  2.239710     -5.109864    
  2.244929     -5.069008    
  2.250086     -5.126201    
  2.250173     -5.084309    
  2.253696     -4.981450    
  2.253782     -4.933498    
  2.256807     -4.986198    
  2.259811     -4.910579    
  2.262794     -4.980501    
  2.265757     -5.020228    
  2.265844     -4.993307    
  2.267022     -5.010369    
  2.267109     -5.661535    
  2.270424     -4.928396    
  2.270511     -5.272915    
  2.273172     -4.902807    
  2.275818     -4.694025    
  2.275905     -4.768580    
  2.278993     -4.840400    
  2.279080     -4.827679    
  2.281448     -4.825797    
  2.283804     -4.841428    
  2.283891     -4.915894    
  2.286548     -4.798128    
  2.286635     -4.810036    
  2.286786     -4.826752    
  2.286873     -4.854805    
  2.289321     -5.149925    
  2.291755     -4.726361    
  2.294175     -4.789844    
  2.296582     -4.760862    
  2.298976     -4.706938    
  2.301356     -4.747823    
  2.303724     -4.739746    
  2.304903     -4.737157    
  2.306078     -4.733317    
  2.306165     -4.732024    
  2.308271     -4.741110    
  2.309320     -4.688180    
  2.310367     -4.705428    
  2.311411     -4.717702    
  2.312452     -4.684016    
  2.313491     -4.704724    
  2.314528     -4.698087    
  2.314614     -4.689958    
  2.315825     -4.711597    
  2.317033     -4.708385    
  2.318237     -4.653206    
  2.319437     -4.650023    
  2.320635     -4.855073    
  2.321829     -5.057879    
  2.323020     -4.596595    
  2.324207     -4.549533    
  2.324294     -4.580918    
  2.325800     -4.609037    
  2.325887     -4.583270    
  2.326813     -4.618866    
  2.327736     -4.629254    
  2.327823     -4.631075    
  2.328856     -4.609160    
  2.329886     -4.609449    
  2.330914     -4.588921    
  2.331939     -4.568162    
  2.332026     -4.566883    
  2.333111     -4.570072    
  2.334194     -4.582012    
  2.335274     -4.586694    
  2.336352     -4.563865    
  2.336439     -4.552285    
  2.337047     -4.554348    
  2.337655     -4.573357    
  2.338262     -4.660975    
  2.338868     -4.674053    
  2.339473     -4.662253    
  2.340077     -4.537701    
  2.340680     -4.527151    
  2.341283     -4.555509    
  2.341370     -4.550597    
  2.341472     -4.533707    
  2.342517     -4.517210    
  2.342604     -4.538688    
  2.343196     -4.566650    
  2.343786     -4.581925    
  2.343873     -4.590208    
  2.344850     -4.554295    
  2.345825     -4.565036    
  2.345912     -4.566373    
  2.346656     -4.577762    
  2.347399     -4.570467    
  2.348141     -4.560848    
  2.348882     -4.556590    
  2.348969     -4.552528    
  2.349884     -4.558628    
  2.349971     -4.562077    
  2.350040     -4.563251    
  2.350127     -4.556936    
  2.350953     -4.596260    
  2.351777     -4.651032    
  2.352600     -4.591407    
  2.353421     -4.439315    
  2.353508     -4.444441    
  2.353983     -4.464641    
  2.354070     -4.460673    
  2.354840     -4.559827    
  2.355610     -4.595645    
  2.356378     -4.545879    
  2.357144     -4.450043    
  2.357197     -4.467145    
  2.357231     -4.468460    
  2.357284     -4.470913    
  2.357504     -4.478617    
  2.357582     -4.479790    
  2.357669     -4.479156    
  2.357776     -4.475626    
  2.357863     -4.819014    
  2.360104     -4.075416    
  2.360190     -4.450307    
  2.373546     -3.996706    
  2.373632     -3.763633    
  2.378097     -3.997759    
  2.378184     -3.607574    
  2.381409     -3.663713    
  2.381496     -3.974553    
  2.384668     -3.574262    
  2.384755     -3.475892    
  2.387126     -4.010842    
  2.387213     -3.733203    
  2.397727     -3.604073    
  2.397814     -3.515122    
  2.403706     -3.501996    
  2.403793     -3.540223    
  2.405816     -3.470091    
  2.405903     -3.446030    
  2.409533     -3.786143    
  2.409619     -3.916500    
  2.409967     -3.895243    
  2.410054     -4.008144    
  2.411499     -3.603290    
  2.411586     -3.456410    
  2.413098     -3.419302    
  2.413185     -3.450210    
  2.417226     -3.494142    
  2.417313     -3.477857    
  2.417446     -3.478017    
  2.417533     -3.447736    
  2.429013     -3.599749    
  2.429100     -3.489374    
  2.429782     -3.490443    
  2.429869     -3.491423    
  2.429909     -3.491907    
  2.429996     -3.496514    
  2.433515     -3.500472    
  2.433602     -3.491515    
  2.434760     -3.576093    
  2.434847     -3.569374    
  2.438744     -3.519836    
  2.438831     -3.544415    
  2.441087     -3.549672    
  2.441174     -3.536261    
  2.442885     -3.507552    
  2.442972     -3.537786    
  2.446825     -3.572855    
  2.446912     -3.526280    
  2.449374     -3.558766    
  2.449460     -3.633733    
  2.454772     -3.559444    
  2.454858     -3.630474    
  2.457103     -3.525097    
  2.457190     -3.556536    
  2.462242     -3.598223    
  2.462329     -3.599774    
  2.465051     -3.583208    
  2.465138     -3.611184    
  2.466974     -3.643738    
  2.467061     -3.595477    
  2.469909     -3.597012    
  2.469996     -3.634356    
  2.471129     -3.634871    
  2.471216     -3.625936    
  2.471255     -3.624500    
  2.471342     -3.620456    
  2.471828     -3.602204    
  2.471915     -3.603389    
  2.473553     -3.605466    
  2.473639     -3.602623    
  2.473908     -3.598352    
  2.473994     -3.579408    
  2.475654     -3.638644    
  2.475741     -3.652931    
  2.476442     -3.610851    
  2.476529     -3.604258    
  2.476977     -3.596082    
  2.477064     -3.592874    
  2.479546     -3.607538    
  2.479633     -3.529872    
  2.483967     -4.157877    
  2.484054     -3.713030    
  2.484128     -3.680963    
  2.484215     -3.643554    
  2.484517     -3.558724    
  2.484604     -3.460740    
  2.487037     -3.459616    
  2.487124     -3.573025    
  2.491399     -3.639059    
  2.491486     -3.633063    
  2.493770     -3.619278    
  2.493799     -3.627730    
  2.493857     -3.628369    
  2.493886     -3.626678    
  2.496105     -3.640259    
  2.496192     -3.650628    
  2.497233     -3.679572    
  2.497320     -3.662065    
  2.497678     -3.643132    
  2.497765     -3.640240    
  2.498024     -3.636500    
  2.498111     -3.632533    
  2.501025     -3.649496    
  2.503920     -3.655914    
  2.504007     -3.650413    
  2.504069     -3.650010    
  2.504156     -3.649184    
  2.506191     -3.655240    
  2.506278     -3.652319    
  2.507046     -3.651955    
  2.507133     -3.652285    
  2.509451     -3.656547    
  2.511756     -3.681032    
  2.511843     -3.673422    
  2.512347     -3.668833    
  2.512434     -3.665964    
  2.514176     -3.677210    
  2.514263     -3.677096    
  2.515486     -3.679974    
  2.515573     -3.677031    
  2.515719     -3.676074    
  2.515805     -3.675685    
  2.515872     -3.675484    
  2.515959     -3.675409    
  2.516706     -3.675556    
  2.516793     -3.675769    
  2.516940     -3.676067    
  2.517027     -3.676193    
  2.517941     -3.677722    
  2.518028     -3.678096    
  2.519341     -3.677715    
  2.519428     -3.681420    
  2.521714     -3.699508    
  2.523988     -3.691666    
  2.526250     -3.705528    
  2.528500     -3.729543    
  2.528587     -3.703376    
  2.532731     -3.726380    
  2.532818     -3.713283    
  2.533833     -3.721437    
  2.533920     -3.723013    
  2.537178     -3.726317    
  2.540412     -3.745345    
  2.543622     -3.741101    
  2.546808     -3.745531    
  2.546895     -3.746498    
  2.547436     -3.747541    
  2.547523     -3.753503    
  2.551127     -3.758488    
  2.554701     -3.772603    
  2.554788     -3.764113    
  2.557290     -3.791214    
  2.559779     -3.783611    
  2.562253     -3.805147    
  2.564713     -3.782432    
  2.564799     -3.795929    
  2.568369     -3.800293    
  2.568456     -3.806496    
  2.571315     -3.812979    
  2.571402     -3.809265    
  2.571490     -3.809236    
  2.571576     -3.806485    
  2.572582     -3.820913    
  2.572668     -3.830439    
  2.573820     -3.815946    
  2.573907     -3.813053    
  2.576147     -3.825600    
  2.578375     -3.828676    
  2.580592     -3.831335    
  2.582797     -3.839908    
  2.582884     -3.843323    
  2.586758     -3.867193    
  2.590598     -3.851709    
  2.590685     -3.858127    
  2.593225     -3.872810    
  2.595750     -3.884644    
  2.595837     -3.872512    
  2.598386     -3.878875    
  2.600921     -3.886276    
  2.601008     -3.884930    
  2.603333     -3.891267    
  2.603420     -3.893224    
  2.604635     -3.895801    
  2.604722     -3.890122    
  2.606239     -3.927416    
  2.606324     -3.918491    
  2.606411     -3.913931    
  2.607057     -3.899933    
  2.607144     -3.901765    
  2.607239     -3.901936    
  2.607326     -3.902175    
  2.607391     -3.902359    
  2.607478     -3.902579    
  2.607654     -3.902866    
  2.607741     -3.903973    
  2.611049     -3.914841    
  2.614332     -3.922514    
  2.614419     -3.920421    
  2.617004     -3.927632    
  2.619574     -3.937064    
  2.619659     -3.942023    
  2.619746     -3.944438    
  2.620996     -3.936718    
  2.621082     -3.938113    
  2.621962     -3.941197    
  2.622049     -3.940333    
  2.623324     -3.953629    
  2.623411     -3.970093    
  2.624766     -3.947552    
  2.624853     -3.949316    
  2.627024     -3.959959    
  2.627110     -3.949411    
  2.630435     -3.979803    
  2.630522     -3.994791    
  2.632418     -3.960636    
  2.632505     -3.969427    
  2.633585     -3.971706    
  2.633672     -3.971899    
  2.634210     -3.973506    
  2.634297     -3.974058    
  2.636422     -3.979396    
  2.638537     -3.991834    
  2.640642     -3.988284    
  2.642737     -4.018788    
  2.642824     -4.025637    
  2.645913     -3.997574    
  2.646000     -4.016286    
  2.648513     -4.013781    
  2.648600     -4.013963    
  2.650102     -4.017329    
  2.650189     -4.017888    
  2.650581     -4.019361    
  2.650668     -4.021470    
  2.653884     -4.029159    
  2.653971     -4.029327    
  2.654508     -4.036440    
  2.654595     -4.038672    
  2.655848     -4.055380    
  2.655935     -4.044002    
  2.656856     -4.047157    
  2.656943     -4.050704    
  2.658483     -4.038415    
  2.658570     -4.047520    
  2.659789     -4.046904    
  2.659876     -4.053099    
  2.661632     -4.050961    
  2.661711     -4.050051    
  2.661798     -4.050275    
  2.662214     -4.050910    
  2.662301     -4.050890    
  2.662838     -4.052819    
  2.662925     -4.053260    
  2.663187     -4.054205    
  2.663274     -4.054043    
  2.665319     -4.061383    
  2.665405     -4.060426    
  2.666840     -4.064934    
  2.668270     -4.070636    
  2.668357     -4.064409    
  2.670100     -4.080579    
  2.670187     -4.082439    
  2.670742     -4.078479    
  2.670829     -4.076131    
  2.672470     -4.078451    
  2.674106     -4.083337    
  2.674193     -4.083595    
  2.675152     -4.087117    
  2.675239     -4.087566    
  2.675371     -4.087982    
  2.675458     -4.087967    
  2.676824     -4.091319    
  2.676911     -4.092770    
  2.677751     -4.096660    
  2.677838     -4.094976    
  2.679282     -4.098144    
  2.680721     -4.101871    
  2.682155     -4.106460    
  2.683585     -4.110063    
  2.683672     -4.110286    
  2.684480     -4.112435    
  2.684566     -4.112645    
  2.685714     -4.115927    
  2.685801     -4.116209    
  2.685988     -4.116755    
  2.686075     -4.117008    
  2.686520     -4.118277    
  2.686607     -4.118547    
  2.687327     -4.120767    
  2.688046     -4.123324    
  2.688133     -4.123576    
  2.688542     -4.124450    
  2.688599     -4.124536    
  2.688629     -4.124594    
  2.688686     -4.124415    
  2.689808     -4.128466    
  2.690927     -4.130616    
  2.691014     -4.130942    
  2.691670     -4.132746    
  2.692326     -4.134585    
  2.692981     -4.136750    
  2.693635     -4.138719    
  2.693722     -4.138956    
  2.694340     -4.141227    
  2.694958     -4.143427    
  2.695575     -4.144271    
  2.696192     -4.144338    
  2.696807     -4.177742    
  2.697422     -4.189165    
  2.698035     -4.152757    
  2.698648     -4.152346    
  2.698717     -4.153232    
  2.698803     -4.153381    
  2.699142     -4.155114    
  2.699229     -4.157044    
  2.700077     -4.162548    
  2.700500     -4.160232    
  2.700923     -4.160973    
  2.701345     -4.161299    
  2.701767     -4.161596    
  2.702189     -4.162515    
  2.702610     -4.163586    
  2.702697     -4.163831    
  2.706323     -4.175083    
  2.706410     -4.175521    
  2.707308     -4.177411    
  2.707395     -4.177755    
  2.708280     -4.180250    
  2.708352     -4.180538    
  2.708438     -4.180079    
  2.709271     -4.187439    
  2.709358     -4.185178    
  2.712230     -4.237956    
  2.712317     -4.192954    
  2.715874     -4.202249    
  2.715961     -4.202244    
  2.716395     -4.203437    
  2.716481     -4.203680    
  2.716568     -4.209150    
  2.721359     -4.218082    
  2.721446     -4.218105    
  2.724957     -4.228190    
  2.725044     -4.228565    
  2.725129     -4.228818    
  2.725216     -4.229168    
  2.727523     -4.235606    
  2.727610     -4.235955    
  2.728146     -4.237511    
  2.728233     -4.237753    
  2.728368     -4.238140    
  2.728455     -4.238391    
  2.728556     -4.238688    
  2.728643     -4.239031    
  2.735898     -4.259963    
  2.735985     -4.260168    
  2.736079     -4.260387    
  2.737059     -4.263304    
  2.737146     -4.263672    
  2.738167     -4.266972    
  2.738254     -4.267186    
  2.740490     -4.273393    
  2.740577     -4.273663    
  2.742815     -4.280281    
  2.742902     -4.280467    
  2.743703     -4.282690    
  2.743790     -4.284604    
  2.753428     -4.312023    
  2.753515     -4.312016    
  2.753850     -4.312920    
  2.753937     -4.313078    
  2.754509     -4.315259    
  2.754596     -4.315870    
  2.754850     -4.317227    
  2.754937     -4.317611    
  2.756676     -4.321160    
  2.756763     -4.321548    
  2.758474     -4.326341    
  2.758561     -4.326460    
  2.759027     -4.327938    
  2.759113     -4.328379    
  2.759911     -4.331123    
  2.759997     -4.330586    
  2.763464     -4.341565    
  2.763551     -4.341620    
  2.765400     -4.346630    
  2.765487     -4.346855    
  2.765755     -4.347666    
  2.765842     -4.347845    
  2.766689     -4.350867    
  2.766776     -4.351607    
  2.768842     -4.357015    
  2.768929     -4.357705    
  2.769216     -4.358512    
  2.769303     -4.358520    
  2.772541     -4.367708    
  2.772628     -4.368248    
  2.781421     -4.394126    
  2.781508     -4.394386    
  2.783749     -4.401638    
  2.783836     -4.401658    
  2.786316     -4.408720    
  2.786403     -4.409695    
  2.789343     -4.417931    
  2.789430     -4.418472    
  2.792049     -4.425851    
  2.792136     -4.426386    
  2.795957     -4.437789    
  2.796043     -4.437992    
  2.799021     -4.447622    
  2.799107     -4.492105    
  2.799738     -4.506456    
  2.799825     -4.468572    
  2.801475     -4.687031    
  2.801562     -4.456748    
  2.816430     -4.498713    
  2.816517     -4.500446    
  2.817018     -4.502038    
  2.817105     -4.502104    
  2.818570     -4.506979    
  2.818657     -4.505249    
  2.823371     -4.526275    
  2.823458     -4.523221    
  2.826003     -4.530750    
  2.826090     -4.531521    
  2.829613     -4.540038    
  2.829700     -4.539963    
  2.832995     -4.552772    
  2.833082     -4.552135    
  2.835804     -4.562312    
  2.835890     -4.561331    
  2.836249     -4.561265    
  2.836336     -4.561511    
  2.836442     -4.561842    
  2.836529     -4.563973    
  2.841429     -4.578767    
  2.841516     -4.582400    
  2.844722     -4.588201    
  2.844809     -4.587605    
  2.845614     -4.591576    
  2.845701     -4.591877    
  2.845992     -4.592965    
  2.846079     -4.593255    
  2.846320     -4.593780    
  2.846407     -4.595082    
  2.851273     -4.612113    
  2.851359     -4.609980    
  2.851605     -4.609957    
  2.851692     -4.605482    
  2.852906     -4.627070    
  2.852993     -4.646531    
  2.853657     -4.642705    
  2.853730     -4.634440    
  2.853816     -4.623095    
  2.856721     -4.668025    
  2.856808     -4.632073    
  2.861695     -4.638714    
  2.861782     -4.639884    
  2.863190     -4.644597    
  2.863277     -4.643821    
  2.864011     -4.649326    
  2.864097     -4.651880    
  2.864172     -4.653153    
  2.864259     -4.653661    
  2.866955     -4.654607    
  2.867042     -4.655864    
  2.872704     -4.673359    
  2.872791     -4.658006    
  2.877117     -4.748003    
  2.877204     -4.693257    
  2.880603     -4.697346    
  2.880690     -4.707386    
  2.882313     -4.739913    
  2.882400     -4.740151    
  2.882670     -4.786883    
  2.882757     -4.804661    
  2.886654     -4.700875    
  2.886684     -4.730285    
  2.886741     -4.729147    
  2.886771     -4.727815    
  2.887555     -4.733814    
  2.887642     -4.720463    
  2.893704     -4.764426    
  2.893791     -4.759283    
  2.894071     -4.749651    
  2.894157     -4.744822    
  2.895095     -4.743066    
  2.895182     -4.745139    
  2.895490     -4.750048    
  2.895577     -4.755056    
  2.896767     -4.756634    
  2.896854     -4.767227    
  2.897787     -4.770820    
  2.897874     -4.762228    
  2.899209     -4.756399    
  2.899296     -4.757500    
  2.901336     -4.764334    
  2.901423     -4.763607    
  2.905548     -4.776183    
  2.905635     -4.777816    
  2.908098     -4.784288    
  2.908185     -4.784909    
  2.908477     -4.785837    
  2.908564     -4.785709    
  2.916527     -4.811633    
  2.916614     -4.811929    
  2.916785     -4.812487    
  2.916872     -4.812750    
  2.917171     -4.813530    
  2.917258     -4.816118    
  2.921759     -4.829965    
  2.921845     -4.830361    
  2.925029     -4.838507    
  2.925116     -4.839075    
  2.925683     -4.840479    
  2.925770     -4.840711    
  2.925849     -4.840921    
  2.925936     -4.841160    
  2.926028     -4.841400    
  2.927554     -4.846971    
  2.927641     -4.846878    
  2.927672     -4.846957    
  2.927759     -4.847189    
  2.927951     -4.847762    
  2.928037     -4.848050    
  2.928671     -4.850014    
  2.928758     -4.850289    
  2.929127     -4.851487    
  2.929213     -4.851732    
  2.929524     -4.852872    
  2.929611     -4.853321    
  2.929967     -4.855194    
  2.930054     -4.855562    
  2.930245     -4.856125    
  2.930332     -4.856297    
  2.930604     -4.856888    
  2.930644     -4.857001    
  2.930691     -4.857132    
  2.930731     -4.857238    
  2.930956     -4.857979    
  2.931043     -4.858772    
  2.932654     -4.862974    
  2.932741     -4.862733    
  2.933595     -4.866930    
  2.933682     -4.867697    
  2.934646     -4.869784    
  2.934733     -4.869870    
  2.934790     -4.869998    
  2.934877     -4.870023    
  2.935353     -4.872374    
  2.935439     -4.875013    
  2.936807     -4.877409    
  2.936894     -4.877480    
  2.937517     -4.881497    
  2.937604     -4.881690    
  2.942728     -4.894748    
  2.942815     -4.896279    
  2.943758     -4.898548    
  2.943845     -4.898843    
  2.943894     -4.898977    
  2.943981     -4.899106    
  2.945266     -4.903003    
  2.945353     -4.903616    
  2.946273     -4.906826    
  2.946360     -4.907057    
  2.946687     -4.908024    
  2.946746     -4.908170    
  2.946774     -4.908243    
  2.946833     -4.908379    
  2.950770     -4.920716    
  2.950857     -4.920961    
  2.951287     -4.922343    
  2.951374     -4.922627    
  2.951710     -4.923732    
  2.951797     -4.924011    
  2.952602     -4.926743    
  2.952688     -4.926993    
  2.953750     -4.930614    
  2.953837     -4.930872    
  2.953990     -4.931379    
  2.954077     -4.931666    
  2.954361     -4.932557    
  2.954448     -4.932797    
  2.955030     -4.934670    
  2.955117     -4.934959    
  2.955739     -4.936856    
  2.955826     -4.937117    
  2.956162     -4.938273    
  2.956248     -4.938595    
  2.956346     -4.938942    
  2.956433     -4.939240    
  2.957599     -4.942928    
  2.957685     -4.943294    
  2.957790     -4.943649    
  2.958490     -4.945665    
  2.958577     -4.945929    
  2.958702     -4.946341    
  2.958789     -4.946644    
  2.959196     -4.948093    
  2.959269     -4.948337    
  2.959356     -4.948628    
  2.959520     -4.949160    
  2.959575     -4.949335    
  2.959607     -4.949436    
  2.959642     -4.949548    
  2.959678     -4.949664    
  2.959729     -4.949825    
  2.959837     -4.950170    
  2.959916     -4.950418    
  2.960003     -4.950675    
  2.960694     -4.952796    
  2.960781     -4.953129    
  2.961122     -4.954077    
  2.961209     -4.899066    
  2.965318     -4.945167    
  2.965405     -4.970335    
  2.973340     -4.908175    
  2.973427     -4.952622    
  2.975729     -4.898638    
  2.975815     -4.886666    
  2.976171     -4.923025    
  2.976258     -4.916924    
  2.981363     -4.936499    
  2.981450     -4.897947    
  2.982423     -4.908419    
  2.982509     -4.908829    
  2.982872     -4.908727    
  2.982959     -4.930984    
  3.005749     -4.984479    
  3.005836     -4.983086    
  3.008346     -4.992942    
  3.008392     -4.993000    
  3.008433     -4.993153    
  3.008479     -5.085341    
  3.022969     -5.020472    
  3.023055     -5.044734    
  3.024662     -5.053443    
  3.024749     -5.050310    
  3.026972     -5.059178    
  3.027058     -5.060098    
  3.028439     -5.066991    
  3.028526     -5.069506    
  3.041713     -5.129830    
  3.041799     -5.138263    
  3.044019     -5.104677    
  3.044106     -5.116619    
  3.046417     -5.124274    
  3.046504     -5.124885    
  3.047266     -5.126523    
  3.047353     -5.134166    
  3.053134     -5.156054    
  3.053221     -5.150900    
  3.056619     -5.158928    
  3.056706     -5.161120    
  3.057754     -5.163824    
  3.057841     -5.178759    
  3.072777     -5.219423    
  3.072864     -5.202828    
  3.074515     -5.275064    
  3.074602     -5.228114    
  3.082910     -5.248564    
  3.082997     -5.249188    
  3.085748     -5.318133    
  3.085835     -5.328061    
  3.088154     -5.144220    
  3.088240     -5.195428    
  3.089212     -5.252065    
  3.089299     -5.258989    
  3.092941     -5.293331    
  3.093028     -5.276573    
  3.093244     -5.338089    
  3.093331     -5.956679    
  3.093732    -100.00000    
  3.093819    -100.00000    
  3.096179     -5.167244    
  3.096266     -5.142520    
  3.099391     -5.314278    
  3.099477     -5.303604    
  3.110593     -5.355714    
  3.110679     -5.351420    
  3.114687     -5.366836    
  3.114774     -5.368957    
  3.115819     -5.372410    
  3.115905     -5.370201    
  3.116258     -5.370271    
  3.116344     -5.370705    
  3.116978     -5.374682    
  3.117065     -5.373993    
  3.118889     -5.379295    
  3.118976     -5.380303    
  3.124616     -5.400184    
  3.124703     -5.400073    
  3.125997     -5.406735    
  3.126084     -5.407069    
  3.126554     -5.429820    
  3.126641     -5.437408    
  3.126962     -5.443973    
  3.127049     -5.439564    
  3.127687     -5.411252    
  3.127774     -5.410225    
  3.129225     -5.415895    
  3.129312     -5.417275    
  3.132800     -5.429607    
  3.132887     -5.429816    
  3.135587     -5.439359    
  3.135674     -5.438165    
  3.138745     -5.454746    
  3.138832     -5.475568    
  3.139047     -5.505682    
  3.139134     -5.531222    
  3.141109     -5.442229    
  3.141196     -5.459740    
  3.143577     -5.468151    
  3.143664     -5.468305    
  3.144101     -5.469888    
  3.144188     -5.470058    
  3.144945     -5.473398    
  3.145031     -5.473704    
  3.146758     -5.479796    
  3.146845     -5.482410    
  3.146888     -5.483154    
  3.146975     -5.487050    
  3.147795     -5.490511    
  3.147882     -5.486567    
  3.148717     -5.485831    
  3.148804     -5.486831    
  3.149747     -5.490025    
  3.149834     -5.490468    
  3.150628     -5.493450    
  3.150714     -5.493768    
  3.151276     -5.495730    
  3.151363     -5.495958    
  3.152544     -5.500246    
  3.152631     -5.500626    
  3.152935     -5.501749    
  3.153022     -5.502068    
  3.153068     -5.502238    
  3.153155     -5.502559    
  3.153381     -5.503380    
  3.153434     -5.503565    
  3.153468     -5.503681    
  3.153521     -5.503711    
  3.155016     -5.508957    
  3.155103     -5.509479    
  3.159418     -5.525003    
  3.159505     -5.525291    
  3.159758     -5.526257    
  3.159845     -5.526615    
  3.164009     -5.541585    
  3.164096     -5.541824    
  3.164633     -5.543872    
  3.164720     -5.544206    
  3.164846     -5.544672    
  3.164933     -5.545006    
  3.165979     -5.548694    
  3.166066     -5.549000    
  3.171670     -5.569321    
  3.171756     -5.569655    
  3.173578     -5.576211    
  3.173665     -5.576435    
  3.174167     -5.578344    
  3.174254     -5.578610    
  3.179466     -5.597222    
  3.179553     -5.597889    
  3.180463     -5.601143    
  3.180550     -5.601409    
  3.181675     -5.605524    
  3.181761     -5.606165    
  3.184969     -5.616824    
  3.185055     -5.615030    
  3.187464     -5.625445    
  3.187494     -5.625897    
  3.187551     -5.626105    
  3.187581     -5.626280    
  3.188338     -5.628252    
  3.188425     -5.628542    
  3.189356     -5.631681    
  3.189443     -5.631712    
  3.190962     -5.641109    
  3.191049     -5.640704    
  3.191119     -5.640965    
  3.191206     -5.640284    
  3.192224     -5.655967    
  3.192311     -5.652482    
  3.194885     -5.650478    
  3.194972     -5.653731    
  3.196916     -5.660965    
  3.197003     -5.661199    
  3.203163     -5.683700    
  3.203249     -5.683941    
  3.204661     -5.689120    
  3.204747     -5.689443    
  3.207365     -5.698962    
  3.207452     -5.699285    
  3.209135     -5.705142    
  3.209222     -5.705590    
  3.209715     -5.707498    
  3.209802     -5.865383    
  3.217531     -5.492974    
  3.217618     -5.370668    
  3.217704     -5.381329    
  3.217791     -5.396982    
  3.218329     -5.491503    
  3.218415     -5.658588    
  3.233361     -5.834967    
  3.233448     -5.794567    
  3.243111     -5.829741    
  3.243198     -5.830095    
  3.251238     -5.859502    
  3.251325     -5.859753    
  3.261641     -5.898018    
  3.261728     -5.898255    
  3.263462     -5.904710    
  3.263549     -5.905036    
  3.271269     -5.933466    
  3.271355     -5.933596    
  3.271415     -5.933771    
  3.271502     -5.932869    
  3.273253     -5.937338    
  3.273340     -5.940980    
  3.276754     -5.953792    
  3.276841     -5.954133    
  3.279706     -5.964625    
  3.279793     -5.964963    
  3.281662     -5.972027    
  3.281749     -5.972187    
  3.283538     -5.978863    
  3.283625     -5.979202    
  3.285833     -5.987314    
  3.285920     -5.987691    
  3.289028     -5.999251    
  3.289115     -5.999501    
  3.291415     -6.008074    
  3.291501     -6.008398    
  3.292656     -6.012639    
  3.292743     -6.013063    
  3.294670     -6.020126    
  3.294757     -6.020413    
  3.295898     -6.024788    
  3.295985     -6.025108    
  3.296762     -6.027884    
  3.296849     -6.028218    
  3.299441     -6.037820    
  3.299528     -6.038130    
  3.301132     -6.044256    
  3.301219     -6.044435    
  3.305074     -6.058794    
  3.305161     -6.059171    
  3.305985     -6.062226    
  3.306072     -6.062530    
  3.306887     -6.065398    
  3.306974     -6.065771    
  3.309364     -6.074738    
  3.309451     -6.074883    
  3.309833     -6.076391    
  3.309920     -6.076753    
  3.310624     -6.079453    
  3.310710     -6.079756    
  3.310978     -6.080719    
  3.311065     -6.081025    
  3.311327     -6.081969    
  3.311414     -6.082286    
  3.311825     -6.083802    
  3.311912     -6.084134    
  3.312012     -6.084500    
  3.312099     -6.075666    
  3.333122     -6.160430    
  3.333209     -6.156222    
  3.343376     -6.196615    
  3.343463     -6.190098    
  3.351164     -6.222058    
  3.351250     -6.215415    
  3.351681     -6.216928    
  3.351768     -6.226558    
  3.363548     -6.260036    
  3.363635     -6.282950    
  3.367434     -6.282527    
  3.367521     -6.275855    
  3.377612     -6.313559    
  3.377699     -6.312213    
  3.379159     -6.324284    
  3.379246     -6.377625    
  3.382086     -6.315111    
  3.382173     -6.328405    
  3.385882     -6.344886    
  3.385969     -6.345124    
  3.389771     -6.359172    
  3.389858     -6.359541    
  3.395039     -6.378962    
  3.395125     -6.379251    
  3.400648     -6.399893    
  3.400735     -6.400258    
  3.400855     -6.401009    
  3.400942     -6.435248    
  3.403535     -6.426372    
  3.403595     -6.406199    
  3.403622     -6.406481    
  3.403681     -6.407205    
  3.404126     -6.409775    
  3.404213     -6.411667    
  3.414942     -6.454314    
  3.415029     -6.453868    
  3.419275     -6.469800    
  3.419361     -6.470040    
  3.421764     -6.479196    
  3.421851     -6.479439    
  3.426245     -6.496023    
  3.426332     -6.496332    
  3.434923     -6.528506    
  3.435010     -6.535448    
  3.442825     -6.556784    
  3.442912     -6.557879    
  3.444934     -6.566181    
  3.445021     -6.566342    
  3.449934     -6.585083    
  3.450021     -6.585477    
  3.466667     -6.648214    
  3.466754     -6.648532    
  3.467592     -6.651669    
  3.467679     -6.651938    
  3.468746     -6.655979    
  3.468833     -6.656365    
  3.469843     -6.660188    
  3.469930     -6.660448    
  3.472928     -6.671824    
  3.473015     -6.673707    
  3.480890     -6.693144    
  3.480977     -6.701948    
  3.485957     -6.721136    
  3.486044     -6.721392    
  3.486320     -6.722426    
  3.486406     -6.722828    
  3.494277     -6.752526    
  3.494364     -6.752928    
  3.503878     -6.788961    
  3.503965     -6.789875    
  3.505952     -6.794880    
  3.506039     -6.789825    
  3.506892     -6.780451    
  3.506979     -6.769015    
  3.515804     -6.839688    
  3.515836     -6.833867    
  3.515891     -6.834083    
  3.515923     -6.834479    
  3.534135     -6.903870    
  3.534222     -6.904115    
  3.535311     -6.908234    
  3.535397     -6.908388    
  3.539346     -6.923551    
  3.539433     -6.923898    
  3.543849     -6.940603    
  3.543936     -6.940860    
  3.544500     -6.943117    
  3.544586     -6.943541    
  3.545154     -6.945381    
  3.545241     -6.945453    
  3.552154     -6.972502    
  3.552241     -6.972640    
  3.553235     -6.976390    
  3.553322     -6.976713    
  3.555627     -6.985548    
  3.555714     -6.985856    
  3.557696     -6.993429    
  3.557783     -6.993761    
  3.558846     -6.997774    
  3.558933     -6.998076    
  3.559110     -6.998746    
  3.559197     -6.999112    
  3.560994     -7.005975    
  3.561019     -7.006072    
  3.561080     -7.006301    
  3.561106     -7.006398    
  3.561368     -7.007383    
  3.561455     -7.007709    
  3.561702     -7.008652    
  3.561789     -7.008996    
  3.561899     -7.009426    
  3.561986     -7.013131    
  3.565681     -7.010002    
  3.565768     -7.009777    
  3.568654     -7.030134    
  3.568741     -7.030251    
  3.572245     -7.043329    
  3.572332     -7.046830    
  3.628600     -7.253253    
  3.628687     -7.248689    
  3.631423     -7.259374    
  3.631510     -7.260375    
  3.632293     -7.263534    
  3.632379     -7.263723    
  3.634321     -7.271072    
  3.634408     -7.277612    
  3.644191     -7.313958    
  3.644278     -7.309060    
  3.656741     -7.355231    
  3.656828     -7.370048    
  3.663615     -7.380781    
  3.663702     -7.377596    
  3.670110     -7.405767    
  3.670197     -7.531964    
  3.673498     -7.012850    
  3.673585     -7.248109    
  3.687730     -7.575025    
  3.687817     -7.472102    
  3.688052     -7.483305    
  3.688139     -7.493860    
  3.688708     -7.570571    
  3.688795     -7.563668    
  3.688862     -7.563061    
  3.688948     -7.495160    
  3.691459     -7.459168    
  3.691546     -7.485106    
  3.695795     -7.495666    
  3.695882     -7.503781    
  3.713236     -7.570094    
  3.713322     -7.570135    
  3.719779     -7.594446    
  3.719866     -7.594872    
  3.725984     -7.618035    
  3.726070     -7.618366    
  3.733043     -7.644791    
  3.733130     -7.662437    
  3.740126     -7.663856    
  3.740213     -7.671350    
  3.740628     -7.673093    
  3.740715     -7.673655    
  3.751777     -7.715798    
  3.751863     -7.716161    
  3.753187     -7.720886    
  3.753274     -7.721175    
  3.753882     -7.723632    
  3.753969     -7.723966    
  3.754658     -7.726665    
  3.754745     -7.726992    
  3.755217     -7.728684    
  3.755304     -7.728985    
  3.755522     -7.729760    
  3.755609     -7.730076    
  3.755717     -7.730468    
  3.755803     -7.729390    
  3.793452     -7.873701    
  3.793539     -7.872153    
  3.804079     -7.913484    
  3.804166     -7.911484    
  3.806615     -7.920706    
  3.806702     -7.957185    
  3.821564     -7.898455    
  3.821651     -7.966894    
  3.838150     -8.044957    
  3.838237     -8.046232    
  3.842793     -8.058262    
  3.842880     -8.057364    
  3.865757     -8.144989    
  3.865844     -8.143537    
  3.866035     -8.144286    
  3.866122     -8.144635    
  3.871179     -8.163559    
  3.871266     -8.165095    
  3.892235     -8.242755    
  3.892321     -8.242930    
  3.894387     -8.250608    
  3.894474     -8.250965    
  3.895132     -8.253538    
  3.895219     -8.253642    
  3.898660     -8.266785    
  3.898747     -8.266686    
  3.900415     -8.273295    
  3.900502     -8.273658    
  3.902270     -8.280173    
  3.902356     -8.280383    
  3.904208     -8.287434    
  3.904295     -8.287867    
  3.905964     -8.293957    
  3.906051     -8.294105    
  3.906858     -8.297259    
  3.906945     -8.297633    
  3.908342     -8.303124    
  3.908429     -8.303210    
  3.913068     -8.320578    
  3.913155     -8.320724    
  3.913186     -8.320849    
  3.913273     -8.321211    
  3.913769     -8.323282    
  3.913856     -8.323615    
  3.913885     -8.323727    
  3.913972     -8.324066    
  3.914081     -8.324483    
  3.914168     -8.324722    
  3.916915     -8.334601    
  3.917002     -8.337026    
  3.968835     -8.527361    
  3.968922     -8.529189    
  3.983439     -8.579576    
  3.983526     -8.578382    
  3.993238     -8.622074    
  3.993325     -8.583162    
  4.025832     -8.708192    
  4.025919     -8.739141    
  4.034774     -8.771838    
  4.034860     -8.772034    
  4.038365     -8.785116    
  4.038452     -8.786734    
  4.047778     -8.811924    
  4.047808     -8.815231    
  4.047865     -8.815891    
  4.047895     -8.823366    
  4.073362     -8.904283    
  4.073449     -8.914829    
  4.128589     -9.112619    
  4.128676     -9.115294    
  4.150175     -9.192281    
  4.150262     -9.192937    
  4.155926     -9.214613    
  4.156013     -9.216439    
  4.161727     -9.230380    
  4.161814     -9.234594    
  4.163762     -9.242444    
  4.163849     -9.242619    
  4.163959     -9.242966    
  4.164046     -9.246690    
  4.251427     -9.554869    
  4.251514     -9.557506    
  4.266067     -9.601716    
  4.266154     -9.529768    
  4.339907     -9.909683    
  4.339994     -9.864448    
  4.353233     -9.909353    
  4.353320     -9.911162    
  4.356074     -9.922359    
  4.356161     -9.922359    
  4.357582     -9.922529    
  4.357669     -9.925209    
  4.357779     -9.925720    
  4.357865     -9.930155    
  4.440368     -10.20390    
  4.440455     -10.20824    
  4.512937     -10.43511    
  4.513024     -10.45019    
  4.514610     -10.45615    
  4.514697     -10.45645    
  4.515945     -10.45900    
  4.516032     -10.45933    
  4.516141     -10.45974    
  4.516228     -10.45993    
  4.585469     -10.68177    
  4.585556     -10.67738    
  4.648489     -10.87850    
  4.648576     -10.87814    
  4.649548     -10.88574    
  4.649635     -10.88738    
  4.649838     -10.88902    
  4.649925     -10.88955    
  4.650035     -10.89015    
  4.650122     -10.87472    
  4.709765     -11.04912    
  4.709852     -11.07273    
  4.765753     -11.24428    
  4.765822     -11.24743    
  4.765844     -11.24748    
  4.765909     -11.24766    
  4.765931     -11.24773    
  4.766019     -11.24800    
  4.766106     -11.24264    
  4.818480     -11.40615    
  4.818567     -11.40427    
  4.868094     -11.54190    
  4.868127     -11.55273    
  4.868152     -11.55282    
  4.868181     -11.55292    
  4.868214     -11.55302    
  4.868239     -11.55310    
  4.868324     -11.55333    
  4.868411     -11.51855    
  4.915089     -11.69907    
  4.915176     -11.69050    
  4.959449     -11.81261    
  4.959536     -11.81785    
  4.959642     -11.81682    
  4.959667     -11.81671    
  4.959729     -11.81678    
  4.959754     -11.81695    
  4.959839     -11.81700    
  4.959925     -11.81865    
  5.002021     -11.92225    
  5.002108     -11.93962    
  5.041986     -12.05140    
  5.042072     -12.05373    
  5.042428     -12.05636    
  5.042455     -12.05660    
  5.042515     -12.05695    
  5.042541     -12.05708    
  5.042624     -12.05737    
  5.042711     -12.05035    
  5.081038     -12.16105    
  5.081125     -12.14630    
  5.117569     -12.25699    
  5.117655     -12.26675    
  5.118005     -12.26626    
  5.118030     -12.26392    
  5.118092     -12.26430    
  5.118117     -12.26773    
  5.118201     -12.26802    
  5.118288     -12.24583    
  5.153462     -12.37268    
  5.153549     -12.36668    
  5.187204     -12.46361    
  5.187290     -12.46292    
  5.187529     -12.46218    
  5.187558     -12.46213    
  5.187616     -12.46202    
  5.187645     -12.46197    
  5.187725     -12.46190    
  5.187812     -12.46497    
  5.251180     -12.62582    
  5.251266     -12.63981    
  5.251931     -12.64258    
  5.252018     -12.64275    
  5.252095     -12.64303    
  5.252182     -12.64213    
  5.311750     -12.80559    
  5.311837     -12.81465    
  5.311944     -12.81513    
  5.312021     -12.81534    
  5.312108     -12.81196    
  5.368079     -12.95970    
  5.368165     -12.96757    
  5.420737     -13.11513    
  5.420823     -13.11315    
  5.470384     -13.24122    
  5.470471     -13.25030    
  5.517346     -13.38448    
  5.517433     -13.38632    
  5.561899     -13.50714    
  5.561985     -13.50934    
  5.604277     -13.62125    
  5.604364     -13.62942    
  5.644684     -13.74183    
  5.644771     -13.73730    
  6.103027     -14.99084    
  6.321002     -15.59866    
  6.573673     -16.28919    
  6.848341     -17.03659    
  7.135565     -17.81689    
  7.429524     -18.61993    
  7.726975     -19.43965    
  8.026204     -20.28379    
  8.326331     -21.17589    
  8.626909     -22.15631    
  8.927713    -100.00000    
