 0.6989700    -100.00000    
 0.7243402    -100.00000    
 0.7483098    -100.00000    
 0.7710253    -100.00000    
 0.7926116     -154.3408    
 0.8328096    -100.00000    
 0.8696002     -152.9868    
 0.9035159     -152.5662    
 0.9349739     -152.7706    
 0.9643063     -153.1559    
 0.9917824     -153.5264    
 0.9918693     -153.8495    
  1.017734    -100.00000    
  1.042145     -150.4815    
  1.042232    -100.00000    
  1.060679     -146.0759    
  1.060766    -100.00000    
  1.080039     -141.7373    
  1.080126    -100.00000    
  1.098980     -137.6960    
  1.099067    -100.00000    
  1.116489     -134.2111    
  1.116576    -100.00000    
  1.132827     -131.2552    
  1.132914    -100.00000    
  1.147337     -128.5241    
  1.147424    -100.00000    
  1.177890    -100.00000    
  1.206358    -100.00000    
  1.233074    -100.00000    
  1.258242     -111.9148    
  1.258328    -100.00000    
  1.281053     -107.3540    
  1.281140    -100.00000    
  1.305129     -103.0909    
  1.305216    -100.00000    
  1.326885     -99.00013    
  1.326972     -83.79900    
  1.346664     -83.16742    
  1.346750     -88.09888    
  1.372011    -100.00000    
  1.372098    -100.00000    
  1.395435     -86.86272    
  1.395522    -100.00000    
  1.407231     -85.04222    
  1.407318    -100.00000    
  1.434239     -81.81392    
  1.434325     -81.56753    
  1.437957     -81.01358    
  1.438044     -81.06753    
  1.438732     -81.03963    
  1.438819    -100.00000    
  1.466567     -78.27497    
  1.466654    -100.00000    
  1.485460     -76.39051    
  1.485547    -100.00000    
  1.499937     -75.14542    
  1.500023     -75.63727    
  1.502811    -100.00000    
  1.502898     -15.82765    
  1.515152     -16.11289    
  1.515239     -14.92260    
  1.521830    -100.00000    
  1.521916     -15.15147    
  1.538911    -100.00000    
  1.538998     -21.32613    
  1.541754    -100.00000    
  1.541841    -100.00000    
  1.544410     -14.10844    
  1.544497    -100.00000    
  1.546755     -14.88817    
  1.546842     -16.22748    
  1.568094    -100.00000    
  1.568181     -27.03673    
  1.576102    -100.00000    
  1.576189     -31.02370    
  1.577032     -31.08088    
  1.577119     -31.13259    
  1.586189    -100.00000    
  1.586276     -32.22958    
  1.587530     -32.47188    
  1.587617     -32.82091    
  1.602078    -100.00000    
  1.602165    -100.00000    
  1.604747     -15.20658    
  1.604834     -13.17861    
  1.633100    -100.00000    
  1.633187     -19.43011    
  1.643761    -100.00000    
  1.643848     -22.16209    
  1.646889    -100.00000    
  1.646976     -23.52635    
  1.653070     -23.32917    
  1.653157     -24.08613    
  1.667964    -100.00000    
  1.668051     -27.75259    
  1.673067    -100.00000    
  1.673154     -29.10718    
  1.673452     -29.19847    
  1.673539     -29.53685    
  1.683736    -100.00000    
  1.683823     -32.19282    
  1.689301    -100.00000    
  1.689388     -34.26952    
  1.690173     -34.61522    
  1.690260     -34.67765    
  1.691919     -35.56324    
  1.692006     -35.97593    
  1.709636    -100.00000    
  1.709723     -41.61153    
  1.714748     -41.51066    
  1.714835     -41.82969    
  1.714933     -41.97309    
  1.717233    -100.00000    
  1.717320     -42.96709    
  1.717576     -43.07990    
  1.717663     -43.13402    
  1.718527     -43.53161    
  1.718614     -43.67441    
  1.721805    -100.00000    
  1.721892     -45.12750    
  1.725295    -100.00000    
  1.725382     -46.76121    
  1.730438    -100.00000    
  1.730525     -48.85154    
  1.731758     -49.28446    
  1.731845     -49.04464    
  1.732294     -48.85031    
  1.732381     -48.69900    
  1.735217     -49.08194    
  1.735304     -49.74827    
  1.744878    -100.00000    
  1.744965     -53.74881    
  1.746841     -55.09337    
  1.746929     -54.59262    
  1.747807     -55.01624    
  1.747894     -55.32308    
  1.753972    -100.00000    
  1.754058     -57.17224    
  1.756978     -57.35231    
  1.757065     -57.88323    
  1.762907    -100.00000    
  1.762994     -60.38098    
  1.763503     -60.62351    
  1.763590     -60.75510    
  1.765957    -100.00000    
  1.766044     -62.06164    
  1.768505     -61.97234    
  1.768592     -61.91539    
  1.776113    -100.00000    
  1.776200     -64.91310    
  1.776785     -65.19855    
  1.776872     -65.45483    
  1.781285    -100.00000    
  1.781372     -67.38595    
  1.781946     -67.66867    
  1.782033     -67.92582    
  1.786409    -100.00000    
  1.786495     -70.17176    
  1.788161     -69.68569    
  1.788248     -69.52918    
  1.789372     -69.29285    
  1.789459     -69.27524    
  1.792246     -69.11841    
  1.792333     -69.03671    
  1.800765     -68.94226    
  1.800851     -68.93041    
  1.806960     -69.08571    
  1.807047     -69.07578    
  1.809708     -69.14244    
  1.809795     -69.15312    
  1.810144     -69.16889    
  1.810231     -69.18892    
  1.814042     -69.23396    
  1.814129    -100.00000    
  1.834747     -66.15960    
  1.834834     -65.71229    
  1.836557     -65.34761    
  1.836644     -65.39480    
  1.838907     -64.86538    
  1.838994     -64.85951    
  1.840414     -64.45000    
  1.840501     -64.42748    
  1.842703     -63.95315    
  1.842790     -63.95054    
  1.844125     -63.69128    
  1.844212    -100.00000    
  1.857265     -61.40539    
  1.857352     -61.15309    
  1.859614     -60.68303    
  1.859700    -100.00000    
  1.868320     -59.18116    
  1.868407     -59.01675    
  1.870233     -58.65722    
  1.870320     -58.63245    
  1.871306     -58.44474    
  1.871393     -58.42708    
  1.872072     -58.29901    
  1.872158     -58.29393    
  1.873424     -58.05239    
  1.873511    -100.00000    
  1.880831     -56.81817    
  1.880918    -100.00000    
  1.887368     -55.60793    
  1.887455    -100.00000    
  1.893213     -54.54462    
  1.893300    -100.00000    
  1.899003     -53.52183    
  1.899090    -100.00000    
  1.905503     -52.40870    
  1.905590     -52.28534    
  1.905821     -52.24578    
  1.905908    -100.00000    
  1.911657     -51.33964    
  1.911744     -51.23530    
  1.912227     -51.15270    
  1.912313     -51.15643    
  1.913955     -50.87099    
  1.914042    -100.00000    
  1.924238     -49.50024    
  1.924325     -49.11753    
  1.925539     -49.19170    
  1.925626     -49.03719    
  1.926709     -48.80422    
  1.926796     -48.80379    
  1.926846     -48.82630    
  1.926932     -48.83451    
  1.927461     -48.65320    
  1.927548     -48.80248    
  1.930771     -48.18002    
  1.930858     -48.12689    
  1.933612     -47.74283    
  1.933699     -47.84759    
  1.936983     -47.21560    
  1.937070     -47.24503    
  1.938051     -46.93071    
  1.938138     -47.03615    
  1.940777     -46.52112    
  1.940864     -46.54856    
  1.941974     -46.32001    
  1.942061    -100.00000    
  1.953088     -44.91349    
  1.953175     -44.75513    
  1.955697     -44.23372    
  1.955784     -44.18990    
  1.959855     -43.87069    
  1.959942     -43.72815    
  1.963545     -43.23263    
  1.963632    -100.00000    
  1.972680     -41.81090    
  1.972767     -41.92277    
  1.974225     -41.41035    
  1.974312     -41.43941    
  1.974387     -41.42121    
  1.974474     -41.43915    
  1.977192     -41.00298    
  1.977279    -100.00000    
  1.992052     -39.16363    
  1.992139     -39.57281    
  1.992538     -38.85368    
  1.992625     -38.84575    
  1.994212     -38.63776    
  1.994299     -38.64645    
  1.994360     -38.68450    
  1.994447    -100.00000    
  1.996552     -22.49115    
  1.996639     -21.86888    
  1.997939     -20.57404    
  1.998026     -20.55680    
  2.000182     -19.99273    
  2.000268     -20.56416    
  2.002574     -19.85122    
  2.002661     -19.80441    
  2.004835     -19.62787    
  2.004922     -19.57507    
  2.007421     -20.02225    
  2.007508     -20.07689    
  2.009100     -20.22426    
  2.009187     -20.05833    
  2.009352     -20.05695    
  2.009439     -20.04847    
  2.009543     -19.73752    
  2.017372     -19.60959    
  2.017459     -19.39079    
  2.019860     -20.12937    
  2.019947     -19.44476    
  2.026471     -19.71322    
  2.026558     -19.11834    
  2.028108     -19.23366    
  2.028195     -19.48977    
  2.031137     -19.48477    
  2.031224    -100.00000    
  2.035128     -19.10938    
  2.035214     -18.68357    
  2.036585     -18.89633    
  2.036672     -19.48214    
  2.053379     -19.37309    
  2.053466     -19.73156    
  2.061043     -19.39337    
  2.061130     -18.88839    
  2.067104     -19.48209    
  2.067191     -20.09292    
  2.068339     -18.60968    
  2.068426     -18.63837    
  2.074002    -100.00000    
  2.074089     -18.03854    
  2.076209    -100.00000    
  2.076296     -18.97818    
  2.076824     -19.12861    
  2.076911     -19.32366    
  2.077291     -19.02850    
  2.077378     -18.99226    
  2.081631     -19.53619    
  2.081718     -18.84646    
  2.090954     -20.14834    
  2.091041     -18.34524    
  2.095729    -100.00000    
  2.095816     -19.90816    
  2.097304     -19.89106    
  2.097391     -19.62455    
  2.100294    -100.00000    
  2.100380     -20.51300    
  2.100528     -19.48790    
  2.100615     -19.97778    
  2.101519    -100.00000    
  2.101605    -100.00000    
  2.104539     -18.26222    
  2.104626     -18.16353    
  2.105570    -100.00000    
  2.105657    -100.00000    
  2.106101    -100.00000    
  2.106187    -100.00000    
  2.107298     -19.22504    
  2.107385    -100.00000    
  2.107538    -100.00000    
  2.107625     -18.33422    
  2.110312    -100.00000    
  2.110399    -100.00000    
  2.111508    -100.00000    
  2.111595     -19.08374    
  2.111941    -100.00000    
  2.112028     -18.89852    
  2.118960    -100.00000    
  2.119047     -18.48919    
  2.124229    -100.00000    
  2.124316     -19.37762    
  2.124942     -18.54166    
  2.125029     -19.27398    
  2.125725    -100.00000    
  2.125812    -100.00000    
  2.126973     -18.61514    
  2.127060     -18.81724    
  2.127658     -17.47122    
  2.127745    -100.00000    
  2.129084     -18.50303    
  2.129171     -20.68028    
  2.130872     -20.29592    
  2.130959    -100.00000    
  2.131986     -17.16066    
  2.132073    -100.00000    
  2.137486     -18.29351    
  2.137573    -100.00000    
  2.137863    -100.00000    
  2.137949     -18.14482    
  2.141450    -100.00000    
  2.141537     -18.96762    
  2.141651     -19.35960    
  2.141738     -18.11740    
  2.145467    -100.00000    
  2.145554     -20.12671    
  2.150293    -100.00000    
  2.150380    -100.00000    
  2.150508     -18.71973    
  2.154246    -100.00000    
  2.154333    -100.00000    
  2.156640    -100.00000    
  2.156727     -18.90222    
  2.156827    -100.00000    
  2.158942    -100.00000    
  2.159028     -19.07821    
  2.168055    -100.00000    
  2.168141    -100.00000    
  2.171576     -19.14489    
  2.171663    -100.00000    
  2.177080     -19.91846    
  2.177167    -100.00000    
  2.177604     -19.28666    
  2.177690     -17.64547    
  2.181731    -100.00000    
  2.181818    -100.00000    
  2.184881    -100.00000    
  2.184967    -100.00000    
  2.188445     -18.64772    
  2.188532    -100.00000    
  2.189637     -18.63099    
  2.189724    -100.00000    
  2.191670    -100.00000    
  2.191757     -19.39884    
  2.202361    -100.00000    
  2.202448     -18.87454    
  2.209411    -100.00000    
  2.209498    -100.00000    
  2.209936    -100.00000    
  2.210023     -19.09373    
  2.213352    -100.00000    
  2.213439     -18.29253    
  2.217445    -100.00000    
  2.217532    -100.00000    
  2.217837     -18.28661    
  2.217924    -100.00000    
  2.218030    -100.00000    
  2.218315     -17.01414    
  2.218402     -17.29639    
  2.218688     -17.89980    
  2.218775     -16.38653    
  2.221924     -16.77599    
  2.222011    -100.00000    
  2.231931     -15.20409    
  2.232018     -15.93674    
  2.234632     -15.10401    
  2.234695     -14.89234    
  2.234781     -15.57216    
  2.239617     -15.24691    
  2.239704     -15.28656    
  2.242429     -15.27444    
  2.242516     -15.21479    
  2.245345     -15.09432    
  2.245432     -15.06804    
  2.250721     -15.38527    
  2.250808     -15.55593    
  2.252069     -14.75010    
  2.252156     -15.37144    
  2.255687     -15.16629    
  2.259191     -14.61166    
  2.259278     -15.07568    
  2.260545     -14.41117    
  2.260632     -13.65047    
  2.263836    -100.00000    
  2.267016     -14.63412    
  2.267103     -14.68013    
  2.270490     -15.13670    
  2.270577     -15.44658    
  2.271628     -14.69503    
  2.271715     -14.43064    
  2.271807     -14.37749    
  2.271894    -100.00000    
  2.273319     -12.89618    
  2.273406     -13.19690    
  2.275710    -100.00000    
  2.275797     -14.11530    
  2.278310    -100.00000    
  2.280809     -14.33073    
  2.280896     -14.09626    
  2.281369     -14.12240    
  2.281456     -14.06393    
  2.282921     -14.30343    
  2.283008     -14.45872    
  2.283804     -13.66074    
  2.283891     -14.01061    
  2.284781     -14.62430    
  2.284868     -14.27090    
  2.285091     -14.43577    
  2.285178     -14.55599    
  2.285231     -14.54821    
  2.285318     -14.15403    
  2.286288     -13.81501    
  2.286375     -14.24443    
  2.287075     -14.67020    
  2.287162     -12.50504    
  2.289257    -100.00000    
  2.291343     -13.81485    
  2.291430     -14.46642    
  2.293524     -13.16914    
  2.295609     -13.26427    
  2.295696     -13.97698    
  2.297128     -13.60669    
  2.297214     -13.78861    
  2.297982     -13.97925    
  2.298069    -100.00000    
  2.299703     -12.74877    
  2.301330    -100.00000    
  2.301417     -13.15257    
  2.302809     -13.72494    
  2.304196     -14.07894    
  2.305579     -13.54162    
  2.306958    -100.00000    
  2.307045     -14.08966    
  2.308274     -13.89177    
  2.308361     -13.48439    
  2.309467     -13.85880    
  2.310569     -13.38644    
  2.311669     -13.38857    
  2.312767     -13.83902    
  2.312854     -13.79949    
  2.313586     -14.46832    
  2.313673     -13.79241    
  2.314517     -14.10370    
  2.314604     -13.75130    
  2.314729     -13.97684    
  2.314817     -14.38603    
  2.315597     -13.86230    
  2.315684     -15.20117    
  2.316612     -13.57931    
  2.317538     -13.97343    
  2.318463     -13.55891    
  2.319385     -13.88836    
  2.320305     -13.83539    
  2.321224     -13.58144    
  2.322140     -13.04286    
  2.323055    -100.00000    
  2.323141     -13.30194    
  2.324253     -14.24785    
  2.324340     -13.74207    
  2.325648     -14.19920    
  2.325735     -13.53417    
  2.326487     -14.75084    
  2.327238     -13.61057    
  2.327987     -14.49024    
  2.328735     -14.12029    
  2.329482     -13.87613    
  2.330227     -14.17196    
  2.330971     -13.94602    
  2.331714     -13.78202    
  2.331801     -13.31949    
  2.331944     -13.38993    
  2.332031     -14.17876    
  2.333101     -14.05025    
  2.333188     -13.85272    
  2.333638     -13.75074    
  2.333725     -14.28312    
  2.334874     -14.18783    
  2.336020     -14.17192    
  2.337163     -13.83285    
  2.338303     -13.95510    
  2.338390     -14.04042    
  2.339301     -14.07465    
  2.339388     -14.04688    
  2.340254     -13.83396    
  2.341118     -13.75269    
  2.341191     -13.94120    
  2.341278     -13.94473    
  2.341370     -13.93789    
  2.341472     -14.09932    
  2.342517     -13.62609    
  2.342604     -13.86953    
  2.343168     -13.78008    
  2.343730     -13.72106    
  2.344292     -13.53846    
  2.344853     -13.87822    
  2.344940     -13.56278    
  2.345941     -13.54249    
  2.346441     -13.51735    
  2.346940     -13.66217    
  2.347438     -13.61955    
  2.347936     -13.57845    
  2.348434     -13.52846    
  2.348930     -13.41937    
  2.349017     -13.39509    
  2.349687     -13.26449    
  2.350356     -13.15079    
  2.350443     -13.49880    
  2.351314     -13.22541    
  2.352184     -13.46956    
  2.352270     -13.45972    
  2.352846     -13.28705    
  2.353421     -13.43793    
  2.353508     -13.25720    
  2.353983     -13.19812    
  2.354070     -13.30510    
  2.354494     -13.26392    
  2.354917     -13.31621    
  2.355340     -13.30563    
  2.355762     -13.14106    
  2.355849     -13.25248    
  2.356520     -13.07141    
  2.357189     -13.15570    
  2.357276     -13.15541    
  2.357498     -13.13237    
  2.357582     -13.06918    
  2.357669     -12.68547    
  2.362936     -13.06449    
  2.363023     -12.46412    
  2.368963     -11.51874    
  2.369050    -100.00000    
  2.373546     -11.51629    
  2.373633     -11.79988    
  2.374597     -12.03011    
  2.374684     -12.40151    
  2.376702     -11.85630    
  2.376789     -12.23796    
  2.381401     -13.14087    
  2.381488     -12.15958    
  2.381574     -11.81891    
  2.381660     -11.63339    
  2.383081     -12.22134    
  2.383168     -12.06059    
  2.387126     -12.95635    
  2.387213     -12.37534    
  2.387778     -13.14106    
  2.387865     -11.83345    
  2.397727     -12.37189    
  2.397814     -12.93446    
  2.403706     -11.99872    
  2.403793     -12.28140    
  2.409345     -13.12852    
  2.409431     -12.50378    
  2.409967     -12.21030    
  2.410054     -12.25599    
  2.411603     -12.05842    
  2.411690     -12.35576    
  2.412778     -12.58809    
  2.412865     -12.57231    
  2.413098     -12.26286    
  2.413185    -100.00000    
  2.414109     -6.237785    
  2.414195     -8.020217    
  2.415338     -7.352521    
  2.415425     -7.256559    
  2.419545     -7.847676    
  2.419632    -100.00000    
  2.422480     -6.162179    
  2.422566     -5.770764    
  2.424108     -5.644392    
  2.424195     -7.329301    
  2.428391     -8.438039    
  2.428478     -6.997027    
  2.429013     -6.388288    
  2.429100     -6.313921    
  2.429244     -6.217914    
  2.429331     -5.938149    
  2.432147     -5.516384    
  2.432234     -5.571535    
  2.434375     -5.502352    
  2.434462     -5.468993    
  2.434951     -5.765100    
  2.435038     -6.405591    
  2.435182     -6.599361    
  2.435269     -6.556884    
  2.435570     -6.471990    
  2.435657     -6.299744    
  2.437397    -100.00000    
  2.437484    -100.00000    
  2.438099     -5.988597    
  2.438186     -5.697839    
  2.440535     -5.473670    
  2.440622     -5.469684    
  2.441592     -5.458640    
  2.441679     -5.460590    
  2.443115     -5.464110    
  2.443202     -5.390905    
  2.446266    -100.00000    
  2.446353     -7.873106    
  2.447958    -100.00000    
  2.448045     -7.797573    
  2.448133    -100.00000    
  2.448892     -6.779871    
  2.448979    -100.00000    
  2.450924     -5.408650    
  2.451011     -5.741863    
  2.454202     -6.167085    
  2.454289     -5.547211    
  2.456026     -5.206362    
  2.456113     -5.495644    
  2.461170     -6.884709    
  2.461257    -100.00000    
  2.463251     -6.720085    
  2.463338     -6.560934    
  2.464468     -5.733350    
  2.464555     -5.753086    
  2.466286     -5.759177    
  2.466372     -5.703152    
  2.467492     -5.598289    
  2.467579     -5.589523    
  2.467685     -5.576754    
  2.467772     -5.596416    
  2.470538     -5.886250    
  2.470625     -5.717698    
  2.470751     -5.681236    
  2.471828     -5.645067    
  2.471915     -5.639194    
  2.473313    -100.00000    
  2.473400     -6.895389    
  2.476442     -5.837891    
  2.476529     -7.451581    
  2.476628     -7.279604    
  2.476715     -7.164757    
  2.478943     -5.888618    
  2.479030    -100.00000    
  2.480895     -5.201500    
  2.480982     -4.950134    
  2.482813    -100.00000    
  2.482900    -100.00000    
  2.483465     -7.741961    
  2.483551     -7.541452    
  2.483824     -7.026211    
  2.483911     -6.896515    
  2.484268     -6.362977    
  2.484355     -6.261339    
  2.484517     -6.073175    
  2.484589     -5.989119    
  2.484656     -5.915296    
  2.484743     -6.257407    
  2.486424    -100.00000    
  2.486511    -100.00000    
  2.490779     -5.015489    
  2.490866     -5.070831    
  2.490956     -5.070137    
  2.491043     -5.092477    
  2.491443    -100.00000    
  2.491530    -100.00000    
  2.492836     -7.155652    
  2.492923     -6.646059    
  2.493176     -5.717185    
  2.493263     -5.133132    
  2.495735    -100.00000    
  2.495822     -8.512515    
  2.496605     -8.256865    
  2.496692     -8.159508    
  2.497050     -7.363753    
  2.497137    -100.00000    
  2.498024     -5.724731    
  2.498111     -5.265889    
  2.500649     -4.646452    
  2.500736     -4.768619    
  2.503920     -4.631716    
  2.504007     -5.661881    
  2.504069     -5.600614    
  2.504156     -5.267020    
  2.506403     -6.330480    
  2.506490     -9.115782    
  2.506598     -8.896765    
  2.506685    -100.00000    
  2.506857     -7.625602    
  2.506943     -7.056123    
  2.507203     -6.367798    
  2.507290    -100.00000    
  2.511107     -5.295877    
  2.511194     -4.981494    
  2.511697     -4.665362    
  2.511784     -4.502425    
  2.512876     -4.250655    
  2.512963     -4.288330    
  2.513523     -4.291562    
  2.513610     -4.353235    
  2.515498    -100.00000    
  2.515585     -5.340317    
  2.515719     -5.189429    
  2.515805     -5.077628    
  2.515872     -5.001366    
  2.515959     -4.919916    
  2.516021     -4.870883    
  2.516107     -5.308973    
  2.516706    -100.00000    
  2.516793    -100.00000    
  2.517769     -5.668948    
  2.517856     -5.494379    
  2.517941     -5.390380    
  2.518028     -5.300944    
  2.518445     -4.912731    
  2.518532     -4.858148    
  2.518680     -4.791488    
  2.518767     -4.634917    
  2.521283     -4.231826    
  2.523785     -4.339376    
  2.523871     -4.345199    
  2.524535     -4.347818    
  2.524622     -4.284866    
  2.526468     -4.295275    
  2.526555     -4.364085    
  2.527825     -4.415921    
  2.527912     -4.359112    
  2.530010     -4.399190    
  2.530097     -4.242950    
  2.532615     -4.764870    
  2.532701    -100.00000    
  2.535293     -4.795505    
  2.535380     -4.457067    
  2.536082     -4.274762    
  2.536169     -4.189671    
  2.539337    -100.00000    
  2.539424     -5.153210    
  2.543132     -4.410647    
  2.546808     -4.283140    
  2.546895     -4.295754    
  2.547076     -4.298841    
  2.547163     -4.300018    
  2.547329     -4.302874    
  2.547416     -4.306125    
  2.547523     -4.307690    
  2.551049     -5.472873    
  2.551118     -4.710177    
  2.551204     -4.692327    
  2.551316     -4.668161    
  2.551403     -4.549901    
  2.554923     -4.701286    
  2.558382     -4.674431    
  2.558469     -4.411559    
  2.558869     -4.313236    
  2.558956     -4.276918    
  2.561154     -4.725044    
  2.561240     -5.164863    
  2.561557     -4.971324    
  2.561644     -4.827098    
  2.564817     -4.680232    
  2.564904     -4.595705    
  2.567815     -4.427258    
  2.570708     -4.674700    
  2.570794     -5.641550    
  2.571315     -5.278385    
  2.571402     -5.236081    
  2.571490     -5.196609    
  2.571576     -5.211363    
  2.572470     -4.743432    
  2.572557    -100.00000    
  2.576787     -4.265303    
  2.580976     -5.635001    
  2.581063     -4.636515    
  2.582880     -4.407041    
  2.582967     -4.449538    
  2.583821     -4.460852    
  2.583908     -4.504752    
  2.584933    -100.00000    
  2.585020     -5.665829    
  2.586210     -5.158782    
  2.586262     -5.082171    
  2.586349    -100.00000    
  2.588885     -5.581182    
  2.588972     -5.122704    
  2.590598     -5.425731    
  2.590685     -5.277129    
  2.593482     -4.494572    
  2.596260     -4.787010    
  2.596347     -4.570814    
  2.597094     -5.147716    
  2.597181    -100.00000    
  2.597646     -6.169640    
  2.597733    -100.00000    
  2.600152     -4.357906    
  2.600239     -4.316095    
  2.601008     -4.200679    
  2.601094     -4.208740    
  2.604131     -4.474082    
  2.607145     -4.374596    
  2.607232     -4.316670    
  2.607324     -4.312961    
  2.607480     -4.315338    
  2.607567     -4.323717    
  2.607898     -4.351661    
  2.607985     -4.359762    
  2.608789     -4.292399    
  2.608876     -4.279685    
  2.609811     -4.347975    
  2.609898     -4.463911    
  2.612121     -4.425968    
  2.614332     -4.343504    
  2.614419     -4.412774    
  2.615617     -4.507507    
  2.615704     -4.427130    
  2.616177     -4.316979    
  2.616264     -4.293696    
  2.617793     -4.354748    
  2.617880     -4.219459    
  2.620859     -4.476929    
  2.620946     -4.558909    
  2.623214     -5.299013    
  2.625471     -4.617706    
  2.625557     -4.745106    
  2.626297     -4.679483    
  2.626384     -4.574958    
  2.629798     -4.263839    
  2.633186     -4.482021    
  2.633273     -4.453252    
  2.634349     -4.345508    
  2.634435     -4.302768    
  2.634827     -4.264305    
  2.634914     -4.258386    
  2.636215     -4.259338    
  2.636302     -4.215836    
  2.637231     -4.503309    
  2.637318     -4.530741    
  2.639844     -4.966913    
  2.642355     -4.056756    
  2.642442     -4.120699    
  2.644205     -4.191875    
  2.644292     -4.194048    
  2.644578     -4.207187    
  2.644665     -4.219530    
  2.646436     -4.223670    
  2.646523     -4.231539    
  2.648315     -4.237374    
  2.648402     -4.236024    
  2.648476     -4.234966    
  2.648563     -4.238707    
  2.649502     -4.259893    
  2.649589     -4.261125    
  2.650015     -4.261489    
  2.650101     -4.268938    
  2.652023     -4.306917    
  2.652110     -4.287637    
  2.653477     -4.237547    
  2.653564     -4.237746    
  2.653758     -4.242508    
  2.653845     -4.513420    
  2.656371     -4.318111    
  2.656458     -4.418779    
  2.657291     -4.229779    
  2.657378     -4.171497    
  2.659033     -4.200167    
  2.660682     -4.349440    
  2.660769     -4.161134    
  2.662838    -100.00000    
  2.662925    -100.00000    
  2.664361     -4.404195    
  2.664448     -4.316957    
  2.664909     -4.175452    
  2.664996     -4.118743    
  2.667441     -4.031914    
  2.668659     -4.142379    
  2.669873     -4.204141    
  2.669960     -4.212073    
  2.671570     -4.182682    
  2.673175     -6.534829    
  2.674773     -4.130402    
  2.676365     -4.032218    
  2.676452     -4.072353    
  2.677193     -4.138239    
  2.677280     -4.143073    
  2.678402     -4.184582    
  2.679522     -4.200652    
  2.680638     -4.200231    
  2.681752     -4.252669    
  2.681839     -4.255701    
  2.682994     -4.325310    
  2.684147     -4.373554    
  2.684233     -4.325456    
  2.684319     -4.322021    
  2.684406     -4.324148    
  2.685617     -4.633145    
  2.685704     -4.547218    
  2.685988     -4.409745    
  2.686075     -4.323047    
  2.687275     -4.235643    
  2.688471     -4.186855    
  2.689665     -4.998942    
  2.690854     -5.247955    
  2.690941     -5.046546    
  2.691662     -4.559685    
  2.692382     -4.266727    
  2.693100     -4.063308    
  2.693817     -4.084385    
  2.693904     -4.105457    
  2.694490     -4.167481    
  2.695075     -4.201409    
  2.695162     -4.206019    
  2.695331     -4.219954    
  2.695418     -4.248402    
  2.696036     -4.371545    
  2.696123     -4.322342    
  2.697045     -4.143131    
  2.697132     -4.160225    
  2.697891     -4.184036    
  2.698648     -4.203764    
  2.698717     -4.213256    
  2.698803     -4.220074    
  2.699667     -4.612510    
  2.700098     -4.640677    
  2.700529     -4.541650    
  2.700616     -4.511229    
  2.701097     -4.443904    
  2.701577     -4.281378    
  2.702057     -4.175852    
  2.702537     -4.134312    
  2.702610     -4.119479    
  2.702697     -4.079200    
  2.704230     -4.056779    
  2.704317     -4.069452    
  2.704748     -4.073182    
  2.704835     -4.030318    
  2.706154    -100.00000    
  2.706241     -6.748945    
  2.706290     -6.379043    
  2.706377    -100.00000    
  2.707629     -4.458943    
  2.707716     -4.381908    
  2.709271     -3.913217    
  2.709358     -3.911395    
  2.709449     -3.914468    
  2.709536     -3.919231    
  2.709681     -3.929033    
  2.709768     -3.936554    
  2.709828     -3.942437    
  2.709915     -3.951267    
  2.710033     -3.962783    
  2.710119     -4.216999    
  2.713272     -3.835878    
  2.716402     -3.834962    
  2.716489     -3.687528    
  2.718816     -4.443602    
  2.718903     -4.317700    
  2.720712     -4.155839    
  2.720799    -100.00000    
  2.721478     -5.762187    
  2.721565     -5.402061    
  2.721792     -5.042731    
  2.721879     -4.639062    
  2.725251     -3.814129    
  2.725338     -3.746132    
  2.727078     -3.883546    
  2.727165     -3.833374    
  2.730036     -3.962632    
  2.730123     -4.179037    
  2.733151     -4.413566    
  2.733238     -3.977199    
  2.733842     -3.911596    
  2.733929     -4.092026    
  2.737074     -4.402425    
  2.737161     -4.042183    
  2.737825     -3.828273    
  2.737912     -3.673507    
  2.740300     -3.939641    
  2.740387     -3.870537    
  2.741710     -4.089430    
  2.741797     -3.770437    
  2.744319    -100.00000    
  2.746826     -4.120207    
  2.746913     -3.907447    
  2.748474     -3.724878    
  2.748561     -3.760902    
  2.752296     -4.134789    
  2.752383     -4.132484    
  2.754509     -3.885538    
  2.754596     -3.945050    
  2.754850     -4.022600    
  2.754937     -4.071135    
  2.755686     -4.184549    
  2.755773     -4.145777    
  2.755894     -3.996852    
  2.758471     -3.919709    
  2.758558     -4.128277    
  2.759027     -4.336736    
  2.759113     -4.701331    
  2.759268     -5.731136    
  2.759355     -5.683298    
  2.759981     -4.810167    
  2.760067     -4.822623    
  2.760747     -4.300294    
  2.760833     -4.180543    
  2.762305     -3.882402    
  2.762392     -3.850992    
  2.763491     -4.001158    
  2.763577     -3.898449    
  2.764577     -3.869288    
  2.764664     -3.917933    
  2.765524     -4.194299    
  2.765611     -4.080679    
  2.767568     -3.875453    
  2.767655     -3.890349    
  2.768842     -4.000947    
  2.768929     -4.113589    
  2.771196     -3.976104    
  2.771283     -3.872954    
  2.771358     -3.869044    
  2.771445     -3.869808    
  2.773649     -3.895829    
  2.775841     -4.055333    
  2.775928     -4.292788    
  2.777541    -100.00000    
  2.777628    -100.00000    
  2.778824     -5.040824    
  2.778910     -4.580306    
  2.782300     -3.683614    
  2.782387     -3.812035    
  2.783749     -3.876311    
  2.783836     -4.199600    
  2.787507     -4.605258    
  2.787594     -3.927334    
  2.790506     -4.038018    
  2.793400     -4.252537    
  2.796274     -4.460360    
  2.799129     -4.728025    
  2.799216     -4.542834    
  2.799875     -5.122717    
  2.799961     -4.951728    
  2.800228     -4.928350    
  2.800315    -100.00000    
  2.802759     -3.950778    
  2.805189     -3.994208    
  2.805276     -3.974016    
  2.807759     -3.990216    
  2.810229     -4.013218    
  2.810316     -4.032156    
  2.813524     -4.018506    
  2.813611     -3.995719    
  2.814474     -4.001664    
  2.814561     -4.002995    
  2.817018     -4.015712    
  2.817105     -4.028585    
  2.819648     -4.014297    
  2.822177     -4.191346    
  2.822264     -4.304392    
  2.826003     -4.110434    
  2.826090     -4.038385    
  2.829167     -4.043014    
  2.829254     -4.042879    
  2.829613     -4.042634    
  2.829700     -4.041627    
  2.832781     -4.049893    
  2.832867     -4.056861    
  2.832995     -4.062321    
  2.833082     -4.011901    
  2.836249     -4.295597    
  2.836336     -4.736467    
  2.839377     -4.092149    
  2.839464     -4.092634    
  2.840558     -4.091627    
  2.840645     -4.085765    
  2.842706     -4.136060    
  2.842793     -4.055567    
  2.843374     -4.049315    
  2.843461     -4.055867    
  2.843577     -4.058749    
  2.843663     -4.060993    
  2.844722     -4.069055    
  2.844809     -4.071992    
  2.845992     -4.090546    
  2.846079     -4.084234    
  2.846320     -4.081256    
  2.846407     -3.976773    
  2.846929    -100.00000    
  2.847016    -100.00000    
  2.850284     -4.049649    
  2.850371     -3.921402    
  2.851272     -3.917184    
  2.851359     -3.931239    
  2.851605     -3.937174    
  2.851692     -3.941611    
  2.853657     -4.060711    
  2.853744     -4.051427    
  2.856721     -4.101438    
  2.856808     -4.148366    
  2.859953     -4.106423    
  2.863077     -4.120531    
  2.863164     -4.119040    
  2.864011     -4.121285    
  2.864097     -4.118447    
  2.864929     -4.138082    
  2.865016     -4.158958    
  2.868335     -4.130540    
  2.868422     -4.153596    
  2.870319     -4.133112    
  2.870406     -4.138898    
  2.871477     -4.143388    
  2.871560     -4.146880    
  2.871647     -4.148465    
  2.871746     -4.150314    
  2.871833     -4.150835    
  2.875793     -4.181299    
  2.879716     -4.159347    
  2.879803     -4.163918    
  2.880314     -4.173321    
  2.880401     -4.103104    
  2.882313     -5.084402    
  2.882400     -5.063045    
  2.882670     -5.015439    
  2.882757     -4.719563    
  2.885708     -3.995865    
  2.885795     -4.132494    
  2.887555     -4.198707    
  2.887642     -4.346003    
  2.891964     -4.479155    
  2.892051     -4.486870    
  2.893704     -5.857253    
  2.893791     -4.864723    
  2.894071     -4.803552    
  2.894158     -4.867932    
  2.895095     -4.531988    
  2.895182     -4.078749    
  2.897787     -5.115686    
  2.897874    -100.00000    
  2.900589     -4.057984    
  2.900676     -3.953667    
  2.904168     -4.351013    
  2.904255     -4.584613    
  2.905026     -4.907551    
  2.905113     -6.040056    
  2.908003     -4.309963    
  2.908090     -4.178734    
  2.908185     -4.170829    
  2.908477     -4.177255    
  2.908564     -4.188487    
  2.909361     -4.278355    
  2.909448     -4.271585    
  2.910383     -4.205659    
  2.910470     -4.219555    
  2.911970     -4.236672    
  2.912057     -4.235162    
  2.914427     -4.237652    
  2.916785     -4.242029    
  2.916872     -4.238458    
  2.917171     -4.239129    
  2.917258     -4.239769    
  2.920236     -4.254376    
  2.920323     -4.253609    
  2.920418     -4.241087    
  2.922032    -100.00000    
  2.922118    -100.00000    
  2.925029     -4.067600    
  2.925116     -4.088332    
  2.925353     -4.101265    
  2.925440     -4.105864    
  2.925683     -4.113206    
  2.925770     -4.114296    
  2.925849     -4.115537    
  2.925936     -4.115330    
  2.927554     -4.220164    
  2.927641     -4.213672    
  2.927759     -4.217533    
  2.927950     -4.223550    
  2.928037     -4.227769    
  2.929127     -4.250682    
  2.929213     -4.249681    
  2.929524     -4.257687    
  2.929611     -4.256330    
  2.930245     -4.334217    
  2.930332     -4.365188    
  2.930644     -4.429189    
  2.930731     -4.449123    
  2.931247     -4.388210    
  2.931334     -4.329964    
  2.932296     -4.251101    
  2.932383     -4.273643    
  2.934646     -4.283436    
  2.934733     -4.283891    
  2.935353     -4.286213    
  2.935440     -4.287448    
  2.939332     -4.295909    
  2.939418     -4.295358    
  2.943758     -4.306710    
  2.943845     -4.307055    
  2.944467     -4.308808    
  2.944554     -4.308872    
  2.945191     -4.310931    
  2.945278     -4.312243    
  2.946273     -4.314528    
  2.946360     -4.314826    
  2.946687     -4.307069    
  2.946774     -4.289389    
  2.949861     -4.313808    
  2.949948     -4.297899    
  2.950064     -4.287340    
  2.950137     -4.282576    
  2.950211     -4.278647    
  2.950298     -4.274014    
  2.950637     -4.268252    
  2.950724     -4.270486    
  2.950770     -4.271523    
  2.950857     -4.274066    
  2.951287     -4.289335    
  2.951374     -4.293162    
  2.952601     -4.315452    
  2.952688     -4.315223    
  2.952960     -4.318191    
  2.953047     -4.319282    
  2.953706     -4.322714    
  2.953793     -4.322442    
  2.954344     -4.321067    
  2.954431     -4.319186    
  2.955685     -4.328248    
  2.955739     -4.330545    
  2.955826     -4.331865    
  2.956162     -4.337842    
  2.956249     -4.339231    
  2.956346     -4.340497    
  2.956433     -4.341915    
  2.956797     -4.339671    
  2.956884     -4.337502    
  2.956929     -4.336682    
  2.957016     -4.332111    
  2.958622     -4.334387    
  2.958708     -4.335298    
  2.958913     -4.335945    
  2.959000     -4.336166    
  2.959196     -4.336476    
  2.959283     -4.336556    
  2.959385     -4.336649    
  2.959471     -4.336732    
  2.959520     -4.336783    
  2.959575     -4.336847    
  2.959642     -4.336936    
  2.959686     -4.336947    
  2.960694     -4.339293    
  2.960781     -4.339383    
  2.961021     -4.340096    
  2.961108     -4.340527    
  2.961209     -4.388587    
  2.963780     -4.154000    
  2.963867     -4.121015    
  2.966863     -6.561361    
  2.969838     -4.199696    
  2.972793     -4.292372    
  2.975728     -4.281227    
  2.975815     -4.234127    
  2.976171     -4.283016    
  2.976258     -4.334558    
  2.979351     -4.405009    
  2.982423     -4.167105    
  2.982509     -4.221655    
  2.982872     -4.230684    
  2.982959     -4.255007    
  2.985659     -4.291485    
  2.988343     -4.281016    
  2.991011    -100.00000    
  2.993662     -4.044985    
  2.996297     -4.269225    
  2.998916     -4.409890    
  3.001519     -4.273606    
  3.004107     -4.333705    
  3.004194     -4.422053    
  3.007954     -4.303487    
  3.008041     -4.359876    
  3.011581     -4.336111    
  3.015092     -4.458367    
  3.018574     -4.392701    
  3.022029     -4.441493    
  3.022116     -4.432141    
  3.025489     -4.382501    
  3.025575     -4.364903    
  3.029166     -4.398090    
  3.032728     -4.360688    
  3.036260     -4.527725    
  3.039764     -4.413092    
  3.043240     -4.398364    
  3.046688     -4.549901    
  3.050109     -4.395864    
  3.053504     -4.462130    
  3.053591     -4.486067    
  3.056570     -4.540809    
  3.059529     -4.489169    
  3.059616     -4.490244    
  3.061712     -4.475137    
  3.061799     -4.465237    
  3.061872     -4.465696    
  3.061959     -4.466092    
  3.062919     -4.469402    
  3.063006     -4.468993    
  3.065043     -4.475632    
  3.065130     -4.458505    
  3.067491     -4.577602    
  3.067578     -4.486962    
  3.069763     -5.370130    
  3.071937     -5.083861    
  3.072024     -4.616334    
  3.074321     -4.204415    
  3.074408     -4.299418    
  3.077730     -4.508820    
  3.081028     -4.598862    
  3.081115     -4.461900    
  3.083823     -4.529163    
  3.086515     -4.738131    
  3.089190     -4.478262    
  3.091849     -4.738589    
  3.091936     -4.878400    
  3.093217     -4.485925    
  3.093303     -4.440056    
  3.096155     -4.706559    
  3.096242     -5.789802    
  3.099969     -4.384197    
  3.100056     -4.444369    
  3.102484     -4.630973    
  3.102571     -4.578673    
  3.104805     -4.589749    
  3.104892     -4.593494    
  3.105931     -4.613056    
  3.106018     -4.617716    
  3.106079     -4.619076    
  3.106166     -4.622787    
  3.106856     -4.614382    
  3.106943     -4.609994    
  3.109794     -4.618975    
  3.109881     -4.618717    
  3.110486     -4.621440    
  3.110573     -4.620741    
  3.112005     -4.628661    
  3.112092     -4.629138    
  3.112365     -4.628853    
  3.112452     -4.633827    
  3.114687     -4.650282    
  3.114774     -4.650060    
  3.114901     -4.662040    
  3.114988     -4.720639    
  3.117740     -4.626551    
  3.117827     -4.640777    
  3.118223     -4.641890    
  3.118310     -4.634419    
  3.122171     -4.691900    
  3.125997     -4.660681    
  3.126084     -4.683024    
  3.127687     -4.674836    
  3.127774     -5.230821    
  3.131268     -4.948220    
  3.131355     -4.627600    
  3.133775     -4.758153    
  3.136182     -4.678815    
  3.136269     -4.645063    
  3.138689     -5.171200    
  3.141096     -4.633114    
  3.143489     -4.753481    
  3.145869     -4.741348    
  3.145956     -4.713195    
  3.146758     -4.785101    
  3.146845     -5.008054    
  3.149072     -4.610517    
  3.151287     -4.711098    
  3.151374     -4.750558    
  3.153068     -4.736719    
  3.153155     -4.748615    
  3.153248     -4.754722    
  3.153335     -4.761848    
  3.153381     -4.765838    
  3.153425     -4.769709    
  3.153479     -4.778638    
  3.156074     -4.802969    
  3.156161     -4.897784    
  3.160418     -4.761794    
  3.164633     -4.791254    
  3.164720     -4.795377    
  3.167983     -4.804842    
  3.168070     -4.808921    
  3.170695     -4.795000    
  3.173303     -4.889960    
  3.173390     -4.820830    
  3.174167     -4.792495    
  3.174254     -4.794217    
  3.176868     -4.807509    
  3.179466     -4.814369    
  3.179553     -4.815172    
  3.182832     -4.827570    
  3.186087     -4.838176    
  3.186174     -4.823813    
  3.188338     -4.888072    
  3.188425     -4.967711    
  3.191899    -100.00000    
  3.191986     -5.026422    
  3.192224     -4.836264    
  3.192311     -4.647504    
  3.194885     -4.369479    
  3.194972     -4.494347    
  3.196916     -4.710061    
  3.197003     -4.731054    
  3.199617     -4.879795    
  3.202215     -4.882885    
  3.204798     -4.906728    
  3.207365     -4.919104    
  3.207452     -4.921846    
  3.209491     -4.912708    
  3.209578     -4.923271    
  3.213892     -4.966712    
  3.218164     -4.954025    
  3.218251     -4.747514    
  3.221052     -4.932365    
  3.223835     -4.962613    
  3.226600     -4.989014    
  3.229347     -4.979806    
  3.229434     -4.980967    
  3.231857     -4.996257    
  3.234265     -4.996769    
  3.234352     -4.996511    
  3.236049     -5.002428    
  3.236136     -5.002488    
  3.236180     -5.002627    
  3.236267     -4.992490    
  3.238739     -5.049993    
  3.241164     -5.010710    
  3.243575     -5.027254    
  3.245973     -5.042060    
  3.246060     -5.034848    
  3.246189     -5.035102    
  3.247464     -5.040155    
  3.247551     -5.039703    
  3.248152     -5.057416    
  3.248239     -5.068235    
  3.249187     -5.051050    
  3.249274     -5.045239    
  3.251523     -5.054026    
  3.251610     -5.067008    
  3.255359     -5.084449    
  3.259075     -5.091940    
  3.262760     -5.099418    
  3.266414     -5.104268    
  3.266501     -5.102816    
  3.269936     -5.114821    
  3.273344     -5.133117    
  3.276725     -5.140520    
  3.280080     -5.190776    
  3.283409     -5.144867    
  3.286714     -5.177343    
  3.289993     -5.178334    
  3.293247     -5.194515    
  3.293334     -5.191367    
  3.296691     -5.206028    
  3.300022     -5.217707    
  3.303327     -5.221629    
  3.306608     -5.265033    
  3.306694     -5.228773    
  3.310624     -5.250009    
  3.310710     -5.254720    
  3.310941     -5.258971    
  3.311027     -5.259827    
  3.311634     -5.302502    
  3.311721     -5.305865    
  3.311773     -5.307251    
  3.311825     -5.308032    
  3.311868     -5.280292    
  3.315460     -5.256751    
  3.318980     -5.242945    
  3.322472     -5.296327    
  3.325936     -5.262956    
  3.329372     -5.301192    
  3.332782     -5.332134    
  3.336165     -5.331582    
  3.339521     -5.341644    
  3.342852     -5.349155    
  3.346158     -5.363245    
  3.349439     -5.362777    
  3.352695     -5.360201    
  3.355927     -5.416410    
  3.359135     -5.340492    
  3.362319     -5.772041    
  3.365480     -5.080508    
  3.365567     -5.247563    
  3.367462     -5.347738    
  3.367549     -5.357052    
  3.371229     -5.429632    
  3.374878     -5.438399    
  3.378497     -5.463735    
  3.382086     -5.459649    
  3.382173     -5.460917    
  3.385882     -5.379310    
  3.385969     -5.477541    
  3.388254     -5.492667    
  3.390528     -5.502524    
  3.392789     -5.521693    
  3.395039     -5.506609    
  3.395126     -5.509726    
  3.398000     -5.521967    
  3.400855     -5.562652    
  3.400942     -5.735765    
  3.403656     -5.546480    
  3.403743     -5.689963    
  3.406570     -5.365087    
  3.409379     -5.599906    
  3.412170     -5.578999    
  3.414942     -5.584387    
  3.415029     -5.598368    
  3.419186     -5.594897    
  3.423303     -5.615151    
  3.427382     -5.630373    
  3.431422     -5.655239    
  3.431509     -5.664922    
  3.434904     -5.635602    
  3.438273     -5.694075    
  3.441616     -5.665674    
  3.444934     -5.690519    
  3.445021     -5.689969    
  3.447515     -5.709795    
  3.449995     -5.702991    
  3.452462     -5.738692    
  3.454914     -5.733262    
  3.455001     -5.720490    
  3.458181     -5.732485    
  3.461337     -5.747221    
  3.464472     -5.769123    
  3.467583     -5.675856    
  3.467670     -5.689573    
  3.469453     -5.798399    
  3.469540     -5.772809    
  3.471179     -5.781198    
  3.471266     -5.785319    
  3.474100     -5.747851    
  3.474187     -5.741345    
  3.477329     -5.756486    
  3.480449     -5.781520    
  3.483547     -5.861043    
  3.486623     -5.826725    
  3.486710     -5.886842    
  3.490510     -5.781756    
  3.494277     -5.893646    
  3.494364     -5.868224    
  3.496959     -5.849931    
  3.499539     -5.858091    
  3.502104     -5.893988    
  3.504653     -5.901857    
  3.507188     -5.931594    
  3.509708     -5.858156    
  3.512213     -5.933351    
  3.514705     -5.944805    
  3.517181     -5.898984    
  3.519644     -5.955316    
  3.522093     -5.972700    
  3.524529     -5.983563    
  3.526950     -6.012010    
  3.529358     -6.029974    
  3.531753     -6.075818    
  3.534135     -6.012807    
  3.534222     -6.071252    
  3.536956     -5.958688    
  3.539673     -6.024237    
  3.542373     -6.041032    
  3.545057     -6.045131    
  3.547724     -6.059553    
  3.550374     -6.068204    
  3.553009     -6.069228    
  3.555627     -6.070935    
  3.555714     -6.078089    
  3.558846     -6.102004    
  3.558933     -6.100035    
  3.559291     -6.101509    
  3.559378     -6.101882    
  3.560973     -6.108169    
  3.561019     -6.108339    
  3.561106     -6.108676    
  3.561702     -6.110826    
  3.561789     -6.111128    
  3.562293     -6.113018    
  3.562360     -6.113283    
  3.562447     -6.116809    
  3.565681     -6.112121    
  3.565768     -6.125191    
  3.568672     -6.080522    
  3.571556     -6.123329    
  3.574422     -6.176140    
  3.577268     -6.215621    
  3.580096     -6.110808    
  3.582906     -6.177223    
  3.585698     -6.193866    
  3.588471     -6.184794    
  3.591228     -6.202014    
  3.593966     -6.218714    
  3.596688     -6.194016    
  3.599393     -6.190383    
  3.602081     -6.207209    
  3.604752     -6.249166    
  3.607407     -6.281010    
  3.610046     -6.266423    
  3.610133     -6.274966    
  3.612945     -6.271185    
  3.615738     -6.304795    
  3.618514     -6.303780    
  3.621272     -6.302303    
  3.624013     -6.272069    
  3.626737     -6.342119    
  3.629443     -6.333715    
  3.630428     -6.350836    
  3.632133     -6.357279    
  3.632220     -6.357504    
  3.634575     -6.366738    
  3.636918     -6.373973    
  3.639248     -6.394926    
  3.641565     -6.390833    
  3.643871     -6.396832    
  3.646164     -6.403838    
  3.648445     -6.417645    
  3.650714     -6.426256    
  3.650801     -6.357108    
  3.654938     -6.409690    
  3.655025     -6.440062    
  3.659341     -6.469811    
  3.663615     -6.461570    
  3.663702     -6.474659    
  3.666928     -6.524209    
  3.670130     -6.191784    
  3.673309     -6.070798    
  3.676464     -6.478699    
  3.679597     -6.525771    
  3.682707     -6.553930    
  3.685795     -6.547001    
  3.688862     -6.569233    
  3.688948     -6.608134    
  3.691459     -6.548098    
  3.691546     -6.572134    
  3.694107     -6.582260    
  3.696652     -6.592872    
  3.696739     -6.593226    
  3.700634     -6.603852    
  3.704495     -6.605588    
  3.708321     -6.637425    
  3.712114     -6.648475    
  3.712650     -6.652285    
  3.715873     -6.664023    
  3.719601     -6.677857    
  3.723297     -6.662210    
  3.726962     -6.691745    
  3.730596     -6.724906    
  3.734200     -6.737610    
  3.737774     -6.727886    
  3.741319     -6.722605    
  3.744836     -6.761418    
  3.748324     -6.770683    
  3.751784     -6.744558    
  3.755217     -6.814450    
  3.755304     -6.808173    
  3.755522     -6.809410    
  3.755609     -6.811204    
  3.756737     -6.809810    
  3.756824     -6.759764    
  3.760554     -6.785870    
  3.764252     -7.172847    
  3.767919     -6.406112    
  3.771555     -6.936497    
  3.775161     -6.874588    
  3.778151     -6.893631    
  3.778737     -6.894658    
  3.782284     -6.909086    
  3.785802     -6.921984    
  3.789292     -6.935039    
  3.792754     -6.948195    
  3.796189     -6.958495    
  3.799596     -6.969615    
  3.802978     -6.988711    
  3.806333     -6.993197    
  3.809662     -7.014308    
  3.812966     -7.018891    
  3.813053     -7.021722    
  3.815257     -7.028318    
  3.817449     -7.044846    
  3.817536     -7.045041    
  3.821296     -6.966690    
  3.821383     -7.011600    
  3.821564     -7.023517    
  3.821651     -7.038881    
  3.825332     -7.068817    
  3.828982     -7.090510    
  3.832602     -7.016229    
  3.836192     -7.114858    
  3.836279     -7.104021    
  3.838150     -7.115802    
  3.838237     -7.116588    
  3.840853     -7.137252    
  3.843453     -7.124433    
  3.846037     -7.199284    
  3.848607     -7.136881    
  3.848694     -7.062452    
  3.853036     -7.129485    
  3.857335     -7.188918    
  3.861592     -7.198205    
  3.865808     -7.215951    
  3.865895     -7.216427    
  3.868545     -7.227680    
  3.871179     -7.236909    
  3.871266     -7.236513    
  3.874225     -7.248681    
  3.877163     -7.258998    
  3.880081     -7.269016    
  3.882980     -7.280904    
  3.885860     -7.346080    
  3.888721     -6.997524    
  3.891563     -7.319111    
  3.894387     -7.330908    
  3.894474     -7.324925    
  3.896842     -7.329705    
  3.899197     -7.328612    
  3.901540     -7.355093    
  3.903870     -7.300377    
  3.906188     -7.345590    
  3.908494     -7.167281    
  3.910787     -7.353156    
  3.913068     -7.387499    
  3.913155     -7.383759    
  3.913273     -7.384922    
  3.913769     -7.388969    
  3.913856     -7.389526    
  3.913972     -7.390606    
  3.915648     -7.400723    
  3.915735     -7.401946    
  3.916915     -7.402830    
  3.917002     -7.420662    
  3.920011     -7.364681    
  3.923000     -7.447514    
  3.925968     -7.433291    
  3.928916     -7.451381    
  3.931844     -7.457947    
  3.934752     -7.465071    
  3.937641     -7.481999    
  3.940511     -7.494984    
  3.943362     -7.505047    
  3.946195     -7.515612    
  3.949009     -7.509114    
  3.951805     -7.531662    
  3.954584     -7.544769    
  3.957344     -7.558709    
  3.960087     -7.565564    
  3.962813     -7.580568    
  3.962900     -7.574654    
  3.965521     -7.585524    
  3.968126     -7.598090    
  3.970716     -7.605441    
  3.973291     -7.583495    
  3.975850     -7.610102    
  3.978394     -7.634815    
  3.980924     -7.645384    
  3.983439     -7.654056    
  3.983526     -7.649298    
  3.986607     -7.679955    
  3.989666     -7.564889    
  3.992704     -7.638924    
  3.995722     -7.698053    
  3.998718     -7.709409    
  4.001693     -7.719906    
  4.004649     -7.763775    
  4.007584     -7.540947    
  4.007671     -7.493622    
  4.010289     -7.630470    
  4.012892     -7.767358    
  4.015479     -7.767577    
  4.018051     -7.780244    
  4.020607     -7.792612    
  4.023149     -7.804867    
  4.025675     -7.752705    
  4.028187     -7.825064    
  4.030685     -7.827583    
  4.033169     -7.829068    
  4.035638     -7.872332    
  4.038093     -7.800035    
  4.040535     -7.829098    
  4.042963     -7.847982    
  4.045377     -7.880264    
  4.047778     -7.890512    
  4.047865     -7.890846    
  4.050191     -7.900598    
  4.050278     -7.900229    
  4.052927     -7.910044    
  4.055559     -7.919943    
  4.058176     -7.930115    
  4.060777     -7.939093    
  4.063363     -7.948806    
  4.065933     -7.966925    
  4.068489     -7.849543    
  4.071029     -7.959159    
  4.073555     -7.994601    
  4.076066     -7.883396    
  4.078562     -7.713213    
  4.081044     -8.036340    
  4.083513     -8.010787    
  4.085967     -8.030252    
  4.088407     -8.041067    
  4.090834     -8.047769    
  4.090921     -8.050077    
  4.093448     -8.058727    
  4.095961     -8.069558    
  4.098459     -8.076429    
  4.100943     -8.087731    
  4.103413     -8.094474    
  4.105869     -8.107018    
  4.108311     -8.110213    
  4.110740     -8.095260    
  4.113155     -8.127355    
  4.115556     -8.135324    
  4.117944     -8.150386    
  4.120320     -8.159689    
  4.122682     -8.162906    
  4.125032     -8.179532    
  4.127369     -8.148927    
  4.129693     -8.069427    
  4.129780     -8.064338    
  4.133136     -8.194264    
  4.136466     -8.216247    
  4.139770     -8.230075    
  4.143050     -8.243675    
  4.146305     -8.166006    
  4.149536     -8.247865    
  4.152743     -8.277695    
  4.155926     -8.289518    
  4.156013     -8.536881    
  4.158880     -7.920756    
  4.161727     -8.330340    
  4.161814     -8.284397    
  4.163762     -8.318390    
  4.163849     -8.314878    
  4.166924     -8.330258    
  4.167011     -8.330414    
  4.169326     -8.341733    
  4.171629     -8.309234    
  4.173920     -8.332908    
  4.176198     -8.350484    
  4.178465     -8.373864    
  4.180720     -8.381817    
  4.182963     -8.390171    
  4.185195     -8.398223    
  4.187415     -8.406084    
  4.189624     -8.414028    
  4.191822     -8.421640    
  4.194009     -8.429299    
  4.198350     -8.441042    
  4.202647     -8.454280    
  4.202734     -8.460703    
  4.204957     -8.468991    
  4.207168     -8.476310    
  4.209369     -8.486368    
  4.211558     -8.492517    
  4.213736     -8.500260    
  4.215903     -8.509182    
  4.220205     -8.522968    
  4.224465     -8.539754    
  4.228684     -8.556300    
  4.232862     -8.549053    
  4.237000     -8.570980    
  4.237088     -8.730985    
  4.240818     -8.307523    
  4.244516     -8.669684    
  4.248183     -8.627655    
  4.251819     -8.634838    
  4.255425     -8.662861    
  4.259002     -8.621523    
  4.262549     -8.673648    
  4.266067     -8.694375    
  4.266154     -8.692059    
  4.270079     -8.706832    
  4.270166     -8.781885    
  4.274271     -8.416208    
  4.278338     -8.680665    
  4.282367     -8.744754    
  4.286359     -8.755140    
  4.290314     -8.774592    
  4.294234     -8.786483    
  4.298119     -8.806676    
  4.301969     -8.822981    
  4.302056     -8.822865    
  4.306016     -8.837002    
  4.309939     -8.849864    
  4.313828     -8.989690    
  4.317682     -8.370105    
  4.321502     -8.152103    
  4.325289     -9.129896    
  4.329043     -8.919835    
  4.332765     -8.932549    
  4.332852     -8.932775    
  4.335453     -8.938996    
  4.338038     -8.940587    
  4.340608     -8.950586    
  4.343162     -8.901058    
  4.345702     -8.974286    
  4.348227     -8.983573    
  4.350737     -8.994974    
  4.353233     -9.005524    
  4.353320     -9.006264    
  4.356074     -9.014512    
  4.356161     -9.015889    
  4.357582     -9.013877    
  4.357669     -9.014270    
  4.360115     -9.028392    
  4.362547     -9.038189    
  4.362634     -9.037807    
  4.365286     -9.048187    
  4.367922     -9.051997    
  4.370542     -9.067893    
  4.373146     -9.056787    
  4.375735     -9.076873    
  4.378308     -9.093404    
  4.380867     -9.093542    
  4.383410     -9.110988    
  4.385938     -9.121066    
  4.388452     -8.941049    
  4.390952     -9.155610    
  4.393437     -9.142598    
  4.395908     -9.148727    
  4.398365     -9.167301    
  4.400808     -9.175092    
  4.403238     -9.182799    
  4.405653     -9.191173    
  4.408056     -9.195947    
  4.410445     -9.202870    
  4.412822     -9.200979    
  4.415185     -9.219961    
  4.417536     -9.233199    
  4.419874     -9.240315    
  4.422199     -9.211440    
  4.424512     -9.252792    
  4.426813     -9.262209    
  4.429102     -9.272732    
  4.431378     -9.280756    
  4.433643     -9.284382    
  4.435896     -9.281848    
  4.438138     -9.302702    
  4.440368     -9.311965    
  4.440455     -9.307873    
  4.442913     -9.297908    
  4.445357     -9.319021    
  4.447787     -9.341187    
  4.450204     -9.353791    
  4.452608     -9.311775    
  4.454999     -9.247844    
  4.457376     -9.417867    
  4.459740     -9.204278    
  4.462092     -9.387062    
  4.464431     -9.382279    
  4.466757     -9.406395    
  4.469071     -9.413731    
  4.471373     -9.420302    
  4.473663     -9.426434    
  4.475940     -9.438618    
  4.478206     -9.404315    
  4.512937     -9.535320    
  4.513024     -9.566284    
  4.514610     -9.572264    
  4.514697     -9.572126    
  4.515945     -9.576757    
  4.516032     -9.548423    
  4.585469     -9.826805    
  4.585556     -9.811676    
  4.648489     -9.994697    
  4.648576     -10.02299    
  4.649548     -10.03038    
  4.649635     -10.03175    
  4.649838     -10.03371    
  4.649925     -10.01774    
  4.709765     -10.20744    
  4.709852     -10.23452    
  4.765753     -10.39975    
  4.765822     -10.42660    
  4.765909     -10.41809    
  4.818480     -10.60526    
  4.818567     -10.58363    
  4.868094     -10.72291    
  4.868152     -10.75857    
  4.868214     -10.73134    
  4.915089     -10.93167    
  4.915176     -10.92247    
  4.959449     -11.06479    
  4.959536     -11.06103    
  4.959642     -11.05981    
  4.959729     -11.05575    
  5.002021     -11.15785    
  5.002108     -11.20874    
  5.041986     -11.33934    
  5.042072     -11.33450    
  5.042428     -11.33502    
  5.042515     -11.32404    
  5.081038     -11.45669    
  5.081125     -11.43521    
  5.117569     -11.57884    
  5.117655     -11.59315    
  5.118005     -11.59505    
  5.118092     -11.50482    
  5.153462     -11.72378    
  5.153549     -11.68960    
  5.187204     -11.81400    
  5.187290     -11.79584    
  5.187529     -11.79863    
  5.187616     -11.80045    
  5.251180     -11.97163    
  5.251266     -12.01102    
  5.251931     -12.01489    
  5.252018     -12.00476    
  5.311750     -12.18423    
  5.311837     -12.20190    
  5.311944     -12.19696    
  5.712950     -13.46934    
  5.917833     -14.10180    
  6.161415     -14.81692    
  6.430595     -15.58827    
  6.714779     -16.38431    
  7.007134     -17.19144    
  7.303761     -18.01253    
  7.602573     -18.84165    
  7.902489     -19.67541    
  8.202961     -20.51396    
  8.503712     -21.36475    
  8.804602     -22.24378    
  9.105563     -23.18931    
  9.406558     -24.31846    
  9.707570    -100.00000    
