 0.6989700     -101.9841    
 0.7243402     -101.3289    
 0.7483098     -101.0377    
 0.7710253     -100.7241    
 0.7926116     -100.6880    
 0.8328096     -100.9100    
 0.8696002     -101.6085    
 0.9035159     -102.8947    
 0.9349739     -104.2010    
 0.9643063    -100.00000    
 0.9917824     -104.5586    
 0.9918693     -105.9275    
  1.017734     -103.5580    
  1.042145     -103.0720    
  1.042232     -102.9133    
  1.060679     -102.5959    
  1.060766     -102.5526    
  1.080039     -102.3689    
  1.080126     -102.2203    
  1.098980     -102.2563    
  1.099067     -102.1570    
  1.116489     -102.1919    
  1.116576    -100.00000    
  1.132827     -49.58023    
  1.132914     -50.73926    
  1.147337    -100.00000    
  1.147424     -65.86798    
  1.177890    -100.00000    
  1.206358    -100.00000    
  1.233074    -100.00000    
  1.258242     -92.61268    
  1.258328    -100.00000    
  1.281053     -83.53734    
  1.281140    -100.00000    
  1.305129     -74.32196    
  1.305216    -100.00000    
  1.326885     -66.55180    
  1.326972     -19.79859    
  1.346664     -19.02521    
  1.346750     -26.62138    
  1.372011    -100.00000    
  1.372098    -100.00000    
  1.395435     -44.68187    
  1.395522    -100.00000    
  1.407231     -41.00564    
  1.407318    -100.00000    
  1.434239     -33.84207    
  1.434325    -100.00000    
  1.437957     -32.27333    
  1.438044     -32.16930    
  1.438732     -31.98662    
  1.438819     -17.55434    
  1.466567     -17.24818    
  1.466654    -100.00000    
  1.485460     -20.79334    
  1.485547    -100.00000    
  1.499937     -17.33180    
  1.500023     -16.85526    
  1.502811     -14.92000    
  1.502898     -15.74288    
  1.515152    -100.00000    
  1.515239     -15.31011    
  1.521830     -15.64804    
  1.521916     -13.97088    
  1.538911     -14.06260    
  1.538998     -16.20754    
  1.541754    -100.00000    
  1.541841    -100.00000    
  1.544410     -14.95506    
  1.544497     -13.82127    
  1.546755     -13.40864    
  1.546842     -14.03306    
  1.568094    -100.00000    
  1.568181     -20.55344    
  1.576102    -100.00000    
  1.576189     -22.20657    
  1.577032     -22.39842    
  1.577119     -22.62839    
  1.586189    -100.00000    
  1.586276     -24.44774    
  1.587530     -24.73954    
  1.587617     -25.09720    
  1.602078    -100.00000    
  1.602165    -100.00000    
  1.604747     -14.59436    
  1.604834     -12.06011    
  1.633100    -100.00000    
  1.633187     -17.86846    
  1.643761    -100.00000    
  1.643848     -20.24548    
  1.646889     -21.19448    
  1.646976     -21.10585    
  1.653070    -100.00000    
  1.653157     -22.86448    
  1.667964    -100.00000    
  1.668051     -26.42733    
  1.673067    -100.00000    
  1.673154     -28.04160    
  1.673452     -28.18141    
  1.673539    -100.00000    
  1.683736     -20.72977    
  1.683823     -21.58700    
  1.689301     -20.75874    
  1.689388     -20.62310    
  1.690173     -20.77597    
  1.690260     -20.66440    
  1.691919     -20.86965    
  1.692006    -100.00000    
  1.709636     -19.12129    
  1.709723     -19.23167    
  1.714748     -19.78922    
  1.714835     -19.68316    
  1.714933     -19.07319    
  1.717233     -18.86383    
  1.717320     -19.02710    
  1.717576     -19.09331    
  1.717663     -19.12593    
  1.718527     -19.49739    
  1.718614     -20.25641    
  1.721805     -19.39501    
  1.721892     -18.92411    
  1.725295     -18.95066    
  1.725382     -20.27087    
  1.730438     -18.50703    
  1.730525     -18.60241    
  1.731758     -18.43251    
  1.731845     -18.40477    
  1.732294     -18.44721    
  1.732381     -18.59116    
  1.735217     -18.38220    
  1.735304     -18.52022    
  1.744878     -18.15021    
  1.744965     -18.08694    
  1.746841     -18.47690    
  1.746929     -18.40261    
  1.747807     -18.44945    
  1.747894     -18.24895    
  1.753972     -17.88769    
  1.754058     -17.68797    
  1.756978     -18.00876    
  1.757065     -18.01581    
  1.762907     -17.92233    
  1.762994     -18.08032    
  1.763503     -18.08444    
  1.763590     -18.13201    
  1.765957     -18.40764    
  1.766044     -18.28572    
  1.768505     -18.30942    
  1.768592     -18.26118    
  1.776113     -17.94231    
  1.776200     -18.11570    
  1.776785     -18.05462    
  1.776872     -17.81237    
  1.781285     -17.74854    
  1.781372     -17.82728    
  1.781946     -17.95622    
  1.782033     -18.28405    
  1.786409     -17.39308    
  1.786495     -17.38750    
  1.788161     -17.60290    
  1.788248     -17.64849    
  1.789372     -17.70659    
  1.789459     -17.57376    
  1.792246     -17.28235    
  1.792333     -17.49571    
  1.800765     -17.38679    
  1.800851     -18.10596    
  1.806960     -17.90357    
  1.807047     -17.50371    
  1.809708     -18.31802    
  1.809795     -18.08956    
  1.810144     -18.13606    
  1.810231     -18.01969    
  1.814042     -18.59926    
  1.814129    -100.00000    
  1.834747     -17.16314    
  1.834834     -16.49162    
  1.836557     -17.19671    
  1.836644     -17.16018    
  1.838907     -16.92931    
  1.838994     -16.52707    
  1.840414     -17.11107    
  1.840501     -17.20624    
  1.842703     -17.32591    
  1.842790     -17.04765    
  1.844125     -17.70251    
  1.844212     -17.67866    
  1.857265     -17.18953    
  1.857352     -18.15322    
  1.859614     -17.23673    
  1.859700     -17.80274    
  1.868320     -17.03195    
  1.868407     -17.36677    
  1.870233     -17.58098    
  1.870320     -17.67625    
  1.871306     -17.08824    
  1.871393    -100.00000    
  1.872072     -16.41324    
  1.872158     -16.29383    
  1.873424     -16.33211    
  1.873511     -16.46881    
  1.880831     -17.01713    
  1.880918    -100.00000    
  1.887368     -15.70354    
  1.887455     -16.23794    
  1.893213     -15.80239    
  1.893300     -15.44980    
  1.899003     -16.13063    
  1.899090     -15.86432    
  1.905503     -15.71967    
  1.905590     -15.78652    
  1.905821     -15.83648    
  1.905908     -16.15421    
  1.911657     -15.54561    
  1.911744     -15.32256    
  1.912227     -15.45699    
  1.912313     -15.51752    
  1.913955     -15.48664    
  1.914042     -15.39759    
  1.924238     -14.93379    
  1.924325     -14.90708    
  1.925539     -15.03103    
  1.925626     -14.95465    
  1.926709     -14.99190    
  1.926796     -15.03060    
  1.926846     -15.03426    
  1.926932     -15.03650    
  1.927461     -15.08473    
  1.927548     -15.23577    
  1.930771     -14.86444    
  1.930858     -14.99223    
  1.933612     -14.60960    
  1.933699     -14.39386    
  1.936983     -14.44942    
  1.937070     -14.38178    
  1.938051     -14.31730    
  1.938138     -14.38110    
  1.940777     -14.22552    
  1.940864     -14.21383    
  1.941974     -14.08998    
  1.942061     -14.92439    
  1.953088     -13.30756    
  1.953175     -13.95363    
  1.955697     -13.06696    
  1.955784     -13.07109    
  1.959855     -12.83600    
  1.959942     -12.75738    
  1.963545     -12.69444    
  1.963632     -12.69151    
  1.972680     -12.01902    
  1.972767     -11.97768    
  1.974225     -11.81422    
  1.974312     -11.74200    
  1.974387     -11.74424    
  1.974474     -11.77845    
  1.977192     -11.55835    
  1.977279     -12.22178    
  1.992052     -10.74103    
  1.992139     -10.43413    
  1.992538     -10.41450    
  1.992625     -10.58906    
  1.994212     -10.42907    
  1.994299     -10.32526    
  1.994360     -10.30833    
  1.994447     -10.15115    
  1.996552     -10.58627    
  1.996639     -10.89816    
  1.997939     -12.27234    
  1.998026     -10.61579    
  2.000182     -10.57967    
  2.000268     -10.46047    
  2.002574    -100.00000    
  2.002661    -100.00000    
  2.004835     -10.72094    
  2.004922     -10.37033    
  2.007421     -10.48551    
  2.007508    -100.00000    
  2.009100     -11.22404    
  2.009187     -12.53074    
  2.009352     -11.97279    
  2.009439     -11.40347    
  2.009543     -11.15921    
  2.017372    -100.00000    
  2.017459    -100.00000    
  2.019860     -10.69244    
  2.019947     -10.40760    
  2.026471    -100.00000    
  2.026558     -10.15368    
  2.028108     -10.38945    
  2.028195     -10.50743    
  2.031137     -10.41861    
  2.031224    -100.00000    
  2.035128    -100.00000    
  2.035214    -100.00000    
  2.036585     -10.08122    
  2.036672     -5.439602    
  2.045106     -5.866952    
  2.053379     -6.108710    
  2.053466     -5.805193    
  2.061043     -5.284836    
  2.061130     -5.136431    
  2.067104    -100.00000    
  2.067191     -6.301457    
  2.068339     -6.222541    
  2.068426     -6.716889    
  2.074002     -5.180207    
  2.074089     -5.365668    
  2.076209    -100.00000    
  2.076296    -100.00000    
  2.076824     -6.416889    
  2.076911     -6.304281    
  2.077291     -6.084465    
  2.077378     -5.000167    
  2.081631     -5.132248    
  2.081718     -4.918578    
  2.090954     -5.040722    
  2.091041     -5.588240    
  2.095729     -4.170487    
  2.095816     -4.920603    
  2.097304     -4.095924    
  2.097391     -4.282638    
  2.100294     -4.930103    
  2.100380     -6.133555    
  2.100528     -5.168339    
  2.100615     -4.532597    
  2.101519     -3.899813    
  2.101605     -3.884257    
  2.104539     -4.364429    
  2.104626    -100.00000    
  2.105570     -4.488360    
  2.105657     -4.115313    
  2.106101     -4.834724    
  2.106187     -4.787699    
  2.107298     -4.658321    
  2.107385     -4.337121    
  2.107538     -4.471860    
  2.107625    -100.00000    
  2.110312     -4.044593    
  2.110399     -4.700333    
  2.111508     -4.287381    
  2.111595     -4.105367    
  2.111941     -3.995839    
  2.112028     -4.307532    
  2.118960    -100.00000    
  2.119047    -100.00000    
  2.124229     -4.030046    
  2.124316     -4.171812    
  2.124942     -4.275222    
  2.125029     -4.157050    
  2.125725     -4.681863    
  2.125812     -4.916222    
  2.126973     -4.603784    
  2.127060     -4.242189    
  2.127658     -6.303745    
  2.127745     -4.393440    
  2.129084     -4.015637    
  2.129171     -4.019994    
  2.130872     -4.008491    
  2.130959     -3.795926    
  2.131986    -100.00000    
  2.132073     -4.885383    
  2.137486     -4.625297    
  2.137573     -4.441189    
  2.137863     -4.438121    
  2.137949     -4.194694    
  2.141450     -4.880570    
  2.141537     -5.045606    
  2.141651     -5.412447    
  2.141738    -100.00000    
  2.145467     -4.224903    
  2.145554     -4.372704    
  2.150293    -100.00000    
  2.150380     -4.977410    
  2.150508     -4.904425    
  2.154246     -5.290370    
  2.154333     -4.540126    
  2.156640    -100.00000    
  2.156727     -4.737901    
  2.156827     -4.693548    
  2.158942     -4.082276    
  2.159028     -4.269535    
  2.168055    -100.00000    
  2.168141     -5.235002    
  2.171576     -5.558269    
  2.171663     -4.893966    
  2.177080     -4.727283    
  2.177167     -6.375583    
  2.177604    -100.00000    
  2.177690     -6.945723    
  2.181731     -5.872554    
  2.181818     -4.939716    
  2.184881     -4.711205    
  2.184967     -4.766251    
  2.188445     -5.179804    
  2.188532     -5.462222    
  2.189637     -5.549205    
  2.189724     -5.343452    
  2.191670     -5.456751    
  2.191757     -4.942781    
  2.202361     -4.720460    
  2.202448     -4.760230    
  2.209411     -4.643935    
  2.209498     -4.698358    
  2.209936     -4.476202    
  2.210023     -4.539499    
  2.213352     -5.272171    
  2.213439     -4.608615    
  2.217445     -5.390703    
  2.217532     -5.252828    
  2.217837     -5.248187    
  2.217924     -5.118000    
  2.218030     -4.998742    
  2.218315     -4.904877    
  2.218402     -4.811074    
  2.218688     -5.769041    
  2.218775     -6.046537    
  2.221924     -5.368204    
  2.222011     -5.126225    
  2.231931     -4.859735    
  2.232018     -5.016947    
  2.234632     -4.944227    
  2.234695     -4.654963    
  2.234781     -5.155419    
  2.239617     -5.927572    
  2.239704     -5.284606    
  2.242429     -4.543698    
  2.242516     -4.522444    
  2.245345     -4.796869    
  2.245432     -5.221381    
  2.250721     -4.827865    
  2.250808     -4.614044    
  2.252069     -4.763925    
  2.252156     -4.610823    
  2.255687     -4.683960    
  2.259191     -4.763833    
  2.259278     -4.513909    
  2.260545     -5.488028    
  2.260632     -5.166969    
  2.263836     -4.798715    
  2.267016     -4.700811    
  2.267103     -5.695169    
  2.270490     -4.630143    
  2.270577     -4.888046    
  2.271628     -5.252380    
  2.271715     -4.882955    
  2.271807     -4.765713    
  2.271894     -4.716509    
  2.273319     -4.585768    
  2.273406     -4.473562    
  2.275710     -4.943791    
  2.275797     -4.453488    
  2.278310     -4.720254    
  2.280809     -4.512410    
  2.280896     -4.569355    
  2.281369     -4.590035    
  2.281456     -4.601438    
  2.282921     -4.619855    
  2.283008     -4.689565    
  2.283804     -4.902334    
  2.283891     -4.471246    
  2.284781     -4.224078    
  2.284868     -4.806780    
  2.285091    -100.00000    
  2.285178     -6.261885    
  2.285231     -6.367075    
  2.285318    -100.00000    
  2.286288     -4.311163    
  2.286375     -4.138086    
  2.287075     -3.896149    
  2.287162     -3.898374    
  2.289257     -4.368748    
  2.291343     -4.616538    
  2.291430     -4.301634    
  2.293524     -4.665333    
  2.295609     -4.096607    
  2.295696     -4.479059    
  2.297128     -4.136329    
  2.297214     -4.004345    
  2.297982     -4.051910    
  2.298069     -4.124076    
  2.299703     -4.444002    
  2.301330     -4.098375    
  2.301417     -4.084009    
  2.302809     -5.111267    
  2.304196     -4.235659    
  2.305579     -4.128827    
  2.306958     -4.228269    
  2.307045     -4.567042    
  2.308274     -5.144929    
  2.308361     -4.392997    
  2.309467     -4.503121    
  2.310569     -4.100694    
  2.311669     -4.143882    
  2.312767     -4.205222    
  2.312854     -4.187755    
  2.313586     -4.050898    
  2.313673     -4.011499    
  2.314517     -4.335170    
  2.314604     -4.269113    
  2.314729     -5.057367    
  2.314817    -100.00000    
  2.315597     -5.036148    
  2.315684     -4.447296    
  2.316612     -4.637995    
  2.317538     -4.533822    
  2.318463     -4.129985    
  2.319385     -4.097626    
  2.320305     -4.062364    
  2.321224     -4.082061    
  2.322140     -4.170172    
  2.323055     -4.016742    
  2.323141     -4.003021    
  2.324253     -4.449291    
  2.324340     -4.191898    
  2.325648     -4.134656    
  2.325735     -4.160454    
  2.326487     -5.271856    
  2.327238     -5.532934    
  2.327987     -4.554593    
  2.328735     -4.103712    
  2.329482     -4.011519    
  2.330227     -4.171221    
  2.330971     -4.308604    
  2.331714     -3.908869    
  2.331801     -3.909640    
  2.331944     -3.900416    
  2.332031     -3.838102    
  2.333101    -100.00000    
  2.333188     -4.926610    
  2.333638     -4.168295    
  2.333725     -4.035780    
  2.334874     -3.914482    
  2.336020     -3.862368    
  2.337163     -3.837804    
  2.338303     -4.333375    
  2.338390     -4.083416    
  2.339301     -3.871070    
  2.339388     -3.974339    
  2.340254     -4.035632    
  2.341118     -3.913008    
  2.341191     -3.910781    
  2.341278     -3.910940    
  2.341370     -3.915679    
  2.341472     -3.919243    
  2.342517     -3.887194    
  2.342604     -3.927123    
  2.343168     -4.784750    
  2.343730     -4.455450    
  2.344292     -4.110251    
  2.344853     -3.947428    
  2.344940     -3.834001    
  2.345941     -3.970631    
  2.346441     -4.036388    
  2.346940     -3.959515    
  2.347438     -3.945211    
  2.347936    -100.00000    
  2.348434     -5.001736    
  2.348930     -4.438186    
  2.349017     -4.430995    
  2.349687     -4.224590    
  2.350356     -4.101432    
  2.350443     -4.143519    
  2.351314     -4.547521    
  2.352184     -4.050809    
  2.352270     -4.036635    
  2.352846     -3.851742    
  2.353421     -3.964412    
  2.353508     -3.998760    
  2.353983     -4.103295    
  2.354070     -4.038476    
  2.354494     -3.910153    
  2.354917     -3.826113    
  2.355340     -3.848346    
  2.355762     -3.965650    
  2.355849     -3.954095    
  2.356520     -3.872039    
  2.357189     -3.800889    
  2.357276     -3.846152    
  2.357498     -3.848192    
  2.357582     -3.849743    
  2.357669     -3.755922    
  2.362936     -3.822736    
  2.363023     -3.930752    
  2.368963     -4.054757    
  2.369050     -4.234165    
  2.373546     -3.507636    
  2.373633     -3.613759    
  2.374597     -3.534715    
  2.374684     -3.881023    
  2.376702     -3.921165    
  2.376789     -4.074626    
  2.381401     -3.498347    
  2.381488     -3.509797    
  2.381574     -3.488320    
  2.381660     -3.472238    
  2.383081     -3.542829    
  2.383168     -3.482048    
  2.387126     -4.350010    
  2.387213     -3.568049    
  2.387778     -3.576080    
  2.387865     -3.925837    
  2.397727     -3.537841    
  2.397814     -3.621938    
  2.403706     -3.645808    
  2.403793     -3.595051    
  2.409345     -4.032044    
  2.409431     -4.378556    
  2.409967     -3.740752    
  2.410054     -3.668424    
  2.411603     -3.281672    
  2.411690     -3.283625    
  2.412778     -3.312973    
  2.412865     -3.332849    
  2.413098     -3.360441    
  2.413185     -3.347783    
  2.414109     -3.673693    
  2.414195     -4.322840    
  2.415338     -3.936999    
  2.415425     -3.621930    
  2.419545     -3.566455    
  2.419632     -4.053136    
  2.422480     -3.467661    
  2.422566     -3.487280    
  2.424108     -3.668390    
  2.424195     -3.651331    
  2.428391     -3.635160    
  2.428478     -3.692479    
  2.429013     -3.656004    
  2.429100     -3.651696    
  2.429244     -3.649557    
  2.429331     -3.642617    
  2.432147     -3.715451    
  2.432234     -3.742643    
  2.434375     -3.962041    
  2.434462     -3.782104    
  2.434951     -3.800464    
  2.435038     -3.706881    
  2.435182     -3.646538    
  2.435269     -3.626624    
  2.435570     -3.646209    
  2.435657     -3.811648    
  2.437397     -3.727742    
  2.437484     -3.668906    
  2.438099     -3.656541    
  2.438186     -3.661183    
  2.440535     -3.745089    
  2.440622     -3.675975    
  2.441592     -3.645385    
  2.441679     -3.598833    
  2.443115     -3.905775    
  2.443202     -3.838095    
  2.446266     -3.784252    
  2.446353     -4.106129    
  2.447958     -3.726321    
  2.448045     -3.841794    
  2.448133     -3.935045    
  2.448892     -4.038548    
  2.448979     -3.999909    
  2.450924     -3.666199    
  2.451011     -3.714533    
  2.454202     -3.673875    
  2.454289     -3.665979    
  2.456026     -3.706517    
  2.456113     -3.704302    
  2.461170     -3.761433    
  2.461257    -100.00000    
  2.463251     -3.597570    
  2.463338     -3.512080    
  2.464468     -3.488187    
  2.464555     -3.530650    
  2.466286     -3.623798    
  2.466372     -3.583856    
  2.467492     -3.611378    
  2.467579     -3.651062    
  2.467685     -3.668436    
  2.467772     -3.679550    
  2.470538     -3.695469    
  2.470625     -3.729988    
  2.470751     -3.723069    
  2.471828     -3.930977    
  2.471915     -4.064262    
  2.473313     -4.316129    
  2.473400     -3.933804    
  2.476442     -3.529705    
  2.476529     -3.615484    
  2.476628     -3.616127    
  2.476715     -3.613905    
  2.478943     -3.775031    
  2.479030     -3.738598    
  2.480895     -3.809459    
  2.480982     -3.706763    
  2.482813     -4.719612    
  2.482900    -100.00000    
  2.483465     -3.474287    
  2.483551     -3.387744    
  2.483824     -3.245878    
  2.483911     -3.213157    
  2.484268     -3.107970    
  2.484355     -3.088304    
  2.484517     -3.057522    
  2.484589     -3.047422    
  2.484656     -3.039090    
  2.484743     -3.001747    
  2.486424     -3.069496    
  2.486511     -3.124385    
  2.490779     -3.688212    
  2.490866     -3.578846    
  2.490956     -3.586353    
  2.491043     -3.593379    
  2.491443     -3.606435    
  2.491530     -3.618757    
  2.492836     -3.739439    
  2.492923     -3.753635    
  2.493176     -3.769357    
  2.493263     -3.681924    
  2.495735    -100.00000    
  2.495822     -3.804067    
  2.496605     -3.437956    
  2.496692     -3.412598    
  2.497050     -3.334207    
  2.497137     -3.310824    
  2.498024     -3.306457    
  2.498111     -3.298229    
  2.500649     -3.549786    
  2.500736     -3.640122    
  2.503920     -3.793527    
  2.504007     -3.722459    
  2.504069     -3.711566    
  2.504156     -3.680525    
  2.506403     -3.769028    
  2.506490     -3.767103    
  2.506598     -3.773358    
  2.506685     -3.778633    
  2.506857     -3.790249    
  2.506943     -3.797447    
  2.507203     -3.821320    
  2.507290     -3.854454    
  2.511107     -3.849014    
  2.511194     -3.845066    
  2.511697     -3.876162    
  2.511784     -3.896463    
  2.512876     -3.887821    
  2.512963     -3.884782    
  2.513523     -3.879936    
  2.513610     -3.923694    
  2.515498     -3.863889    
  2.515585     -3.841164    
  2.515719     -3.838815    
  2.515805     -3.837609    
  2.515872     -3.836838    
  2.515959     -3.836129    
  2.516021     -3.835863    
  2.516107     -3.835446    
  2.516706     -3.841413    
  2.516793     -3.844274    
  2.517769     -3.837038    
  2.517856     -3.835724    
  2.517941     -3.835538    
  2.518028     -3.835526    
  2.518445     -3.836135    
  2.518532     -3.835892    
  2.518680     -3.835672    
  2.518767     -3.875686    
  2.521283     -3.875104    
  2.523785     -3.883099    
  2.523871     -3.901282    
  2.524535     -3.908978    
  2.524622     -3.902729    
  2.526468     -3.858863    
  2.526555     -3.863789    
  2.527825     -3.885561    
  2.527912     -3.866515    
  2.530010     -3.974931    
  2.530097     -3.921985    
  2.532615     -3.819177    
  2.532701     -3.844342    
  2.535293     -3.981504    
  2.535380     -3.926326    
  2.536082     -3.952502    
  2.536169     -4.000173    
  2.539337     -4.003571    
  2.539424     -4.226749    
  2.543132     -3.820004    
  2.546808     -3.900270    
  2.546895     -3.903362    
  2.547076     -3.906853    
  2.547163     -3.909040    
  2.547329     -3.913246    
  2.547416     -3.915182    
  2.547523     -3.907883    
  2.551049     -3.951182    
  2.551118     -3.960005    
  2.551204     -3.961816    
  2.551316     -3.964296    
  2.551403     -4.020095    
  2.554923     -4.491517    
  2.558382     -3.591758    
  2.558469     -3.685999    
  2.558869     -3.702904    
  2.558956     -3.697281    
  2.561154     -3.912264    
  2.561240     -3.933031    
  2.561557     -3.921370    
  2.561644     -3.967878    
  2.564817     -4.394875    
  2.564904     -3.940342    
  2.567815     -3.895333    
  2.570708     -4.004410    
  2.570794     -3.897195    
  2.571315     -3.888284    
  2.571402     -3.893336    
  2.571490     -3.896304    
  2.571576     -3.899607    
  2.572470     -3.943789    
  2.572557     -3.931565    
  2.576787     -4.094113    
  2.580976     -4.008467    
  2.581063     -4.096427    
  2.582880     -4.000508    
  2.582967     -4.001820    
  2.583821     -4.002938    
  2.583908     -4.091981    
  2.584933     -5.819558    
  2.585020     -4.499075    
  2.586210     -3.393619    
  2.586262     -3.390075    
  2.586349     -3.283344    
  2.588885     -3.297198    
  2.588972     -3.353129    
  2.590598     -3.581498    
  2.590685     -3.616188    
  2.593482     -3.889297    
  2.596260     -3.990182    
  2.596347     -3.994482    
  2.597094     -4.018225    
  2.597181     -4.019368    
  2.597646     -4.027672    
  2.597733     -4.025463    
  2.600152     -4.022069    
  2.600239     -4.029627    
  2.601008     -4.046412    
  2.601094     -3.980397    
  2.604131     -5.070443    
  2.607145     -3.735129    
  2.607232     -3.791030    
  2.607324     -3.794467    
  2.607480     -3.801681    
  2.607567     -3.806201    
  2.607898     -3.822388    
  2.607985     -3.825025    
  2.608789     -3.882711    
  2.608876     -3.889624    
  2.609811     -3.934331    
  2.609898     -3.946338    
  2.612121     -4.000728    
  2.614332     -4.018469    
  2.614419     -4.046250    
  2.615617     -4.066807    
  2.615704     -4.065702    
  2.616177     -4.068126    
  2.616264     -4.066194    
  2.617793     -4.099629    
  2.617880     -4.183777    
  2.620859    -100.00000    
  2.620946     -3.968075    
  2.623214     -4.079032    
  2.625471     -3.548177    
  2.625557     -3.552356    
  2.626297     -3.464679    
  2.626384     -3.436432    
  2.629798     -3.825271    
  2.633186     -4.056863    
  2.633273     -4.050137    
  2.634349     -4.091716    
  2.634435     -4.089728    
  2.634827     -4.128797    
  2.634914     -4.273368    
  2.636215     -4.133507    
  2.636302     -4.182583    
  2.637231     -4.224381    
  2.637318     -4.253390    
  2.639844     -4.446791    
  2.642355     -3.884048    
  2.642442     -3.928583    
  2.644205     -4.226689    
  2.644292     -4.609866    
  2.644578     -4.628323    
  2.644665     -4.692813    
  2.646436     -4.130699    
  2.646523     -4.081562    
  2.648315     -4.044272    
  2.648402     -4.068454    
  2.648476     -4.071078    
  2.648563     -4.073926    
  2.649502     -4.112415    
  2.649589     -4.112759    
  2.650015     -4.129545    
  2.650101     -4.074281    
  2.652023     -4.411971    
  2.652110     -4.358127    
  2.653477     -3.883880    
  2.653564     -3.863664    
  2.653758     -3.845827    
  2.653845     -3.812930    
  2.656371     -4.192301    
  2.656458     -4.863064    
  2.657291     -4.682006    
  2.657378     -4.720217    
  2.659033     -4.009533    
  2.660682     -4.044698    
  2.660769     -4.065233    
  2.662838     -4.178244    
  2.662925     -4.191083    
  2.664361     -4.168406    
  2.664448     -4.155285    
  2.664909     -4.157563    
  2.664996     -4.153055    
  2.667441     -4.256441    
  2.668659     -5.053334    
  2.669873     -4.257102    
  2.669960     -4.118587    
  2.671570     -4.089104    
  2.673175     -4.121441    
  2.674773     -4.164810    
  2.676365     -4.198358    
  2.676452     -4.192493    
  2.677193     -4.192249    
  2.677280     -4.194168    
  2.678402     -4.206143    
  2.679522     -4.223906    
  2.680638     -4.229149    
  2.681752     -4.248337    
  2.681839     -4.155950    
  2.682994     -5.020909    
  2.684147     -4.891453    
  2.684233     -4.558973    
  2.684319     -4.459302    
  2.684406     -4.305023    
  2.685617     -4.039292    
  2.685704     -4.063164    
  2.685988     -4.061043    
  2.686075     -4.060008    
  2.687275     -4.064010    
  2.688471     -4.153894    
  2.689665     -4.114074    
  2.690854     -4.152973    
  2.690941     -4.157338    
  2.691662     -4.180394    
  2.692382     -4.189777    
  2.693100     -4.204458    
  2.693817     -4.224257    
  2.693904     -4.225714    
  2.694490     -4.238722    
  2.695075     -4.254112    
  2.695162     -4.255291    
  2.695331     -4.258037    
  2.695418     -4.259394    
  2.696036     -4.267908    
  2.696123     -4.269820    
  2.697045     -4.266646    
  2.697132     -4.204560    
  2.697891     -4.644715    
  2.698648     -4.385283    
  2.698717     -4.309286    
  2.698803     -4.284411    
  2.699667     -3.992467    
  2.700098     -3.892857    
  2.700529     -3.868113    
  2.700616     -3.871966    
  2.701097     -3.900450    
  2.701577     -3.943515    
  2.702057     -3.988204    
  2.702537     -4.037922    
  2.702610     -4.046237    
  2.702697     -4.067461    
  2.704230     -4.193101    
  2.704317     -4.176985    
  2.704748     -4.179144    
  2.704835     -4.178114    
  2.706154     -4.190153    
  2.706241     -4.198353    
  2.706290     -4.200651    
  2.706377     -4.184886    
  2.707629     -4.414008    
  2.707716     -4.376948    
  2.709271     -4.287709    
  2.709358     -4.285668    
  2.709449     -4.279843    
  2.709536     -4.274679    
  2.709681     -4.267805    
  2.709768     -4.264907    
  2.709828     -4.263357    
  2.709915     -4.261848    
  2.710033     -4.261173    
  2.710119     -4.257928    
  2.713272     -4.294463    
  2.716402     -4.560970    
  2.716489     -4.660294    
  2.718816     -3.874346    
  2.718903     -3.929645    
  2.720712     -4.082936    
  2.720799     -4.094758    
  2.721478     -4.169282    
  2.721565     -4.175127    
  2.721792     -4.193882    
  2.721879     -4.213012    
  2.725251     -4.346177    
  2.725338     -4.291822    
  2.727078     -4.117034    
  2.727165     -4.136199    
  2.730036     -4.339141    
  2.730123     -4.145738    
  2.733151     -3.845541    
  2.733238     -3.947738    
  2.733842     -4.005872    
  2.733929     -4.182927    
  2.737074     -4.195020    
  2.737161     -4.227803    
  2.737825     -4.264517    
  2.737912     -4.274108    
  2.740300     -4.327335    
  2.740387     -4.327849    
  2.741710     -4.343924    
  2.741797     -4.252479    
  2.744319     -5.105266    
  2.746826     -4.164829    
  2.746913     -4.239791    
  2.748474     -4.330975    
  2.748561     -5.292439    
  2.752296     -4.208395    
  2.752383     -4.086476    
  2.754509     -4.210214    
  2.754596     -4.236077    
  2.754850     -4.261945    
  2.754937     -4.273379    
  2.755686     -4.323753    
  2.755773     -4.322345    
  2.755894     -4.837996    
  2.758471     -4.632771    
  2.758558     -4.322126    
  2.759027     -4.281953    
  2.759113     -4.284177    
  2.759268     -4.283034    
  2.759355     -4.283545    
  2.759981     -4.279634    
  2.760067     -4.276326    
  2.760747     -4.288027    
  2.760833     -4.303477    
  2.762305     -4.343907    
  2.762392     -4.341512    
  2.763491     -4.350254    
  2.763577     -4.356183    
  2.764577     -4.355250    
  2.764664     -4.356762    
  2.765524     -4.352264    
  2.765611     -4.352677    
  2.767568     -4.430840    
  2.767655     -4.442360    
  2.768842     -4.482931    
  2.768929     -4.484051    
  2.771196     -4.531369    
  2.771283     -4.517485    
  2.771358     -4.514564    
  2.771445     -4.488380    
  2.773649     -4.502552    
  2.775841     -4.476960    
  2.775928     -4.453239    
  2.777541     -4.406460    
  2.777628     -4.393791    
  2.778824     -4.424968    
  2.778910     -4.506807    
  2.782300     -4.374003    
  2.782387     -4.366745    
  2.783749     -4.442806    
  2.783836     -4.720543    
  2.787507     -4.362842    
  2.787594     -4.371235    
  2.790506     -4.494245    
  2.793400     -4.556985    
  2.796274     -4.611601    
  2.799129     -4.908278    
  2.799216    -100.00000    
  2.799875     -5.435550    
  2.799961     -4.923802    
  2.800228     -4.533551    
  2.800315     -4.278242    
  2.802759     -4.060579    
  2.805189     -4.310083    
  2.805276     -4.345192    
  2.807759     -4.717474    
  2.810229     -4.458157    
  2.810316     -4.510249    
  2.813524     -4.614352    
  2.813611     -4.601787    
  2.814474     -4.633904    
  2.814561     -4.639465    
  2.817018     -4.665724    
  2.817105     -4.653367    
  2.819648     -4.700927    
  2.822177     -4.582771    
  2.822264     -4.422479    
  2.826003     -4.562605    
  2.826090     -4.596653    
  2.829167     -4.661752    
  2.829254     -4.660507    
  2.829613     -4.676109    
  2.829700     -4.697787    
  2.832781     -4.748801    
  2.832867     -4.714961    
  2.832995     -4.709078    
  2.833082     -4.783516    
  2.836249     -4.471321    
  2.836336     -4.349663    
  2.839377     -4.360727    
  2.839464     -4.412498    
  2.840558     -4.509614    
  2.840645     -4.527178    
  2.842706     -4.616138    
  2.842793     -4.604855    
  2.843374     -4.633076    
  2.843461     -4.637863    
  2.843577     -4.643060    
  2.843663     -4.647983    
  2.844722     -4.678873    
  2.844809     -4.675955    
  2.845992     -4.707103    
  2.846079     -4.713329    
  2.846320     -4.716602    
  2.846407     -4.716201    
  2.846929     -4.710439    
  2.847016     -4.710466    
  2.850284     -4.763721    
  2.850371     -4.747782    
  2.851272     -4.754303    
  2.851359     -4.755532    
  2.851605     -4.758054    
  2.851692     -4.791754    
  2.853657     -4.678564    
  2.853744     -4.585629    
  2.856721     -4.657465    
  2.856808     -4.706491    
  2.859953     -4.740545    
  2.863077     -4.780679    
  2.863164     -4.795279    
  2.864011     -4.767235    
  2.864097     -4.735111    
  2.864929     -4.555632    
  2.865016     -4.433292    
  2.868335     -4.545402    
  2.868422     -4.632271    
  2.870319     -4.732807    
  2.870406     -4.725720    
  2.871477     -4.756462    
  2.871560     -4.755070    
  2.871647     -4.755673    
  2.871746     -4.756289    
  2.871833     -4.771012    
  2.875793     -4.810299    
  2.879716     -4.790977    
  2.879803     -4.792664    
  2.880314     -4.797605    
  2.880401     -5.307174    
  2.882313     -5.321455    
  2.882400     -4.840600    
  2.882670     -4.716933    
  2.882757     -4.607946    
  2.885708     -4.593278    
  2.885795     -4.629338    
  2.887555     -4.761353    
  2.887642     -4.910937    
  2.891964     -4.511342    
  2.892051     -4.427180    
  2.893704     -4.517871    
  2.893791     -4.536489    
  2.894071     -4.562083    
  2.894158     -4.572357    
  2.895095     -4.654670    
  2.895182     -4.596297    
  2.897787     -5.444128    
  2.897874     -4.798732    
  2.900589     -4.755684    
  2.900676     -4.794225    
  2.904168     -4.734725    
  2.904255     -4.614729    
  2.905026     -4.525262    
  2.905113     -4.471360    
  2.908003     -4.591264    
  2.908090     -4.632562    
  2.908185     -4.640382    
  2.908477     -4.662835    
  2.908564     -4.672328    
  2.909361     -4.707682    
  2.909448     -4.704415    
  2.910383     -4.742274    
  2.910470     -4.748886    
  2.911970     -4.835574    
  2.912057     -4.833845    
  2.914427     -4.876813    
  2.916785     -4.912417    
  2.916872     -4.912084    
  2.917171     -4.916462    
  2.917258     -4.921749    
  2.920236     -4.931167    
  2.920323     -4.928866    
  2.920418     -4.927231    
  2.922032     -4.920882    
  2.922118     -4.925469    
  2.925029     -4.915105    
  2.925116     -4.907992    
  2.925353     -4.902431    
  2.925440     -4.900411    
  2.925683     -4.894213    
  2.925770     -4.891751    
  2.925849     -4.889461    
  2.925936     -4.877541    
  2.927554     -4.865802    
  2.927641     -4.878342    
  2.927759     -4.881038    
  2.927950     -4.884600    
  2.928037     -4.881356    
  2.929127     -4.897129    
  2.929213     -4.897799    
  2.929524     -4.902353    
  2.929611     -4.903817    
  2.930245     -4.915968    
  2.930332     -4.916471    
  2.930644     -4.919898    
  2.930731     -4.920868    
  2.931247     -4.930507    
  2.931334     -4.933438    
  2.932296     -4.940828    
  2.932383     -4.941166    
  2.934646     -4.930129    
  2.934733     -4.932846    
  2.935353     -4.937652    
  2.935440     -4.938219    
  2.939332     -4.966110    
  2.939418     -4.963834    
  2.943758     -4.948603    
  2.943845     -4.934224    
  2.944467     -4.926970    
  2.944554     -4.927431    
  2.945191     -4.931428    
  2.945278     -4.932472    
  2.946273     -4.947524    
  2.946360     -4.949477    
  2.946687     -4.951843    
  2.946774     -4.945494    
  2.949861     -4.931831    
  2.949948     -4.936257    
  2.950064     -4.937057    
  2.950137     -4.937894    
  2.950211     -4.939349    
  2.950298     -4.941458    
  2.950637     -4.971500    
  2.950724     -4.980098    
  2.950770     -4.983353    
  2.950857     -4.992106    
  2.951287     -4.989054    
  2.951374     -4.968223    
  2.952601     -4.923405    
  2.952688     -4.928090    
  2.952960     -4.925717    
  2.953047     -4.925107    
  2.953706     -4.922997    
  2.953793     -4.922372    
  2.954344     -4.937889    
  2.954431     -4.947161    
  2.955685     -4.975187    
  2.955739     -4.972369    
  2.955826     -4.972945    
  2.956162     -4.975064    
  2.956249     -4.975865    
  2.956346     -4.976860    
  2.956433     -4.977681    
  2.956797     -4.980914    
  2.956884     -4.981753    
  2.956929     -4.982178    
  2.957016     -4.984706    
  2.958622     -4.988183    
  2.958708     -4.985981    
  2.958913     -4.984699    
  2.959000     -4.984185    
  2.959196     -4.983930    
  2.959283     -4.984160    
  2.959385     -4.984439    
  2.959471     -4.985128    
  2.959520     -4.986496    
  2.959575     -4.991050    
  2.959642     -5.011626    
  2.959686     -5.232789    
  2.960694     -5.519560    
  2.960781     -5.289033    
  2.961021     -5.180428    
  2.961108     -5.148903    
  2.961209     -5.002930    
  2.963780     -4.841674    
  2.963867     -4.926007    
  2.966863     -5.038449    
  2.969838     -5.049670    
  2.972793     -5.022424    
  2.975728     -5.013640    
  2.975815     -5.017401    
  2.976171     -5.024741    
  2.976258     -5.048119    
  2.979351     -4.562001    
  2.982423     -4.779067    
  2.982509     -4.817037    
  2.982872     -4.848235    
  2.982959     -4.857033    
  2.985659     -5.017080    
  2.988343     -5.246502    
  2.991011     -4.955727    
  2.993662     -5.094572    
  2.996297     -5.162430    
  2.998916     -5.009854    
  3.001519     -5.075747    
  3.004107     -5.138742    
  3.004194     -5.111962    
  3.007954     -5.228578    
  3.008041     -5.262579    
  3.011581     -5.052138    
  3.015092     -5.439782    
  3.018574     -4.708071    
  3.022029     -5.089512    
  3.022116     -5.033644    
  3.025489     -5.128286    
  3.025575     -5.132574    
  3.029166     -5.242643    
  3.032728     -5.339198    
  3.036260     -5.088928    
  3.039764     -4.823717    
  3.043240     -5.371267    
  3.046688     -4.778163    
  3.050109     -4.979560    
  3.053504     -5.323202    
  3.053591     -5.361129    
  3.056570     -4.803127    
  3.059529     -5.095723    
  3.059616     -5.137596    
  3.061712     -5.273748    
  3.061799     -5.270756    
  3.061872     -5.275712    
  3.061959     -5.280436    
  3.062919     -5.376391    
  3.063006     -5.350522    
  3.065043     -5.354143    
  3.065130     -5.358140    
  3.067491     -5.417480    
  3.067578     -5.503850    
  3.069763     -4.758436    
  3.071937     -4.738327    
  3.072024     -4.791882    
  3.074321     -5.130656    
  3.074408     -5.114248    
  3.077730     -5.321430    
  3.081028     -5.182632    
  3.081115     -5.164044    
  3.083823     -5.522398    
  3.086515     -4.680338    
  3.089190     -4.769347    
  3.091849     -5.188730    
  3.091936     -5.045581    
  3.093217     -5.063085    
  3.093303     -5.077951    
  3.096155     -5.351569    
  3.096242     -5.360167    
  3.099969     -5.503590    
  3.100056     -5.499116    
  3.102484     -5.538589    
  3.102571     -5.542536    
  3.104805     -5.561486    
  3.104892     -5.561134    
  3.105931     -5.565429    
  3.106018     -5.566659    
  3.106079     -5.566831    
  3.106166     -5.565774    
  3.106856     -5.564535    
  3.106943     -5.587259    
  3.109794     -5.511545    
  3.109881     -5.434859    
  3.110486     -5.326018    
  3.110573     -5.279913    
  3.112005     -5.225868    
  3.112092     -5.254855    
  3.112365     -5.269827    
  3.112452     -5.279209    
  3.114687     -5.426706    
  3.114774     -5.420331    
  3.114901     -5.426723    
  3.114988     -5.437369    
  3.117740     -5.535973    
  3.117827     -5.527985    
  3.118223     -5.534739    
  3.118310     -5.577865    
  3.122171     -5.412958    
  3.125997     -5.567524    
  3.126084     -5.547402    
  3.127687     -5.563980    
  3.127774     -5.566604    
  3.131268     -5.597876    
  3.131355     -5.546982    
  3.133775     -5.246879    
  3.136182     -5.355643    
  3.136269     -5.691154    
  3.138689     -5.349175    
  3.141096     -5.191150    
  3.143489     -5.416084    
  3.145869     -5.582015    
  3.145956     -5.562207    
  3.146758     -5.587277    
  3.146845     -5.588788    
  3.149072     -5.632291    
  3.151287     -5.640356    
  3.151374     -5.654741    
  3.153068     -5.650770    
  3.153155     -5.635826    
  3.153248     -5.632541    
  3.153335     -5.629432    
  3.153381     -5.627745    
  3.153425     -5.626057    
  3.153479     -5.602686    
  3.156074     -5.582840    
  3.156161     -5.576046    
  3.160418     -5.668671    
  3.164633     -5.715295    
  3.164720     -5.714218    
  3.167983     -5.747546    
  3.168070     -5.755384    
  3.170695     -5.720099    
  3.173303     -5.735989    
  3.173390     -5.736538    
  3.174167     -5.741790    
  3.174254     -5.741849    
  3.176868     -5.755504    
  3.179466     -5.755021    
  3.179553     -5.761697    
  3.182832     -5.767915    
  3.186087     -5.776398    
  3.186174     -5.780371    
  3.188338     -5.791052    
  3.188425    -100.00000    
  3.191899     -5.062559    
  3.191986     -4.742518    
  3.192224     -4.698696    
  3.192311     -4.647235    
  3.194885     -4.677434    
  3.194972     -4.709178    
  3.196916     -5.068170    
  3.197003     -5.088460    
  3.199617     -5.520636    
  3.202215     -5.567139    
  3.204798     -5.492040    
  3.207365     -5.682514    
  3.207452     -5.696013    
  3.209491     -5.803760    
  3.209578     -5.812882    
  3.213892     -6.075734    
  3.218164     -4.890958    
  3.218251     -4.934297    
  3.221052     -5.270347    
  3.223835     -5.662199    
  3.226600     -5.741016    
  3.229347     -5.770720    
  3.229434     -5.808234    
  3.231857     -5.824032    
  3.234265     -5.848655    
  3.234352     -5.867683    
  3.236049     -5.842509    
  3.236136     -5.838586    
  3.236180     -5.837176    
  3.236267     -5.832126    
  3.238739     -5.778894    
  3.241164     -5.869262    
  3.243575     -5.860085    
  3.245973     -5.900819    
  3.246060     -5.899672    
  3.246189     -5.902111    
  3.247464     -5.912465    
  3.247551     -5.910522    
  3.248152     -5.911008    
  3.248239     -5.911329    
  3.249187     -5.921825    
  3.249274     -5.923197    
  3.251523     -5.946215    
  3.251610     -5.967112    
  3.255359     -5.864738    
  3.259075     -5.891207    
  3.262760     -5.971822    
  3.266414     -5.972271    
  3.266501     -5.958199    
  3.269936     -5.983748    
  3.273344     -5.920557    
  3.276725     -5.925957    
  3.280080     -5.840436    
  3.283409     -5.951541    
  3.286714     -6.014911    
  3.289993     -6.062742    
  3.293247     -6.077103    
  3.293334     -6.071895    
  3.296691     -6.068601    
  3.300022     -6.077167    
  3.303327     -6.079367    
  3.306608     -6.047722    
  3.306694     -6.041702    
  3.310624     -6.079190    
  3.310710     -6.086305    
  3.310941     -6.088959    
  3.311027     -6.083783    
  3.311634     -6.118512    
  3.311721     -6.144679    
  3.311773     -6.153171    
  3.311825     -6.160543    
  3.311868     -6.809561    
  3.315460     -5.548415    
  3.318980     -5.720739    
  3.322472     -5.961482    
  3.325936     -5.910872    
  3.329372     -6.082126    
  3.332782     -6.148769    
  3.336165     -6.177963    
  3.339521     -6.203034    
  3.342852     -6.194916    
  3.346158     -6.249988    
  3.349439     -5.955590    
  3.352695     -6.072213    
  3.355927     -6.096916    
  3.359135     -6.119469    
  3.362319     -6.184380    
  3.365480     -6.170973    
  3.365567     -6.170447    
  3.367462     -6.221549    
  3.367549     -6.314824    
  3.371229     -5.945964    
  3.374878     -6.208310    
  3.378497     -6.238591    
  3.382086     -6.178141    
  3.382173     -6.044619    
  3.385882     -6.037736    
  3.385969     -6.094188    
  3.388254     -6.168873    
  3.390528     -6.335416    
  3.392789     -6.393493    
  3.395039     -6.422962    
  3.395126     -6.424510    
  3.398000     -6.469336    
  3.400855     -6.252522    
  3.400942     -6.347837    
  3.403656     -5.875170    
  3.403743     -5.696577    
  3.406570     -5.662726    
  3.409379     -6.050342    
  3.412170     -6.325949    
  3.414942     -6.356101    
  3.415029     -6.256027    
  3.419186     -6.291723    
  3.423303     -6.484120    
  3.427382     -6.519941    
  3.431422     -6.520653    
  3.431509     -6.474355    
  3.434904     -6.419008    
  3.438273     -6.138150    
  3.441616     -6.219998    
  3.444934     -6.463050    
  3.445021     -5.990388    
  3.447515     -6.311126    
  3.449995     -6.336777    
  3.452462     -6.349205    
  3.454914     -6.434628    
  3.455001     -6.465088    
  3.458181     -6.562353    
  3.461337     -6.662463    
  3.464472     -6.253381    
  3.467583     -6.063891    
  3.467670     -6.094745    
  3.469453     -6.287861    
  3.469540     -6.317235    
  3.471179     -6.456270    
  3.471266     -6.473492    
  3.474100     -6.561950    
  3.474187     -6.577023    
  3.477329     -6.641442    
  3.480449     -6.638479    
  3.483547     -6.685268    
  3.486623     -6.689763    
  3.486710     -6.674926    
  3.490510     -6.694104    
  3.494277     -6.718564    
  3.494364     -6.733087    
  3.496959     -6.646859    
  3.499539     -6.486906    
  3.502104     -6.713690    
  3.504653     -6.634897    
  3.507188     -6.171714    
  3.509708     -6.218538    
  3.512213     -6.555112    
  3.514705     -6.685630    
  3.517181     -6.757820    
  3.519644     -6.790696    
  3.522093     -6.806118    
  3.524529     -6.814794    
  3.526950     -6.818316    
  3.529358     -6.816005    
  3.531753     -6.824981    
  3.534135     -6.824141    
  3.534222     -6.827260    
  3.536956     -6.444513    
  3.539673     -6.649342    
  3.542373     -6.819377    
  3.545057     -6.776026    
  3.547724     -6.860134    
  3.550374     -6.887941    
  3.553009     -6.892829    
  3.555627     -6.898686    
  3.555714     -6.900416    
  3.558846     -6.911002    
  3.558933     -6.911701    
  3.559291     -6.913404    
  3.559378     -6.914521    
  3.560973     -6.916005    
  3.561019     -6.914667    
  3.561106     -6.913746    
  3.561702     -6.918452    
  3.561789     -6.919715    
  3.562293     -6.924347    
  3.562360     -6.925509    
  3.562447     -6.970300    
  3.565681     -6.886199    
  3.565768     -6.652468    
  3.568672     -6.587377    
  3.571556     -6.791953    
  3.574422     -6.901391    
  3.577268     -6.961689    
  3.580096     -7.179818    
  3.582906     -6.243256    
  3.585698     -5.897968    
  3.588471     -6.453268    
  3.591228     -6.863093    
  3.593966     -6.903032    
  3.596688     -6.834816    
  3.599393     -6.972179    
  3.602081     -7.021821    
  3.604752     -7.061088    
  3.607407     -7.036013    
  3.610046     -7.071698    
  3.610133     -7.080691    
  3.612945     -7.080476    
  3.615738     -7.032926    
  3.618514     -7.063520    
  3.621272     -7.094637    
  3.624013     -7.085984    
  3.626737     -6.954574    
  3.629443     -7.007125    
  3.630428     -7.069425    
  3.632133     -7.131341    
  3.632220     -7.132651    
  3.634575     -7.176445    
  3.636918     -7.208299    
  3.639248     -7.044043    
  3.641565     -7.097942    
  3.643871     -7.172443    
  3.646164     -7.202371    
  3.648445     -7.263644    
  3.650714     -7.126559    
  3.650801     -7.032991    
  3.654938     -6.953795    
  3.655025     -6.993822    
  3.659341     -7.019176    
  3.663615     -7.131743    
  3.663702     -7.167343    
  3.666928     -7.449691    
  3.670130     -6.697127    
  3.673309     -6.182076    
  3.676464     -6.524960    
  3.679597     -7.084061    
  3.682707     -7.274732    
  3.685795     -7.350601    
  3.688862     -7.042556    
  3.688948     -6.960152    
  3.691459     -7.104444    
  3.691546     -7.174244    
  3.694107     -7.237622    
  3.696652     -7.352157    
  3.696739     -7.348465    
  3.700634     -7.409242    
  3.704495     -7.423541    
  3.708321     -7.429399    
  3.712114     -7.429207    
  3.712650     -7.434632    
  3.715873     -7.361212    
  3.719601     -7.545015    
  3.723297     -7.184685    
  3.726962     -7.072520    
  3.730596     -7.558112    
  3.734200     -7.187534    
  3.737774     -7.014151    
  3.741319     -7.195643    
  3.744836     -7.477458    
  3.748324     -7.506613    
  3.751784     -7.501316    
  3.755217     -7.544597    
  3.755304     -7.546567    
  3.755522     -7.549284    
  3.755609     -7.550814    
  3.756737     -7.554512    
  3.756824     -7.552255    
  3.760554     -7.773918    
  3.764252     -6.498424    
  3.767919     -7.377084    
  3.771555     -7.058312    
  3.775161     -7.513276    
  3.778151     -7.575953    
  3.778737     -7.585127    
  3.782284     -7.631738    
  3.785802     -7.620792    
  3.789292     -7.678943    
  3.792754     -7.454709    
  3.796189     -7.504439    
  3.799596     -7.661333    
  3.802978     -7.664755    
  3.806333     -7.720569    
  3.809662     -7.702814    
  3.812966     -7.638819    
  3.813053     -7.649760    
  3.815257     -9.227313    
  3.817449     -6.881430    
  3.817536     -7.498488    
  3.821296     -7.264099    
  3.821383     -7.161821    
  3.821564     -7.163770    
  3.821651     -7.220278    
  3.825332     -7.638030    
  3.828982     -7.677980    
  3.832602     -7.791981    
  3.836192     -7.832187    
  3.836279     -7.828363    
  3.838150     -7.832475    
  3.838237     -7.770848    
  3.840853     -7.709956    
  3.843453     -7.771182    
  3.846037     -7.967887    
  3.848607     -7.420649    
  3.848694     -7.280249    
  3.853036     -7.545796    
  3.857335     -7.718587    
  3.861592     -7.806387    
  3.865808     -7.885650    
  3.865895     -7.892866    
  3.868545     -7.923145    
  3.871179     -7.922370    
  3.871266     -7.916211    
  3.874225     -7.924824    
  3.877163     -7.939008    
  3.880081     -7.912976    
  3.882980     -7.770676    
  3.885860     -6.897433    
  3.888721    -100.00000    
  3.891563     -7.303930    
  3.894387     -7.741751    
  3.894474     -7.785718    
  3.896842     -7.878389    
  3.899197     -7.846356    
  3.901540     -7.964353    
  3.903870     -7.936606    
  3.906188     -7.938734    
  3.908494     -7.997947    
  3.910787     -8.027778    
  3.913068     -8.042639    
  3.913155     -8.041808    
  3.913273     -8.042217    
  3.913769     -8.043728    
  3.913856     -8.043866    
  3.913972     -8.044003    
  3.915648     -8.046102    
  3.915735     -7.859725    
  3.916915     -7.791818    
  3.917002     -7.881070    
  3.920011     -7.696655    
  3.923000     -7.892894    
  3.925968     -8.053768    
  3.928916     -8.099487    
  3.931844     -8.114156    
  3.934752     -8.119164    
  3.937641     -8.127584    
  3.940511     -8.110156    
  3.943362     -8.117731    
  3.946195     -8.121563    
  3.949009     -8.002467    
  3.951805     -8.049035    
  3.954584     -8.108375    
  3.957344     -8.153386    
  3.960087     -8.156323    
  3.962813     -8.170959    
  3.962900     -8.179743    
  3.965521     -8.171094    
  3.968126     -8.185828    
  3.970716     -7.753788    
  3.973291     -8.516081    
  3.975850     -8.023394    
  3.978394     -8.129224    
  3.980924     -8.163507    
  3.983439     -8.201029    
  3.983526     -8.205311    
  3.986607     -8.258809    
  3.989666     -8.240302    
  3.992704     -8.218372    
  3.995722     -8.262601    
  3.998718     -8.284548    
  4.001693     -8.364296    
  4.004649     -7.370517    
  4.007584     -8.115462    
  4.007671     -8.429883    
  4.010289     -7.656602    
  4.012892     -8.138020    
  4.015479     -8.312960    
  4.018051     -8.137758    
  4.020607     -8.191969    
  4.023149     -8.190656    
  4.025675     -8.191385    
  4.028187     -8.301382    
  4.030685     -8.522706    
  4.033169     -7.912703    
  4.035638     -8.372334    
  4.038093     -8.381575    
  4.040535     -8.245052    
  4.042963     -8.296554    
  4.045377     -8.391631    
  4.047778     -8.433711    
  4.047865     -8.429811    
  4.050191     -8.454081    
  4.050278     -8.455581    
  4.052927     -8.459905    
  4.055559     -8.471637    
  4.058176     -8.478128    
  4.060777     -8.476816    
  4.063363    -100.00000    
  4.065933     -7.641005    
  4.068489     -9.558281    
  4.071029     -8.063639    
  4.073555     -8.529856    
  4.076066     -7.588250    
  4.078562     -8.128498    
  4.081044     -8.072850    
  4.083513     -8.430332    
  4.085967     -8.440658    
  4.088407     -8.495255    
  4.090834     -8.526791    
  4.090921     -8.528009    
  4.093448     -8.558202    
  4.095961     -8.551563    
  4.098459     -8.578030    
  4.100943     -8.548828    
  4.103413     -8.565433    
  4.105869     -8.693195    
  4.108311     -8.247243    
  4.110740     -8.615354    
  4.113155     -8.422243    
  4.115556     -8.565423    
  4.117944     -8.612830    
  4.120320     -8.597876    
  4.122682     -8.619978    
  4.125032     -8.654295    
  4.127369     -8.675922    
  4.129693     -8.609645    
  4.129780     -8.621946    
  4.133136     -8.662563    
  4.136466     -8.695394    
  4.139770     -8.609115    
  4.143050     -8.636144    
  4.146305     -8.338857    
  4.149536     -8.559754    
  4.152743     -8.710818    
  4.155926     -8.658088    
  4.156013     -8.643185    
  4.158880     -8.508292    
  4.161727     -8.729607    
  4.161814     -8.725972    
  4.163762     -8.732708    
  4.163849     -8.536079    
  4.166924     -8.645581    
  4.167011     -8.675852    
  4.169326     -8.310680    
  4.171629     -8.901192    
  4.173920     -8.527592    
  4.176198     -8.652664    
  4.178465     -8.738034    
  4.180720     -8.782421    
  4.182963     -8.811167    
  4.185195     -8.830414    
  4.187415     -8.840235    
  4.189624     -8.833108    
  4.191822     -8.842188    
  4.194009     -8.860111    
  4.198350     -8.782980    
  4.202647     -8.787234    
  4.202734     -8.824055    
  4.204957     -8.867986    
  4.207168     -8.884825    
  4.209369     -8.896392    
  4.211558     -8.880849    
  4.213736     -8.904693    
  4.215903     -8.901274    
  4.220205     -8.912317    
  4.224465     -8.946614    
  4.228684     -8.839643    
  4.232862     -8.839484    
  4.237000     -8.941233    
  4.237088     -8.414375    
  4.240818     -8.379231    
  4.244516     -8.532752    
  4.248183     -9.077608    
  4.251819     -8.943800    
  4.255425     -8.959267    
  4.259002     -8.928007    
  4.262549     -8.983840    
  4.266067     -9.061075    
  4.266154     -9.061746    
  4.270079     -9.047293    
  4.270166     -7.788266    
  4.274271     -9.084408    
  4.278338     -8.880150    
  4.282367     -8.728793    
  4.286359     -9.387578    
  4.290314     -9.060603    
  4.294234     -9.112343    
  4.298119     -9.138117    
  4.301969     -9.155801    
  4.302056     -9.157857    
  4.306016     -9.176292    
  4.309939     -9.109571    
  4.313828     -9.144301    
  4.317682     -9.253851    
  4.321502     -9.213532    
  4.325289     -9.199863    
  4.329043     -9.202407    
  4.332765     -9.222947    
  4.332852     -9.223161    
  4.335453     -9.169168    
  4.338038     -9.296133    
  4.340608     -8.731955    
  4.343162     -9.596325    
  4.345702     -9.197672    
  4.348227     -9.192353    
  4.350737     -9.239133    
  4.353233     -9.273481    
  4.353320     -9.275571    
  4.356074     -9.269919    
  4.356161     -9.276221    
  4.357582     -9.284334    
  4.357669     -9.283729    
  4.360115     -9.297827    
  4.362547     -9.315125    
  4.362634     -9.326313    
  4.365286     -9.301634    
  4.367922     -9.315129    
  4.370542     -9.200891    
  4.373146     -9.351555    
  4.375735     -9.256659    
  4.378308     -9.300758    
  4.380867     -9.338958    
  4.383410     -9.160424    
  4.385938     -8.931999    
  4.388452     -8.795472    
  4.390952     -8.859113    
  4.393437     -9.389695    
  4.395908     -9.468903    
  4.398365     -9.402615    
  4.400808     -9.389023    
  4.403238     -9.415306    
  4.405653     -9.426774    
  4.408056     -9.438794    
  4.410445     -9.384780    
  4.412822     -9.419068    
  4.415185     -9.430620    
  4.417536     -9.526668    
  4.419874     -9.229128    
  4.422199     -9.455705    
  4.424512     -9.368099    
  4.426813     -9.445543    
  4.429102     -9.459217    
  4.431378     -9.448792    
  4.433643     -9.442271    
  4.435896     -9.462577    
  4.438138     -9.499313    
  4.440368     -9.516412    
  4.440455     -9.505659    
  4.442913     -9.519780    
  4.445357     -9.528412    
  4.447787     -9.542157    
  4.450204     -9.503730    
  4.452608     -8.953100    
  4.454999     -9.926317    
  4.457376     -9.435890    
  4.459740     -9.416951    
  4.462092     -9.533528    
  4.464431     -9.501253    
  4.466757     -9.561359    
  4.469071     -9.578287    
  4.471373     -9.580512    
  4.473663     -9.593699    
  4.475940     -9.614472    
  4.478206     -9.272607    
  4.512937     -9.582414    
  4.513024     -9.709607    
  4.514610     -9.715611    
  4.514697     -9.746166    
  4.515945     -9.485154    
  4.516032     -9.603569    
  4.585469     -9.922320    
  4.585556     -9.862110    
  4.648489     -9.938102    
  4.648576     -10.04234    
  4.649548     -10.05297    
  4.649635     -10.05333    
  4.649838     -10.05512    
  4.649925     -9.949726    
  4.709765     -10.13361    
  4.709852     -10.19181    
  4.765753     -10.25136    
  4.765822     -10.36986    
  4.765909     -10.33592    
  4.818480     -10.51031    
  4.818567     -10.40342    
  4.868094     -10.47785    
  4.868152     -10.62174    
  4.868214     -10.52985    
  4.915089     -10.79184    
  4.915176     -10.76081    
  4.959449     -10.87051    
  4.959536     -10.87284    
  4.959642     -10.73334    
  4.959729     -10.83395    
  5.002021     -10.79181    
  5.002108     -10.98794    
  5.041986     -11.09899    
  5.042072     -11.10360    
  5.042428     -11.10401    
  5.042515     -11.06674    
  5.081038     -11.18201    
  5.081125     -11.15733    
  5.117569     -11.28917    
  5.117655     -11.33204    
  5.118005     -11.24589    
  5.118092     -11.04060    
  5.153462     -11.54473    
  5.153549     -11.38041    
  5.187204     -11.48770    
  5.187290     -11.47213    
  5.187529     -11.47373    
  5.187616     -11.46849    
  5.251180     -11.54933    
  5.251266     -11.64312    
  5.251931     -11.64252    
  5.252018     -11.63487    
  5.311750     -11.77710    
  5.311837     -11.80406    
  5.311944     -11.77084    
  5.712950     -12.85837    
  5.917833     -13.43871    
  6.161415     -14.11458    
  6.430595     -14.87271    
  6.714779     -15.68389    
  7.007134     -16.55998    
  7.303761     -17.52957    
  7.602573     -18.67671    
  7.902489     -20.21283    
  8.202961    -100.00000    
  8.503712    -100.00000    
  8.804602    -100.00000    
  9.105563    -100.00000    
  9.406558     -29.43553    
  9.707570    -100.00000    
