 0.6989700    -100.00000    
 0.7243402    -100.00000    
 0.7483098     -130.2702    
 0.7710253     -129.3563    
 0.7926116     -128.7873    
 0.8328096     -128.4707    
 0.8696002     -128.6489    
 0.9035159     -129.1876    
 0.9349739     -130.5306    
 0.9643063    -100.00000    
 0.9917824    -100.00000    
 0.9918693     -132.8950    
  1.017734    -100.00000    
  1.042145     -128.8473    
  1.042232    -100.00000    
  1.060679     -125.5915    
  1.060766    -100.00000    
  1.080039     -122.4640    
  1.080126    -100.00000    
  1.098980     -119.5829    
  1.099067    -100.00000    
  1.116489     -117.1492    
  1.116576    -100.00000    
  1.132827     -115.2396    
  1.132914    -100.00000    
  1.147337     -113.2438    
  1.147424    -100.00000    
  1.177890    -100.00000    
  1.206358    -100.00000    
  1.233074    -100.00000    
  1.258242     -99.37470    
  1.258328    -100.00000    
  1.281053     -97.26370    
  1.281140    -100.00000    
  1.305129     -94.17250    
  1.305216    -100.00000    
  1.326885     -89.93946    
  1.326972     -58.90438    
  1.346664     -58.29292    
  1.346750     -63.73755    
  1.372011    -100.00000    
  1.372098     -72.35058    
  1.395435    -100.00000    
  1.395522     -81.81138    
  1.407231    -100.00000    
  1.407318    -100.00000    
  1.434239     -82.43234    
  1.434325     -82.15344    
  1.437957     -81.95891    
  1.438044     -81.77733    
  1.438732     -81.92346    
  1.438819    -100.00000    
  1.466567     -80.02214    
  1.466654    -100.00000    
  1.485460     -78.73489    
  1.485547     -78.94498    
  1.499937     -77.96106    
  1.500023     -77.41464    
  1.502811    -100.00000    
  1.502898     -16.05035    
  1.515152     -16.03092    
  1.515239     -15.03801    
  1.521830    -100.00000    
  1.521916     -15.19096    
  1.538911    -100.00000    
  1.538998     -22.19800    
  1.541754    -100.00000    
  1.541841    -100.00000    
  1.544410     -14.42598    
  1.544497     -14.73168    
  1.546755     -15.10761    
  1.546842     -15.78616    
  1.568094    -100.00000    
  1.568181     -18.64964    
  1.576102     -19.76816    
  1.576189     -19.41234    
  1.577032     -19.50795    
  1.577119     -19.61051    
  1.586189    -100.00000    
  1.586276     -20.76014    
  1.587530     -20.97920    
  1.587617     -21.29663    
  1.602078    -100.00000    
  1.602165    -100.00000    
  1.604747     -16.11871    
  1.604834     -13.71632    
  1.633100    -100.00000    
  1.633187     -20.53736    
  1.643761    -100.00000    
  1.643848     -23.70752    
  1.646889    -100.00000    
  1.646976     -24.40649    
  1.653070    -100.00000    
  1.653157     -26.99812    
  1.667964    -100.00000    
  1.668051     -32.15510    
  1.673067     -32.81961    
  1.673154     -34.10469    
  1.673452     -34.58061    
  1.673539     -34.59446    
  1.683736    -100.00000    
  1.683823     -36.87750    
  1.689301    -100.00000    
  1.689388     -38.67177    
  1.690173     -39.31515    
  1.690260     -39.47550    
  1.691919    -100.00000    
  1.692006     -41.44821    
  1.709636    -100.00000    
  1.709723     -48.55488    
  1.714748    -100.00000    
  1.714835     -49.46279    
  1.714933     -49.52780    
  1.717233    -100.00000    
  1.717320     -50.68165    
  1.717576     -50.90973    
  1.717663     -51.05829    
  1.718527     -51.73729    
  1.718614     -51.22735    
  1.721805     -51.54079    
  1.721892     -52.25183    
  1.725295    -100.00000    
  1.725382    -100.00000    
  1.730438     -52.47622    
  1.730525     -52.50472    
  1.731758     -52.55566    
  1.731845     -52.56666    
  1.732294     -52.57920    
  1.732381     -52.59211    
  1.735217     -52.35177    
  1.735304     -52.49839    
  1.744878     -52.79705    
  1.744965     -52.51269    
  1.746841     -52.66920    
  1.746929     -52.74710    
  1.747807     -53.02835    
  1.747894     -53.37080    
  1.753972     -52.76112    
  1.754058     -53.84685    
  1.756978     -52.40466    
  1.757065     -52.77189    
  1.762907     -53.81754    
  1.762994     -53.67644    
  1.763503     -53.62942    
  1.763590     -53.38024    
  1.765957     -53.38761    
  1.766044     -53.76270    
  1.768505     -54.66037    
  1.768592     -53.93713    
  1.776113     -53.76794    
  1.776200     -53.84396    
  1.776785     -54.11659    
  1.776872     -54.31188    
  1.781285     -54.00171    
  1.781372     -54.22677    
  1.781946     -54.33685    
  1.782033     -54.51678    
  1.786409     -54.16829    
  1.786495     -54.20206    
  1.788161     -54.81004    
  1.788248     -54.78585    
  1.789372     -54.94042    
  1.789459     -54.88659    
  1.792246     -54.12240    
  1.792333     -54.42822    
  1.800765     -55.20306    
  1.800851     -56.30427    
  1.806960     -55.69974    
  1.807047     -55.77158    
  1.809708    -100.00000    
  1.809795     -56.28662    
  1.810144     -56.14623    
  1.810231     -56.08311    
  1.814042     -57.36118    
  1.814129     -56.83985    
  1.834747     -57.67569    
  1.834834     -56.91669    
  1.836557    -100.00000    
  1.836644    -100.00000    
  1.838907     -57.23148    
  1.838994     -56.98475    
  1.840414     -57.40877    
  1.840501     -57.65356    
  1.842703    -100.00000    
  1.842790     -58.73413    
  1.844125     -57.96156    
  1.844212    -100.00000    
  1.857265     -57.36786    
  1.857352     -57.10988    
  1.859614     -56.52990    
  1.859700    -100.00000    
  1.868320     -54.71005    
  1.868407     -54.51654    
  1.870233     -54.06795    
  1.870320     -54.03686    
  1.871306     -53.80712    
  1.871393     -53.78493    
  1.872072     -53.62901    
  1.872158     -53.62626    
  1.873424     -53.32919    
  1.873511    -100.00000    
  1.880831     -51.83119    
  1.880918    -100.00000    
  1.887368     -50.35712    
  1.887455    -100.00000    
  1.893213     -49.06247    
  1.893300    -100.00000    
  1.899003     -47.81836    
  1.899090    -100.00000    
  1.905503     -46.46621    
  1.905590     -46.30830    
  1.905821     -46.26025    
  1.905908    -100.00000    
  1.911657     -45.16898    
  1.911744     -45.03471    
  1.912227     -44.93443    
  1.912313    -100.00000    
  1.913955    -100.00000    
  1.914042     -33.86100    
  1.924238     -33.50798    
  1.924325    -100.00000    
  1.925539     -33.29481    
  1.925626     -34.69743    
  1.926709     -33.93083    
  1.926796     -35.07207    
  1.926846     -34.46840    
  1.926932     -34.09650    
  1.927461    -100.00000    
  1.927548     -34.73031    
  1.930771     -34.60254    
  1.930858    -100.00000    
  1.933612     -33.80111    
  1.933699     -33.58459    
  1.936983     -34.53897    
  1.937070     -33.53401    
  1.938051     -34.67556    
  1.938138     -34.84292    
  1.940777     -34.75385    
  1.940864     -33.99271    
  1.941974     -33.87603    
  1.942061     -34.21574    
  1.953088     -33.61513    
  1.953175    -100.00000    
  1.955697     -31.07049    
  1.955784    -100.00000    
  1.959855     -29.75982    
  1.959942     -26.89078    
  1.963545     -26.70802    
  1.963632    -100.00000    
  1.972680     -25.30602    
  1.972767     -24.60245    
  1.974225    -100.00000    
  1.974312    -100.00000    
  1.974387    -100.00000    
  1.974474    -100.00000    
  1.977192    -100.00000    
  1.977279     -23.49732    
  1.992052     -24.48651    
  1.992139     -30.20257    
  1.992538     -30.13868    
  1.992625     -30.13822    
  1.994212     -29.86900    
  1.994299     -29.84568    
  1.994360     -29.83571    
  1.994447    -100.00000    
  1.996552     -21.90421    
  1.996639     -20.95278    
  1.997939     -20.23937    
  1.998026     -20.10199    
  2.000182     -19.64458    
  2.000268     -20.14051    
  2.002574     -19.45114    
  2.002661     -19.49537    
  2.004835     -19.25964    
  2.004922     -19.22242    
  2.007421     -19.58646    
  2.007508     -19.68204    
  2.009100     -19.75395    
  2.009187     -19.67149    
  2.009352     -19.66154    
  2.009439     -19.71086    
  2.009543     -19.38343    
  2.017372     -19.36152    
  2.017459     -19.16823    
  2.019860     -19.49825    
  2.019947     -19.15004    
  2.026471     -19.39676    
  2.026558     -17.89217    
  2.028108    -100.00000    
  2.028195     -18.59569    
  2.031137     -19.74356    
  2.031224    -100.00000    
  2.035128     -18.82328    
  2.035214    -100.00000    
  2.036585     -17.43128    
  2.036672     -17.97148    
  2.053379     -17.85855    
  2.053466     -18.50916    
  2.061043     -18.15370    
  2.061130     -19.14843    
  2.067104     -18.83466    
  2.067191    -100.00000    
  2.068339     -18.24774    
  2.068426     -18.53645    
  2.074002    -100.00000    
  2.074089    -100.00000    
  2.076209     -16.98989    
  2.076296     -16.65168    
  2.076824    -100.00000    
  2.076911    -100.00000    
  2.077291     -18.44220    
  2.077378     -17.94337    
  2.081631    -100.00000    
  2.081718    -100.00000    
  2.090954     -17.56345    
  2.091041     -18.21227    
  2.095729     -18.42942    
  2.095816     -18.38217    
  2.097304     -18.19750    
  2.097391     -17.00076    
  2.100294     -17.68630    
  2.100380    -100.00000    
  2.100528    -100.00000    
  2.100615    -100.00000    
  2.101519     -18.17906    
  2.101605    -100.00000    
  2.104539     -16.43621    
  2.104626     -16.05543    
  2.105570     -16.74318    
  2.105657     -16.98719    
  2.106101     -17.21160    
  2.106187     -17.22736    
  2.107298     -17.16543    
  2.107385     -17.45852    
  2.107538     -17.43311    
  2.107625     -16.22947    
  2.110312     -16.49418    
  2.110399     -16.71704    
  2.111508     -15.90075    
  2.111595     -16.22515    
  2.111941     -16.27439    
  2.112028     -15.78455    
  2.118960     -15.58135    
  2.119047     -15.14202    
  2.124229     -15.86976    
  2.124316     -15.53529    
  2.124942     -14.78319    
  2.125029     -14.78214    
  2.125725     -15.22788    
  2.125812     -15.13887    
  2.126973     -15.36205    
  2.127060     -15.47469    
  2.127658     -15.48503    
  2.127745     -15.43160    
  2.129084     -15.73777    
  2.129171     -15.70205    
  2.130872     -15.17326    
  2.130959     -15.12520    
  2.131986     -15.21234    
  2.132073     -14.80862    
  2.137486     -15.88248    
  2.137573     -15.83419    
  2.137863     -15.68149    
  2.137949     -15.54271    
  2.141450     -15.11710    
  2.141537     -15.41089    
  2.141651     -15.55717    
  2.141738     -15.58610    
  2.145467     -14.56573    
  2.145554     -15.32869    
  2.150293     -15.03833    
  2.150380     -15.18325    
  2.150508     -14.83060    
  2.154246     -15.64698    
  2.154333    -100.00000    
  2.156640     -14.26637    
  2.156727     -14.40410    
  2.156827     -14.97113    
  2.158942     -14.32725    
  2.159028     -13.18555    
  2.168055     -13.42416    
  2.168141    -100.00000    
  2.171576     -13.41209    
  2.171663     -13.23841    
  2.177080     -13.32498    
  2.177167     -14.26724    
  2.177604     -13.82058    
  2.177690     -13.42459    
  2.181731     -13.37904    
  2.181818     -12.97645    
  2.184881     -13.59321    
  2.184967     -13.93187    
  2.188445     -13.65533    
  2.188532     -14.32760    
  2.189637     -13.45745    
  2.189724     -12.77916    
  2.191670    -100.00000    
  2.191757     -12.81567    
  2.202361     -13.15797    
  2.202448     -13.62976    
  2.209411     -13.09891    
  2.209498     -13.36731    
  2.209936     -13.84441    
  2.210023     -13.60440    
  2.213352     -12.85862    
  2.213439     -13.18180    
  2.217445     -13.64917    
  2.217532     -13.53269    
  2.217837     -13.88723    
  2.217924     -13.76449    
  2.218030     -13.85602    
  2.218315     -14.27914    
  2.218402     -14.34911    
  2.218688     -14.19661    
  2.218775    -100.00000    
  2.221924     -12.90812    
  2.222011    -100.00000    
  2.231931     -12.46748    
  2.232018     -13.40861    
  2.234632     -13.39648    
  2.234695     -13.51511    
  2.234781     -13.70959    
  2.239617     -13.75958    
  2.239704     -13.23881    
  2.242429     -12.98692    
  2.242516     -12.75735    
  2.245345     -12.68304    
  2.245432     -12.94731    
  2.250721     -12.19868    
  2.250808     -12.41737    
  2.252069    -100.00000    
  2.252156    -100.00000    
  2.255687     -12.34264    
  2.259191     -12.94009    
  2.259278    -100.00000    
  2.260545     -11.80788    
  2.260632     -12.75375    
  2.263836     -12.53211    
  2.267016     -12.80387    
  2.267103     -13.31166    
  2.270490     -12.68039    
  2.270577     -12.60842    
  2.271628     -14.08374    
  2.271715    -100.00000    
  2.271807    -100.00000    
  2.271894     -14.05673    
  2.273319     -13.25775    
  2.273406     -13.32994    
  2.275710     -13.48860    
  2.275797     -13.66692    
  2.278310     -13.65423    
  2.280809     -12.83994    
  2.280896     -12.64080    
  2.281369     -13.07742    
  2.281456     -13.62652    
  2.282921     -12.78089    
  2.283008     -12.45321    
  2.283804    -100.00000    
  2.283891     -12.93262    
  2.284781     -14.37001    
  2.284868    -100.00000    
  2.285091     -14.34617    
  2.285178     -14.71243    
  2.285231     -14.84159    
  2.285318     -14.61319    
  2.286288     -13.17561    
  2.286375     -13.78934    
  2.287075     -15.10773    
  2.287162     -13.04205    
  2.289257     -13.51706    
  2.291343     -13.50287    
  2.291430     -13.17551    
  2.293524     -13.77237    
  2.295609     -13.58239    
  2.295696     -13.99789    
  2.297128     -13.62201    
  2.297214     -13.68142    
  2.297982     -14.07947    
  2.298069    -100.00000    
  2.299703     -13.26497    
  2.301330     -13.41482    
  2.301417     -13.32047    
  2.302809     -13.58106    
  2.304196     -12.52822    
  2.305579     -12.52259    
  2.306958     -13.14484    
  2.307045     -13.49875    
  2.308274    -100.00000    
  2.308361    -100.00000    
  2.309467     -13.25987    
  2.310569    -100.00000    
  2.311669     -14.13974    
  2.312767     -13.03982    
  2.312854     -13.66819    
  2.313586    -100.00000    
  2.313673     -14.62619    
  2.314517     -13.90729    
  2.314604     -13.46894    
  2.314729     -14.08065    
  2.314817     -13.98531    
  2.315597    -100.00000    
  2.315684     -13.89933    
  2.316612    -100.00000    
  2.317538    -100.00000    
  2.318463     -12.95165    
  2.319385     -12.39427    
  2.320305     -12.05468    
  2.321224    -100.00000    
  2.322140    -100.00000    
  2.323055     -11.80053    
  2.323141     -12.92854    
  2.324253     -12.68488    
  2.324340     -13.54307    
  2.325648     -13.24039    
  2.325735     -14.37966    
  2.326487     -13.34344    
  2.327238    -100.00000    
  2.327987     -13.34299    
  2.328735     -13.33516    
  2.329482     -13.69852    
  2.330227     -12.86564    
  2.330971    -100.00000    
  2.331714     -11.65356    
  2.331801     -12.26038    
  2.331944     -12.59835    
  2.332031     -12.71350    
  2.333101    -100.00000    
  2.333188     -13.27881    
  2.333638     -13.26192    
  2.333725     -13.28097    
  2.334874     -13.23905    
  2.336020     -13.15352    
  2.337163     -13.04665    
  2.338303     -12.95050    
  2.338390     -12.93172    
  2.339301     -12.87621    
  2.339388     -12.83152    
  2.340254     -12.83092    
  2.341118     -12.62744    
  2.341191     -12.63938    
  2.341278     -12.65813    
  2.341370     -12.75953    
  2.341472     -12.79718    
  2.342517     -12.75433    
  2.342604     -13.83171    
  2.343168     -12.40318    
  2.343730     -12.63397    
  2.344292     -12.62076    
  2.344853     -12.55698    
  2.344940     -12.56602    
  2.345941     -12.47697    
  2.346441     -12.47728    
  2.346940     -12.43716    
  2.347438     -11.84295    
  2.347936     -15.57636    
  2.348434    -100.00000    
  2.348930     -12.18238    
  2.349017     -12.22838    
  2.349687     -12.21719    
  2.350356     -12.04661    
  2.350443     -12.05935    
  2.351314     -12.09060    
  2.352184     -11.99434    
  2.352270     -12.94134    
  2.352846     -11.62853    
  2.353421     -11.78988    
  2.353508     -11.56206    
  2.353983    -100.00000    
  2.354070     -11.48362    
  2.354494    -100.00000    
  2.354917     -11.97201    
  2.355340     -12.26524    
  2.355762    -100.00000    
  2.355849     -11.63492    
  2.356520     -12.13651    
  2.357189     -11.59384    
  2.357276     -11.78661    
  2.357498     -11.88933    
  2.357582    -100.00000    
  2.357669     -10.25974    
  2.362936     -10.47209    
  2.363023     -8.104907    
  2.368963     -6.991603    
  2.369050    -100.00000    
  2.373546     -5.866599    
  2.373633     -5.895113    
  2.374597     -5.305633    
  2.374684     -5.385597    
  2.376702    -100.00000    
  2.376789    -100.00000    
  2.381401     -4.808273    
  2.381488     -4.515233    
  2.381574     -4.503500    
  2.381660     -4.457083    
  2.383081     -4.859451    
  2.383168     -4.483326    
  2.387126    -100.00000    
  2.387213     -6.378471    
  2.387778     -5.522953    
  2.387865    -100.00000    
  2.397727     -4.838968    
  2.397814     -4.594086    
  2.403706     -4.271921    
  2.403793     -4.209024    
  2.409345     -5.503523    
  2.409431    -100.00000    
  2.409967     -7.060902    
  2.410054    -100.00000    
  2.411603     -4.827626    
  2.411690     -4.650882    
  2.412778     -4.242399    
  2.412865     -4.265108    
  2.413098     -4.266190    
  2.413185     -4.213018    
  2.414109     -4.536903    
  2.414195     -6.239095    
  2.415338     -5.949809    
  2.415425    -100.00000    
  2.419545     -4.841407    
  2.419632    -100.00000    
  2.422480     -4.658298    
  2.422566     -4.270982    
  2.424108     -4.161457    
  2.424195     -5.328205    
  2.428391     -5.365536    
  2.428478     -4.702905    
  2.429013     -4.488958    
  2.429100     -4.481886    
  2.429244     -4.460361    
  2.429331     -4.314654    
  2.432147     -4.107907    
  2.432234     -4.195089    
  2.434375     -4.162713    
  2.434462     -4.092897    
  2.434951     -5.355767    
  2.435038     -5.599500    
  2.435182     -5.506300    
  2.435269     -5.449554    
  2.435570     -5.203806    
  2.435657     -6.572163    
  2.437397     -4.249082    
  2.437484     -4.208526    
  2.438099     -4.067180    
  2.438186     -3.997166    
  2.440535     -4.132604    
  2.440622     -4.128483    
  2.441592     -4.149501    
  2.441679     -4.150455    
  2.443115     -4.162272    
  2.443202     -4.151721    
  2.446266     -4.363450    
  2.446353     -4.737118    
  2.447958    -100.00000    
  2.448045     -5.273145    
  2.448133     -5.203316    
  2.448892     -4.683858    
  2.448979     -4.807562    
  2.450924     -4.042790    
  2.451011     -4.032966    
  2.454202     -4.284413    
  2.454289     -3.907544    
  2.456026     -4.029042    
  2.456113     -4.294796    
  2.461170     -4.269550    
  2.461257     -5.861007    
  2.463251     -5.220172    
  2.463338     -5.094162    
  2.464468     -4.622790    
  2.464555     -4.655459    
  2.466286     -4.526748    
  2.466372     -4.526031    
  2.467492     -4.456615    
  2.467579     -4.467548    
  2.467685     -4.460225    
  2.467772     -4.526941    
  2.470538     -4.644927    
  2.470625     -4.551888    
  2.470751     -4.487948    
  2.471828     -4.570672    
  2.471915     -4.515292    
  2.473313     -6.306016    
  2.473400     -6.033617    
  2.476442     -4.343674    
  2.476529     -4.336853    
  2.476628     -4.250314    
  2.476715     -4.247611    
  2.478943     -4.564005    
  2.479030     -4.266360    
  2.480895     -4.028083    
  2.480982     -4.057715    
  2.482813    -100.00000    
  2.482900    -100.00000    
  2.483465     -5.531568    
  2.483551     -5.259788    
  2.483824     -4.884416    
  2.483911     -4.790204    
  2.484268     -4.509708    
  2.484355     -4.455706    
  2.484517     -4.365254    
  2.484589     -4.328769    
  2.484656     -4.296072    
  2.484743     -4.600242    
  2.486424    -100.00000    
  2.486511     -4.596068    
  2.490779     -4.100202    
  2.490866     -4.117420    
  2.490956     -4.122331    
  2.491043     -4.123019    
  2.491443     -4.176832    
  2.491530     -4.381628    
  2.492836     -4.105898    
  2.492923     -4.017428    
  2.493176     -3.978324    
  2.493263     -3.992404    
  2.495735    -100.00000    
  2.495822     -7.860547    
  2.496605     -6.748376    
  2.496692     -6.375167    
  2.497050     -5.317893    
  2.497137     -5.706038    
  2.498024     -4.282845    
  2.498111     -4.164562    
  2.500649     -4.050933    
  2.500736     -4.102303    
  2.503920     -3.947834    
  2.504007     -4.005324    
  2.504069     -4.008138    
  2.504156     -3.908260    
  2.506403     -4.057326    
  2.506490     -6.489138    
  2.506598     -6.245754    
  2.506685     -6.003734    
  2.506857     -5.625504    
  2.506943     -5.279454    
  2.507203     -4.593268    
  2.507290     -4.132545    
  2.511107     -3.785928    
  2.511194     -3.837134    
  2.511697     -3.866178    
  2.511784     -3.817509    
  2.512876     -3.762078    
  2.512963     -3.780148    
  2.513523     -3.792664    
  2.513610     -3.787219    
  2.515498     -3.968793    
  2.515585     -3.928607    
  2.515719     -3.914397    
  2.515805     -3.902220    
  2.515872     -3.893831    
  2.515959     -3.885104    
  2.516021     -3.880522    
  2.516107     -3.915013    
  2.516706    -100.00000    
  2.516793    -100.00000    
  2.517769     -3.867930    
  2.517856     -3.835909    
  2.517941     -3.816321    
  2.518028     -3.798824    
  2.518445     -3.775419    
  2.518532     -3.776685    
  2.518680     -3.792592    
  2.518767     -3.948338    
  2.521283     -3.787815    
  2.523785     -3.858484    
  2.523871     -3.854925    
  2.524535     -3.824401    
  2.524622     -3.814306    
  2.526468     -3.846049    
  2.526555     -3.883716    
  2.527825     -3.932150    
  2.527912     -3.865884    
  2.530010     -3.874848    
  2.530097     -3.822240    
  2.532615     -3.924113    
  2.532701     -4.011926    
  2.535293     -4.019017    
  2.535380     -3.998252    
  2.536082     -3.834370    
  2.536169     -3.788238    
  2.539337     -4.144883    
  2.539424     -4.022486    
  2.543132     -3.854442    
  2.546808     -3.867938    
  2.546895     -3.851027    
  2.547076     -3.852116    
  2.547163     -3.852739    
  2.547329     -3.853991    
  2.547416     -3.854663    
  2.547523     -3.852824    
  2.551049     -3.892899    
  2.551118     -3.962217    
  2.551204     -3.988786    
  2.551316     -4.018933    
  2.551403     -3.918126    
  2.554923     -4.491281    
  2.558382     -3.992715    
  2.558469     -3.839617    
  2.558869     -3.785331    
  2.558956     -3.781548    
  2.561154     -3.896155    
  2.561240     -3.894201    
  2.561557     -3.894724    
  2.561644     -3.821935    
  2.564817     -4.187424    
  2.564904     -4.496416    
  2.567815     -3.821300    
  2.570708     -4.154991    
  2.570794     -4.337658    
  2.571315     -4.153414    
  2.571402     -4.098234    
  2.571490     -4.054671    
  2.571576     -3.975845    
  2.572470     -3.854227    
  2.572557    -100.00000    
  2.576787     -3.729839    
  2.580976     -3.982878    
  2.581063     -3.974176    
  2.582880     -3.941263    
  2.582967     -3.888750    
  2.583821     -3.899716    
  2.583908     -4.004300    
  2.584933    -100.00000    
  2.585020    -100.00000    
  2.586210     -4.461624    
  2.586262     -4.334139    
  2.586349     -5.266836    
  2.588885     -3.959907    
  2.588972     -4.084511    
  2.590598     -4.279644    
  2.590685     -4.044794    
  2.593482     -3.880009    
  2.596260     -3.941118    
  2.596347     -3.938336    
  2.597094     -4.069559    
  2.597181     -5.179327    
  2.597646     -4.332491    
  2.597733     -4.026141    
  2.600152     -3.974356    
  2.600239     -4.050828    
  2.601008     -3.913482    
  2.601094     -3.892820    
  2.604131     -3.980623    
  2.607145     -4.192814    
  2.607232     -4.010644    
  2.607324     -3.990032    
  2.607480     -3.965936    
  2.607567     -3.955836    
  2.607898     -3.950544    
  2.607985     -3.958428    
  2.608789     -3.960066    
  2.608876     -3.955609    
  2.609811     -3.961540    
  2.609898     -3.956052    
  2.612121     -4.008935    
  2.614332     -3.957650    
  2.614419     -3.975958    
  2.615617     -4.017372    
  2.615704     -3.994453    
  2.616177     -3.972413    
  2.616264     -3.968412    
  2.617793     -3.978713    
  2.617880     -3.905235    
  2.620859     -4.221259    
  2.620946     -4.570649    
  2.623214     -6.052086    
  2.625471     -3.849025    
  2.625557     -3.940085    
  2.626297     -3.953456    
  2.626384     -3.914676    
  2.629798     -3.806105    
  2.633186     -4.020248    
  2.633273     -3.995002    
  2.634349     -4.013002    
  2.634435     -4.004936    
  2.634827     -3.996788    
  2.634914     -3.990228    
  2.636215     -4.012425    
  2.636302     -4.026861    
  2.637231     -4.105114    
  2.637318     -4.193705    
  2.639844     -4.179446    
  2.642355     -4.032255    
  2.642442     -3.997071    
  2.644205     -4.036842    
  2.644292     -4.033826    
  2.644578     -4.045549    
  2.644665     -4.030354    
  2.646436     -4.016530    
  2.646523     -4.138405    
  2.648315     -4.063617    
  2.648402     -4.024612    
  2.648476     -4.020497    
  2.648563     -4.013295    
  2.649502     -4.009016    
  2.649589     -4.010469    
  2.650015     -4.011476    
  2.650101     -4.001328    
  2.652023     -4.065918    
  2.652110     -4.189853    
  2.653477     -4.056581    
  2.653564     -4.033892    
  2.653758     -4.033614    
  2.653845     -4.030777    
  2.656371     -4.034404    
  2.656458     -4.092160    
  2.657291     -4.083670    
  2.657378     -4.019887    
  2.659033     -4.094792    
  2.660682     -4.049279    
  2.660769     -3.931960    
  2.662838     -4.783493    
  2.662925    -100.00000    
  2.664361     -3.950496    
  2.664448     -3.931152    
  2.664909     -3.997099    
  2.664996     -4.030556    
  2.667441     -3.873379    
  2.668659     -3.971775    
  2.669873     -3.994313    
  2.669960     -3.991961    
  2.671570     -4.087177    
  2.673175     -5.535409    
  2.674773     -3.983350    
  2.676365     -3.855224    
  2.676452     -3.894820    
  2.677193     -3.954295    
  2.677280     -3.953802    
  2.678402     -4.061906    
  2.679522     -4.012484    
  2.680638     -4.049344    
  2.681752     -4.035775    
  2.681839     -4.029747    
  2.682994     -4.002587    
  2.684147     -4.624417    
  2.684233     -4.699987    
  2.684319     -4.705489    
  2.684406     -4.893501    
  2.685617     -4.330989    
  2.685704     -4.242271    
  2.685988     -4.134777    
  2.686075     -4.070557    
  2.687275     -3.939031    
  2.688471     -4.093563    
  2.689665     -4.738419    
  2.690854     -4.867286    
  2.690941     -4.816626    
  2.691662     -4.045676    
  2.692382     -4.071023    
  2.693100     -4.003611    
  2.693817     -3.927328    
  2.693904     -3.920485    
  2.694490     -3.950117    
  2.695075     -3.990010    
  2.695162     -3.991504    
  2.695331     -4.006340    
  2.695418     -4.029168    
  2.696036     -4.109933    
  2.696123     -4.096189    
  2.697045     -4.030024    
  2.697132     -4.033302    
  2.697891     -4.038214    
  2.698648     -4.038476    
  2.698717     -4.040163    
  2.698803     -4.038823    
  2.699667     -4.067117    
  2.700098     -4.102502    
  2.700529     -4.120257    
  2.700616     -4.119871    
  2.701097     -4.160588    
  2.701577     -4.166100    
  2.702057     -4.107388    
  2.702537     -4.098689    
  2.702610     -4.096133    
  2.702697     -4.058836    
  2.704230     -3.948192    
  2.704317     -3.975953    
  2.704748     -3.974891    
  2.704835     -3.901858    
  2.706154    -100.00000    
  2.706241     -6.016197    
  2.706290     -5.906861    
  2.706377    -100.00000    
  2.707629     -4.050047    
  2.707716     -3.959720    
  2.709271     -3.967366    
  2.709358     -3.875350    
  2.709449     -3.868313    
  2.709536     -3.864958    
  2.709681     -3.860302    
  2.709768     -3.856142    
  2.709828     -3.852614    
  2.709915     -3.847063    
  2.710033     -3.840191    
  2.710119     -3.968838    
  2.713272     -3.894376    
  2.716402     -3.847733    
  2.716489     -3.740524    
  2.718816     -4.364425    
  2.718903     -4.442368    
  2.720712     -4.044605    
  2.720799    -100.00000    
  2.721478     -4.769092    
  2.721565     -4.498653    
  2.721792     -4.211536    
  2.721879     -3.876631    
  2.725251     -3.907748    
  2.725338     -3.791693    
  2.727078     -4.003227    
  2.727165     -3.853772    
  2.730036     -3.971209    
  2.730123     -4.046057    
  2.733151     -4.026679    
  2.733238     -3.896563    
  2.733842     -4.081927    
  2.733929     -4.556381    
  2.737074     -4.370583    
  2.737161     -4.061934    
  2.737825     -3.836941    
  2.737912     -3.720391    
  2.740300     -3.903582    
  2.740387     -3.899827    
  2.741710     -4.038046    
  2.741797     -3.803916    
  2.744319    -100.00000    
  2.746826     -4.059764    
  2.746913     -3.874521    
  2.748474     -3.766364    
  2.748561     -3.761796    
  2.752296     -4.306463    
  2.752383     -4.142312    
  2.754509     -3.930932    
  2.754596     -3.990664    
  2.754850     -4.019290    
  2.754937     -4.029746    
  2.755686     -4.109027    
  2.755773     -4.100625    
  2.755894     -3.919066    
  2.758471     -4.745456    
  2.758558     -4.485615    
  2.759027     -4.256828    
  2.759113     -4.219883    
  2.759268     -4.165034    
  2.759355     -4.135139    
  2.759981     -3.935253    
  2.760067     -3.915878    
  2.760747     -3.854440    
  2.760833     -3.835967    
  2.762305     -4.111984    
  2.762392     -4.010627    
  2.763491     -4.098969    
  2.763577     -4.054615    
  2.764577     -3.931053    
  2.764664     -3.951759    
  2.765524     -4.137221    
  2.765611     -4.134105    
  2.767568     -3.910166    
  2.767655     -3.950233    
  2.768842     -3.958831    
  2.768929     -3.979204    
  2.771196     -4.048279    
  2.771283     -3.968953    
  2.771358     -3.964625    
  2.771445     -3.960313    
  2.773649     -3.962913    
  2.775841     -4.018313    
  2.775928     -4.166891    
  2.777541     -4.465489    
  2.777628    -100.00000    
  2.778824     -4.671248    
  2.778910     -4.154902    
  2.782300     -3.931507    
  2.782387     -4.039450    
  2.783749     -3.957034    
  2.783836     -4.528763    
  2.787507     -4.456746    
  2.787594     -3.916999    
  2.790506     -4.190953    
  2.793400     -4.059088    
  2.796274     -4.545612    
  2.799129     -4.500252    
  2.799216    -100.00000    
  2.799875     -5.440569    
  2.799961     -5.242829    
  2.800228     -5.017002    
  2.800315     -6.252891    
  2.802759     -3.938322    
  2.805189     -3.984277    
  2.805276     -4.005953    
  2.807759     -4.050712    
  2.810229     -4.075905    
  2.810316     -4.058313    
  2.813524     -4.076196    
  2.813611     -4.074465    
  2.814474     -4.073931    
  2.814561     -4.076639    
  2.817018     -4.084556    
  2.817105     -4.088424    
  2.819648     -4.106432    
  2.822177     -4.150415    
  2.822264     -4.295966    
  2.826003     -4.178112    
  2.826090     -4.108271    
  2.829167     -4.126215    
  2.829254     -4.120085    
  2.829613     -4.120032    
  2.829700     -4.116159    
  2.832781     -4.134109    
  2.832867     -4.165587    
  2.832995     -4.187286    
  2.833082     -4.176668    
  2.836249     -4.417264    
  2.836336     -4.572281    
  2.839377     -4.158664    
  2.839464     -4.130645    
  2.840558     -4.146473    
  2.840645     -4.146697    
  2.842706     -4.172311    
  2.842793     -4.153615    
  2.843374     -4.168538    
  2.843461     -4.172508    
  2.843577     -4.174957    
  2.843663     -4.176389    
  2.844722     -4.157044    
  2.844809     -4.170325    
  2.845992     -4.226563    
  2.846079     -4.198778    
  2.846320     -4.181397    
  2.846407     -4.080730    
  2.846929     -4.792648    
  2.847016    -100.00000    
  2.850284     -4.045084    
  2.850371     -4.061158    
  2.851272     -3.997075    
  2.851359     -3.995193    
  2.851605     -3.994133    
  2.851692     -4.017677    
  2.853657     -4.144324    
  2.853744     -4.138360    
  2.856721     -4.180724    
  2.856808     -4.249907    
  2.859953     -4.206684    
  2.863077     -4.209994    
  2.863164     -4.208824    
  2.864011     -4.214282    
  2.864097     -4.205082    
  2.864929     -4.277517    
  2.865016     -4.306783    
  2.868335     -4.234485    
  2.868422     -4.314526    
  2.870319     -4.209387    
  2.870406     -4.229882    
  2.871477     -4.245188    
  2.871560     -4.260990    
  2.871647     -4.267916    
  2.871746     -4.275233    
  2.871833     -4.255592    
  2.875793     -4.293971    
  2.879716     -4.258181    
  2.879803     -4.317499    
  2.880314     -4.337559    
  2.880401     -4.314451    
  2.882313    -100.00000    
  2.882400     -5.145387    
  2.882670     -4.930413    
  2.882757     -4.663603    
  2.885708     -4.057916    
  2.885795     -4.182829    
  2.887555     -4.293327    
  2.887642     -4.418597    
  2.891964     -4.706855    
  2.892051     -4.806843    
  2.893704     -4.962782    
  2.893791     -4.680719    
  2.894071     -4.563750    
  2.894158     -4.531848    
  2.895095     -4.333939    
  2.895182     -4.061578    
  2.897787    -100.00000    
  2.897874    -100.00000    
  2.900589     -4.201803    
  2.900676     -4.111501    
  2.904168     -4.352078    
  2.904255     -4.478052    
  2.905026     -5.118166    
  2.905113     -5.564533    
  2.908003     -4.242970    
  2.908090     -4.209611    
  2.908185     -4.206903    
  2.908477     -4.215255    
  2.908564     -4.220632    
  2.909361     -4.340443    
  2.909448     -4.346939    
  2.910383     -4.316395    
  2.910470     -4.320756    
  2.911970     -4.341233    
  2.912057     -4.340906    
  2.914427     -4.359938    
  2.916785     -4.363703    
  2.916872     -4.357287    
  2.917171     -4.358628    
  2.917258     -4.358414    
  2.920236     -4.368434    
  2.920323     -4.368178    
  2.920418     -4.325482    
  2.922032    -100.00000    
  2.922118     -5.058893    
  2.925029     -4.188246    
  2.925116     -4.227534    
  2.925353     -4.217910    
  2.925440     -4.212497    
  2.925683     -4.203245    
  2.925770     -4.203617    
  2.925849     -4.205352    
  2.925936     -4.221755    
  2.927554     -4.333182    
  2.927641     -4.326511    
  2.927759     -4.331430    
  2.927950     -4.337266    
  2.928037     -4.338574    
  2.929127     -4.364201    
  2.929213     -4.367846    
  2.929524     -4.374471    
  2.929611     -4.374377    
  2.930245     -4.387044    
  2.930332     -4.396408    
  2.930644     -4.425912    
  2.930731     -4.435068    
  2.931247     -4.425118    
  2.931334     -4.394842    
  2.932296     -4.362571    
  2.932383     -4.382835    
  2.934646     -4.406248    
  2.934733     -4.403975    
  2.935353     -4.406736    
  2.935440     -4.413047    
  2.939332     -4.425044    
  2.939418     -4.418886    
  2.943758     -4.438256    
  2.943845     -4.432182    
  2.944467     -4.434643    
  2.944554     -4.433865    
  2.945191     -4.442487    
  2.945278     -4.453370    
  2.946273     -4.457677    
  2.946360     -4.448335    
  2.946687     -4.438467    
  2.946774     -4.423807    
  2.949861     -4.419273    
  2.949948     -4.431248    
  2.950064     -4.427166    
  2.950137     -4.424762    
  2.950211     -4.422549    
  2.950298     -4.419850    
  2.950637     -4.414609    
  2.950724     -4.414873    
  2.950770     -4.414966    
  2.950857     -4.415413    
  2.951287     -4.420072    
  2.951374     -4.419516    
  2.952601     -4.440123    
  2.952688     -4.442581    
  2.952960     -4.446878    
  2.953047     -4.448333    
  2.953706     -4.453067    
  2.953793     -4.453151    
  2.954344     -4.453836    
  2.954431     -4.453326    
  2.955685     -4.457175    
  2.955739     -4.457937    
  2.955826     -4.458412    
  2.956162     -4.460168    
  2.956249     -4.460540    
  2.956346     -4.460920    
  2.956433     -4.461244    
  2.956797     -4.461992    
  2.956884     -4.462087    
  2.956929     -4.462153    
  2.957016     -4.462079    
  2.958622     -4.467464    
  2.958708     -4.467678    
  2.958913     -4.468403    
  2.959000     -4.468724    
  2.959196     -4.469422    
  2.959283     -4.469708    
  2.959385     -4.470021    
  2.959471     -4.470268    
  2.959520     -4.470397    
  2.959575     -4.470540    
  2.959642     -4.470707    
  2.959686     -4.470806    
  2.960694     -4.472943    
  2.960781     -4.473126    
  2.961021     -4.473863    
  2.961108     -4.474291    
  2.961209     -4.512866    
  2.963780     -4.356812    
  2.963867     -4.323966    
  2.966863     -5.099022    
  2.969838     -4.305105    
  2.972793     -4.505979    
  2.975728     -4.526135    
  2.975815     -4.489472    
  2.976171     -4.577738    
  2.976258     -4.578914    
  2.979351     -4.473843    
  2.982423     -4.371875    
  2.982509     -4.418760    
  2.982872     -4.436977    
  2.982959     -4.467185    
  2.985659     -4.444931    
  2.988343     -4.535000    
  2.991011     -5.078794    
  2.993662     -4.254041    
  2.996297     -4.435773    
  2.998916     -4.616559    
  3.001519     -4.454647    
  3.004107     -4.516652    
  3.004194     -4.581355    
  3.007954     -4.489608    
  3.008041     -4.504036    
  3.011581     -4.534385    
  3.015092     -4.901449    
  3.018574     -4.454804    
  3.022029     -4.614609    
  3.022116     -4.593545    
  3.025489     -4.581832    
  3.025575     -4.646110    
  3.029166     -4.607031    
  3.032728     -4.577148    
  3.036260     -4.692679    
  3.039764     -4.678368    
  3.043240     -4.604046    
  3.046688     -4.680222    
  3.050109     -4.581409    
  3.053504     -4.659108    
  3.053591     -4.700150    
  3.056570     -4.666784    
  3.059529     -4.727520    
  3.059616     -4.674202    
  3.061712     -4.679452    
  3.061799     -4.678828    
  3.061872     -4.679501    
  3.061959     -4.680214    
  3.062919     -4.687656    
  3.063006     -4.686269    
  3.065043     -4.684808    
  3.065130     -4.683539    
  3.067491     -4.713993    
  3.067578     -4.728306    
  3.069763     -5.330715    
  3.071937     -5.001362    
  3.072024     -4.600627    
  3.074321     -4.549603    
  3.074408     -4.519582    
  3.077730     -4.727361    
  3.081028     -4.762122    
  3.081115     -4.728333    
  3.083823     -4.733801    
  3.086515     -4.972211    
  3.089190     -4.674243    
  3.091849     -4.842764    
  3.091936     -4.877517    
  3.093217     -4.726289    
  3.093303     -4.679544    
  3.096155     -4.791064    
  3.096242     -4.780957    
  3.099969     -4.824839    
  3.100056     -4.783449    
  3.102484     -4.810974    
  3.102571     -4.818455    
  3.104805     -4.808945    
  3.104892     -4.821383    
  3.105931     -4.822883    
  3.106018     -4.822496    
  3.106079     -4.823123    
  3.106166     -4.824162    
  3.106856     -4.835970    
  3.106943     -4.833397    
  3.109794     -4.831532    
  3.109881     -4.830493    
  3.110486     -4.836838    
  3.110573     -4.839833    
  3.112005     -4.842822    
  3.112092     -4.840222    
  3.112365     -4.837065    
  3.112452     -4.834711    
  3.114687     -4.856607    
  3.114774     -4.856520    
  3.114901     -4.859063    
  3.114988     -4.881525    
  3.117740     -4.847748    
  3.117827     -4.851632    
  3.118223     -4.852875    
  3.118310     -4.848586    
  3.122171     -4.883829    
  3.125997     -4.876237    
  3.126084     -4.887328    
  3.127687     -4.894428    
  3.127774     -6.272570    
  3.131268     -4.880272    
  3.131355     -4.740416    
  3.133775     -4.945856    
  3.136182     -4.889638    
  3.136269     -4.838951    
  3.138689     -5.973224    
  3.141096     -4.720985    
  3.143489     -4.946724    
  3.145869     -4.951975    
  3.145956     -4.922433    
  3.146758     -5.134725    
  3.146845     -5.119167    
  3.149072     -4.915198    
  3.151287     -4.938244    
  3.151374     -4.952208    
  3.153068     -4.961875    
  3.153155     -4.964187    
  3.153248     -4.965376    
  3.153335     -4.966543    
  3.153381     -4.967166    
  3.153425     -4.967778    
  3.153479     -4.971750    
  3.156074     -4.979280    
  3.156161     -5.004100    
  3.160418     -4.983625    
  3.164633     -5.001315    
  3.164720     -5.000211    
  3.167983     -5.011769    
  3.168070     -5.012695    
  3.170695     -5.024063    
  3.173303     -5.053682    
  3.173390     -5.031895    
  3.174167     -5.030063    
  3.174254     -5.030728    
  3.176868     -5.039509    
  3.179466     -5.047446    
  3.179553     -5.049334    
  3.182832     -5.061887    
  3.186087     -5.072786    
  3.186174     -5.071558    
  3.188338     -5.083869    
  3.188425     -5.215252    
  3.191899    -100.00000    
  3.191986     -5.346249    
  3.192224     -5.288067    
  3.192311     -5.107161    
  3.194885     -4.758713    
  3.194972     -4.894265    
  3.196916     -4.986196    
  3.197003     -5.001866    
  3.199617     -5.068004    
  3.202215     -5.105924    
  3.204798     -5.124925    
  3.207365     -5.151093    
  3.207452     -5.149421    
  3.209491     -5.149600    
  3.209578     -5.151205    
  3.213892     -5.275831    
  3.218164     -5.065289    
  3.218251     -4.945482    
  3.221052     -5.135305    
  3.223835     -5.194794    
  3.226600     -5.221720    
  3.229347     -5.228654    
  3.229434     -5.225030    
  3.231857     -5.233853    
  3.234265     -5.237552    
  3.234352     -5.237652    
  3.236049     -5.243743    
  3.236136     -5.244072    
  3.236180     -5.244231    
  3.236267     -5.237130    
  3.238739     -5.280982    
  3.241164     -5.266317    
  3.243575     -5.269713    
  3.245973     -5.281840    
  3.246060     -5.276896    
  3.246189     -5.277285    
  3.247464     -5.282777    
  3.247551     -5.282811    
  3.248152     -5.295596    
  3.248239     -5.303222    
  3.249187     -5.293435    
  3.249274     -5.288266    
  3.251523     -5.297657    
  3.251610     -5.298629    
  3.255359     -5.321642    
  3.259075     -5.334468    
  3.262760     -5.336151    
  3.266414     -5.349572    
  3.266501     -5.351923    
  3.269936     -5.361655    
  3.273344     -5.368881    
  3.276725     -5.388366    
  3.280080     -5.409298    
  3.283409     -5.402931    
  3.286714     -5.420085    
  3.289993     -5.414492    
  3.293247     -5.438479    
  3.293334     -5.442530    
  3.296691     -5.453400    
  3.300022     -5.466543    
  3.303327     -5.477057    
  3.306608     -5.493645    
  3.306694     -5.497688    
  3.310624     -5.491977    
  3.310710     -5.493901    
  3.310941     -5.495098    
  3.311027     -5.494695    
  3.311634     -5.508279    
  3.311721     -5.511102    
  3.311773     -5.512091    
  3.311825     -5.512949    
  3.311868     -5.509420    
  3.315460     -5.512587    
  3.318980     -5.502582    
  3.322472     -5.539211    
  3.325936     -5.542157    
  3.329372     -5.523885    
  3.332782     -5.529004    
  3.336165     -5.578512    
  3.339521     -5.588502    
  3.342852     -5.611158    
  3.346158     -5.603128    
  3.349439     -5.624867    
  3.352695     -5.623837    
  3.355927     -5.667179    
  3.359135     -5.658992    
  3.362319     -5.584122    
  3.365480     -5.546938    
  3.365567     -5.577497    
  3.367462     -5.620499    
  3.367549     -5.638010    
  3.371229     -5.704659    
  3.374878     -5.703447    
  3.378497     -5.726017    
  3.382086     -5.746766    
  3.382173     -5.717974    
  3.385882     -5.661186    
  3.385969     -5.730068    
  3.388254     -5.757373    
  3.390528     -5.766056    
  3.392789     -5.772629    
  3.395039     -5.780898    
  3.395126     -5.781577    
  3.398000     -5.784640    
  3.400855     -5.850516    
  3.400942     -5.964256    
  3.403656     -5.806121    
  3.403743     -5.886074    
  3.406570     -5.657696    
  3.409379     -5.854038    
  3.412170     -5.846423    
  3.414942     -5.852164    
  3.415029     -5.861132    
  3.419186     -5.865649    
  3.423303     -5.884204    
  3.427382     -5.899598    
  3.431422     -5.915924    
  3.431509     -5.910673    
  3.434904     -5.879709    
  3.438273     -5.958441    
  3.441616     -5.928439    
  3.444934     -5.963383    
  3.445021     -5.952377    
  3.447515     -5.958924    
  3.449995     -5.979994    
  3.452462     -6.000710    
  3.454914     -5.983174    
  3.455001     -5.983965    
  3.458181     -6.010907    
  3.461337     -6.027285    
  3.464472     -6.042818    
  3.467583     -5.954580    
  3.467670     -5.913765    
  3.469453     -6.008611    
  3.469540     -6.025611    
  3.471179     -6.054066    
  3.471266     -6.048683    
  3.474100     -6.063838    
  3.474187     -6.070201    
  3.477329     -6.054994    
  3.480449     -6.057525    
  3.483547     -6.069183    
  3.486623     -6.071592    
  3.486710     -6.314390    
  3.490510     -6.051794    
  3.494277     -6.162504    
  3.494364     -6.142561    
  3.496959     -6.120245    
  3.499539     -6.144642    
  3.502104     -6.155241    
  3.504653     -6.175559    
  3.507188     -6.188690    
  3.509708     -6.126019    
  3.512213     -6.205454    
  3.514705     -6.197702    
  3.517181     -6.187372    
  3.519644     -6.212391    
  3.522093     -6.241400    
  3.524529     -6.238614    
  3.526950     -6.296157    
  3.529358     -6.277335    
  3.531753     -6.377994    
  3.534135     -6.235009    
  3.534222     -6.133874    
  3.536956     -6.154516    
  3.539673     -6.296593    
  3.542373     -6.312456    
  3.545057     -6.322438    
  3.547724     -6.335852    
  3.550374     -6.344817    
  3.553009     -6.351350    
  3.555627     -6.318907    
  3.555714     -6.352298    
  3.558846     -6.379080    
  3.558933     -6.376636    
  3.559291     -6.378262    
  3.559378     -6.378695    
  3.560973     -6.385328    
  3.561019     -6.385472    
  3.561106     -6.385840    
  3.561702     -6.388129    
  3.561789     -6.388459    
  3.562293     -6.390367    
  3.562360     -6.390613    
  3.562447     -6.393244    
  3.565681     -6.393436    
  3.565768     -6.398435    
  3.568672     -6.380829    
  3.571556     -6.366722    
  3.574422     -6.440943    
  3.577268     -6.376578    
  3.580096     -6.409156    
  3.582906     -6.453958    
  3.585698     -6.465982    
  3.588471     -6.475840    
  3.591228     -6.483056    
  3.593966     -6.495671    
  3.596688     -6.510187    
  3.599393     -6.497834    
  3.602081     -6.516391    
  3.604752     -6.529413    
  3.607407     -6.556545    
  3.610046     -6.547907    
  3.610133     -6.559015    
  3.612945     -6.554584    
  3.615738     -6.585239    
  3.618514     -6.579702    
  3.621272     -6.587625    
  3.624013     -6.585963    
  3.626737     -6.619687    
  3.629443     -6.618998    
  3.630428     -6.632505    
  3.632133     -6.640544    
  3.632220     -6.640734    
  3.634575     -6.650152    
  3.636918     -6.659749    
  3.639248     -6.679767    
  3.641565     -6.674424    
  3.643871     -6.681713    
  3.646164     -6.689177    
  3.648445     -6.702124    
  3.650714     -6.710518    
  3.650801     -6.674468    
  3.654938     -6.702143    
  3.655025     -6.721272    
  3.659341     -6.755358    
  3.663615     -6.741773    
  3.663702     -6.750838    
  3.666928     -6.803429    
  3.670130     -6.664998    
  3.673309     -6.311621    
  3.676464     -6.695902    
  3.679597     -6.800541    
  3.682707     -6.840925    
  3.685795     -6.832605    
  3.688862     -6.849598    
  3.688948     -6.900769    
  3.691459     -6.830653    
  3.691546     -6.849485    
  3.694107     -6.870374    
  3.696652     -6.880471    
  3.696739     -6.880660    
  3.700634     -6.894454    
  3.704495     -6.903865    
  3.708321     -6.919527    
  3.712114     -6.957581    
  3.712650     -6.934631    
  3.715873     -6.953333    
  3.719601     -6.965905    
  3.723297     -6.976346    
  3.726962     -6.993636    
  3.730596     -6.993488    
  3.734200     -7.025045    
  3.737774     -7.012453    
  3.741319     -7.022823    
  3.744836     -7.061366    
  3.748324     -7.080725    
  3.751784     -7.088739    
  3.755217     -7.097340    
  3.755304     -7.097848    
  3.755522     -7.099176    
  3.755609     -7.099224    
  3.756737     -7.110198    
  3.756824     -7.109931    
  3.760554     -7.163627    
  3.764252     -7.542852    
  3.767919     -6.278455    
  3.771555     -6.768432    
  3.775161     -7.387678    
  3.778151     -6.988362    
  3.778737     -7.156774    
  3.782284     -7.199210    
  3.785802     -7.212373    
  3.789292     -7.226352    
  3.792754     -7.237460    
  3.796189     -7.251274    
  3.799596     -7.261036    
  3.802978     -7.278313    
  3.806333     -7.284133    
  3.809662     -7.305465    
  3.812966     -7.310566    
  3.813053     -7.325697    
  3.815257     -7.286816    
  3.817449     -7.340199    
  3.817536     -7.318800    
  3.821296     -7.254546    
  3.821383     -7.278622    
  3.821564     -7.291642    
  3.821651     -7.313331    
  3.825332     -7.361917    
  3.828982     -7.372614    
  3.832602     -7.381092    
  3.836192     -7.398814    
  3.836279     -7.393223    
  3.838150     -7.409968    
  3.838237     -7.407220    
  3.840853     -7.427213    
  3.843453     -7.418926    
  3.846037     -7.473523    
  3.848607     -7.432804    
  3.848694     -7.385284    
  3.853036     -7.432350    
  3.857335     -7.482252    
  3.861592     -7.490760    
  3.865808     -7.512539    
  3.865895     -7.512646    
  3.868545     -7.522330    
  3.871179     -7.531695    
  3.871266     -7.534570    
  3.874225     -7.537140    
  3.877163     -7.554392    
  3.880081     -7.564711    
  3.882980     -7.579002    
  3.885860     -7.640074    
  3.888721     -7.259187    
  3.891563     -7.608123    
  3.894387     -7.622771    
  3.894474     -7.619002    
  3.896842     -7.627428    
  3.899197     -7.626789    
  3.901540     -7.645629    
  3.903870     -7.649144    
  3.906188     -7.612603    
  3.908494     -7.612777    
  3.910787     -7.657322    
  3.913068     -7.685483    
  3.913155     -7.684120    
  3.913273     -7.684993    
  3.913769     -7.688155    
  3.913856     -7.688593    
  3.913972     -7.689224    
  3.915648     -7.697767    
  3.915735     -7.700134    
  3.916915     -7.694495    
  3.917002     -7.692609    
  3.920011     -7.678924    
  3.923000     -7.724565    
  3.925968     -7.735151    
  3.928916     -7.748539    
  3.931844     -7.752152    
  3.934752     -7.760628    
  3.937641     -7.782264    
  3.940511     -7.792486    
  3.943362     -7.802369    
  3.946195     -7.813459    
  3.949009     -7.811466    
  3.951805     -7.828671    
  3.954584     -7.843370    
  3.957344     -7.855732    
  3.960087     -7.862671    
  3.962813     -7.877986    
  3.962900     -7.871652    
  3.965521     -7.882749    
  3.968126     -7.896230    
  3.970716     -7.901343    
  3.973291     -7.883137    
  3.975850     -7.894773    
  3.978394     -7.933350    
  3.980924     -7.942660    
  3.983439     -7.953461    
  3.983526     -7.947502    
  3.986607     -7.964962    
  3.989666     -7.974540    
  3.992704     -7.978861    
  3.995722     -7.997205    
  3.998718     -8.009625    
  4.001693     -8.020221    
  4.004649     -8.074169    
  4.007584     -7.741701    
  4.007671     -7.701731    
  4.010289     -7.846670    
  4.012892     -8.044540    
  4.015479     -8.065725    
  4.018051     -8.078356    
  4.020607     -8.089576    
  4.023149     -8.096691    
  4.025675     -8.065074    
  4.028187     -8.123455    
  4.030685     -8.129102    
  4.033169     -8.139286    
  4.035638     -8.148976    
  4.038093     -8.148459    
  4.040535     -8.156836    
  4.042963     -8.158327    
  4.045377     -8.180413    
  4.047778     -8.192731    
  4.047865     -8.192467    
  4.050191     -8.201842    
  4.050278     -8.201235    
  4.052927     -8.211754    
  4.055559     -8.221712    
  4.058176     -8.230881    
  4.060777     -8.240465    
  4.063363     -8.250909    
  4.065933     -8.256908    
  4.068489     -8.138493    
  4.071029     -8.231871    
  4.073555     -8.298146    
  4.076066     -8.177844    
  4.078562     -8.028460    
  4.081044     -8.329183    
  4.083513     -8.319757    
  4.085967     -8.332805    
  4.088407     -8.343237    
  4.090834     -8.350156    
  4.090921     -8.352404    
  4.093448     -8.361628    
  4.095961     -8.370475    
  4.098459     -8.377166    
  4.100943     -8.388711    
  4.103413     -8.396982    
  4.105869     -8.408615    
  4.108311     -8.404511    
  4.110740     -8.398204    
  4.113155     -8.421602    
  4.115556     -8.440249    
  4.117944     -8.453582    
  4.120320     -8.461542    
  4.122682     -8.466487    
  4.125032     -8.478789    
  4.127369     -8.470986    
  4.129693     -8.453442    
  4.129780     -8.451605    
  4.133136     -8.493515    
  4.136466     -8.521456    
  4.139770     -8.533841    
  4.143050     -8.548116    
  4.146305     -8.473718    
  4.149536     -8.555197    
  4.152743     -8.582660    
  4.155926     -8.590977    
  4.156013     -8.632167    
  4.158880     -8.385210    
  4.161727     -8.564981    
  4.161814     -8.583448    
  4.163762     -8.620592    
  4.163849     -8.618173    
  4.166924     -8.635486    
  4.167011     -8.635757    
  4.169326     -8.643184    
  4.171629     -8.603521    
  4.173920     -8.610166    
  4.176198     -8.654076    
  4.178465     -8.677711    
  4.180720     -8.686153    
  4.182963     -8.695176    
  4.185195     -8.703401    
  4.187415     -8.711228    
  4.189624     -8.720115    
  4.191822     -8.726739    
  4.194009     -8.738278    
  4.198350     -8.738861    
  4.202647     -8.753159    
  4.202734     -8.744861    
  4.204957     -8.777725    
  4.207168     -8.784599    
  4.209369     -8.791070    
  4.211558     -8.797828    
  4.213736     -8.804903    
  4.215903     -8.813256    
  4.220205     -8.828530    
  4.224465     -8.846492    
  4.228684     -8.856848    
  4.232862     -8.851794    
  4.237000     -8.888742    
  4.237088     -9.048641    
  4.240818     -8.601361    
  4.244516     -8.962531    
  4.248183     -8.934948    
  4.251819     -8.942631    
  4.255425     -8.965747    
  4.259002     -8.931404    
  4.262549     -8.984348    
  4.266067     -8.998743    
  4.266154     -8.998143    
  4.270079     -9.016159    
  4.270166     -9.064557    
  4.274271     -8.622954    
  4.278338     -8.971169    
  4.282367     -9.058970    
  4.286359     -9.075417    
  4.290314     -9.080146    
  4.294234     -9.092356    
  4.298119     -9.118843    
  4.301969     -9.133425    
  4.302056     -9.132050    
  4.306016     -9.147619    
  4.309939     -9.156499    
  4.313828     -9.190214    
  4.317682     -9.018433    
  4.321502     -8.823335    
  4.325289     -9.240018    
  4.329043     -9.227434    
  4.332765     -9.244702    
  4.332852     -9.243488    
  4.335453     -9.249366    
  4.338038     -9.243361    
  4.340608     -9.255024    
  4.343162     -9.150298    
  4.345702     -9.262404    
  4.348227     -9.295752    
  4.350737     -9.306395    
  4.353233     -9.319798    
  4.353320     -9.319904    
  4.356074     -9.325934    
  4.356161     -9.327915    
  4.357582     -9.330758    
  4.357669     -9.326941    
  4.360115     -9.341800    
  4.362547     -9.349365    
  4.362634     -9.349078    
  4.365286     -9.361749    
  4.367922     -9.364485    
  4.370542     -9.384783    
  4.373146     -9.337136    
  4.375735     -9.378743    
  4.378308     -9.404278    
  4.380867     -9.408265    
  4.383410     -9.434064    
  4.385938     -9.336786    
  4.388452     -9.198510    
  4.390952     -9.463179    
  4.393437     -9.454324    
  4.395908     -9.461954    
  4.398365     -9.481153    
  4.400808     -9.491304    
  4.403238     -9.497693    
  4.405653     -9.508034    
  4.408056     -9.517206    
  4.410445     -9.515390    
  4.412822     -9.513567    
  4.415185     -9.540493    
  4.417536     -9.547598    
  4.419874     -9.561646    
  4.422199     -9.468947    
  4.424512     -9.554825    
  4.426813     -9.581705    
  4.429102     -9.590258    
  4.431378     -9.596999    
  4.433643     -9.594418    
  4.435896     -9.597412    
  4.438138     -9.615232    
  4.440368     -9.623606    
  4.440455     -9.623764    
  4.442913     -9.635950    
  4.445357     -9.644218    
  4.447787     -9.659588    
  4.450204     -9.694492    
  4.452608     -9.582797    
  4.454999     -9.414783    
  4.457376     -9.713556    
  4.459740     -9.656259    
  4.462092     -9.683358    
  4.464431     -9.698607    
  4.466757     -9.717577    
  4.469071     -9.736544    
  4.471373     -9.739186    
  4.473663     -9.740530    
  4.475940     -9.759083    
  4.478206     -9.678469    
  4.512937     -9.821106    
  4.513024     -9.890355    
  4.514610     -9.896154    
  4.514697     -9.894386    
  4.515945     -9.905782    
  4.516032     -9.858283    
  4.585469     -10.15008    
  4.585556     -10.13408    
  4.648489     -10.26855    
  4.648576     -10.34756    
  4.649548     -10.35746    
  4.649635     -10.35793    
  4.649838     -10.35918    
  4.649925     -10.31801    
  4.709765     -10.49834    
  4.709852     -10.56168    
  4.765753     -10.69408    
  4.765822     -10.75967    
  4.765909     -10.73616    
  4.818480     -10.93918    
  4.818567     -10.89397    
  4.868094     -11.00131    
  4.868152     -11.10206    
  4.868214     -11.03337    
  4.915089     -11.27782    
  4.915176     -11.26623    
  4.959449     -11.40597    
  4.959536     -11.41361    
  4.959642     -11.41304    
  4.959729     -11.38787    
  5.002021     -11.37436    
  5.002108     -11.56203    
  5.041986     -11.69535    
  5.042072     -11.69478    
  5.042428     -11.69529    
  5.042515     -11.66950    
  5.081038     -11.80571    
  5.081125     -11.78577    
  5.117569     -11.93972    
  5.117655     -11.96609    
  5.118005     -11.96711    
  5.118092     -11.72216    
  5.153462     -12.19211    
  5.153549     -12.05988    
  5.187204     -12.19561    
  5.187290     -12.17489    
  5.187529     -12.17433    
  5.187616     -12.16587    
  5.251180     -12.27965    
  5.251266     -12.38716    
  5.251931     -12.39150    
  5.252018     -12.38364    
  5.311750     -12.52802    
  5.311837     -12.57921    
  5.311944     -12.55143    
  5.712950     -13.74006    
  5.917833     -14.33015    
  6.161415     -15.03491    
  6.430595     -15.81838    
  6.714779     -16.63422    
  7.007134     -17.46719    
  7.303761     -18.29902    
  7.602573     -19.12499    
  7.902489     -19.95123    
  8.202961     -20.78930    
  8.503712     -21.65130    
  8.804602     -22.55982    
  9.105563     -23.57234    
  9.406558     -24.84251    
  9.707570    -100.00000    
