 0.6989700    -100.00000    
 0.7243402     -179.2074    
 0.7483098    -100.00000    
 0.7710253    -100.00000    
 0.7926116    -100.00000    
 0.8328096    -100.00000    
 0.8696002     -174.0835    
 0.9035159    -100.00000    
 0.9349739     -182.1248    
 0.9643063     -181.5211    
 0.9917824    -100.00000    
 0.9918693     -181.8368    
  1.017734    -100.00000    
  1.042145     -180.9769    
  1.042232    -100.00000    
  1.060679     -175.4683    
  1.060766    -100.00000    
  1.080039     -170.1218    
  1.080126    -100.00000    
  1.098980     -165.1802    
  1.099067    -100.00000    
  1.116489     -160.7745    
  1.116576    -100.00000    
  1.132827     -156.5835    
  1.132914    -100.00000    
  1.147337     -152.6531    
  1.147424    -100.00000    
  1.177890    -100.00000    
  1.206358    -100.00000    
  1.233074    -100.00000    
  1.258242     -127.9955    
  1.258328    -100.00000    
  1.281053     -123.6890    
  1.281140    -100.00000    
  1.305129     -119.4614    
  1.305216    -100.00000    
  1.326885     -115.3415    
  1.326972    -100.00000    
  1.346664     -110.8929    
  1.346750    -100.00000    
  1.372011     -107.5294    
  1.372098    -100.00000    
  1.395435     -104.5951    
  1.395522    -100.00000    
  1.407231     -102.8268    
  1.407318    -100.00000    
  1.434239     -99.66113    
  1.434325     -99.38111    
  1.437957     -98.83601    
  1.438044     -98.60854    
  1.438732     -99.17089    
  1.438819    -100.00000    
  1.466567     -96.05896    
  1.466654    -100.00000    
  1.485460     -93.83062    
  1.485547    -100.00000    
  1.499937     -92.07224    
  1.500023     -95.33980    
  1.502811     -155.2406    
  1.502898     -15.75461    
  1.515152     -16.33219    
  1.515239     -14.84238    
  1.521830    -100.00000    
  1.521916     -15.07588    
  1.538911    -100.00000    
  1.538998     -32.54538    
  1.541754    -100.00000    
  1.541841    -100.00000    
  1.544410     -14.16092    
  1.544497    -100.00000    
  1.546755     -15.73760    
  1.546842     -18.34592    
  1.568094    -100.00000    
  1.568181     -48.29395    
  1.576102    -100.00000    
  1.576189     -61.45933    
  1.577032     -62.05574    
  1.577119     -62.53712    
  1.586189    -100.00000    
  1.586276     -68.38243    
  1.587530     -69.16522    
  1.587617     -69.22375    
  1.602078    -100.00000    
  1.602165     -16.15930    
  1.604747    -100.00000    
  1.604834     -12.76826    
  1.633100    -100.00000    
  1.633187     -24.50267    
  1.643761    -100.00000    
  1.643848     -29.24777    
  1.646889    -100.00000    
  1.646976     -31.06639    
  1.653070    -100.00000    
  1.653157     -34.63784    
  1.667964    -100.00000    
  1.668051     -42.89163    
  1.673067    -100.00000    
  1.673154     -46.54251    
  1.673452     -46.64530    
  1.673539     -47.37076    
  1.683736    -100.00000    
  1.683823     -53.07389    
  1.689301    -100.00000    
  1.689388     -55.94834    
  1.690173     -56.44556    
  1.690260     -56.65188    
  1.691919    -100.00000    
  1.692006     -59.26469    
  1.709636    -100.00000    
  1.709723     -70.79586    
  1.714748    -100.00000    
  1.714835     -74.34816    
  1.714933     -74.00511    
  1.717233     -75.48009    
  1.717320     -75.26512    
  1.717576     -75.60432    
  1.717663     -75.81159    
  1.718527     -76.13985    
  1.718614     -76.15863    
  1.721805    -100.00000    
  1.721892     -79.87772    
  1.725295    -100.00000    
  1.725382     -81.49004    
  1.730438    -100.00000    
  1.730525     -85.18275    
  1.731758     -85.96541    
  1.731845     -86.27483    
  1.732294     -87.44451    
  1.732381     -87.56547    
  1.735217    -100.00000    
  1.735304     -89.47313    
  1.744878    -100.00000    
  1.744965     -93.27020    
  1.746841     -93.29293    
  1.746929     -93.28903    
  1.747807     -93.30785    
  1.747894     -93.37062    
  1.753972     -93.37878    
  1.754058     -93.33023    
  1.756978     -93.42323    
  1.757065     -93.46260    
  1.762907     -93.31547    
  1.762994     -93.39777    
  1.763503     -93.46778    
  1.763590     -93.39087    
  1.765957     -93.49190    
  1.766044     -93.53697    
  1.768505     -93.49324    
  1.768592     -93.53851    
  1.776113     -93.61699    
  1.776200     -93.58756    
  1.776785     -93.56605    
  1.776872     -93.67522    
  1.781285     -93.15647    
  1.781372     -93.04490    
  1.781946     -93.04994    
  1.782033     -93.21400    
  1.786409     -92.96624    
  1.786495     -92.82286    
  1.788161     -92.81459    
  1.788248     -92.56716    
  1.789372     -92.76426    
  1.789459     -92.56424    
  1.792246     -92.54515    
  1.792333     -94.04138    
  1.800765     -91.77259    
  1.800851     -91.46809    
  1.806960     -91.28693    
  1.807047     -91.50133    
  1.809708     -90.93594    
  1.809795     -91.03734    
  1.810144     -90.77269    
  1.810231     -91.01120    
  1.814042     -90.23843    
  1.814129    -100.00000    
  1.834747     -87.27080    
  1.834834     -86.87309    
  1.836557     -86.51793    
  1.836644     -86.56308    
  1.838907     -86.03527    
  1.838994     -86.01214    
  1.840414     -85.68195    
  1.840501     -85.74034    
  1.842703     -85.16955    
  1.842790     -85.14212    
  1.844125     -84.81159    
  1.844212    -100.00000    
  1.857265     -81.95168    
  1.857352     -81.67652    
  1.859614     -81.05078    
  1.859700    -100.00000    
  1.868320     -79.15371    
  1.868407     -78.95539    
  1.870233     -78.48752    
  1.870320     -78.45540    
  1.871306     -78.21664    
  1.871393     -78.19367    
  1.872072     -78.03195    
  1.872158     -78.02993    
  1.873424     -77.72105    
  1.873511    -100.00000    
  1.880831     -76.16649    
  1.880918    -100.00000    
  1.887368     -74.63380    
  1.887455    -100.00000    
  1.893213     -73.28555    
  1.893300    -100.00000    
  1.899003     -71.98801    
  1.899090    -100.00000    
  1.905503     -70.57552    
  1.905590     -70.40891    
  1.905821     -70.35868    
  1.905908    -100.00000    
  1.911657     -69.21809    
  1.911744     -69.07572    
  1.912227     -68.97064    
  1.912313     -68.98417    
  1.913955     -68.61540    
  1.914042    -100.00000    
  1.924238     -66.66871    
  1.924325     -66.41970    
  1.925539     -66.16056    
  1.925626     -66.14468    
  1.926709     -65.91528    
  1.926796     -65.89046    
  1.926846     -65.88020    
  1.926932     -65.86417    
  1.927461     -65.75339    
  1.927548     -65.94031    
  1.930771     -65.11795    
  1.930858     -65.17140    
  1.933612     -64.52348    
  1.933699     -64.67735    
  1.936983     -63.84940    
  1.937070     -63.79026    
  1.938051     -63.58829    
  1.938138     -63.66682    
  1.940777     -63.06783    
  1.940864     -63.02683    
  1.941974     -62.80051    
  1.942061    -100.00000    
  1.953088     -60.84506    
  1.953175     -60.65954    
  1.955697     -60.11893    
  1.955784     -60.47532    
  1.959855     -59.35147    
  1.959942     -59.50422    
  1.963545     -58.63435    
  1.963632    -100.00000    
  1.972680     -57.05074    
  1.972767     -56.86416    
  1.974225     -56.58607    
  1.974312     -56.56004    
  1.974387     -56.54608    
  1.974474     -56.61587    
  1.977192     -56.05891    
  1.977279    -100.00000    
  1.992052     -53.64814    
  1.992139     -53.32643    
  1.992538     -53.25517    
  1.992625     -53.25838    
  1.994212     -52.96949    
  1.994299     -52.94332    
  1.994360     -52.93252    
  1.994447     -52.95515    
  1.996552     -52.56468    
  1.996639     -52.54258    
  1.997939     -52.31034    
  1.998026     -52.32769    
  2.000182     -51.93046    
  2.000268     -51.94313    
  2.002574     -51.51739    
  2.002661     -51.52082    
  2.004835     -51.12483    
  2.004922     -51.14698    
  2.007421     -50.68625    
  2.007508     -50.66500    
  2.009100     -50.38603    
  2.009187     -50.36108    
  2.009352     -50.33298    
  2.009439     -50.31820    
  2.009543    -100.00000    
  2.017372     -49.11733    
  2.017459     -49.01252    
  2.019860     -48.58772    
  2.019947    -100.00000    
  2.026471     -47.59417    
  2.026558     -47.48612    
  2.028108     -47.22166    
  2.028195     -47.27213    
  2.031137     -46.74972    
  2.031224     -46.87775    
  2.035128     -46.12543    
  2.035214     -46.09235    
  2.036585     -45.85455    
  2.036672    -100.00000    
  2.053379     -43.52754    
  2.053466    -100.00000    
  2.061043     -42.18038    
  2.061130     -18.99630    
  2.067104    -100.00000    
  2.067191     -24.15012    
  2.068339    -100.00000    
  2.068426     -27.50666    
  2.074002    -100.00000    
  2.074089     -18.07479    
  2.076209    -100.00000    
  2.076296     -20.41525    
  2.076824    -100.00000    
  2.076911     -21.62656    
  2.077291     -22.81312    
  2.077378     -23.34673    
  2.081631    -100.00000    
  2.081718     -34.01878    
  2.090954    -100.00000    
  2.091041     -18.51441    
  2.095729    -100.00000    
  2.095816     -24.11111    
  2.097304    -100.00000    
  2.097391     -23.03080    
  2.100294    -100.00000    
  2.100380    -100.00000    
  2.100528    -100.00000    
  2.100615    -100.00000    
  2.101519     -23.06818    
  2.101605    -100.00000    
  2.104539     -20.90166    
  2.104626     -20.83701    
  2.105570    -100.00000    
  2.105657    -100.00000    
  2.106101     -21.84005    
  2.106187     -21.70524    
  2.107298    -100.00000    
  2.107385    -100.00000    
  2.107538     -19.10834    
  2.107625     -18.97373    
  2.110312    -100.00000    
  2.110399     -20.34251    
  2.111508    -100.00000    
  2.111595    -100.00000    
  2.111941    -100.00000    
  2.112028    -100.00000    
  2.118960     -21.35452    
  2.119047     -19.43602    
  2.124229    -100.00000    
  2.124316     -19.78181    
  2.124942     -19.07336    
  2.125029    -100.00000    
  2.125725    -100.00000    
  2.125812    -100.00000    
  2.126973    -100.00000    
  2.127060    -100.00000    
  2.127658    -100.00000    
  2.127745     -20.20814    
  2.129084    -100.00000    
  2.129171     -19.99045    
  2.130872    -100.00000    
  2.130959    -100.00000    
  2.131986     -16.78158    
  2.132073    -100.00000    
  2.137486     -17.59010    
  2.137573    -100.00000    
  2.137863     -19.85920    
  2.137949     -18.39253    
  2.141450    -100.00000    
  2.141537    -100.00000    
  2.141651    -100.00000    
  2.141738     -18.79542    
  2.145467    -100.00000    
  2.145554     -19.74287    
  2.150293    -100.00000    
  2.150380    -100.00000    
  2.150508     -18.63451    
  2.154246     -18.18059    
  2.154333     -20.13656    
  2.156640    -100.00000    
  2.156727    -100.00000    
  2.156827     -19.03909    
  2.158942    -100.00000    
  2.159028    -100.00000    
  2.168055     -17.73711    
  2.168141     -19.21691    
  2.171576    -100.00000    
  2.171663    -100.00000    
  2.177080    -100.00000    
  2.177167    -100.00000    
  2.177604     -19.07978    
  2.177690     -17.98064    
  2.181731    -100.00000    
  2.181818    -100.00000    
  2.184881    -100.00000    
  2.184967    -100.00000    
  2.188445     -17.57485    
  2.188532    -100.00000    
  2.189637    -100.00000    
  2.189724    -100.00000    
  2.191670     -21.13798    
  2.191757    -100.00000    
  2.202361    -100.00000    
  2.202448    -100.00000    
  2.209411    -100.00000    
  2.209498    -100.00000    
  2.209936     -19.57326    
  2.210023     -19.86333    
  2.213352    -100.00000    
  2.213439     -18.28522    
  2.217445    -100.00000    
  2.217532    -100.00000    
  2.217837    -100.00000    
  2.217924    -100.00000    
  2.218030    -100.00000    
  2.218315    -100.00000    
  2.218402     -17.89282    
  2.218688     -17.93147    
  2.218775    -100.00000    
  2.221924    -100.00000    
  2.222011    -100.00000    
  2.231931     -17.57786    
  2.232018    -100.00000    
  2.234632     -19.95348    
  2.234695    -100.00000    
  2.234781    -100.00000    
  2.239617     -18.11973    
  2.239704    -100.00000    
  2.242429     -17.24793    
  2.242516    -100.00000    
  2.245345     -19.34400    
  2.245432    -100.00000    
  2.250721     -18.89066    
  2.250808    -100.00000    
  2.252069     -18.57866    
  2.252156     -19.37416    
  2.255687    -100.00000    
  2.259191    -100.00000    
  2.259278    -100.00000    
  2.260545     -18.70661    
  2.260632     -18.26278    
  2.263836    -100.00000    
  2.267016     -19.07291    
  2.267103    -100.00000    
  2.270490     -17.61155    
  2.270577    -100.00000    
  2.271628     -18.81178    
  2.271715     -18.59229    
  2.271807     -18.91909    
  2.271894    -100.00000    
  2.273319     -17.06238    
  2.273406     -18.22413    
  2.275710     -18.47510    
  2.275797     -18.52765    
  2.278310    -100.00000    
  2.280809     -18.79859    
  2.280896     -18.29214    
  2.281369    -100.00000    
  2.281456     -18.54370    
  2.282921     -18.88563    
  2.283008    -100.00000    
  2.283804     -17.76570    
  2.283891    -100.00000    
  2.284781    -100.00000    
  2.284868    -100.00000    
  2.285091     -16.82211    
  2.285178     -16.62224    
  2.285231     -16.95476    
  2.285318    -100.00000    
  2.286288     -17.08163    
  2.286375     -18.68992    
  2.287075     -19.01061    
  2.287162     -16.81969    
  2.289257    -100.00000    
  2.291343     -18.97924    
  2.291430    -100.00000    
  2.293524     -17.58030    
  2.295609     -17.66565    
  2.295696     -18.35532    
  2.297128     -18.03673    
  2.297214     -18.45442    
  2.297982     -18.87997    
  2.298069     -19.70702    
  2.299703     -17.21200    
  2.301330    -100.00000    
  2.301417     -17.45165    
  2.302809    -100.00000    
  2.304196     -18.48685    
  2.305579     -17.89808    
  2.306958     -18.73471    
  2.307045     -18.21611    
  2.308274    -100.00000    
  2.308361     -17.72276    
  2.309467     -18.07276    
  2.310569     -17.88139    
  2.311669     -17.49330    
  2.312767    -100.00000    
  2.312854     -18.26954    
  2.313586     -18.79108    
  2.313673     -18.14056    
  2.314517     -18.72028    
  2.314604     -17.90120    
  2.314729     -18.34641    
  2.314817     -18.53742    
  2.315597     -18.35430    
  2.315684     -18.42978    
  2.316612    -100.00000    
  2.317538     -18.01090    
  2.318463     -17.79269    
  2.319385     -18.46628    
  2.320305     -19.85692    
  2.321224     -17.61834    
  2.322140     -17.44118    
  2.323055    -100.00000    
  2.323141     -17.29373    
  2.324253    -100.00000    
  2.324340     -17.80097    
  2.325648     -18.56863    
  2.325735     -17.61834    
  2.326487     -18.25046    
  2.327238     -17.67588    
  2.327987    -100.00000    
  2.328735     -18.09982    
  2.329482     -17.81252    
  2.330227     -17.73216    
  2.330971    -100.00000    
  2.331714     -17.52270    
  2.331801     -17.14073    
  2.331944     -17.95165    
  2.332031     -17.97338    
  2.333101     -19.71483    
  2.333188     -17.57257    
  2.333638     -17.95492    
  2.333725     -17.83364    
  2.334874     -17.73935    
  2.336020     -17.68233    
  2.337163     -17.51844    
  2.338303     -17.40590    
  2.338390     -17.50620    
  2.339301     -17.40774    
  2.339388     -17.39512    
  2.340254     -17.25381    
  2.341118     -17.32057    
  2.341191     -17.26239    
  2.341278     -17.26177    
  2.341370     -17.28162    
  2.341472     -17.31296    
  2.342517     -17.06451    
  2.342604     -17.55208    
  2.343168     -16.76637    
  2.343730     -17.12250    
  2.344292     -16.96722    
  2.344853     -17.02813    
  2.344940     -16.93833    
  2.345941     -16.88391    
  2.346441     -16.83478    
  2.346940     -16.81340    
  2.347438     -16.77124    
  2.347936     -16.73632    
  2.348434     -16.71357    
  2.348930     -16.56858    
  2.349017     -16.69260    
  2.349687     -16.51397    
  2.350356     -16.57579    
  2.350443     -16.55444    
  2.351314     -16.47641    
  2.352184     -16.39620    
  2.352270     -16.41273    
  2.352846     -16.32437    
  2.353421     -16.38725    
  2.353508     -16.18303    
  2.353983     -16.39762    
  2.354070    -100.00000    
  2.354494     -16.45474    
  2.354917     -16.64230    
  2.355340     -16.66841    
  2.355762     -16.65662    
  2.355849     -16.58857    
  2.356520     -16.60319    
  2.357189     -16.53702    
  2.357276     -16.59714    
  2.357498     -16.33219    
  2.357582    -100.00000    
  2.357669     -15.88153    
  2.362936     -15.46269    
  2.363023     -15.20592    
  2.368963     -14.64619    
  2.369050     -14.46561    
  2.373546     -14.20728    
  2.373633    -100.00000    
  2.374597     -13.75379    
  2.374684     -14.46246    
  2.376702     -13.95798    
  2.376789     -14.26878    
  2.381401     -13.67403    
  2.381488     -13.67792    
  2.381574     -13.65605    
  2.381660     -13.74663    
  2.383081     -13.81609    
  2.383168     -13.82162    
  2.387126     -13.72991    
  2.387213    -100.00000    
  2.387778     -13.88379    
  2.387865     -14.04534    
  2.397727     -13.78477    
  2.397814     -13.31523    
  2.403706     -13.20375    
  2.403793     -12.18813    
  2.409345    -100.00000    
  2.409431     -13.07070    
  2.409967     -13.19249    
  2.410054     -13.66736    
  2.411603     -13.36492    
  2.411690     -13.64565    
  2.412778     -13.31547    
  2.412865     -13.37996    
  2.413098    -100.00000    
  2.413185     -12.05098    
  2.414109     -10.48113    
  2.414195     -10.59729    
  2.415338     -9.802076    
  2.415425     -9.311656    
  2.419545     -9.464076    
  2.419632     -9.209594    
  2.422480     -8.875538    
  2.422566     -8.935974    
  2.424108     -8.987151    
  2.424195     -10.06494    
  2.428391     -9.788928    
  2.428478     -9.500242    
  2.429013     -9.060972    
  2.429100     -8.925951    
  2.429244     -8.647979    
  2.429331     -8.449480    
  2.432147     -8.111783    
  2.432234     -8.172418    
  2.434375     -8.068148    
  2.434462     -8.148810    
  2.434951     -8.205581    
  2.435038     -8.214490    
  2.435182     -8.231091    
  2.435269     -8.241160    
  2.435570     -8.276958    
  2.435657     -8.261278    
  2.437397    -100.00000    
  2.437484     -9.640655    
  2.438099     -8.582732    
  2.438186     -8.292995    
  2.440535     -7.948121    
  2.440622     -7.953118    
  2.441592     -7.894914    
  2.441679     -7.903351    
  2.443115     -7.947600    
  2.443202     -7.892960    
  2.446266    -100.00000    
  2.446353     -8.771378    
  2.447958    -100.00000    
  2.448045     -9.181466    
  2.448133     -9.076479    
  2.448892     -8.567497    
  2.448979     -8.634769    
  2.450924     -8.123897    
  2.451011     -8.263244    
  2.454202     -8.383544    
  2.454289     -8.188582    
  2.456026     -8.151066    
  2.456113     -7.817011    
  2.461170     -8.932613    
  2.461257     -8.804096    
  2.463251     -8.010156    
  2.463338     -7.963158    
  2.464468     -7.888019    
  2.464555     -7.920992    
  2.466286     -7.866618    
  2.466372     -7.841388    
  2.467492     -7.874787    
  2.467579     -7.877789    
  2.467685     -7.870711    
  2.467772     -7.826748    
  2.470538     -7.532192    
  2.470625     -7.548209    
  2.470751     -7.550815    
  2.471828     -7.622681    
  2.471915     -7.598320    
  2.473313     -7.731618    
  2.473400     -7.758362    
  2.476442     -7.798743    
  2.476529     -8.198135    
  2.476628     -8.061153    
  2.476715     -7.460815    
  2.478943     -7.136603    
  2.479030     -7.460912    
  2.480895     -7.486402    
  2.480982     -6.894292    
  2.482813    -100.00000    
  2.482900    -100.00000    
  2.483465     -8.050088    
  2.483551     -7.857696    
  2.483824     -7.529588    
  2.483911     -7.458770    
  2.484268     -7.235982    
  2.484355     -7.170163    
  2.484517     -7.048846    
  2.484589     -6.985238    
  2.484656     -6.922714    
  2.484743     -7.365079    
  2.486424    -100.00000    
  2.486511     -7.615252    
  2.490779     -6.636667    
  2.490866     -6.691120    
  2.490956     -6.658552    
  2.491043     -6.689048    
  2.491443    -100.00000    
  2.491530    -100.00000    
  2.492836     -7.377951    
  2.492923     -7.173629    
  2.493176     -6.960018    
  2.493263     -6.624126    
  2.495735    -100.00000    
  2.495822     -8.921391    
  2.496605     -7.773485    
  2.496692     -7.358585    
  2.497050     -6.986387    
  2.497137     -6.946585    
  2.498024     -6.576609    
  2.498111     -6.438446    
  2.500649     -6.188084    
  2.500736     -6.202077    
  2.503920     -6.610724    
  2.504007     -7.564080    
  2.504069     -7.557394    
  2.504156     -7.352774    
  2.506403     -7.571047    
  2.506490     -9.560489    
  2.506598     -9.564495    
  2.506685     -9.585684    
  2.506857     -8.679007    
  2.506943     -8.233603    
  2.507203     -7.562921    
  2.507290     -8.229655    
  2.511107     -6.918504    
  2.511194     -6.610495    
  2.511697     -6.196031    
  2.511784     -6.153317    
  2.512876     -5.874112    
  2.512963     -5.832258    
  2.513523     -5.752856    
  2.513610     -5.969134    
  2.515498    -100.00000    
  2.515585     -6.779889    
  2.515719     -6.756909    
  2.515805     -6.743321    
  2.515872     -6.731542    
  2.515959     -6.711951    
  2.516021     -6.691046    
  2.516107     -7.240060    
  2.516706    -100.00000    
  2.516793    -100.00000    
  2.517769     -7.044742    
  2.517856     -6.989503    
  2.517941     -6.939732    
  2.518028     -6.869977    
  2.518445     -6.618244    
  2.518532     -6.574210    
  2.518680     -6.496659    
  2.518767     -6.229266    
  2.521283     -5.656381    
  2.523785     -5.969440    
  2.523871     -6.137116    
  2.524535     -6.044450    
  2.524622     -6.043671    
  2.526468     -5.733255    
  2.526555     -5.673677    
  2.527825     -5.694655    
  2.527912     -5.802938    
  2.530010     -5.857547    
  2.530097     -5.675818    
  2.532615     -6.402296    
  2.532701    -100.00000    
  2.535293     -5.996418    
  2.535380     -5.759824    
  2.536082     -5.705216    
  2.536169     -5.648742    
  2.539337    -100.00000    
  2.539424     -6.420547    
  2.543132     -5.882442    
  2.546808     -5.806059    
  2.546895     -5.793254    
  2.547076     -5.740321    
  2.547163     -5.714628    
  2.547329     -5.685461    
  2.547416     -5.671803    
  2.547523     -5.392093    
  2.551049     -5.886171    
  2.551118     -5.728270    
  2.551204     -5.720556    
  2.551316     -5.707987    
  2.551403     -6.094246    
  2.554923     -5.175551    
  2.558382    -100.00000    
  2.558469     -6.382642    
  2.558869     -6.070747    
  2.558956     -5.678287    
  2.561154     -5.773845    
  2.561240     -7.007666    
  2.561557     -6.821041    
  2.561644    -100.00000    
  2.564817     -6.075285    
  2.564904     -5.468664    
  2.567815     -5.736112    
  2.570708     -5.985276    
  2.570794     -7.153919    
  2.571315     -6.920534    
  2.571402     -6.908803    
  2.571490     -6.880682    
  2.571576    -100.00000    
  2.572470     -5.913884    
  2.572557    -100.00000    
  2.576787     -4.916829    
  2.580976    -100.00000    
  2.581063     -5.690402    
  2.582880     -5.440892    
  2.582967     -5.438354    
  2.583821     -5.278379    
  2.583908     -5.294621    
  2.584933    -100.00000    
  2.585020     -6.206586    
  2.586210     -6.097342    
  2.586262     -6.070425    
  2.586349    -100.00000    
  2.588885     -6.813256    
  2.588972     -6.290625    
  2.590598    -100.00000    
  2.590685    -100.00000    
  2.593482     -5.707551    
  2.596260     -5.708505    
  2.596347     -5.473548    
  2.597094     -6.224584    
  2.597181    -100.00000    
  2.597646     -7.574522    
  2.597733    -100.00000    
  2.600152     -5.131446    
  2.600239     -5.043223    
  2.601008     -4.983771    
  2.601094     -4.868499    
  2.604131     -5.351578    
  2.607145     -5.031545    
  2.607232     -5.010924    
  2.607324     -5.005235    
  2.607480     -4.990923    
  2.607567     -4.986599    
  2.607898     -4.902817    
  2.607985     -4.833065    
  2.608789     -4.835170    
  2.608876     -4.918661    
  2.609811     -5.111515    
  2.609898     -5.128406    
  2.612121     -5.331594    
  2.614332     -6.065908    
  2.614419     -5.415860    
  2.615617     -5.774903    
  2.615704     -5.748436    
  2.616177     -5.669798    
  2.616264     -6.638890    
  2.617793     -4.795906    
  2.617880     -4.579608    
  2.620859     -5.121568    
  2.620946     -5.252973    
  2.623214     -6.102439    
  2.625471     -5.151756    
  2.625557     -5.178689    
  2.626297     -5.207931    
  2.626384     -5.198216    
  2.629798     -4.933790    
  2.633186     -5.373135    
  2.633273     -5.137752    
  2.634349     -4.829570    
  2.634435     -4.813338    
  2.634827     -4.756978    
  2.634914     -4.742783    
  2.636215     -4.611292    
  2.636302     -4.575945    
  2.637231    -100.00000    
  2.637318     -6.321340    
  2.639844     -5.137009    
  2.642355     -4.374560    
  2.642442     -4.522748    
  2.644205     -4.556837    
  2.644292     -4.558775    
  2.644578     -4.572249    
  2.644665     -4.558065    
  2.646436     -4.491008    
  2.646523     -4.502759    
  2.648315     -4.521879    
  2.648402     -4.497309    
  2.648476     -4.492199    
  2.648563     -4.478777    
  2.649502     -4.518184    
  2.649589     -4.532904    
  2.650015     -4.592350    
  2.650101     -4.694008    
  2.652023     -4.624806    
  2.652110     -4.570594    
  2.653477     -4.516704    
  2.653564     -4.503416    
  2.653758     -4.618777    
  2.653845     -6.249729    
  2.656371     -5.102736    
  2.656458     -4.951961    
  2.657291     -4.671748    
  2.657378     -4.559064    
  2.659033     -5.102480    
  2.660682     -4.642938    
  2.660769     -4.474087    
  2.662838    -100.00000    
  2.662925     -6.068742    
  2.664361     -6.015977    
  2.664448     -5.838579    
  2.664909     -5.381095    
  2.664996     -4.959904    
  2.667441     -4.314239    
  2.668659     -4.495257    
  2.669873     -4.577927    
  2.669960     -4.493781    
  2.671570     -4.533755    
  2.673175     -5.139798    
  2.674773     -4.449161    
  2.676365     -4.412312    
  2.676452     -4.382186    
  2.677193     -4.353789    
  2.677280     -4.425558    
  2.678402     -4.354413    
  2.679522     -4.818671    
  2.680638     -4.967269    
  2.681752     -5.272807    
  2.681839     -5.103044    
  2.682994     -5.256388    
  2.684147     -4.842379    
  2.684233     -4.785019    
  2.684319     -4.754016    
  2.684406     -4.635106    
  2.685617     -4.442528    
  2.685704     -4.482549    
  2.685988     -4.514602    
  2.686075     -4.644573    
  2.687275     -4.504468    
  2.688471     -4.668867    
  2.689665     -5.409535    
  2.690854     -5.220043    
  2.690941     -4.998719    
  2.691662     -4.631351    
  2.692382     -4.443114    
  2.693100     -4.212368    
  2.693817     -4.926136    
  2.693904     -4.791055    
  2.694490     -4.776338    
  2.695075     -4.654679    
  2.695162     -4.645076    
  2.695331     -4.620783    
  2.695418     -4.627276    
  2.696036     -4.475771    
  2.696123     -4.392748    
  2.697045     -4.299823    
  2.697132     -4.300120    
  2.697891     -4.421985    
  2.698648     -4.847028    
  2.698717     -4.821507    
  2.698803     -4.948002    
  2.699667     -4.943573    
  2.700098     -4.856194    
  2.700529     -4.792572    
  2.700616     -4.783126    
  2.701097     -4.835042    
  2.701577     -4.578091    
  2.702057     -4.443252    
  2.702537     -4.287064    
  2.702610     -4.283924    
  2.702697     -4.278799    
  2.704230     -4.289818    
  2.704317     -4.286436    
  2.704748     -4.330607    
  2.704835     -4.296446    
  2.706154    -100.00000    
  2.706241     -6.858169    
  2.706290     -6.386542    
  2.706377     -5.856431    
  2.707629     -4.415367    
  2.707716     -4.369982    
  2.709271     -4.136684    
  2.709358     -4.398193    
  2.709449     -4.440042    
  2.709536     -4.454664    
  2.709681     -4.457601    
  2.709768     -4.454131    
  2.709828     -4.450321    
  2.709915     -4.443315    
  2.710033     -4.431967    
  2.710119     -4.627118    
  2.713272     -3.910630    
  2.716402     -3.987593    
  2.716489     -3.851389    
  2.718816     -4.131455    
  2.718903     -4.237401    
  2.720712     -4.435060    
  2.720799    -100.00000    
  2.721478     -6.050656    
  2.721565     -5.957259    
  2.721792     -5.462831    
  2.721879     -5.369147    
  2.725251     -4.127053    
  2.725338     -4.059532    
  2.727078     -3.992201    
  2.727165     -3.881509    
  2.730036     -5.695794    
  2.730123    -100.00000    
  2.733151     -4.368239    
  2.733238     -4.248457    
  2.733842     -4.206795    
  2.733929     -4.287405    
  2.737074     -4.328387    
  2.737161     -4.269426    
  2.737825     -4.193264    
  2.737912     -4.093426    
  2.740300     -4.533720    
  2.740387     -4.340511    
  2.741710     -4.290083    
  2.741797     -4.288502    
  2.744319     -4.755715    
  2.746826     -4.171180    
  2.746913     -4.045260    
  2.748474     -3.875510    
  2.748561     -3.858268    
  2.752296     -4.179467    
  2.752383     -4.487297    
  2.754509     -4.490728    
  2.754596     -4.442591    
  2.754850     -4.361669    
  2.754937     -4.342116    
  2.755686     -4.283458    
  2.755773     -4.284018    
  2.755894     -4.263305    
  2.758471     -3.892807    
  2.758558     -3.914020    
  2.759027     -4.489547    
  2.759113     -5.211848    
  2.759268     -5.400113    
  2.759355     -5.518851    
  2.759981     -4.808611    
  2.760067     -4.754656    
  2.760747     -4.521829    
  2.760833     -4.556646    
  2.762305     -4.114807    
  2.762392     -4.125626    
  2.763491     -4.343934    
  2.763577     -4.172550    
  2.764577     -4.112294    
  2.764664     -4.242695    
  2.765524     -4.227641    
  2.765611     -4.083020    
  2.767568     -4.790868    
  2.767655     -4.476639    
  2.768842     -4.365501    
  2.768929     -4.474914    
  2.771196     -3.839898    
  2.771283     -3.873330    
  2.771358     -3.894432    
  2.771445     -3.909495    
  2.773649     -3.937773    
  2.775841     -4.207776    
  2.775928     -4.378019    
  2.777541     -7.254165    
  2.777628    -100.00000    
  2.778824     -4.657987    
  2.778910     -4.348286    
  2.782300     -3.747819    
  2.782387     -3.818700    
  2.783749     -4.053410    
  2.783836     -4.300465    
  2.787507     -4.360659    
  2.787594     -4.020904    
  2.790506     -4.003077    
  2.793400     -4.185901    
  2.796274     -4.347686    
  2.799129     -4.408090    
  2.799216     -4.413726    
  2.799875     -4.427503    
  2.799961     -4.477114    
  2.800228     -4.543503    
  2.800315     -4.814897    
  2.802759     -4.170738    
  2.805189     -4.006390    
  2.805276     -4.014726    
  2.807759     -3.945686    
  2.810229     -4.239355    
  2.810316     -4.402009    
  2.813524     -3.901860    
  2.813611     -3.983363    
  2.814474     -4.000926    
  2.814561     -3.980694    
  2.817018     -4.066409    
  2.817105     -4.025743    
  2.819648     -4.222137    
  2.822177     -4.139898    
  2.822264     -4.240771    
  2.826003     -4.149831    
  2.826090     -4.097499    
  2.829167     -3.963402    
  2.829254     -3.979243    
  2.829613     -3.980133    
  2.829700     -3.986499    
  2.832781     -4.051789    
  2.832867     -4.046011    
  2.832995     -4.052471    
  2.833082     -3.974935    
  2.836249     -4.397506    
  2.836336    -100.00000    
  2.839377     -4.201853    
  2.839464     -5.530577    
  2.840558     -4.561211    
  2.840645     -4.461976    
  2.842706     -3.875670    
  2.842793     -3.915197    
  2.843374     -3.962515    
  2.843461     -3.964494    
  2.843577     -3.971794    
  2.843663     -3.979493    
  2.844722     -3.977989    
  2.844809     -3.979562    
  2.845992     -4.012525    
  2.846079     -4.012593    
  2.846320     -4.018140    
  2.846407     -3.924791    
  2.846929    -100.00000    
  2.847016    -100.00000    
  2.850284     -4.049780    
  2.850371     -3.935072    
  2.851272     -3.923930    
  2.851359     -3.941463    
  2.851605     -3.949384    
  2.851692     -3.939006    
  2.853657     -4.018670    
  2.853744     -4.007364    
  2.856721     -4.244770    
  2.856808     -4.074198    
  2.859953     -4.091472    
  2.863077     -4.112470    
  2.863164     -4.109179    
  2.864011     -4.111575    
  2.864097     -4.110310    
  2.864929     -4.120628    
  2.865016     -4.133733    
  2.868335     -4.120274    
  2.868422     -4.125065    
  2.870319     -4.124534    
  2.870406     -4.126409    
  2.871477     -4.128943    
  2.871560     -4.131342    
  2.871647     -4.133621    
  2.871746     -4.137495    
  2.871833     -4.236187    
  2.875793     -4.176194    
  2.879716     -4.139545    
  2.879803     -4.143289    
  2.880314     -4.148131    
  2.880401     -4.131620    
  2.882313     -4.320970    
  2.882400     -4.490438    
  2.882670     -4.635204    
  2.882757     -4.770797    
  2.885708     -4.060642    
  2.885795     -4.153128    
  2.887555     -4.169668    
  2.887642     -4.348495    
  2.891964     -4.324201    
  2.892051     -4.506880    
  2.893704     -4.776289    
  2.893791     -4.536994    
  2.894071     -4.548626    
  2.894158     -4.579794    
  2.895095     -4.187737    
  2.895182     -4.129945    
  2.897787     -5.123631    
  2.897874    -100.00000    
  2.900589     -4.104082    
  2.900676     -3.977573    
  2.904168     -4.284866    
  2.904255     -4.572469    
  2.905026     -4.747707    
  2.905113     -5.594397    
  2.908003     -4.142309    
  2.908090     -4.134799    
  2.908185     -4.138307    
  2.908477     -4.176053    
  2.908564     -4.207804    
  2.909361     -4.258736    
  2.909448     -4.208002    
  2.910383     -4.160629    
  2.910470     -4.184949    
  2.911970     -4.206605    
  2.912057     -4.198148    
  2.914427     -4.156655    
  2.916785     -3.973083    
  2.916872     -4.041933    
  2.917171     -4.062350    
  2.917258     -4.095983    
  2.920236     -4.238535    
  2.920323     -4.212804    
  2.920418     -4.236693    
  2.922032    -100.00000    
  2.922118    -100.00000    
  2.925029     -4.042166    
  2.925116     -4.053783    
  2.925353     -4.062809    
  2.925440     -4.068175    
  2.925683     -4.079388    
  2.925770     -4.082292    
  2.925849     -4.084646    
  2.925936     -4.079922    
  2.927554     -4.179073    
  2.927641     -4.177820    
  2.927759     -4.181516    
  2.927950     -4.187981    
  2.928037     -4.195243    
  2.929127     -4.206847    
  2.929213     -4.204374    
  2.929524     -4.209721    
  2.929611     -4.205142    
  2.930245     -4.260432    
  2.930332     -4.291944    
  2.930644     -4.349720    
  2.930731     -4.366263    
  2.931247     -4.322739    
  2.931334     -4.280118    
  2.932296     -4.225140    
  2.932383     -4.234982    
  2.934646     -4.237965    
  2.934733     -4.239852    
  2.935353     -4.243256    
  2.935440     -4.243520    
  2.939332     -4.246960    
  2.939418     -4.248026    
  2.943758     -4.256891    
  2.943845     -4.257428    
  2.944467     -4.258872    
  2.944554     -4.258834    
  2.945191     -4.260018    
  2.945278     -4.260559    
  2.946273     -4.263176    
  2.946360     -4.263109    
  2.946687     -4.261845    
  2.946774     -4.951242    
  2.949861     -3.963564    
  2.949948     -3.937801    
  2.950064     -3.943103    
  2.950137     -3.948186    
  2.950211     -3.954231    
  2.950298     -3.962392    
  2.950637     -3.998871    
  2.950724     -4.007629    
  2.950770     -4.012202    
  2.950857     -4.020505    
  2.951287     -4.061647    
  2.951374     -4.077641    
  2.952601     -4.220572    
  2.952688     -4.214409    
  2.952960     -4.229367    
  2.953047     -4.234102    
  2.953706     -4.253433    
  2.953793     -4.254235    
  2.954344     -4.263059    
  2.954431     -4.264525    
  2.955685     -4.283495    
  2.955739     -4.283045    
  2.955826     -4.283922    
  2.956162     -4.287947    
  2.956249     -4.288659    
  2.956346     -4.289083    
  2.956433     -4.289850    
  2.956797     -4.280801    
  2.956884     -4.277680    
  2.956929     -4.276595    
  2.957016     -4.273428    
  2.958622     -4.278703    
  2.958708     -4.278536    
  2.958913     -4.278957    
  2.959000     -4.279057    
  2.959196     -4.279247    
  2.959283     -4.279334    
  2.959385     -4.279464    
  2.959471     -4.279610    
  2.959520     -4.279706    
  2.959575     -4.279829    
  2.959642     -4.280003    
  2.959686     -4.280229    
  2.960694     -4.283613    
  2.960781     -4.283409    
  2.961021     -4.283900    
  2.961108     -4.284239    
  2.961209     -4.309136    
  2.963780     -4.116498    
  2.963867     -4.179179    
  2.966863     -4.844040    
  2.969838     -4.200813    
  2.972793     -4.240427    
  2.975728     -4.239775    
  2.975815     -4.228677    
  2.976171     -4.293778    
  2.976258     -4.265017    
  2.979351     -4.386584    
  2.982423     -4.107926    
  2.982509     -4.166598    
  2.982872     -4.182253    
  2.982959     -4.254391    
  2.985659     -4.268518    
  2.988343     -4.243983    
  2.991011    -100.00000    
  2.993662     -4.118570    
  2.996297     -4.228273    
  2.998916     -4.394838    
  3.001519     -4.208216    
  3.004107     -4.315452    
  3.004194     -4.303971    
  3.007954     -4.352716    
  3.008041     -4.318837    
  3.011581     -4.303082    
  3.015092     -4.311685    
  3.018574     -4.422217    
  3.022029     -4.328039    
  3.022116     -4.360562    
  3.025489     -4.306014    
  3.025575     -4.288628    
  3.029166     -4.320016    
  3.032728     -4.295795    
  3.036260     -4.459782    
  3.039764     -4.293968    
  3.043240     -4.311892    
  3.046688     -4.497635    
  3.050109     -4.356143    
  3.053504     -4.351911    
  3.053591     -4.437190    
  3.056570     -4.496029    
  3.059529     -4.415002    
  3.059616     -4.452198    
  3.061712     -4.336768    
  3.061799     -4.363703    
  3.061872     -4.366324    
  3.061959     -4.371155    
  3.062919     -4.388420    
  3.063006     -4.376103    
  3.065043     -4.428035    
  3.065130     -4.640807    
  3.067491     -4.434015    
  3.067578     -4.302880    
  3.069763     -5.276667    
  3.071937     -5.159321    
  3.072024     -4.598812    
  3.074321     -4.092952    
  3.074408     -4.212818    
  3.077730     -4.406637    
  3.081028     -4.550978    
  3.081115     -4.321010    
  3.083823     -4.456797    
  3.086515     -4.684704    
  3.089190     -4.367673    
  3.091849     -4.681897    
  3.091936     -4.824820    
  3.093217     -4.346945    
  3.093303     -4.305154    
  3.096155     -4.814267    
  3.096242    -100.00000    
  3.099969     -4.154527    
  3.100056     -4.549916    
  3.102484     -4.430965    
  3.102571     -4.398057    
  3.104805     -4.497980    
  3.104892     -4.494375    
  3.105931     -4.531147    
  3.106018     -4.530362    
  3.106079     -4.530475    
  3.106166     -4.528723    
  3.106856     -4.507769    
  3.106943     -4.510279    
  3.109794     -4.530716    
  3.109881     -4.529804    
  3.110486     -4.528692    
  3.110573     -4.526599    
  3.112005     -4.536273    
  3.112092     -4.538218    
  3.112365     -4.539398    
  3.112452     -4.543628    
  3.114687     -4.565874    
  3.114774     -4.579530    
  3.114901     -4.589845    
  3.114988     -4.578976    
  3.117740     -4.549320    
  3.117827     -4.643745    
  3.118223     -4.649889    
  3.118310     -4.376796    
  3.122171     -4.519219    
  3.125997     -4.906710    
  3.126084     -5.451419    
  3.127687     -4.423192    
  3.127774     -4.861480    
  3.131268     -4.553185    
  3.131355     -4.448648    
  3.133775     -4.645708    
  3.136182     -4.587636    
  3.136269     -4.641120    
  3.138689     -4.776673    
  3.141096     -4.683093    
  3.143489     -4.652765    
  3.145869     -4.664053    
  3.145956     -4.638347    
  3.146758     -4.667670    
  3.146845     -4.867956    
  3.149072     -4.555459    
  3.151287     -4.695741    
  3.151374     -4.688152    
  3.153068     -4.658468    
  3.153155     -4.696712    
  3.153248     -4.704770    
  3.153335     -4.711091    
  3.153381     -4.713551    
  3.153425     -4.715394    
  3.153479     -4.659737    
  3.156074     -5.314130    
  3.156161     -4.693517    
  3.160418     -4.592343    
  3.164633     -4.689914    
  3.164720     -4.724573    
  3.167983     -4.686600    
  3.168070     -4.680675    
  3.170695     -4.834363    
  3.173303     -4.646651    
  3.173390     -4.626719    
  3.174167     -4.636186    
  3.174254     -4.647857    
  3.176868     -4.704543    
  3.179466     -4.694660    
  3.179553     -4.701619    
  3.182832     -4.714381    
  3.186087     -4.810152    
  3.186174     -4.836116    
  3.188338     -4.651358    
  3.188425     -4.872741    
  3.191899     -5.580797    
  3.191986     -4.720523    
  3.192224     -4.606980    
  3.192311     -4.409993    
  3.194885     -4.326199    
  3.194972     -4.412049    
  3.196916     -4.588304    
  3.197003     -4.520697    
  3.199617     -4.797730    
  3.202215     -4.710406    
  3.204798     -4.745958    
  3.207365     -4.859298    
  3.207452     -4.819369    
  3.209491     -4.827100    
  3.209578     -4.949769    
  3.213892     -4.780405    
  3.218164     -4.735247    
  3.218251     -4.558693    
  3.221052     -4.783636    
  3.223835     -4.807596    
  3.226600     -4.810543    
  3.229347     -4.854904    
  3.229434     -4.854273    
  3.231857     -4.855684    
  3.234265     -4.925703    
  3.234352     -4.875380    
  3.236049     -4.931405    
  3.236136     -4.879861    
  3.236180     -4.881602    
  3.236267     -4.944661    
  3.238739     -4.819689    
  3.241164     -4.831152    
  3.243575     -4.885980    
  3.245973     -4.912318    
  3.246060     -4.916845    
  3.246189     -4.916464    
  3.247464     -4.922754    
  3.247551     -4.919678    
  3.248152     -4.925005    
  3.248239     -4.925820    
  3.249187     -4.901852    
  3.249274     -4.902781    
  3.251523     -4.938064    
  3.251610     -4.897155    
  3.255359     -4.925745    
  3.259075     -4.938484    
  3.262760     -4.971525    
  3.266414     -4.968184    
  3.266501     -4.957102    
  3.269936     -4.992217    
  3.273344     -5.004985    
  3.276725     -4.984793    
  3.280080     -5.189356    
  3.283409     -4.800242    
  3.286714     -4.833622    
  3.289993     -4.935785    
  3.293247     -5.081327    
  3.293334     -5.047469    
  3.296691     -5.071240    
  3.300022     -5.085561    
  3.303327     -5.179920    
  3.306608     -5.012278    
  3.306694     -4.973743    
  3.310624     -5.152844    
  3.310710     -5.120890    
  3.310941     -5.121547    
  3.311027     -5.123966    
  3.311634     -5.076436    
  3.311721     -5.062380    
  3.311773     -5.055731    
  3.311825     -5.049090    
  3.311868     -5.024929    
  3.315460     -5.125374    
  3.318980     -5.106461    
  3.322472     -5.092856    
  3.325936     -5.032348    
  3.329372     -5.197190    
  3.332782     -5.147668    
  3.336165     -5.280071    
  3.339521     -5.003314    
  3.342852     -5.211865    
  3.346158     -5.214129    
  3.349439     -5.225649    
  3.352695     -5.234925    
  3.355927     -5.238354    
  3.359135     -5.210332    
  3.362319     -5.530338    
  3.365480     -4.733360    
  3.365567     -4.903165    
  3.367462     -5.103740    
  3.367549     -5.127189    
  3.371229     -5.263730    
  3.374878     -5.308039    
  3.378497     -5.339532    
  3.382086     -5.285376    
  3.382173     -5.327988    
  3.385882     -5.211025    
  3.385969     -5.331595    
  3.388254     -5.348398    
  3.390528     -5.369362    
  3.392789     -5.380198    
  3.395039     -5.292730    
  3.395126     -5.352778    
  3.398000     -5.381509    
  3.400855     -5.409431    
  3.400942     -5.545522    
  3.403656     -5.356607    
  3.403743     -5.576046    
  3.406570     -5.207106    
  3.409379     -5.459020    
  3.412170     -5.428543    
  3.414942     -5.438918    
  3.415029     -5.459705    
  3.419186     -5.405885    
  3.423303     -5.470324    
  3.427382     -5.483055    
  3.431422     -5.514555    
  3.431509     -5.545484    
  3.434904     -5.436193    
  3.438273     -5.545856    
  3.441616     -5.433358    
  3.444934     -5.545306    
  3.445021     -5.544471    
  3.447515     -5.522575    
  3.449995     -5.558017    
  3.452462     -5.574693    
  3.454914     -5.546578    
  3.455001     -5.535376    
  3.458181     -5.566431    
  3.461337     -5.589586    
  3.464472     -5.623784    
  3.467583     -5.511204    
  3.467670     -5.565122    
  3.469453     -5.672892    
  3.469540     -5.626191    
  3.471179     -5.625565    
  3.471266     -5.640793    
  3.474100     -5.619774    
  3.474187     -5.554177    
  3.477329     -5.605330    
  3.480449     -5.618757    
  3.483547     -5.876841    
  3.486623     -5.515746    
  3.486710     -5.546238    
  3.490510     -5.660268    
  3.494277     -5.720817    
  3.494364     -5.706183    
  3.496959     -5.683142    
  3.499539     -5.636963    
  3.502104     -5.750266    
  3.504653     -5.743825    
  3.507188     -5.757271    
  3.509708     -5.613725    
  3.512213     -5.781738    
  3.514705     -5.861177    
  3.517181     -5.559951    
  3.519644     -5.795056    
  3.522093     -5.860708    
  3.524529     -5.733686    
  3.526950     -5.757588    
  3.529358     -5.837118    
  3.531753     -5.878253    
  3.534135     -5.860122    
  3.534222     -5.861635    
  3.536956     -5.835131    
  3.539673     -5.784929    
  3.542373     -5.913186    
  3.545057     -5.865413    
  3.547724     -5.896969    
  3.550374     -5.945341    
  3.553009     -5.743724    
  3.555627     -5.879274    
  3.555714     -5.890408    
  3.558846     -5.938386    
  3.558933     -5.933535    
  3.559291     -5.935622    
  3.559378     -5.935931    
  3.560973     -5.942691    
  3.561019     -5.943920    
  3.561106     -5.944796    
  3.561702     -5.947441    
  3.561789     -5.947361    
  3.562293     -5.947341    
  3.562360     -5.947341    
  3.562447     -5.948146    
  3.565681     -5.949831    
  3.565768     -5.982557    
  3.568672     -5.896047    
  3.571556     -5.906315    
  3.574422     -5.913941    
  3.577268     -6.169199    
  3.580096     -5.813178    
  3.582906     -6.013466    
  3.585698     -6.003752    
  3.588471     -6.000429    
  3.591228     -6.046233    
  3.593966     -6.040926    
  3.596688     -5.864834    
  3.599393     -6.055750    
  3.602081     -6.038773    
  3.604752     -6.009079    
  3.607407     -6.127534    
  3.610046     -6.073038    
  3.610133     -6.129321    
  3.612945     -5.969656    
  3.615738     -6.092612    
  3.618514     -6.153470    
  3.621272     -6.085421    
  3.624013     -5.878975    
  3.626737     -5.990529    
  3.629443     -6.168885    
  3.630428     -6.175091    
  3.632133     -6.184162    
  3.632220     -6.184570    
  3.634575     -6.195534    
  3.636918     -6.212465    
  3.639248     -6.110703    
  3.641565     -6.222213    
  3.643871     -6.113772    
  3.646164     -6.213711    
  3.648445     -6.240319    
  3.650714     -6.251834    
  3.650801     -6.170574    
  3.654938     -6.162511    
  3.655025     -6.170415    
  3.659341     -6.287580    
  3.663615     -6.285818    
  3.663702     -6.298992    
  3.666928     -6.472735    
  3.670130     -6.059772    
  3.673309     -5.908235    
  3.676464     -6.316080    
  3.679597     -6.346486    
  3.682707     -6.370489    
  3.685795     -6.363598    
  3.688862     -6.403667    
  3.688948     -6.372549    
  3.691459     -6.347961    
  3.691546     -6.393167    
  3.694107     -6.393662    
  3.696652     -6.400896    
  3.696739     -6.396765    
  3.700634     -6.446655    
  3.704495     -6.336338    
  3.708321     -6.463121    
  3.712114     -6.468675    
  3.712650     -6.470515    
  3.715873     -6.479474    
  3.719601     -6.433753    
  3.723297     -6.490260    
  3.726962     -6.501740    
  3.730596     -6.520235    
  3.734200     -6.556381    
  3.737774     -6.497327    
  3.741319     -6.515312    
  3.744836     -6.570887    
  3.748324     -6.647987    
  3.751784     -6.525625    
  3.755217     -6.631969    
  3.755304     -6.618876    
  3.755522     -6.619499    
  3.755609     -7.203481    
  3.756737     -6.196263    
  3.756824     -6.025285    
  3.760554     -6.073827    
  3.764252     -6.918668    
  3.767919     -6.280388    
  3.771555     -6.614919    
  3.775161     -6.625372    
  3.778151     -6.696838    
  3.778737     -6.698660    
  3.782284     -6.710100    
  3.785802     -6.724791    
  3.789292     -6.738804    
  3.792754     -6.734818    
  3.796189     -6.765813    
  3.799596     -6.765576    
  3.802978     -6.788062    
  3.806333     -6.794405    
  3.809662     -6.810702    
  3.812966     -6.820676    
  3.813053     -6.821107    
  3.815257     -6.827959    
  3.817449     -6.851434    
  3.817536     -6.869079    
  3.821296     -6.698055    
  3.821383     -6.779031    
  3.821564     -6.800139    
  3.821651     -6.836207    
  3.825332     -6.859272    
  3.828982     -6.840066    
  3.832602     -6.672843    
  3.836192     -6.941825    
  3.836279     -6.895372    
  3.838150     -6.918589    
  3.838237     -6.936903    
  3.840853     -6.903690    
  3.843453     -6.921246    
  3.846037     -6.940959    
  3.848607     -6.937494    
  3.848694     -6.804428    
  3.853036     -6.870109    
  3.857335     -6.982360    
  3.861592     -6.981820    
  3.865808     -7.000776    
  3.865895     -7.003284    
  3.868545     -7.012142    
  3.871179     -7.002856    
  3.871266     -6.990875    
  3.874225     -7.027602    
  3.877163     -7.017383    
  3.880081     -7.052251    
  3.882980     -7.056251    
  3.885860     -7.082785    
  3.888721     -6.903170    
  3.891563     -7.068119    
  3.894387     -7.009215    
  3.894474     -7.003895    
  3.896842     -7.101802    
  3.899197     -7.108467    
  3.901540     -7.165949    
  3.903870     -6.887695    
  3.906188     -7.059304    
  3.908494     -6.797269    
  3.910787     -7.140650    
  3.913068     -7.172363    
  3.913155     -7.166886    
  3.913273     -7.167922    
  3.913769     -7.171449    
  3.913856     -7.171918    
  3.913972     -7.172903    
  3.915648     -7.182437    
  3.915735     -7.182882    
  3.916915     -7.184454    
  3.917002     -7.302038    
  3.920011     -6.936056    
  3.923000     -7.235590    
  3.925968     -7.119094    
  3.928916     -7.242164    
  3.931844     -7.139955    
  3.934752     -7.196415    
  3.937641     -7.256439    
  3.940511     -7.271143    
  3.943362     -7.275984    
  3.946195     -7.283269    
  3.949009     -7.278195    
  3.951805     -7.305561    
  3.954584     -7.314533    
  3.957344     -7.325475    
  3.960087     -7.331810    
  3.962813     -7.342296    
  3.962900     -7.335107    
  3.965521     -7.354352    
  3.968126     -7.362534    
  3.970716     -7.381114    
  3.973291     -7.241062    
  3.975850     -7.357585    
  3.978394     -7.402767    
  3.980924     -7.413045    
  3.983439     -7.403892    
  3.983526     -7.411773    
  3.986607     -7.430771    
  3.989666     -6.892783    
  3.992704     -6.658051    
  3.995722     -7.331014    
  3.998718     -7.263508    
  4.001693     -7.486533    
  4.004649     -7.490846    
  4.007584     -7.399908    
  4.007671     -7.273100    
  4.010289     -7.408079    
  4.012892     -7.530875    
  4.015479     -7.486538    
  4.018051     -7.525286    
  4.020607     -7.536412    
  4.023149     -7.564446    
  4.025675     -7.516583    
  4.028187     -7.576432    
  4.030685     -7.584649    
  4.033169     -7.564964    
  4.035638     -7.675658    
  4.038093     -7.207530    
  4.040535     -7.441010    
  4.042963     -7.534411    
  4.045377     -7.611871    
  4.047778     -7.632906    
  4.047865     -7.633513    
  4.050191     -7.649978    
  4.050278     -7.648964    
  4.052927     -7.659858    
  4.055559     -7.670252    
  4.058176     -7.682072    
  4.060777     -7.686090    
  4.063363     -7.697917    
  4.065933     -7.725130    
  4.068489     -7.599243    
  4.071029     -7.688162    
  4.073555     -7.738836    
  4.076066     -7.651294    
  4.078562     -7.557432    
  4.081044     -7.479667    
  4.083513     -7.521058    
  4.085967     -7.695258    
  4.088407     -7.779015    
  4.090834     -7.788494    
  4.090921     -7.791981    
  4.093448     -7.797282    
  4.095961     -7.805657    
  4.098459     -7.813198    
  4.100943     -7.838230    
  4.103413     -7.810786    
  4.105869     -7.848437    
  4.108311     -7.846132    
  4.110740     -7.749940    
  4.113155     -7.808668    
  4.115556     -7.846964    
  4.117944     -7.876681    
  4.120320     -7.895601    
  4.122682     -7.893596    
  4.125032     -7.906361    
  4.127369     -7.965392    
  4.129693     -7.652576    
  4.129780     -7.692936    
  4.133136     -7.946130    
  4.136466     -7.950638    
  4.139770     -7.963513    
  4.143050     -7.964099    
  4.146305     -7.947908    
  4.149536     -7.785153    
  4.152743     -8.018532    
  4.155926     -8.018043    
  4.156013     -8.150163    
  4.158880     -7.745389    
  4.161727     -7.945273    
  4.161814     -7.999319    
  4.163762     -8.048721    
  4.163849     -8.038626    
  4.166924     -8.052486    
  4.167011     -8.056296    
  4.169326     -8.064787    
  4.171629     -8.031787    
  4.173920     -8.057926    
  4.176198     -8.068004    
  4.178465     -8.091442    
  4.180720     -8.104107    
  4.182963     -8.112071    
  4.185195     -8.118244    
  4.187415     -8.122303    
  4.189624     -8.131012    
  4.191822     -8.138495    
  4.194009     -8.151987    
  4.198350     -8.152213    
  4.202647     -8.170873    
  4.202734     -8.175921    
  4.204957     -8.187074    
  4.207168     -8.197279    
  4.209369     -8.198758    
  4.211558     -8.202039    
  4.213736     -8.214415    
  4.215903     -8.223986    
  4.220205     -8.231989    
  4.224465     -8.251438    
  4.228684     -8.270066    
  4.232862     -8.266537    
  4.237000     -8.242898    
  4.237088     -8.327180    
  4.240818     -8.181305    
  4.244516     -8.304326    
  4.248183     -8.337102    
  4.251819     -8.340332    
  4.255425     -8.360061    
  4.259002     -8.352604    
  4.262549     -8.373078    
  4.266067     -8.394769    
  4.266154     -8.397029    
  4.270079     -8.410195    
  4.270166     -8.474460    
  4.274271     -8.206956    
  4.278338     -8.225556    
  4.282367     -8.368974    
  4.286359     -8.334834    
  4.290314     -8.485409    
  4.294234     -8.468059    
  4.298119     -8.506102    
  4.301969     -8.521956    
  4.302056     -8.520469    
  4.306016     -8.527327    
  4.309939     -8.541514    
  4.313828     -8.623668    
  4.317682     -8.305022    
  4.321502     -8.149368    
  4.325289     -8.648584    
  4.329043     -8.602117    
  4.332765     -8.621346    
  4.332852     -8.619981    
  4.335453     -8.629188    
  4.338038     -8.632134    
  4.340608     -8.647892    
  4.343162     -8.591202    
  4.345702     -8.662449    
  4.348227     -8.674590    
  4.350737     -8.681924    
  4.353233     -8.688585    
  4.353320     -8.691249    
  4.356074     -8.703817    
  4.356161     -8.706252    
  4.357582     -8.692817    
  4.357669     -8.693526    
  4.360115     -8.712316    
  4.362547     -8.721621    
  4.362634     -8.726542    
  4.365286     -8.735529    
  4.367922     -8.730259    
  4.370542     -8.756950    
  4.373146     -8.745551    
  4.375735     -8.761716    
  4.378308     -8.778431    
  4.380867     -8.778732    
  4.383410     -8.786588    
  4.385938     -8.827874    
  4.388452     -8.742893    
  4.390952     -8.826737    
  4.393437     -8.822829    
  4.395908     -8.834095    
  4.398365     -8.838819    
  4.400808     -8.856659    
  4.403238     -8.862673    
  4.405653     -8.861319    
  4.408056     -8.906147    
  4.410445     -8.793340    
  4.412822     -8.826096    
  4.415185     -8.883846    
  4.417536     -8.906185    
  4.419874     -8.911864    
  4.422199     -8.883703    
  4.424512     -8.930193    
  4.426813     -8.930991    
  4.429102     -8.952201    
  4.431378     -8.952780    
  4.433643     -8.960107    
  4.435896     -8.957131    
  4.438138     -8.965184    
  4.440368     -9.035244    
  4.440455     -9.075830    
  4.442913     -8.891564    
  4.445357     -8.990462    
  4.447787     -9.017428    
  4.450204     -9.027197    
  4.452608     -8.994789    
  4.454999     -8.944207    
  4.457376     -9.051748    
  4.459740     -8.963779    
  4.462092     -9.049318    
  4.464431     -9.056534    
  4.466757     -9.075146    
  4.469071     -9.084764    
  4.471373     -9.090846    
  4.473663     -9.091468    
  4.475940     -9.100118    
  4.478206     -9.090540    
  4.512937     -9.213773    
  4.513024     -9.219979    
  4.514610     -9.223920    
  4.514697     -9.225404    
  4.515945     -9.229672    
  4.516032     -9.232611    
  4.585469     -9.467084    
  4.585556     -9.440361    
  4.648489     -9.648290    
  4.648576     -9.681234    
  4.649548     -9.685505    
  4.649635     -9.685370    
  4.649838     -9.685477    
  4.649925     -9.658905    
  4.709765     -9.878606    
  4.709852     -9.881465    
  4.765753     -10.06514    
  4.765822     -10.05844    
  4.765909     -10.05502    
  4.818480     -10.25644    
  4.818567     -10.23736    
  4.868094     -10.38857    
  4.868152     -10.36811    
  4.868214     -10.35749    
  4.915089     -10.58662    
  4.915176     -10.56162    
  4.959449     -10.68862    
  4.959536     -10.67828    
  4.959642     -10.68553    
  4.959729     -10.69778    
  5.002021     -10.82756    
  5.002108     -10.84169    
  5.041986     -10.96686    
  5.042072     -10.96618    
  5.042428     -10.96641    
  5.042515     -10.94724    
  5.081038     -11.09067    
  5.081125     -10.99847    
  5.117569     -11.22818    
  5.117655     -11.22129    
  5.118005     -11.22423    
  5.118092     -11.19367    
  5.153462     -11.32636    
  5.153549     -11.30682    
  5.187204     -11.43976    
  5.187290     -11.42615    
  5.187529     -11.42770    
  5.187616     -11.41749    
  5.251180     -11.60537    
  5.251266     -11.62368    
  5.251931     -11.62677    
  5.252018     -11.60891    
  5.311750     -11.79631    
  5.311837     -11.81255    
  5.311944     -11.80597    
  5.712950     -12.97114    
  5.917833     -13.53774    
  6.161415     -14.19125    
  6.430595     -14.92541    
  6.714779     -15.69151    
  7.007134     -16.48246    
  7.303761     -17.29114    
  7.602573     -18.11628    
  7.902489     -18.96074    
  8.202961     -19.82847    
  8.503712     -20.73623    
  8.804602     -21.73652    
  9.105563     -22.95888    
  9.406558     -25.34713    
  9.707570    -100.00000    
