 0.6989700     -119.3160    
 0.7243402    -100.00000    
 0.7483098    -100.00000    
 0.7710253     -124.7703    
 0.7926116    -100.00000    
 0.8328096     -120.3073    
 0.8696002    -100.00000    
 0.9035159    -100.00000    
 0.9349739     -129.3066    
 0.9643063    -100.00000    
 0.9917824     -122.4136    
 0.9918693     -122.0152    
  1.017734     -122.1452    
  1.042145     -121.9909    
  1.042232     -121.8259    
  1.060679     -121.9655    
  1.060766     -121.9061    
  1.080039     -122.0697    
  1.080126     -121.8726    
  1.098980     -122.0674    
  1.099067     -121.9828    
  1.116489     -121.8994    
  1.116576    -100.00000    
  1.132827     -84.10245    
  1.132914    -100.00000    
  1.147337     -134.0977    
  1.147424    -100.00000    
  1.177890     -122.1757    
  1.206358    -100.00000    
  1.233074    -100.00000    
  1.258242     -116.7047    
  1.258328    -100.00000    
  1.281053     -115.1389    
  1.281140    -100.00000    
  1.305129    -100.00000    
  1.305216    -100.00000    
  1.326885     -109.5005    
  1.326972     -76.15313    
  1.346664     -75.64750    
  1.346750     -90.96632    
  1.372011    -100.00000    
  1.372098    -100.00000    
  1.395435     -100.5870    
  1.395522    -100.00000    
  1.407231     -99.07158    
  1.407318    -100.00000    
  1.434239     -95.93971    
  1.434325     -95.45924    
  1.437957     -95.06874    
  1.438044     -94.98003    
  1.438732     -95.05124    
  1.438819    -100.00000    
  1.466567     -91.82140    
  1.466654    -100.00000    
  1.485460    -100.00000    
  1.485547     -85.20470    
  1.499937    -100.00000    
  1.500023    -100.00000    
  1.502811    -100.00000    
  1.502898    -100.00000    
  1.515152     -18.01999    
  1.515239    -100.00000    
  1.521830     -17.64586    
  1.521916    -100.00000    
  1.538911     -18.47778    
  1.538998     -106.6790    
  1.541754     -107.5134    
  1.541841     -17.03254    
  1.544410    -100.00000    
  1.544497     -22.03967    
  1.546755     -24.13595    
  1.546842     -47.50785    
  1.568094    -100.00000    
  1.568181     -74.54619    
  1.576102     -76.61839    
  1.576189     -75.62069    
  1.577032     -75.47149    
  1.577119     -75.68905    
  1.586189    -100.00000    
  1.586276     -76.70944    
  1.587530     -76.68357    
  1.587617     -76.89462    
  1.602078    -100.00000    
  1.602165    -100.00000    
  1.604747     -15.90651    
  1.604834     -15.54029    
  1.633100    -100.00000    
  1.633187     -63.24138    
  1.643761    -100.00000    
  1.643848     -79.56049    
  1.646889     -79.51079    
  1.646976     -79.66955    
  1.653070     -79.66813    
  1.653157     -79.69912    
  1.667964     -79.99898    
  1.668051     -80.33198    
  1.673067     -80.26298    
  1.673154     -79.87928    
  1.673452     -80.86153    
  1.673539     -80.15092    
  1.683736     -80.21323    
  1.683823     -80.84455    
  1.689301     -80.35488    
  1.689388     -80.61547    
  1.690173     -81.01057    
  1.690260     -80.64318    
  1.691919     -80.96900    
  1.692006     -80.40126    
  1.709636     -81.27798    
  1.709723     -81.08360    
  1.714748     -81.19830    
  1.714835    -100.00000    
  1.714933     -80.89997    
  1.717233     -81.56612    
  1.717320     -80.73171    
  1.717576     -80.88569    
  1.717663     -80.97050    
  1.718527     -81.48312    
  1.718614     -81.25920    
  1.721805     -81.37840    
  1.721892    -100.00000    
  1.725295     -76.45373    
  1.725382     -75.34025    
  1.730438     -75.34235    
  1.730525     -75.22070    
  1.731758     -75.13638    
  1.731845    -100.00000    
  1.732294     -76.61209    
  1.732381    -100.00000    
  1.735217     -75.06538    
  1.735304     -75.61058    
  1.744878     -75.96385    
  1.744965     -76.68951    
  1.746841     -76.70072    
  1.746929    -100.00000    
  1.747807     -76.01349    
  1.747894     -76.29218    
  1.753972     -76.03354    
  1.754058     -76.83978    
  1.756978     -76.60198    
  1.757065     -76.76114    
  1.762907     -77.26525    
  1.762994    -100.00000    
  1.763503     -77.38560    
  1.763590     -77.42306    
  1.765957    -100.00000    
  1.766044     -77.69372    
  1.768505     -78.23832    
  1.768592     -77.60560    
  1.776113    -100.00000    
  1.776200     -78.68771    
  1.776785     -78.82478    
  1.776872     -78.29104    
  1.781285    -100.00000    
  1.781372     -83.23239    
  1.781946     -81.04913    
  1.782033     -79.75278    
  1.786409     -80.33858    
  1.786495    -100.00000    
  1.788161     -81.86562    
  1.788248     -80.39656    
  1.789372     -80.26077    
  1.789459    -100.00000    
  1.792246     -79.23846    
  1.792333    -100.00000    
  1.800765     -76.78445    
  1.800851    -100.00000    
  1.806960     -75.00212    
  1.807047     -75.06682    
  1.809708     -74.13180    
  1.809795     -74.05453    
  1.810144     -73.96100    
  1.810231    -100.00000    
  1.814042     -73.00791    
  1.814129    -100.00000    
  1.834747     -68.06456    
  1.834834     -67.55466    
  1.836557     -67.08694    
  1.836644     -67.16132    
  1.838907     -66.50860    
  1.838994     -66.47985    
  1.840414     -66.10950    
  1.840501     -66.17837    
  1.842703     -65.55654    
  1.842790     -65.52543    
  1.844125     -65.18192    
  1.844212    -100.00000    
  1.857265     -62.31836    
  1.857352     -62.04012    
  1.859614     -61.43061    
  1.859700    -100.00000    
  1.868320     -59.56674    
  1.868407     -59.36839    
  1.870233     -58.91399    
  1.870320     -58.87908    
  1.871306     -58.64940    
  1.871393     -58.62249    
  1.872072     -58.46892    
  1.872158     -58.46174    
  1.873424     -58.16302    
  1.873511    -100.00000    
  1.880831     -56.63851    
  1.880918    -100.00000    
  1.887368     -55.13788    
  1.887455    -100.00000    
  1.893213     -53.81897    
  1.893300    -100.00000    
  1.899003     -52.55043    
  1.899090    -100.00000    
  1.905503     -51.17063    
  1.905590     -51.00843    
  1.905821     -50.96024    
  1.905908    -100.00000    
  1.911657     -49.84553    
  1.911744     -49.70315    
  1.912227     -49.60765    
  1.912313     -49.61458    
  1.913955     -49.25892    
  1.914042    -100.00000    
  1.924238     -47.36014    
  1.924325     -47.11441    
  1.925539     -46.86673    
  1.925626     -46.84629    
  1.926709     -46.62825    
  1.926796     -46.60276    
  1.926846     -46.59264    
  1.926932     -46.57147    
  1.927461     -46.47243    
  1.927548     -46.63466    
  1.930771     -45.85003    
  1.930858     -45.89291    
  1.933612     -45.27176    
  1.933699     -45.40472    
  1.936983     -44.61570    
  1.937070     -44.55444    
  1.938051     -44.36405    
  1.938138     -44.43085    
  1.940777     -43.85597    
  1.940864     -43.81276    
  1.941974     -43.59793    
  1.942061    -100.00000    
  1.953088     -41.69687    
  1.953175     -41.51037    
  1.955697     -40.99299    
  1.955784     -41.29229    
  1.959855     -40.24824    
  1.959942     -40.37504    
  1.963545     -39.55365    
  1.963632    -100.00000    
  1.972680     -38.02043    
  1.972767     -37.83663    
  1.974225     -37.57381    
  1.974312     -37.54721    
  1.974387     -37.53359    
  1.974474     -37.59266    
  1.977192     -37.06310    
  1.977279    -100.00000    
  1.992052     -34.73821    
  1.992139     -34.42366    
  1.992538     -34.36318    
  1.992625     -34.35817    
  1.994212     -34.08616    
  1.994299     -34.05960    
  1.994360     -34.04908    
  1.994447    -100.00000    
  1.996552     -23.41639    
  1.996639    -100.00000    
  1.997939    -100.00000    
  1.998026    -100.00000    
  2.000182     -21.77686    
  2.000268     -22.48216    
  2.002574    -100.00000    
  2.002661    -100.00000    
  2.004835    -100.00000    
  2.004922    -100.00000    
  2.007421    -100.00000    
  2.007508    -100.00000    
  2.009100    -100.00000    
  2.009187    -100.00000    
  2.009352    -100.00000    
  2.009439    -100.00000    
  2.009543    -100.00000    
  2.017372    -100.00000    
  2.017459    -100.00000    
  2.019860     -20.78091    
  2.019947    -100.00000    
  2.026471     -21.12875    
  2.026558    -100.00000    
  2.028108    -100.00000    
  2.028195    -100.00000    
  2.031137    -100.00000    
  2.031224     -22.12191    
  2.035128    -100.00000    
  2.035214    -100.00000    
  2.036585     -20.07177    
  2.036672    -100.00000    
  2.045106    -100.00000    
  2.053379    -100.00000    
  2.053466    -100.00000    
  2.061043    -100.00000    
  2.061130    -100.00000    
  2.067104    -100.00000    
  2.067191     -21.13051    
  2.068339    -100.00000    
  2.068426    -100.00000    
  2.074002     -21.37723    
  2.074089     -20.35782    
  2.076209    -100.00000    
  2.076296    -100.00000    
  2.076824     -19.33929    
  2.076911     -20.89794    
  2.077291    -100.00000    
  2.077378    -100.00000    
  2.081631     -21.41704    
  2.081718     -20.54465    
  2.090954    -100.00000    
  2.091041     -19.95715    
  2.095729     -19.16791    
  2.095816     -19.10865    
  2.097304     -18.84265    
  2.097391    -100.00000    
  2.100294    -100.00000    
  2.100380     -19.43604    
  2.100528     -20.22351    
  2.100615    -100.00000    
  2.101519     -19.28272    
  2.101605    -100.00000    
  2.104539     -18.72293    
  2.104626    -100.00000    
  2.105570    -100.00000    
  2.105657    -100.00000    
  2.106101     -18.37426    
  2.106187     -18.18079    
  2.107298    -100.00000    
  2.107385     -18.58876    
  2.107538     -18.02278    
  2.107625    -100.00000    
  2.110312    -100.00000    
  2.110399     -16.74022    
  2.111508    -100.00000    
  2.111595     -17.04815    
  2.111941    -100.00000    
  2.112028    -100.00000    
  2.118960    -100.00000    
  2.119047    -100.00000    
  2.124229    -100.00000    
  2.124316     -16.79364    
  2.124942    -100.00000    
  2.125029    -100.00000    
  2.125725    -100.00000    
  2.125812    -100.00000    
  2.126973    -100.00000    
  2.127060     -16.75857    
  2.127658    -100.00000    
  2.127745    -100.00000    
  2.129084    -100.00000    
  2.129171     -17.15561    
  2.130872    -100.00000    
  2.130959    -100.00000    
  2.131986    -100.00000    
  2.132073    -100.00000    
  2.137486    -100.00000    
  2.137573    -100.00000    
  2.137863     -16.56908    
  2.137949    -100.00000    
  2.141450    -100.00000    
  2.141537    -100.00000    
  2.141651    -100.00000    
  2.141738     -16.54478    
  2.145467    -100.00000    
  2.145554    -100.00000    
  2.150293    -100.00000    
  2.150380    -100.00000    
  2.150508    -100.00000    
  2.154246    -100.00000    
  2.154333     -15.82150    
  2.156640    -100.00000    
  2.156727    -100.00000    
  2.156827     -15.86840    
  2.158942    -100.00000    
  2.159028    -100.00000    
  2.168055    -100.00000    
  2.168141     -15.19959    
  2.171576    -100.00000    
  2.171663    -100.00000    
  2.177080    -100.00000    
  2.177167     -14.78121    
  2.177604    -100.00000    
  2.177690    -100.00000    
  2.181731    -100.00000    
  2.181818    -100.00000    
  2.184881    -100.00000    
  2.184967    -100.00000    
  2.188445    -100.00000    
  2.188532    -100.00000    
  2.189637     -13.84172    
  2.189724    -100.00000    
  2.191670     -14.38966    
  2.191757    -100.00000    
  2.202361    -100.00000    
  2.202448    -100.00000    
  2.209411    -100.00000    
  2.209498    -100.00000    
  2.209936    -100.00000    
  2.210023    -100.00000    
  2.213352    -100.00000    
  2.213439    -100.00000    
  2.217445    -100.00000    
  2.217532    -100.00000    
  2.217837    -100.00000    
  2.217924    -100.00000    
  2.218030    -100.00000    
  2.218315    -100.00000    
  2.218402    -100.00000    
  2.218688     -15.70601    
  2.218775     -14.36045    
  2.221924    -100.00000    
  2.222011     -15.49021    
  2.231931    -100.00000    
  2.232018    -100.00000    
  2.234632    -100.00000    
  2.234695    -100.00000    
  2.234781    -100.00000    
  2.239617    -100.00000    
  2.239704    -100.00000    
  2.242429    -100.00000    
  2.242516    -100.00000    
  2.245345    -100.00000    
  2.245432    -100.00000    
  2.250721    -100.00000    
  2.250808    -100.00000    
  2.252069     -14.43844    
  2.252156     -14.14947    
  2.255687    -100.00000    
  2.259191     -14.85412    
  2.259278     -13.82152    
  2.260545    -100.00000    
  2.260632    -100.00000    
  2.263836    -100.00000    
  2.267016    -100.00000    
  2.267103     -16.21944    
  2.270490    -100.00000    
  2.270577    -100.00000    
  2.271628    -100.00000    
  2.271715    -100.00000    
  2.271807    -100.00000    
  2.271894    -100.00000    
  2.273319    -100.00000    
  2.273406    -100.00000    
  2.275710    -100.00000    
  2.275797    -100.00000    
  2.278310    -100.00000    
  2.280809    -100.00000    
  2.280896    -100.00000    
  2.281369    -100.00000    
  2.281456    -100.00000    
  2.282921     -15.00597    
  2.283008    -100.00000    
  2.283804     -13.95828    
  2.283891    -100.00000    
  2.284781     -14.38142    
  2.284868    -100.00000    
  2.285091    -100.00000    
  2.285178    -100.00000    
  2.285231     -15.93485    
  2.285318     -14.76786    
  2.286288    -100.00000    
  2.286375    -100.00000    
  2.287075     -15.27857    
  2.287162    -100.00000    
  2.289257    -100.00000    
  2.291343     -14.85034    
  2.291430    -100.00000    
  2.293524     -14.37693    
  2.295609    -100.00000    
  2.295696    -100.00000    
  2.297128    -100.00000    
  2.297214    -100.00000    
  2.297982    -100.00000    
  2.298069     -14.83139    
  2.299703    -100.00000    
  2.301330    -100.00000    
  2.301417    -100.00000    
  2.302809    -100.00000    
  2.304196    -100.00000    
  2.305579    -100.00000    
  2.306958    -100.00000    
  2.307045    -100.00000    
  2.308274    -100.00000    
  2.308361     -15.03349    
  2.309467    -100.00000    
  2.310569     -15.20204    
  2.311669    -100.00000    
  2.312767    -100.00000    
  2.312854    -100.00000    
  2.313586    -100.00000    
  2.313673    -100.00000    
  2.314517    -100.00000    
  2.314604    -100.00000    
  2.314729    -100.00000    
  2.314817     -15.61993    
  2.315597    -100.00000    
  2.315684    -100.00000    
  2.316612    -100.00000    
  2.317538     -13.64760    
  2.318463     -14.15654    
  2.319385     -13.96546    
  2.320305    -100.00000    
  2.321224     -14.90069    
  2.322140     -13.90291    
  2.323055    -100.00000    
  2.323141     -14.06053    
  2.324253    -100.00000    
  2.324340    -100.00000    
  2.325648    -100.00000    
  2.325735    -100.00000    
  2.326487     -15.01567    
  2.327238    -100.00000    
  2.327987     -15.30340    
  2.328735     -15.50347    
  2.329482     -15.76666    
  2.330227    -100.00000    
  2.330971     -13.53120    
  2.331714    -100.00000    
  2.331801     -14.66016    
  2.331944    -100.00000    
  2.332031    -100.00000    
  2.333101     -13.89319    
  2.333188     -13.73418    
  2.333638    -100.00000    
  2.333725    -100.00000    
  2.334874     -15.40678    
  2.336020    -100.00000    
  2.337163    -100.00000    
  2.338303    -100.00000    
  2.338390    -100.00000    
  2.339301    -100.00000    
  2.339388    -100.00000    
  2.340254    -100.00000    
  2.341118    -100.00000    
  2.341191    -100.00000    
  2.341278     -14.93156    
  2.341370    -100.00000    
  2.341472    -100.00000    
  2.342517     -13.80481    
  2.342604     -13.94049    
  2.343168     -13.32321    
  2.343730    -100.00000    
  2.344292    -100.00000    
  2.344853    -100.00000    
  2.344940    -100.00000    
  2.345941     -13.59948    
  2.346441    -100.00000    
  2.346940     -12.93601    
  2.347438     -14.14429    
  2.347936    -100.00000    
  2.348434     -13.80349    
  2.348930     -13.87250    
  2.349017    -100.00000    
  2.349687     -14.26023    
  2.350356    -100.00000    
  2.350443     -13.34494    
  2.351314    -100.00000    
  2.352184     -12.91465    
  2.352270     -12.63245    
  2.352846     -12.84528    
  2.353421    -100.00000    
  2.353508    -100.00000    
  2.353983     -12.84979    
  2.354070    -100.00000    
  2.354494     -13.27997    
  2.354917     -13.44400    
  2.355340     -14.33698    
  2.355762    -100.00000    
  2.355849     -13.49367    
  2.356520     -13.46663    
  2.357189    -100.00000    
  2.357276    -100.00000    
  2.357498    -100.00000    
  2.357582    -100.00000    
  2.357669     -9.412733    
  2.362936     -9.830446    
  2.363023     -8.321040    
  2.368963     -6.794773    
  2.369050    -100.00000    
  2.373546     -5.959277    
  2.373633    -100.00000    
  2.374597     -4.514278    
  2.374684     -5.531506    
  2.376702     -4.981003    
  2.376789    -100.00000    
  2.381401     -4.272576    
  2.381488     -4.422103    
  2.381574     -4.382003    
  2.381660     -4.309824    
  2.383081     -3.921990    
  2.383168     -3.908280    
  2.387126    -100.00000    
  2.387213     -5.135106    
  2.387778     -4.390319    
  2.387865    -100.00000    
  2.397727     -4.114459    
  2.397814     -3.743614    
  2.403706     -3.891027    
  2.403793     -3.745404    
  2.409345    -100.00000    
  2.409431    -100.00000    
  2.409967     -4.285588    
  2.410054     -4.093238    
  2.411603     -3.534230    
  2.411690     -3.552958    
  2.412778     -3.580793    
  2.412865     -3.591508    
  2.413098     -3.614080    
  2.413185     -3.455658    
  2.414109    -100.00000    
  2.414195    -100.00000    
  2.415338     -4.697015    
  2.415425     -4.426546    
  2.419545     -4.236345    
  2.419632    -100.00000    
  2.422480     -3.675476    
  2.422566     -3.757545    
  2.424108     -3.816311    
  2.424195     -5.472636    
  2.428391     -4.001202    
  2.428478     -3.797279    
  2.429013     -3.683126    
  2.429100     -3.667132    
  2.429244     -3.659735    
  2.429331     -3.671842    
  2.432147     -3.709728    
  2.432234     -3.694989    
  2.434375     -3.838897    
  2.434462     -4.196486    
  2.434951    -100.00000    
  2.435038     -5.386952    
  2.435182     -5.316389    
  2.435269     -5.372159    
  2.435570     -4.566278    
  2.435657     -4.237030    
  2.437397     -3.899292    
  2.437484     -3.704895    
  2.438099     -3.677622    
  2.438186     -3.634348    
  2.440535     -3.840955    
  2.440622     -3.729942    
  2.441592     -3.703329    
  2.441679     -3.730727    
  2.443115     -3.836254    
  2.443202     -4.323112    
  2.446266     -4.272336    
  2.446353     -4.738340    
  2.447958    -100.00000    
  2.448045     -4.255690    
  2.448133     -4.019851    
  2.448892     -3.907549    
  2.448979     -3.872591    
  2.450924     -3.812349    
  2.451011     -4.436438    
  2.454202     -3.868024    
  2.454289     -3.707028    
  2.456026     -3.841909    
  2.456113     -3.868428    
  2.461170     -3.921102    
  2.461257     -5.646182    
  2.463251     -4.711214    
  2.463338     -4.496835    
  2.464468     -5.038279    
  2.464555    -100.00000    
  2.466286     -3.740141    
  2.466372     -4.618719    
  2.467492     -4.178700    
  2.467579     -4.501479    
  2.467685     -4.483993    
  2.467772     -5.120077    
  2.470538     -4.377116    
  2.470625     -4.393677    
  2.470751     -4.285943    
  2.471828     -4.356905    
  2.471915     -3.969636    
  2.473313    -100.00000    
  2.473400     -3.960890    
  2.476442     -3.583688    
  2.476529     -4.754440    
  2.476628     -4.533615    
  2.476715     -4.013228    
  2.478943     -4.018745    
  2.479030    -100.00000    
  2.480895     -3.518682    
  2.480982     -3.478812    
  2.482813    -100.00000    
  2.482900    -100.00000    
  2.483465     -5.043169    
  2.483551     -4.800730    
  2.483824     -4.871662    
  2.483911     -4.961559    
  2.484268     -3.603468    
  2.484355     -3.513334    
  2.484517     -3.503666    
  2.484589     -3.555780    
  2.484656     -3.585191    
  2.484743     -5.521988    
  2.486424     -3.729457    
  2.486511     -4.832262    
  2.490779     -3.881327    
  2.490866     -3.641684    
  2.490956     -3.636769    
  2.491043     -3.527675    
  2.491443     -3.890147    
  2.491530    -100.00000    
  2.492836     -3.764800    
  2.492923     -3.684410    
  2.493176     -3.745403    
  2.493263     -4.041065    
  2.495735    -100.00000    
  2.495822    -100.00000    
  2.496605     -4.358693    
  2.496692     -3.745071    
  2.497050     -4.313310    
  2.497137     -4.400462    
  2.498024     -3.513274    
  2.498111     -3.872418    
  2.500649     -3.658238    
  2.500736     -3.644051    
  2.503920     -3.978960    
  2.504007     -4.191159    
  2.504069     -3.942095    
  2.504156     -3.740709    
  2.506403     -4.213350    
  2.506490     -8.373403    
  2.506598     -8.081770    
  2.506685    -100.00000    
  2.506857     -7.038550    
  2.506943     -4.498611    
  2.507203     -3.820053    
  2.507290     -3.889202    
  2.511107     -3.762003    
  2.511194     -3.745555    
  2.511697     -3.756505    
  2.511784     -3.765625    
  2.512876     -3.830689    
  2.512963     -3.892907    
  2.513523     -3.742956    
  2.513610     -4.090749    
  2.515498     -3.776655    
  2.515585     -3.712236    
  2.515719     -3.704601    
  2.515805     -3.702437    
  2.515872     -3.702055    
  2.515959     -3.703550    
  2.516021     -3.702669    
  2.516107     -4.470522    
  2.516706    -100.00000    
  2.516793     -4.388426    
  2.517769     -3.661305    
  2.517856     -3.726093    
  2.517941     -3.719887    
  2.518028     -3.713863    
  2.518445     -3.687265    
  2.518532     -3.682303    
  2.518680     -3.675251    
  2.518767     -3.769834    
  2.521283     -3.677309    
  2.523785     -3.735058    
  2.523871     -3.787589    
  2.524535     -3.846317    
  2.524622     -3.835507    
  2.526468     -3.751363    
  2.526555     -3.878205    
  2.527825     -3.761193    
  2.527912     -3.791510    
  2.530010     -3.839992    
  2.530097     -3.769213    
  2.532615     -4.307791    
  2.532701     -3.886139    
  2.535293     -3.830560    
  2.535380     -3.840690    
  2.536082     -3.862236    
  2.536169     -3.872236    
  2.539337     -4.170043    
  2.539424     -4.236645    
  2.543132     -3.580697    
  2.546808     -3.777211    
  2.546895     -3.776396    
  2.547076     -3.781767    
  2.547163     -3.784860    
  2.547329     -3.791278    
  2.547416     -3.794901    
  2.547523     -3.868554    
  2.551049     -3.891888    
  2.551118     -3.861095    
  2.551204     -3.859755    
  2.551316     -3.857258    
  2.551403     -3.829046    
  2.554923     -5.159405    
  2.558382     -3.576637    
  2.558469     -3.639746    
  2.558869     -3.652225    
  2.558956     -3.594599    
  2.561154     -4.128585    
  2.561240     -3.890306    
  2.561557     -3.837020    
  2.561644     -3.817385    
  2.564817     -4.392507    
  2.564904     -3.859486    
  2.567815     -3.867999    
  2.570708     -4.598747    
  2.570794     -3.963434    
  2.571315     -3.915210    
  2.571402     -3.923028    
  2.571490     -3.920138    
  2.571576     -3.908352    
  2.572470     -3.865142    
  2.572557     -4.495643    
  2.576787     -3.625592    
  2.580976     -4.076759    
  2.581063     -3.812964    
  2.582880     -3.862456    
  2.582967     -3.936821    
  2.583821     -3.881890    
  2.583908     -4.516231    
  2.584933    -100.00000    
  2.585020    -100.00000    
  2.586210     -3.587517    
  2.586262     -3.541818    
  2.586349     -3.922162    
  2.588885     -3.655267    
  2.588972     -4.324218    
  2.590598     -3.916864    
  2.590685     -3.621932    
  2.593482     -3.670879    
  2.596260     -3.852361    
  2.596347     -3.749587    
  2.597094     -4.820813    
  2.597181    -100.00000    
  2.597646     -4.756907    
  2.597733     -4.011812    
  2.600152     -3.865234    
  2.600239     -3.914007    
  2.601008     -3.929723    
  2.601094     -3.924612    
  2.604131     -4.224626    
  2.607145     -3.958190    
  2.607232     -3.964641    
  2.607324     -3.965290    
  2.607480     -3.965229    
  2.607567     -3.964218    
  2.607898     -3.958654    
  2.607985     -3.956532    
  2.608789     -3.989277    
  2.608876     -3.985393    
  2.609811     -3.983145    
  2.609898     -4.012427    
  2.612121     -4.047626    
  2.614332     -3.987073    
  2.614419     -4.010986    
  2.615617     -4.028955    
  2.615704     -4.021547    
  2.616177     -4.016851    
  2.616264     -4.017790    
  2.617793     -4.027478    
  2.617880     -4.099112    
  2.620859     -5.222031    
  2.620946     -4.048485    
  2.623214     -4.103045    
  2.625471     -3.680347    
  2.625557     -3.801625    
  2.626297     -3.508099    
  2.626384     -3.391745    
  2.629798     -3.528085    
  2.633186     -3.987983    
  2.633273     -3.890206    
  2.634349     -3.919207    
  2.634435     -3.921895    
  2.634827     -3.946367    
  2.634914     -4.082835    
  2.636215     -4.134911    
  2.636302     -4.175447    
  2.637231     -4.142550    
  2.637318     -4.189289    
  2.639844     -4.150964    
  2.642355     -3.933267    
  2.642442     -3.939027    
  2.644205     -3.989511    
  2.644292     -4.122282    
  2.644578     -4.237861    
  2.644665     -4.293032    
  2.646436     -4.105128    
  2.646523     -4.147240    
  2.648315     -4.035665    
  2.648402     -4.063774    
  2.648476     -4.065213    
  2.648563     -4.071017    
  2.649502     -4.086394    
  2.649589     -4.071623    
  2.650015     -4.169363    
  2.650101     -4.216032    
  2.652023     -4.221058    
  2.652110     -4.272264    
  2.653477     -3.959874    
  2.653564     -3.971948    
  2.653758     -3.964154    
  2.653845     -3.978355    
  2.656371     -4.027087    
  2.656458     -4.154370    
  2.657291     -4.470803    
  2.657378     -4.398172    
  2.659033     -4.057448    
  2.660682     -4.038754    
  2.660769     -3.955876    
  2.662838    -100.00000    
  2.662925     -4.096042    
  2.664361     -3.837791    
  2.664448     -3.862952    
  2.664909     -3.861631    
  2.664996     -3.864851    
  2.667441     -3.940399    
  2.668659     -4.216381    
  2.669873     -4.106786    
  2.669960     -4.101348    
  2.671570     -4.309642    
  2.673175     -4.413838    
  2.674773     -4.036294    
  2.676365     -4.104504    
  2.676452     -4.153337    
  2.677193     -4.108013    
  2.677280     -4.106286    
  2.678402     -4.124103    
  2.679522     -4.128381    
  2.680638     -4.131975    
  2.681752     -4.128349    
  2.681839     -4.113001    
  2.682994     -4.277728    
  2.684147     -4.662565    
  2.684233     -4.436429    
  2.684319     -4.400154    
  2.684406     -4.340979    
  2.685617     -3.997686    
  2.685704     -3.994385    
  2.685988     -3.982089    
  2.686075     -4.112841    
  2.687275     -4.062737    
  2.688471     -4.128453    
  2.689665    -100.00000    
  2.690854     -4.093036    
  2.690941     -4.046853    
  2.691662     -3.983311    
  2.692382     -3.912309    
  2.693100     -3.975659    
  2.693817     -4.012135    
  2.693904     -4.012186    
  2.694490     -4.032998    
  2.695075     -4.048254    
  2.695162     -4.052171    
  2.695331     -4.058818    
  2.695418     -4.062207    
  2.696036     -4.090351    
  2.696123     -4.095972    
  2.697045     -4.105395    
  2.697132     -4.096434    
  2.697891     -4.122243    
  2.698648     -4.250470    
  2.698717     -4.258041    
  2.698803     -4.087906    
  2.699667     -4.014430    
  2.700098     -3.960027    
  2.700529     -3.957063    
  2.700616     -3.950740    
  2.701097     -3.904920    
  2.701577     -3.899440    
  2.702057     -3.931785    
  2.702537     -3.967504    
  2.702610     -3.971289    
  2.702697     -3.974183    
  2.704230     -4.085567    
  2.704317     -4.078360    
  2.704748     -4.076474    
  2.704835     -4.043198    
  2.706154    -100.00000    
  2.706241     -6.997179    
  2.706290     -5.677478    
  2.706377     -4.489161    
  2.707629     -4.160355    
  2.707716     -4.117908    
  2.709271     -4.211928    
  2.709358     -4.105327    
  2.709449     -4.093426    
  2.709536     -4.076270    
  2.709681     -4.057181    
  2.709768     -4.053443    
  2.709828     -4.051822    
  2.709915     -4.050268    
  2.710033     -4.048776    
  2.710119     -4.026896    
  2.713272     -4.145462    
  2.716402     -4.279867    
  2.716489     -4.482218    
  2.718816     -4.411773    
  2.718903     -3.983882    
  2.720712     -4.223941    
  2.720799    -100.00000    
  2.721478     -4.458565    
  2.721565     -4.327628    
  2.721792     -4.518750    
  2.721879     -4.188734    
  2.725251     -4.129403    
  2.725338     -4.092639    
  2.727078     -4.079203    
  2.727165     -3.963717    
  2.730036     -4.202091    
  2.730123     -4.814031    
  2.733151     -3.929730    
  2.733238     -4.085982    
  2.733842     -3.983545    
  2.733929     -4.637213    
  2.737074     -4.012529    
  2.737161     -3.993117    
  2.737825     -4.176539    
  2.737912     -4.096133    
  2.740300     -4.113303    
  2.740387     -4.002469    
  2.741710     -4.451610    
  2.741797     -4.087154    
  2.744319    -100.00000    
  2.746826     -3.911266    
  2.746913     -3.991259    
  2.748474     -4.041437    
  2.748561     -4.465749    
  2.752296     -4.229758    
  2.752383     -4.131932    
  2.754509     -4.131612    
  2.754596     -4.120667    
  2.754850     -4.129974    
  2.754937     -4.133858    
  2.755686     -4.170377    
  2.755773     -4.172934    
  2.755894     -4.294170    
  2.758471     -4.803669    
  2.758558     -4.380115    
  2.759027     -4.320879    
  2.759113     -4.624749    
  2.759268     -4.752766    
  2.759355     -4.388729    
  2.759981     -4.097207    
  2.760067     -4.090858    
  2.760747     -4.551769    
  2.760833     -4.386076    
  2.762305     -4.090266    
  2.762392     -4.093438    
  2.763491     -4.738096    
  2.763577     -4.320008    
  2.764577     -4.132922    
  2.764664     -4.139843    
  2.765524     -4.105685    
  2.765611     -4.133805    
  2.767568     -4.276228    
  2.767655     -4.177401    
  2.768842     -4.211714    
  2.768929     -4.232893    
  2.771196     -4.313820    
  2.771283     -4.294059    
  2.771358     -4.291033    
  2.771445     -4.245182    
  2.773649     -4.435090    
  2.775841     -4.496127    
  2.775928     -4.744309    
  2.777541     -4.407076    
  2.777628    -100.00000    
  2.778824     -4.173963    
  2.778910     -4.069675    
  2.782300     -4.108964    
  2.782387     -4.140348    
  2.783749     -4.163241    
  2.783836     -4.900540    
  2.787507     -4.058297    
  2.787594     -3.923919    
  2.790506     -4.445363    
  2.793400     -4.222731    
  2.796274     -4.574414    
  2.799129     -4.695737    
  2.799216    -100.00000    
  2.799875     -5.563847    
  2.799961     -5.223809    
  2.800228     -4.882820    
  2.800315     -4.583651    
  2.802759     -4.143747    
  2.805189     -4.294012    
  2.805276     -4.282458    
  2.807759     -4.570591    
  2.810229     -4.234174    
  2.810316     -4.257362    
  2.813524     -4.358112    
  2.813611     -4.367566    
  2.814474     -4.389806    
  2.814561     -4.397243    
  2.817018     -4.444305    
  2.817105     -4.470152    
  2.819648     -4.499313    
  2.822177     -4.417352    
  2.822264     -4.452225    
  2.826003     -4.180055    
  2.826090     -4.323719    
  2.829167     -4.465228    
  2.829254     -4.449522    
  2.829613     -4.458013    
  2.829700     -4.465359    
  2.832781     -4.649671    
  2.832867     -4.573181    
  2.832995     -4.545355    
  2.833082     -4.626933    
  2.836249     -5.007419    
  2.836336     -4.297289    
  2.839377     -4.042511    
  2.839464     -4.124349    
  2.840558     -4.192062    
  2.840645     -4.216919    
  2.842706     -4.390843    
  2.842793     -4.378276    
  2.843374     -4.408388    
  2.843461     -4.410042    
  2.843577     -4.410408    
  2.843663     -4.407294    
  2.844722     -4.427739    
  2.844809     -4.427157    
  2.845992     -4.454905    
  2.846079     -4.459758    
  2.846320     -4.469333    
  2.846407     -4.377580    
  2.846929    -100.00000    
  2.847016     -5.539710    
  2.850284     -4.186185    
  2.850371     -4.300477    
  2.851272     -4.331136    
  2.851359     -4.334607    
  2.851605     -4.345581    
  2.851692     -4.376696    
  2.853657     -4.373583    
  2.853744     -4.324158    
  2.856721     -4.368099    
  2.856808     -4.335420    
  2.859953     -4.441247    
  2.863077     -4.618547    
  2.863164     -4.797910    
  2.864011     -4.566995    
  2.864097     -4.550114    
  2.864929     -4.387628    
  2.865016     -4.324308    
  2.868335     -4.387807    
  2.868422     -4.380242    
  2.870319     -4.528832    
  2.870406     -4.502765    
  2.871477     -4.522510    
  2.871560     -4.525461    
  2.871647     -4.532536    
  2.871746     -4.550443    
  2.871833     -4.533677    
  2.875793     -4.581115    
  2.879716     -4.560846    
  2.879803     -4.501352    
  2.880314     -4.489303    
  2.880401     -4.749217    
  2.882313     -5.171452    
  2.882400     -4.683940    
  2.882670     -4.548314    
  2.882757     -4.344755    
  2.885708     -4.328377    
  2.885795     -4.377225    
  2.887555     -5.131761    
  2.887642     -4.519380    
  2.891964     -4.425142    
  2.892051    -100.00000    
  2.893704     -4.347797    
  2.893791     -4.338591    
  2.894071     -4.302380    
  2.894158     -4.284481    
  2.895095     -4.243288    
  2.895182     -4.153766    
  2.897787    -100.00000    
  2.897874     -4.954352    
  2.900589     -4.272876    
  2.900676     -4.359402    
  2.904168     -4.937171    
  2.904255     -5.483246    
  2.905026     -5.066702    
  2.905113     -4.555492    
  2.908003     -4.408087    
  2.908090     -4.370460    
  2.908185     -4.365617    
  2.908477     -4.358779    
  2.908564     -4.355429    
  2.909361     -4.386560    
  2.909448     -4.396092    
  2.910383     -4.456171    
  2.910470     -4.461631    
  2.911970     -4.539129    
  2.912057     -4.541582    
  2.914427     -4.592761    
  2.916785     -4.623702    
  2.916872     -4.627927    
  2.917171     -4.633102    
  2.917258     -4.631014    
  2.920236     -4.672023    
  2.920323     -4.668561    
  2.920418     -4.686690    
  2.922032    -100.00000    
  2.922118     -4.627973    
  2.925029     -4.423313    
  2.925116     -4.479327    
  2.925353     -4.484704    
  2.925440     -4.486178    
  2.925683     -4.490956    
  2.925770     -4.492880    
  2.925849     -4.494611    
  2.925936     -4.496214    
  2.927554     -4.552234    
  2.927641     -4.555880    
  2.927759     -4.560070    
  2.927950     -4.566086    
  2.928037     -4.651317    
  2.929127     -4.381562    
  2.929213     -4.368716    
  2.929524     -4.346889    
  2.929611     -4.341201    
  2.930245     -4.321744    
  2.930332     -4.322191    
  2.930644     -4.326118    
  2.930731     -4.328231    
  2.931247     -4.358736    
  2.931334     -4.367578    
  2.932296     -4.453293    
  2.932383     -4.468313    
  2.934646     -4.564720    
  2.934733     -4.568975    
  2.935353     -4.591432    
  2.935440     -4.602824    
  2.939332     -4.688731    
  2.939418     -4.693666    
  2.943758     -4.714681    
  2.943845     -4.707236    
  2.944467     -4.691645    
  2.944554     -4.693565    
  2.945191     -4.701620    
  2.945278     -4.698061    
  2.946273     -4.688774    
  2.946360     -4.707842    
  2.946687     -4.605254    
  2.946774     -4.462248    
  2.949861     -4.527159    
  2.949948     -4.561947    
  2.950064     -4.563421    
  2.950137     -4.563570    
  2.950211     -4.563270    
  2.950298     -4.562410    
  2.950637     -4.556461    
  2.950724     -4.555963    
  2.950770     -4.555951    
  2.950857     -4.556205    
  2.951287     -4.563808    
  2.951374     -4.563189    
  2.952601     -4.603704    
  2.952688     -4.605237    
  2.952960     -4.611437    
  2.953047     -4.613216    
  2.953706     -4.636645    
  2.953793     -4.638855    
  2.954344     -4.650345    
  2.954431     -4.652651    
  2.955685     -4.685245    
  2.955739     -4.685737    
  2.955826     -4.687643    
  2.956162     -4.694732    
  2.956249     -4.696613    
  2.956346     -4.698815    
  2.956433     -4.700845    
  2.956797     -4.709128    
  2.956884     -4.710897    
  2.956929     -4.711783    
  2.957016     -4.714644    
  2.958622     -4.737362    
  2.958708     -4.735997    
  2.958913     -4.737410    
  2.959000     -4.738030    
  2.959196     -4.739813    
  2.959283     -4.740843    
  2.959385     -4.741768    
  2.959471     -4.742200    
  2.959520     -4.742341    
  2.959575     -4.742445    
  2.959642     -4.742367    
  2.959686     -4.727107    
  2.960694     -4.877804    
  2.960781     -4.835063    
  2.961021     -4.802110    
  2.961108     -4.787618    
  2.961209     -4.714896    
  2.963780     -4.722499    
  2.963867     -4.925269    
  2.966863     -4.678366    
  2.969838     -4.623886    
  2.972793     -4.745463    
  2.975728     -4.759179    
  2.975815     -4.664582    
  2.976171     -4.659887    
  2.976258    -100.00000    
  2.979351     -4.186532    
  2.982423     -4.586982    
  2.982509     -4.487426    
  2.982872     -4.485586    
  2.982959     -4.465606    
  2.985659     -4.666727    
  2.988343     -5.039176    
  2.991011     -4.385230    
  2.993662     -4.197849    
  2.996297     -4.657684    
  2.998916     -4.563098    
  3.001519     -4.697681    
  3.004107     -4.770338    
  3.004194     -4.742526    
  3.007954     -4.891457    
  3.008041     -4.853191    
  3.011581     -4.879040    
  3.015092     -4.885870    
  3.018574     -4.507457    
  3.022029     -4.910032    
  3.022116     -4.707462    
  3.025489     -4.881804    
  3.025575     -4.776503    
  3.029166     -4.790285    
  3.032728     -4.968656    
  3.036260     -4.905167    
  3.039764     -4.541718    
  3.043240     -5.050107    
  3.046688     -4.303690    
  3.050109     -4.500702    
  3.053504     -4.790437    
  3.053591     -4.507079    
  3.056570     -4.508349    
  3.059529     -4.653156    
  3.059616     -4.701893    
  3.061712     -4.931235    
  3.061799     -4.972163    
  3.061872     -4.992159    
  3.061959     -4.973042    
  3.062919     -4.972080    
  3.063006     -5.019469    
  3.065043     -4.996606    
  3.065130     -4.978631    
  3.067491     -5.094522    
  3.067578    -100.00000    
  3.069763     -4.675059    
  3.071937     -4.467301    
  3.072024     -4.391088    
  3.074321     -4.439989    
  3.074408     -4.498996    
  3.077730     -4.942526    
  3.081028     -4.516384    
  3.081115     -4.498517    
  3.083823     -4.855516    
  3.086515     -4.647292    
  3.089190     -4.689429    
  3.091849     -4.588511    
  3.091936     -4.484167    
  3.093217     -4.459570    
  3.093303     -4.457889    
  3.096155     -4.724499    
  3.096242     -4.685037    
  3.099969     -5.031133    
  3.100056     -5.011077    
  3.102484     -4.941249    
  3.102571     -4.964910    
  3.104805     -5.097161    
  3.104892     -5.086010    
  3.105931     -4.994760    
  3.106018     -5.028731    
  3.106079     -5.056847    
  3.106166     -5.155660    
  3.106856     -5.113883    
  3.106943     -5.014996    
  3.109794     -5.150897    
  3.109881     -5.065115    
  3.110486     -4.967250    
  3.110573     -4.956972    
  3.112005     -4.972957    
  3.112092     -4.983307    
  3.112365     -5.028529    
  3.112452     -5.079393    
  3.114687     -4.973334    
  3.114774     -5.040187    
  3.114901     -5.018033    
  3.114988     -4.986427    
  3.117740     -5.110660    
  3.117827     -5.053487    
  3.118223     -5.046375    
  3.118310     -5.118468    
  3.122171     -4.910080    
  3.125997     -5.076161    
  3.126084     -5.089663    
  3.127687     -5.312910    
  3.127774     -5.727164    
  3.131268     -4.762951    
  3.131355     -4.964677    
  3.133775     -4.750766    
  3.136182     -4.840609    
  3.136269     -4.985941    
  3.138689     -5.016583    
  3.141096     -4.734305    
  3.143489     -4.981340    
  3.145869     -5.174288    
  3.145956     -5.229793    
  3.146758     -6.456328    
  3.146845     -4.998167    
  3.149072     -4.774761    
  3.151287     -4.922292    
  3.151374     -4.925067    
  3.153068     -4.974450    
  3.153155     -4.994093    
  3.153248     -5.002190    
  3.153335     -5.009292    
  3.153381     -5.012460    
  3.153425     -5.015236    
  3.153479     -5.027706    
  3.156074     -5.116475    
  3.156161     -5.028630    
  3.160418     -5.203617    
  3.164633     -5.377456    
  3.164720     -5.359401    
  3.167983     -5.403330    
  3.168070     -5.412773    
  3.170695     -5.365526    
  3.173303     -5.363879    
  3.173390     -5.376153    
  3.174167     -5.387568    
  3.174254     -5.389547    
  3.176868     -5.409583    
  3.179466     -5.421493    
  3.179553     -5.423248    
  3.182832     -5.434049    
  3.186087     -5.435423    
  3.186174     -5.435499    
  3.188338     -5.444609    
  3.188425    -100.00000    
  3.191899     -4.892243    
  3.191986     -4.493304    
  3.192224     -4.437018    
  3.192311     -4.406945    
  3.194885     -4.456427    
  3.194972     -4.491907    
  3.196916     -4.745778    
  3.197003     -4.805527    
  3.199617     -5.240510    
  3.202215     -5.021296    
  3.204798     -4.989417    
  3.207365     -5.172206    
  3.207452     -5.172877    
  3.209491     -5.348372    
  3.209578     -5.307053    
  3.213892     -6.696202    
  3.218164     -4.510924    
  3.218251     -4.564364    
  3.221052     -4.813290    
  3.223835     -5.275911    
  3.226600     -5.370681    
  3.229347     -5.317302    
  3.229434     -5.309406    
  3.231857     -5.436249    
  3.234265     -5.521991    
  3.234352     -5.520519    
  3.236049     -5.537967    
  3.236136     -5.533691    
  3.236180     -5.532969    
  3.236267     -5.522309    
  3.238739     -5.423932    
  3.241164     -5.465469    
  3.243575     -5.514920    
  3.245973     -5.531119    
  3.246060     -5.528335    
  3.246189     -5.526526    
  3.247464     -5.518131    
  3.247551     -5.519503    
  3.248152     -5.521345    
  3.248239     -5.521605    
  3.249187     -5.531344    
  3.249274     -5.532223    
  3.251523     -5.558047    
  3.251610     -5.599142    
  3.255359     -5.481711    
  3.259075     -5.444099    
  3.262760     -5.545615    
  3.266414     -5.591469    
  3.266501     -5.586416    
  3.269936     -5.600747    
  3.273344     -5.558441    
  3.276725     -5.607564    
  3.280080     -5.404668    
  3.283409     -5.415117    
  3.286714     -5.446143    
  3.289993     -5.522514    
  3.293247     -5.606562    
  3.293334     -5.604978    
  3.296691     -5.663518    
  3.300022     -5.672824    
  3.303327     -5.645417    
  3.306608     -5.573596    
  3.306694     -5.578686    
  3.310624     -5.628575    
  3.310710     -5.609775    
  3.310941     -5.615496    
  3.311027     -5.617510    
  3.311634     -5.632783    
  3.311721     -5.635515    
  3.311773     -5.637440    
  3.311825     -5.639697    
  3.311868     -5.769862    
  3.315460     -5.435508    
  3.318980     -5.548762    
  3.322472     -5.703620    
  3.325936     -5.401466    
  3.329372     -5.448514    
  3.332782     -5.507954    
  3.336165     -5.654272    
  3.339521     -5.779232    
  3.342852     -5.730772    
  3.346158     -5.713970    
  3.349439     -5.732886    
  3.352695     -5.796535    
  3.355927     -5.750706    
  3.359135     -5.912565    
  3.362319     -5.258956    
  3.365480     -5.282581    
  3.365567     -5.347842    
  3.367462     -5.435847    
  3.367549     -5.586123    
  3.371229     -5.469592    
  3.374878     -5.722310    
  3.378497     -5.870388    
  3.382086     -5.680712    
  3.382173     -5.378739    
  3.385882     -5.382644    
  3.385969     -5.447045    
  3.388254     -5.741347    
  3.390528     -5.863696    
  3.392789     -5.942525    
  3.395039     -5.988940    
  3.395126     -5.991052    
  3.398000     -6.075374    
  3.400855     -5.989388    
  3.400942     -5.765771    
  3.403656     -5.715551    
  3.403743     -5.509486    
  3.406570     -5.196787    
  3.409379     -5.542868    
  3.412170     -5.896041    
  3.414942     -5.971439    
  3.415029     -5.743043    
  3.419186     -5.808283    
  3.423303     -6.043918    
  3.427382     -6.102189    
  3.431422     -6.102120    
  3.431509     -5.884005    
  3.434904     -5.739277    
  3.438273     -5.739077    
  3.441616     -5.779242    
  3.444934     -6.041486    
  3.445021     -6.097795    
  3.447515     -5.883114    
  3.449995     -6.001554    
  3.452462     -5.892234    
  3.454914     -5.866136    
  3.455001     -5.909840    
  3.458181     -6.080370    
  3.461337     -6.202387    
  3.464472     -5.937400    
  3.467583     -5.548196    
  3.467670     -5.650181    
  3.469453     -5.749721    
  3.469540     -5.771711    
  3.471179     -5.945753    
  3.471266     -5.904200    
  3.474100     -6.076021    
  3.474187     -6.019957    
  3.477329     -5.998661    
  3.480449     -5.894426    
  3.483547     -5.890296    
  3.486623     -5.888311    
  3.486710     -6.246864    
  3.490510     -6.072191    
  3.494277     -6.256173    
  3.494364     -6.240554    
  3.496959     -5.827124    
  3.499539     -5.809037    
  3.502104     -5.930372    
  3.504653     -6.192563    
  3.507188     -5.784144    
  3.509708     -5.772055    
  3.512213     -6.074126    
  3.514705     -6.141006    
  3.517181     -6.174270    
  3.519644     -6.274118    
  3.522093     -6.250600    
  3.524529     -6.196154    
  3.526950     -6.259006    
  3.529358     -6.259047    
  3.531753     -6.930842    
  3.534135     -5.490591    
  3.534222     -5.517012    
  3.536956     -5.632790    
  3.539673     -5.997607    
  3.542373     -6.154146    
  3.545057     -6.307850    
  3.547724     -6.381163    
  3.550374     -6.430791    
  3.553009     -6.332855    
  3.555627     -6.342879    
  3.555714     -6.373197    
  3.558846     -6.417727    
  3.558933     -6.422751    
  3.559291     -6.430820    
  3.559378     -6.435987    
  3.560973     -6.447380    
  3.561019     -6.447618    
  3.561106     -6.447756    
  3.561702     -6.455982    
  3.561789     -6.457214    
  3.562293     -6.463345    
  3.562360     -6.464366    
  3.562447     -6.485496    
  3.565681     -6.468458    
  3.565768     -6.248502    
  3.568672     -6.153418    
  3.571556     -5.971518    
  3.574422     -6.282450    
  3.577268     -6.127286    
  3.580096     -6.325511    
  3.582906     -6.425778    
  3.585698     -6.474548    
  3.588471     -6.410435    
  3.591228     -6.439366    
  3.593966     -6.444480    
  3.596688     -6.362548    
  3.599393     -6.352572    
  3.602081     -6.310733    
  3.604752     -6.406154    
  3.607407     -6.457813    
  3.610046     -6.563399    
  3.610133     -6.554458    
  3.612945     -6.548488    
  3.615738     -6.547285    
  3.618514     -6.551081    
  3.621272     -6.498293    
  3.624013     -6.559984    
  3.626737     -6.445270    
  3.629443     -6.512823    
  3.630428     -6.568169    
  3.632133     -6.658983    
  3.632220     -6.661162    
  3.634575     -6.712354    
  3.636918     -6.747230    
  3.639248     -6.616964    
  3.641565     -6.626586    
  3.643871     -6.674622    
  3.646164     -6.718690    
  3.648445     -6.819974    
  3.650714     -6.508314    
  3.650801     -6.355339    
  3.654938     -6.444542    
  3.655025     -6.552450    
  3.659341     -6.617599    
  3.663615     -6.673839    
  3.663702     -6.685390    
  3.666928     -6.573630    
  3.670130     -6.444501    
  3.673309     -5.781850    
  3.676464     -6.075659    
  3.679597     -6.707328    
  3.682707     -6.717480    
  3.685795     -6.904015    
  3.688862     -6.645290    
  3.688948     -6.657768    
  3.691459     -6.687899    
  3.691546     -6.702872    
  3.694107     -6.805068    
  3.696652     -6.903779    
  3.696739     -6.897161    
  3.700634     -6.886161    
  3.704495     -6.893902    
  3.708321     -6.956125    
  3.712114     -6.981062    
  3.712650     -6.947306    
  3.715873     -6.948315    
  3.719601     -6.976067    
  3.723297     -6.953548    
  3.726962     -6.956772    
  3.730596     -7.012134    
  3.734200     -6.843834    
  3.737774     -6.627789    
  3.741319     -6.707946    
  3.744836     -7.029057    
  3.748324     -6.844522    
  3.751784     -6.765789    
  3.755217     -7.074296    
  3.755304     -6.994380    
  3.755522     -6.996837    
  3.755609     -7.017503    
  3.756737     -7.043594    
  3.756824     -7.059083    
  3.760554     -7.301312    
  3.764252     -6.546721    
  3.767919     -5.890073    
  3.771555     -6.444401    
  3.775161     -7.027736    
  3.778151     -7.643740    
  3.778737     -7.053129    
  3.782284     -7.117247    
  3.785802     -7.174252    
  3.789292     -7.188832    
  3.792754     -7.179442    
  3.796189     -7.176429    
  3.799596     -7.213548    
  3.802978     -7.206291    
  3.806333     -7.235950    
  3.809662     -7.264503    
  3.812966     -7.079219    
  3.813053     -7.042484    
  3.815257     -7.288926    
  3.817449     -7.110152    
  3.817536     -6.947217    
  3.821296     -6.840699    
  3.821383     -6.897794    
  3.821564     -6.910209    
  3.821651     -6.942418    
  3.825332     -7.200773    
  3.828982     -7.206764    
  3.832602     -7.296613    
  3.836192     -7.325467    
  3.836279     -7.328153    
  3.838150     -7.334382    
  3.838237     -7.313588    
  3.840853     -7.259805    
  3.843453     -7.313700    
  3.846037     -7.361935    
  3.848607     -7.097156    
  3.848694     -6.894592    
  3.853036     -7.050013    
  3.857335     -7.299369    
  3.861592     -7.330952    
  3.865808     -7.427917    
  3.865895     -7.422293    
  3.868545     -7.438686    
  3.871179     -7.443737    
  3.871266     -7.456901    
  3.874225     -7.452907    
  3.877163     -7.447493    
  3.880081     -7.455646    
  3.882980     -7.301650    
  3.885860     -7.170819    
  3.888721     -6.780024    
  3.891563     -7.010992    
  3.894387     -7.418004    
  3.894474     -7.380480    
  3.896842     -7.367460    
  3.899197     -7.426500    
  3.901540     -7.469726    
  3.903870     -7.479983    
  3.906188     -7.274635    
  3.908494     -7.461496    
  3.910787     -7.298691    
  3.913068     -7.450506    
  3.913155     -7.451127    
  3.913273     -7.459975    
  3.913769     -7.486188    
  3.913856     -7.487194    
  3.913972     -7.486930    
  3.915648     -7.529274    
  3.915735     -7.537260    
  3.916915     -7.307039    
  3.917002     -7.259410    
  3.920011     -7.333619    
  3.923000     -7.493336    
  3.925968     -7.581401    
  3.928916     -7.612286    
  3.931844     -7.607799    
  3.934752     -7.616409    
  3.937641     -7.632842    
  3.940511     -7.639152    
  3.943362     -7.634788    
  3.946195     -7.642565    
  3.949009     -7.502338    
  3.951805     -7.582965    
  3.954584     -7.634175    
  3.957344     -7.658378    
  3.960087     -7.671042    
  3.962813     -7.688786    
  3.962900     -7.695606    
  3.965521     -7.680771    
  3.968126     -7.695326    
  3.970716     -7.617304    
  3.973291     -7.385857    
  3.975850     -7.500354    
  3.978394     -7.674962    
  3.980924     -7.692258    
  3.983439     -7.717197    
  3.983526     -7.720955    
  3.986607     -7.774848    
  3.989666     -7.730270    
  3.992704     -7.720579    
  3.995722     -7.764219    
  3.998718     -7.810644    
  4.001693     -7.823201    
  4.004649     -7.624226    
  4.007584     -7.241369    
  4.007671     -7.222347    
  4.010289     -7.344376    
  4.012892     -7.681851    
  4.015479     -7.767549    
  4.018051     -7.804202    
  4.020607     -7.786477    
  4.023149     -7.733648    
  4.025675     -7.691349    
  4.028187     -7.806872    
  4.030685     -7.869475    
  4.033169     -7.982441    
  4.035638     -7.556199    
  4.038093     -7.478564    
  4.040535     -7.598901    
  4.042963     -7.738500    
  4.045377     -7.843563    
  4.047778     -7.900140    
  4.047865     -7.903131    
  4.050191     -7.947102    
  4.050278     -7.948154    
  4.052927     -7.968884    
  4.055559     -7.980534    
  4.058176     -7.984627    
  4.060777     -7.985383    
  4.063363     -8.050145    
  4.065933     -7.766306    
  4.068489     -7.517329    
  4.071029     -7.669897    
  4.073555     -7.990389    
  4.076066     -7.487156    
  4.078562     -7.479115    
  4.081044     -7.741077    
  4.083513     -7.961936    
  4.085967     -7.991353    
  4.088407     -8.033659    
  4.090834     -8.044102    
  4.090921     -8.041084    
  4.093448     -8.062031    
  4.095961     -8.050694    
  4.098459     -8.072973    
  4.100943     -8.061081    
  4.103413     -8.089897    
  4.105869     -8.108228    
  4.108311     -7.946296    
  4.110740     -7.882854    
  4.113155     -7.961256    
  4.115556     -8.074094    
  4.117944     -8.126234    
  4.120320     -8.111370    
  4.122682     -8.131307    
  4.125032     -8.188935    
  4.127369     -7.938506    
  4.129693     -7.993540    
  4.129780     -7.986191    
  4.133136     -8.074729    
  4.136466     -8.169929    
  4.139770     -8.188287    
  4.143050     -8.193552    
  4.146305     -7.917056    
  4.149536     -8.049271    
  4.152743     -8.217735    
  4.155926     -8.187112    
  4.156013     -8.263283    
  4.158880     -7.962256    
  4.161727     -8.086665    
  4.161814     -8.088710    
  4.163762     -8.182079    
  4.163849     -8.192431    
  4.166924     -8.270355    
  4.167011     -8.427268    
  4.169326     -8.051789    
  4.171629     -8.239456    
  4.173920     -7.956509    
  4.176198     -8.105643    
  4.178465     -8.256159    
  4.180720     -8.287709    
  4.182963     -8.317078    
  4.185195     -8.330737    
  4.187415     -8.332559    
  4.189624     -8.338043    
  4.191822     -8.337869    
  4.194009     -8.356521    
  4.198350     -8.269101    
  4.202647     -8.338247    
  4.202734     -8.333948    
  4.204957     -8.346724    
  4.207168     -8.374957    
  4.209369     -8.392602    
  4.211558     -8.386490    
  4.213736     -8.394314    
  4.215903     -8.383739    
  4.220205     -8.398841    
  4.224465     -8.427927    
  4.228684     -8.356721    
  4.232862     -8.343802    
  4.237000     -8.431006    
  4.237088     -8.492437    
  4.240818     -7.940924    
  4.244516     -8.281420    
  4.248183     -8.472048    
  4.251819     -8.472078    
  4.255425     -8.491506    
  4.259002     -8.436214    
  4.262549     -8.496749    
  4.266067     -8.513949    
  4.266154     -8.520149    
  4.270079     -8.567876    
  4.270166     -8.480946    
  4.274271     -7.919726    
  4.278338     -8.119629    
  4.282367     -8.555704    
  4.286359     -8.440618    
  4.290314     -8.536663    
  4.294234     -8.594762    
  4.298119     -8.618568    
  4.301969     -8.655221    
  4.302056     -8.650796    
  4.306016     -8.665250    
  4.309939     -8.600906    
  4.313828     -8.608638    
  4.317682     -8.171912    
  4.321502     -8.091268    
  4.325289     -8.432436    
  4.329043     -8.724683    
  4.332765     -8.285440    
  4.332852     -8.638065    
  4.335453     -8.683936    
  4.338038     -8.788629    
  4.340608     -8.451910    
  4.343162     -8.616301    
  4.345702     -8.562980    
  4.348227     -8.687650    
  4.350737     -8.749734    
  4.353233     -8.783165    
  4.353320     -8.785879    
  4.356074     -8.770077    
  4.356161     -8.774622    
  4.357582     -8.783103    
  4.357669     -8.784430    
  4.360115     -8.793115    
  4.362547     -8.790939    
  4.362634     -8.797611    
  4.365286     -8.807643    
  4.367922     -8.820179    
  4.370542     -8.784610    
  4.373146     -8.748268    
  4.375735     -8.782403    
  4.378308     -8.812834    
  4.380867     -8.849176    
  4.383410     -8.921307    
  4.385938     -8.559802    
  4.388452     -8.589580    
  4.390952     -8.795156    
  4.393437     -8.818063    
  4.395908     -8.875358    
  4.398365     -8.909946    
  4.400808     -8.920545    
  4.403238     -8.923345    
  4.405653     -8.934420    
  4.408056     -8.886953    
  4.410445     -8.882922    
  4.412822     -8.903922    
  4.415185     -8.945149    
  4.417536     -8.980291    
  4.419874     -8.890272    
  4.422199     -8.858188    
  4.424512     -8.856385    
  4.426813     -8.943479    
  4.429102     -8.980759    
  4.431378     -8.974778    
  4.433643     -8.957546    
  4.435896     -8.977859    
  4.438138     -8.995342    
  4.440368     -9.022858    
  4.440455     -9.014419    
  4.442913     -9.021897    
  4.445357     -9.034277    
  4.447787     -9.054973    
  4.450204     -8.830597    
  4.452608     -8.964025    
  4.454999     -8.729395    
  4.457376     -8.905924    
  4.459740     -8.945572    
  4.462092     -8.980913    
  4.464431     -9.036386    
  4.466757     -9.068711    
  4.469071     -9.100343    
  4.471373     -9.104222    
  4.473663     -9.117369    
  4.475940     -9.122438    
  4.478206     -8.923326    
  4.512937     -9.085299    
  4.513024     -9.215999    
  4.514610     -9.221857    
  4.514697     -9.243904    
  4.515945     -9.222827    
  4.516032     -9.192670    
  4.585469     -9.423418    
  4.585556     -9.380180    
  4.648489     -9.523727    
  4.648576     -9.599906    
  4.649548     -9.597905    
  4.649635     -9.600457    
  4.649838     -9.602852    
  4.649925     -9.524619    
  4.709765     -9.690890    
  4.709852     -9.772922    
  4.765753     -9.875947    
  4.765822     -9.957643    
  4.765909     -9.915838    
  4.818480     -10.11201    
  4.818567     -10.00390    
  4.868094     -10.14057    
  4.868152     -10.18123    
  4.868214     -10.13450    
  4.915089     -10.42345    
  4.915176     -10.38430    
  4.959449     -10.49581    
  4.959536     -10.50794    
  4.959642     -10.29441    
  4.959729     -10.45083    
  5.002021     -10.49501    
  5.002108     -10.62921    
  5.041986     -10.74370    
  5.042072     -10.73800    
  5.042428     -10.74175    
  5.042515     -10.70624    
  5.081038     -10.84350    
  5.081125     -10.76096    
  5.117569     -10.98794    
  5.117655     -11.01868    
  5.118005     -10.86572    
  5.118092     -10.76122    
  5.153462     -11.19686    
  5.153549     -11.05315    
  5.187204     -11.17289    
  5.187290     -11.15535    
  5.187529     -11.15563    
  5.187616     -11.13172    
  5.251180     -11.27380    
  5.251266     -11.34633    
  5.251931     -11.34897    
  5.252018     -11.32452    
  5.311750     -11.49795    
  5.311837     -11.52737    
  5.311944     -11.49057    
  5.712950     -12.66526    
  5.917833     -13.25362    
  6.161415     -13.94040    
  6.430595     -14.72090    
  6.714779     -15.57639    
  7.007134     -16.53046    
  7.303761     -17.64997    
  7.602573     -19.10383    
  7.902489     -21.87255    
  8.202961    -100.00000    
  8.503712    -100.00000    
  8.804602    -100.00000    
  9.105563     -28.95255    
  9.406558     -30.11181    
  9.707570    -100.00000    
