 0.6989700     -119.8590    
 0.7243402     -119.1297    
 0.7483098     -118.2125    
 0.7710253     -117.5700    
 0.7926116     -117.2204    
 0.8328096     -116.7111    
 0.8696002    -100.00000    
 0.9035159     -120.1431    
 0.9349739     -120.9754    
 0.9643063    -100.00000    
 0.9917824     -117.9182    
 0.9918693     -117.7548    
  1.017734     -118.5657    
  1.042145     -118.6790    
  1.042232     -118.4669    
  1.060679     -118.3533    
  1.060766     -117.7584    
  1.080039     -117.7059    
  1.080126     -117.4883    
  1.098980     -116.8713    
  1.099067     -117.3469    
  1.116489     -116.0036    
  1.116576    -100.00000    
  1.132827     -74.44078    
  1.132914     -86.64027    
  1.147337    -100.00000    
  1.147424     -97.96578    
  1.177890    -100.00000    
  1.206358    -100.00000    
  1.233074    -100.00000    
  1.258242     -107.4367    
  1.258328     -107.1453    
  1.281053     -106.1670    
  1.281140    -100.00000    
  1.305129    -100.00000    
  1.305216    -100.00000    
  1.326885     -100.1754    
  1.326972     -67.16147    
  1.346664     -66.68431    
  1.346750     -80.23829    
  1.372011    -100.00000    
  1.372098    -100.00000    
  1.395435     -95.35270    
  1.395522    -100.00000    
  1.407231     -93.27592    
  1.407318    -100.00000    
  1.434239     -89.10211    
  1.434325     -88.26180    
  1.437957    -100.00000    
  1.438044    -100.00000    
  1.438732     -87.94872    
  1.438819     -74.83992    
  1.466567     -74.58388    
  1.466654    -100.00000    
  1.485460     -82.57596    
  1.485547     -82.59449    
  1.499937     -80.66429    
  1.500023     -81.10735    
  1.502811    -100.00000    
  1.502898    -100.00000    
  1.515152     -17.60150    
  1.515239    -100.00000    
  1.521830     -17.52926    
  1.521916     -18.41739    
  1.538911    -100.00000    
  1.538998     -95.38433    
  1.541754     -96.25024    
  1.541841     -16.73342    
  1.544410    -100.00000    
  1.544497     -19.88218    
  1.546755    -100.00000    
  1.546842     -32.27473    
  1.568094    -100.00000    
  1.568181     -55.86418    
  1.576102    -100.00000    
  1.576189     -61.29331    
  1.577032     -61.24323    
  1.577119     -61.28330    
  1.586189     -62.05599    
  1.586276     -62.01419    
  1.587530     -61.98967    
  1.587617     -62.17398    
  1.602078    -100.00000    
  1.602165    -100.00000    
  1.604747     -16.32175    
  1.604834     -15.90661    
  1.633100    -100.00000    
  1.633187     -39.26437    
  1.643761    -100.00000    
  1.643848     -54.19102    
  1.646889    -100.00000    
  1.646976     -60.25774    
  1.653070    -100.00000    
  1.653157     -65.60167    
  1.667964     -65.80953    
  1.668051     -66.05186    
  1.673067     -66.06740    
  1.673154     -66.27135    
  1.673452     -66.07437    
  1.673539     -65.98551    
  1.683736     -66.66040    
  1.683823     -66.55799    
  1.689301     -66.51244    
  1.689388     -66.19275    
  1.690173     -66.70269    
  1.690260     -66.73191    
  1.691919     -66.68156    
  1.692006     -66.70648    
  1.709636     -66.64805    
  1.709723     -67.07155    
  1.714748     -67.67685    
  1.714835     -67.54495    
  1.714933     -66.49732    
  1.717233    -100.00000    
  1.717320     -68.28157    
  1.717576     -68.09753    
  1.717663     -68.32583    
  1.718527     -68.11798    
  1.718614     -67.97722    
  1.721805     -67.59807    
  1.721892    -100.00000    
  1.725295     -64.90558    
  1.725382     -64.48343    
  1.730438    -100.00000    
  1.730525     -65.18232    
  1.731758     -64.82514    
  1.731845    -100.00000    
  1.732294     -67.35560    
  1.732381     -65.31212    
  1.735217     -65.05773    
  1.735304     -65.19928    
  1.744878     -65.98108    
  1.744965    -100.00000    
  1.746841     -65.50035    
  1.746929     -66.40284    
  1.747807     -66.34947    
  1.747894     -66.56072    
  1.753972     -65.02595    
  1.754058     -67.12044    
  1.756978     -66.35614    
  1.757065     -65.89620    
  1.762907     -66.43278    
  1.762994     -65.76998    
  1.763503    -100.00000    
  1.763590     -67.45182    
  1.765957     -68.71276    
  1.766044     -67.02948    
  1.768505     -67.90516    
  1.768592     -66.45039    
  1.776113     -67.36285    
  1.776200     -67.98233    
  1.776785     -67.32069    
  1.776872     -67.53337    
  1.781285    -100.00000    
  1.781372    -100.00000    
  1.781946     -67.90041    
  1.782033     -67.96017    
  1.786409     -68.26088    
  1.786495     -69.74362    
  1.788161     -70.23364    
  1.788248     -70.14035    
  1.789372     -69.52612    
  1.789459     -68.28691    
  1.792246    -100.00000    
  1.792333     -68.58599    
  1.800765    -100.00000    
  1.800851     -67.04045    
  1.806960    -100.00000    
  1.807047     -66.85855    
  1.809708    -100.00000    
  1.809795    -100.00000    
  1.810144    -100.00000    
  1.810231    -100.00000    
  1.814042    -100.00000    
  1.814129     -59.87505    
  1.834747    -100.00000    
  1.834834    -100.00000    
  1.836557    -100.00000    
  1.836644    -100.00000    
  1.838907    -100.00000    
  1.838994    -100.00000    
  1.840414    -100.00000    
  1.840501    -100.00000    
  1.842703    -100.00000    
  1.842790    -100.00000    
  1.844125    -100.00000    
  1.844212     -54.35808    
  1.857265    -100.00000    
  1.857352    -100.00000    
  1.859614    -100.00000    
  1.859700     -51.90632    
  1.868320    -100.00000    
  1.868407    -100.00000    
  1.870233    -100.00000    
  1.870320    -100.00000    
  1.871306    -100.00000    
  1.871393    -100.00000    
  1.872072    -100.00000    
  1.872158    -100.00000    
  1.873424    -100.00000    
  1.873511     -49.65837    
  1.880831    -100.00000    
  1.880918    -100.00000    
  1.887368     -48.51936    
  1.887455    -100.00000    
  1.893213     -45.93453    
  1.893300    -100.00000    
  1.899003     -44.35357    
  1.899090    -100.00000    
  1.905503     -42.75569    
  1.905590     -42.56756    
  1.905821     -42.51261    
  1.905908    -100.00000    
  1.911657     -41.27165    
  1.911744     -41.10862    
  1.912227     -41.00501    
  1.912313    -100.00000    
  1.913955     -26.85257    
  1.914042     -22.02719    
  1.924238     -21.42680    
  1.924325    -100.00000    
  1.925539     -20.84804    
  1.925626    -100.00000    
  1.926709     -22.61340    
  1.926796     -21.82133    
  1.926846     -21.49650    
  1.926932     -21.70261    
  1.927461    -100.00000    
  1.927548     -22.19334    
  1.930771     -21.85124    
  1.930858    -100.00000    
  1.933612     -21.07032    
  1.933699     -21.20406    
  1.936983     -23.13886    
  1.937070     -20.97003    
  1.938051    -100.00000    
  1.938138     -21.84586    
  1.940777    -100.00000    
  1.940864     -21.00172    
  1.941974    -100.00000    
  1.942061    -100.00000    
  1.953088     -20.83022    
  1.953175    -100.00000    
  1.955697     -21.03465    
  1.955784     -21.65144    
  1.959855    -100.00000    
  1.959942     -20.76231    
  1.963545    -100.00000    
  1.963632    -100.00000    
  1.972680    -100.00000    
  1.972767     -20.45808    
  1.974225    -100.00000    
  1.974312    -100.00000    
  1.974387    -100.00000    
  1.974474    -100.00000    
  1.977192     -21.39798    
  1.977279     -21.71938    
  1.992052    -100.00000    
  1.992139    -100.00000    
  1.992538    -100.00000    
  1.992625     -19.72899    
  1.994212    -100.00000    
  1.994299    -100.00000    
  1.994360     -20.57628    
  1.994447    -100.00000    
  1.996552     -21.19558    
  1.996639    -100.00000    
  1.997939    -100.00000    
  1.998026    -100.00000    
  2.000182    -100.00000    
  2.000268    -100.00000    
  2.002574    -100.00000    
  2.002661    -100.00000    
  2.004835     -20.73873    
  2.004922    -100.00000    
  2.007421     -21.34729    
  2.007508    -100.00000    
  2.009100    -100.00000    
  2.009187    -100.00000    
  2.009352    -100.00000    
  2.009439    -100.00000    
  2.009543    -100.00000    
  2.017372    -100.00000    
  2.017459    -100.00000    
  2.019860     -19.79414    
  2.019947    -100.00000    
  2.026471     -20.45426    
  2.026558    -100.00000    
  2.028108    -100.00000    
  2.028195    -100.00000    
  2.031137    -100.00000    
  2.031224     -20.77697    
  2.035128    -100.00000    
  2.035214    -100.00000    
  2.036585     -19.05260    
  2.036672    -100.00000    
  2.053379    -100.00000    
  2.053466    -100.00000    
  2.061043    -100.00000    
  2.061130    -100.00000    
  2.067104    -100.00000    
  2.067191    -100.00000    
  2.068339    -100.00000    
  2.068426    -100.00000    
  2.074002     -20.52683    
  2.074089    -100.00000    
  2.076209     -19.20225    
  2.076296    -100.00000    
  2.076824     -18.67639    
  2.076911     -20.16061    
  2.077291    -100.00000    
  2.077378    -100.00000    
  2.081631     -19.98696    
  2.081718    -100.00000    
  2.090954     -18.73036    
  2.091041     -18.72101    
  2.095729     -17.84571    
  2.095816     -17.78526    
  2.097304     -17.53713    
  2.097391     -19.32200    
  2.100294    -100.00000    
  2.100380     -18.10949    
  2.100528     -18.29061    
  2.100615    -100.00000    
  2.101519     -17.84748    
  2.101605    -100.00000    
  2.104539     -15.89793    
  2.104626     -16.12606    
  2.105570    -100.00000    
  2.105657    -100.00000    
  2.106101     -16.94616    
  2.106187     -16.70881    
  2.107298    -100.00000    
  2.107385     -17.22743    
  2.107538     -16.54794    
  2.107625     -15.87688    
  2.110312    -100.00000    
  2.110399     -15.32376    
  2.111508    -100.00000    
  2.111595     -15.73797    
  2.111941    -100.00000    
  2.112028     -15.90321    
  2.118960     -15.92143    
  2.119047    -100.00000    
  2.124229     -16.85343    
  2.124316     -15.03072    
  2.124942     -14.43306    
  2.125029    -100.00000    
  2.125725    -100.00000    
  2.125812    -100.00000    
  2.126973    -100.00000    
  2.127060     -15.06437    
  2.127658    -100.00000    
  2.127745     -15.28874    
  2.129084    -100.00000    
  2.129171     -15.20137    
  2.130872    -100.00000    
  2.130959    -100.00000    
  2.131986     -15.37525    
  2.132073    -100.00000    
  2.137486    -100.00000    
  2.137573    -100.00000    
  2.137863     -15.02244    
  2.137949     -15.70169    
  2.141450    -100.00000    
  2.141537    -100.00000    
  2.141651    -100.00000    
  2.141738     -14.96305    
  2.145467    -100.00000    
  2.145554    -100.00000    
  2.150293    -100.00000    
  2.150380    -100.00000    
  2.150508    -100.00000    
  2.154246    -100.00000    
  2.154333     -15.21736    
  2.156640     -14.84686    
  2.156727    -100.00000    
  2.156827     -14.67080    
  2.158942    -100.00000    
  2.159028    -100.00000    
  2.168055    -100.00000    
  2.168141     -13.89292    
  2.171576    -100.00000    
  2.171663     -14.41549    
  2.177080    -100.00000    
  2.177167     -13.49471    
  2.177604    -100.00000    
  2.177690     -13.94018    
  2.181731    -100.00000    
  2.181818     -13.76085    
  2.184881    -100.00000    
  2.184967     -13.92046    
  2.188445    -100.00000    
  2.188532    -100.00000    
  2.189637     -12.55044    
  2.189724    -100.00000    
  2.191670     -13.50001    
  2.191757    -100.00000    
  2.202361    -100.00000    
  2.202448    -100.00000    
  2.209411    -100.00000    
  2.209498    -100.00000    
  2.209936     -13.67823    
  2.210023    -100.00000    
  2.213352     -13.42995    
  2.213439    -100.00000    
  2.217445     -13.83446    
  2.217532    -100.00000    
  2.217837     -15.39372    
  2.217924     -14.39573    
  2.218030    -100.00000    
  2.218315    -100.00000    
  2.218402    -100.00000    
  2.218688     -13.98874    
  2.218775     -13.24132    
  2.221924    -100.00000    
  2.222011     -13.87990    
  2.231931    -100.00000    
  2.232018    -100.00000    
  2.234632     -14.04410    
  2.234695    -100.00000    
  2.234781    -100.00000    
  2.239617     -14.19991    
  2.239704    -100.00000    
  2.242429    -100.00000    
  2.242516    -100.00000    
  2.245345    -100.00000    
  2.245432    -100.00000    
  2.250721    -100.00000    
  2.250808    -100.00000    
  2.252069     -13.65044    
  2.252156     -13.64164    
  2.255687    -100.00000    
  2.259191     -13.31056    
  2.259278     -12.73173    
  2.260545    -100.00000    
  2.260632     -13.56518    
  2.263836    -100.00000    
  2.267016    -100.00000    
  2.267103     -13.52836    
  2.270490    -100.00000    
  2.270577     -13.01324    
  2.271628    -100.00000    
  2.271715     -13.71844    
  2.271807     -15.99952    
  2.271894     -14.06897    
  2.273319    -100.00000    
  2.273406     -14.61295    
  2.275710     -14.08925    
  2.275797    -100.00000    
  2.278310     -13.93134    
  2.280809     -13.47722    
  2.280896     -13.49689    
  2.281369    -100.00000    
  2.281456    -100.00000    
  2.282921     -13.16388    
  2.283008    -100.00000    
  2.283804     -12.90421    
  2.283891    -100.00000    
  2.284781     -13.48614    
  2.284868     -13.64262    
  2.285091    -100.00000    
  2.285178     -14.67083    
  2.285231     -14.39238    
  2.285318     -13.68530    
  2.286288    -100.00000    
  2.286375     -15.11932    
  2.287075     -14.13867    
  2.287162     -13.91527    
  2.289257     -13.89401    
  2.291343     -13.81104    
  2.291430     -13.74657    
  2.293524     -13.94181    
  2.295609    -100.00000    
  2.295696     -14.98604    
  2.297128     -13.96829    
  2.297214     -14.09125    
  2.297982     -14.42098    
  2.298069     -14.70785    
  2.299703     -14.08518    
  2.301330     -13.60380    
  2.301417     -13.84393    
  2.302809     -13.32342    
  2.304196     -12.27309    
  2.305579    -100.00000    
  2.306958     -13.62858    
  2.307045     -13.91093    
  2.308274    -100.00000    
  2.308361     -13.99467    
  2.309467     -13.76001    
  2.310569     -13.97204    
  2.311669     -13.46461    
  2.312767     -14.09307    
  2.312854     -14.43201    
  2.313586     -15.83587    
  2.313673     -14.12100    
  2.314517     -14.22098    
  2.314604     -13.97517    
  2.314729     -14.74314    
  2.314817    -100.00000    
  2.315597    -100.00000    
  2.315684     -13.69511    
  2.316612    -100.00000    
  2.317538     -12.76597    
  2.318463     -12.33237    
  2.319385     -12.37982    
  2.320305     -12.40587    
  2.321224     -14.22625    
  2.322140     -12.18306    
  2.323055     -13.31345    
  2.323141     -13.12464    
  2.324253     -12.89368    
  2.324340     -13.15590    
  2.325648     -13.97488    
  2.325735     -14.13251    
  2.326487     -13.65619    
  2.327238    -100.00000    
  2.327987     -13.42005    
  2.328735     -13.00973    
  2.329482     -14.27272    
  2.330227     -13.02805    
  2.330971     -13.40779    
  2.331714     -11.94757    
  2.331801     -13.14622    
  2.331944     -13.32938    
  2.332031     -13.26205    
  2.333101     -13.62631    
  2.333188     -13.07344    
  2.333638     -13.39866    
  2.333725     -13.87824    
  2.334874     -13.22558    
  2.336020     -13.21376    
  2.337163     -13.00518    
  2.338303     -13.11511    
  2.338390     -13.09732    
  2.339301     -13.04048    
  2.339388     -12.90216    
  2.340254     -12.84005    
  2.341118     -12.74731    
  2.341191     -12.89774    
  2.341278     -12.89067    
  2.341370     -13.13180    
  2.341472     -12.72626    
  2.342517     -12.81078    
  2.342604     -12.44881    
  2.343168     -12.61547    
  2.343730     -12.72065    
  2.344292     -12.66273    
  2.344853     -12.60967    
  2.344940     -12.72241    
  2.345941     -12.40284    
  2.346441     -13.10445    
  2.346940     -12.15736    
  2.347438     -12.18331    
  2.347936    -100.00000    
  2.348434     -13.04088    
  2.348930     -12.21513    
  2.349017     -12.49315    
  2.349687     -12.09019    
  2.350356    -100.00000    
  2.350443     -12.19546    
  2.351314     -12.42495    
  2.352184     -12.35206    
  2.352270     -11.81520    
  2.352846     -11.55464    
  2.353421    -100.00000    
  2.353508    -100.00000    
  2.353983     -11.71114    
  2.354070     -11.99863    
  2.354494     -12.28421    
  2.354917     -12.02366    
  2.355340     -11.85404    
  2.355762    -100.00000    
  2.355849     -11.88626    
  2.356520     -11.87297    
  2.357189     -11.86978    
  2.357276     -12.07994    
  2.357498     -12.31374    
  2.357582    -100.00000    
  2.357669     -9.371611    
  2.362936     -9.533488    
  2.363023     -6.335468    
  2.368963     -5.756874    
  2.369050    -100.00000    
  2.373546     -4.131829    
  2.373633     -5.495506    
  2.374597     -3.971886    
  2.374684     -4.576136    
  2.376702     -5.088246    
  2.376789    -100.00000    
  2.381401     -3.874148    
  2.381488     -4.016273    
  2.381574     -3.972673    
  2.381660     -3.862389    
  2.383081     -3.605936    
  2.383168     -3.600926    
  2.387126    -100.00000    
  2.387213     -4.627190    
  2.387778     -3.998234    
  2.387865     -5.038840    
  2.397727     -3.832321    
  2.397814     -3.548954    
  2.403706     -3.746594    
  2.403793     -3.561304    
  2.409345     -4.841538    
  2.409431    -100.00000    
  2.409967     -4.240219    
  2.410054     -4.102113    
  2.411603     -3.391946    
  2.411690     -3.383484    
  2.412778     -3.412593    
  2.412865     -3.430748    
  2.413098     -3.449880    
  2.413185     -3.346257    
  2.414109     -4.860307    
  2.414195    -100.00000    
  2.415338     -4.797633    
  2.415425     -4.253172    
  2.419545     -3.866162    
  2.419632    -100.00000    
  2.422480     -3.542853    
  2.422566     -3.556563    
  2.424108     -3.612101    
  2.424195     -5.119617    
  2.428391     -3.738489    
  2.428478     -3.564105    
  2.429013     -3.506258    
  2.429100     -3.500797    
  2.429244     -3.500310    
  2.429331     -3.518245    
  2.432147     -3.570187    
  2.432234     -3.537431    
  2.434375     -3.738132    
  2.434462     -3.845169    
  2.434951    -100.00000    
  2.435038     -5.151256    
  2.435182     -5.063577    
  2.435269     -5.105802    
  2.435570     -4.459134    
  2.435657     -3.914189    
  2.437397     -3.797861    
  2.437484     -3.679568    
  2.438099     -3.562161    
  2.438186     -3.548804    
  2.440535     -3.744302    
  2.440622     -3.714703    
  2.441592     -3.626150    
  2.441679     -3.612510    
  2.443115     -3.644363    
  2.443202     -4.008246    
  2.446266     -3.875102    
  2.446353     -4.474447    
  2.447958     -5.076542    
  2.448045     -3.855463    
  2.448133     -3.670324    
  2.448892     -3.727037    
  2.448979     -3.879219    
  2.450924     -3.639141    
  2.451011     -3.994044    
  2.454202     -3.728776    
  2.454289     -3.556116    
  2.456026     -3.704823    
  2.456113     -3.835126    
  2.461170     -3.735973    
  2.461257    -100.00000    
  2.463251     -4.258423    
  2.463338     -3.930193    
  2.464468     -4.481855    
  2.464555     -4.778517    
  2.466286     -3.496339    
  2.466372     -4.070383    
  2.467492     -3.697344    
  2.467579     -3.931298    
  2.467685     -3.923230    
  2.467772     -4.524864    
  2.470538     -3.864342    
  2.470625     -3.971140    
  2.470751     -3.838936    
  2.471828     -4.027833    
  2.471915     -3.615834    
  2.473313    -100.00000    
  2.473400     -3.852059    
  2.476442     -3.458047    
  2.476529     -3.722416    
  2.476628     -3.689534    
  2.476715     -3.759616    
  2.478943     -3.789766    
  2.479030     -3.954861    
  2.480895     -3.426014    
  2.480982     -3.418514    
  2.482813    -100.00000    
  2.482900    -100.00000    
  2.483465     -4.177829    
  2.483551     -3.935572    
  2.483824     -3.918075    
  2.483911     -3.709295    
  2.484268     -3.254455    
  2.484355     -3.226854    
  2.484517     -3.204739    
  2.484589     -3.216085    
  2.484656     -3.218559    
  2.484743     -3.897696    
  2.486424     -3.535269    
  2.486511     -3.882119    
  2.490779     -3.550030    
  2.490866     -3.429113    
  2.490956     -3.434385    
  2.491043     -3.405570    
  2.491443     -3.515709    
  2.491530     -4.296746    
  2.492836     -3.500160    
  2.492923     -3.511283    
  2.493176     -3.553130    
  2.493263     -3.817361    
  2.495735    -100.00000    
  2.495822    -100.00000    
  2.496605     -4.254444    
  2.496692     -3.729312    
  2.497050     -3.822519    
  2.497137     -3.793435    
  2.498024     -3.351444    
  2.498111     -3.542350    
  2.500649     -3.566094    
  2.500736     -3.586280    
  2.503920     -3.862036    
  2.504007     -3.827081    
  2.504069     -3.758607    
  2.504156     -3.606651    
  2.506403     -3.886204    
  2.506490     -6.462088    
  2.506598     -6.437055    
  2.506685    -100.00000    
  2.506857     -4.902227    
  2.506943     -4.128025    
  2.507203     -3.716759    
  2.507290     -3.790300    
  2.511107     -3.666948    
  2.511194     -3.667792    
  2.511697     -3.669048    
  2.511784     -3.672327    
  2.512876     -3.713079    
  2.512963     -3.750029    
  2.513523     -3.669904    
  2.513610     -3.878111    
  2.515498     -3.760443    
  2.515585     -3.692934    
  2.515719     -3.687288    
  2.515805     -3.687357    
  2.515872     -3.688473    
  2.515959     -3.690818    
  2.516021     -3.692127    
  2.516107     -3.876733    
  2.516706    -100.00000    
  2.516793     -4.035357    
  2.517769     -3.605189    
  2.517856     -3.662531    
  2.517941     -3.657357    
  2.518028     -3.650554    
  2.518445     -3.639846    
  2.518532     -3.642774    
  2.518680     -3.647133    
  2.518767     -3.711894    
  2.521283     -3.683655    
  2.523785     -3.691509    
  2.523871     -3.714854    
  2.524535     -3.773488    
  2.524622     -3.786945    
  2.526468     -3.719446    
  2.526555     -3.805400    
  2.527825     -3.760408    
  2.527912     -3.746362    
  2.530010     -3.829824    
  2.530097     -3.759468    
  2.532615     -4.132899    
  2.532701     -3.787328    
  2.535293     -3.822374    
  2.535380     -3.832396    
  2.536082     -3.802214    
  2.536169     -3.812962    
  2.539337     -4.053252    
  2.539424     -4.228878    
  2.543132     -3.581313    
  2.546808     -3.717495    
  2.546895     -3.724380    
  2.547076     -3.729969    
  2.547163     -3.733189    
  2.547329     -3.739576    
  2.547416     -3.742846    
  2.547523     -3.784611    
  2.551049     -3.833400    
  2.551118     -3.842595    
  2.551204     -3.844654    
  2.551316     -3.843424    
  2.551403     -3.818830    
  2.554923     -7.787653    
  2.558382     -3.558570    
  2.558469     -3.594876    
  2.558869     -3.618504    
  2.558956     -3.594078    
  2.561154     -3.898043    
  2.561240     -3.818528    
  2.561557     -3.831311    
  2.561644     -3.808068    
  2.564817     -4.625708    
  2.564904     -3.884790    
  2.567815     -3.767451    
  2.570708     -4.422737    
  2.570794     -3.889863    
  2.571315     -3.871121    
  2.571402     -3.862528    
  2.571490     -3.855313    
  2.571576     -3.843241    
  2.572470     -3.832127    
  2.572557     -4.222428    
  2.576787     -3.525798    
  2.580976     -3.866479    
  2.581063     -3.754047    
  2.582880     -3.782316    
  2.582967     -3.807860    
  2.583821     -3.799232    
  2.583908     -4.158825    
  2.584933    -100.00000    
  2.585020    -100.00000    
  2.586210     -3.537512    
  2.586262     -3.505423    
  2.586349     -3.820273    
  2.588885     -3.355163    
  2.588972     -3.981079    
  2.590598     -3.617737    
  2.590685     -3.502133    
  2.593482     -3.633058    
  2.596260     -3.786135    
  2.596347     -3.724320    
  2.597094     -4.074723    
  2.597181    -100.00000    
  2.597646     -4.105922    
  2.597733     -3.859420    
  2.600152     -3.873462    
  2.600239     -3.876155    
  2.601008     -3.876943    
  2.601094     -3.860286    
  2.604131     -4.249150    
  2.607145     -3.920098    
  2.607232     -3.874189    
  2.607324     -3.872713    
  2.607480     -3.873502    
  2.607567     -3.875189    
  2.607898     -3.884959    
  2.607985     -3.886842    
  2.608789     -3.903373    
  2.608876     -3.914425    
  2.609811     -3.926372    
  2.609898     -3.911737    
  2.612121     -3.995537    
  2.614332     -3.905906    
  2.614419     -3.941878    
  2.615617     -3.974179    
  2.615704     -3.971697    
  2.616177     -3.961598    
  2.616264     -3.951821    
  2.617793     -3.957028    
  2.617880     -3.951523    
  2.620859    -100.00000    
  2.620946     -4.124223    
  2.623214     -4.090826    
  2.625471     -3.526371    
  2.625557     -3.717067    
  2.626297     -3.427119    
  2.626384     -3.336822    
  2.629798     -3.459194    
  2.633186     -3.917667    
  2.633273     -3.840242    
  2.634349     -3.903061    
  2.634435     -3.906521    
  2.634827     -3.927148    
  2.634914     -4.033388    
  2.636215     -4.068983    
  2.636302     -4.039031    
  2.637231     -4.063548    
  2.637318     -4.064909    
  2.639844     -4.388623    
  2.642355     -3.863921    
  2.642442     -3.918307    
  2.644205     -3.988084    
  2.644292     -4.076839    
  2.644578     -4.328492    
  2.644665     -4.443016    
  2.646436     -4.201283    
  2.646523     -4.105857    
  2.648315     -3.973731    
  2.648402     -4.001445    
  2.648476     -4.003178    
  2.648563     -4.006632    
  2.649502     -4.030660    
  2.649589     -4.028653    
  2.650015     -4.053492    
  2.650101     -4.086343    
  2.652023     -4.178635    
  2.652110     -4.381375    
  2.653477     -3.960881    
  2.653564     -3.917949    
  2.653758     -3.879649    
  2.653845     -3.838462    
  2.656371     -4.033949    
  2.656458     -4.136075    
  2.657291     -4.712754    
  2.657378     -4.556554    
  2.659033     -4.048060    
  2.660682     -3.986478    
  2.660769     -3.915988    
  2.662838     -5.493770    
  2.662925     -4.040332    
  2.664361     -3.935763    
  2.664448     -3.946025    
  2.664909     -3.937163    
  2.664996     -3.939914    
  2.667441     -3.946081    
  2.668659     -4.386632    
  2.669873     -4.188663    
  2.669960     -4.170680    
  2.671570     -4.169175    
  2.673175     -4.391677    
  2.674773     -4.010382    
  2.676365     -4.056433    
  2.676452     -4.065291    
  2.677193     -4.060624    
  2.677280     -4.065890    
  2.678402     -4.065696    
  2.679522     -4.088717    
  2.680638     -4.096102    
  2.681752     -4.091878    
  2.681839     -4.097202    
  2.682994     -4.260360    
  2.684147     -5.104404    
  2.684233     -4.617267    
  2.684319     -4.560820    
  2.684406     -4.624697    
  2.685617     -4.004369    
  2.685704     -3.967561    
  2.685988     -3.930563    
  2.686075     -3.980778    
  2.687275     -4.015201    
  2.688471     -4.016557    
  2.689665    -100.00000    
  2.690854     -4.045819    
  2.690941     -4.036271    
  2.691662     -3.906914    
  2.692382     -3.906022    
  2.693100     -3.982529    
  2.693817     -4.001818    
  2.693904     -4.006321    
  2.694490     -4.040149    
  2.695075     -4.057133    
  2.695162     -4.057398    
  2.695331     -4.059400    
  2.695418     -4.059887    
  2.696036     -4.067205    
  2.696123     -4.068839    
  2.697045     -4.093239    
  2.697132     -4.093173    
  2.697891     -4.092572    
  2.698648     -4.346025    
  2.698717     -4.285727    
  2.698803     -4.244156    
  2.699667     -3.982082    
  2.700098     -3.917095    
  2.700529     -3.858670    
  2.700616     -3.851886    
  2.701097     -3.857440    
  2.701577     -3.903524    
  2.702057     -3.964185    
  2.702537     -4.005981    
  2.702610     -4.010019    
  2.702697     -4.014761    
  2.704230     -4.111455    
  2.704317     -4.116542    
  2.704748     -4.122420    
  2.704835     -4.060557    
  2.706154    -100.00000    
  2.706241     -6.084989    
  2.706290     -5.303639    
  2.706377     -4.309200    
  2.707629     -4.138573    
  2.707716     -4.096403    
  2.709271     -4.141687    
  2.709358     -4.115465    
  2.709449     -4.112612    
  2.709536     -4.108812    
  2.709681     -4.099725    
  2.709768     -4.093396    
  2.709828     -4.088835    
  2.709915     -4.082354    
  2.710033     -4.074746    
  2.710119     -4.057639    
  2.713272     -4.123656    
  2.716402     -4.259887    
  2.716489     -4.742253    
  2.718816     -4.199586    
  2.718903     -3.878874    
  2.720712     -4.114834    
  2.720799    -100.00000    
  2.721478     -4.283650    
  2.721565     -4.125644    
  2.721792     -4.157584    
  2.721879     -4.043540    
  2.725251     -4.130505    
  2.725338     -4.151557    
  2.727078     -3.936700    
  2.727165     -3.945210    
  2.730036     -4.202190    
  2.730123     -4.668777    
  2.733151     -3.976732    
  2.733238     -4.086079    
  2.733842     -4.077474    
  2.733929     -4.842789    
  2.737074     -4.095267    
  2.737161     -4.054978    
  2.737825     -4.099987    
  2.737912     -4.080887    
  2.740300     -4.148799    
  2.740387     -4.092993    
  2.741710     -4.256008    
  2.741797     -4.086643    
  2.744319    -100.00000    
  2.746826     -3.989340    
  2.746913     -4.062098    
  2.748474     -4.110145    
  2.748561     -4.384039    
  2.752296     -4.373843    
  2.752383     -4.133738    
  2.754509     -4.157343    
  2.754596     -4.178592    
  2.754850     -4.193965    
  2.754937     -4.200305    
  2.755686     -4.224593    
  2.755773     -4.224763    
  2.755894     -4.325234    
  2.758471     -5.485294    
  2.758558     -4.631824    
  2.759027     -4.328803    
  2.759113     -4.346602    
  2.759268     -4.358450    
  2.759355     -4.240149    
  2.759981     -4.155126    
  2.760067     -4.146497    
  2.760747     -4.292737    
  2.760833     -4.261375    
  2.762305     -4.210325    
  2.762392     -4.188937    
  2.763491     -4.412042    
  2.763577     -4.268540    
  2.764577     -4.237997    
  2.764664     -4.228705    
  2.765524     -4.201707    
  2.765611     -4.197922    
  2.767568     -4.278643    
  2.767655     -4.270313    
  2.768842     -4.304646    
  2.768929     -4.299884    
  2.771196     -4.347249    
  2.771283     -4.347631    
  2.771358     -4.346768    
  2.771445     -4.318878    
  2.773649     -4.388079    
  2.775841     -4.411807    
  2.775928     -4.577615    
  2.777541     -4.357966    
  2.777628    -100.00000    
  2.778824     -4.235547    
  2.778910     -4.238789    
  2.782300     -4.268886    
  2.782387     -4.145929    
  2.783749     -4.170221    
  2.783836     -4.883893    
  2.787507     -4.221360    
  2.787594     -4.049318    
  2.790506     -4.519950    
  2.793400     -4.256546    
  2.796274     -4.593752    
  2.799129     -4.618255    
  2.799216    -100.00000    
  2.799875     -5.749039    
  2.799961     -5.456489    
  2.800228     -5.152115    
  2.800315     -4.811851    
  2.802759     -4.085127    
  2.805189     -4.331409    
  2.805276     -4.270948    
  2.807759     -4.737168    
  2.810229     -4.130499    
  2.810316     -4.207436    
  2.813524     -4.296983    
  2.813611     -4.287521    
  2.814474     -4.336321    
  2.814561     -4.347588    
  2.817018     -4.415501    
  2.817105     -4.429613    
  2.819648     -4.442112    
  2.822177     -4.510453    
  2.822264     -4.370192    
  2.826003     -4.309892    
  2.826090     -4.416174    
  2.829167     -4.496117    
  2.829254     -4.489263    
  2.829613     -4.495258    
  2.829700     -4.501974    
  2.832781     -4.610504    
  2.832867     -4.573029    
  2.832995     -4.555646    
  2.833082     -4.670685    
  2.836249     -4.838776    
  2.836336     -4.296040    
  2.839377     -4.157702    
  2.839464     -4.239334    
  2.840558     -4.353890    
  2.840645     -4.362585    
  2.842706     -4.446459    
  2.842793     -4.444273    
  2.843374     -4.475324    
  2.843461     -4.480197    
  2.843577     -4.485138    
  2.843663     -4.488276    
  2.844722     -4.520017    
  2.844809     -4.525203    
  2.845992     -4.537312    
  2.846079     -4.537977    
  2.846320     -4.544232    
  2.846407     -4.446393    
  2.846929     -5.898284    
  2.847016     -5.248408    
  2.850284     -4.046703    
  2.850371     -4.170538    
  2.851272     -4.232912    
  2.851359     -4.236557    
  2.851605     -4.253629    
  2.851692     -4.276149    
  2.853657     -4.382511    
  2.853744     -4.309267    
  2.856721     -4.369474    
  2.856808     -4.344743    
  2.859953     -4.472477    
  2.863077     -4.639355    
  2.863164     -4.755890    
  2.864011     -4.615367    
  2.864097     -4.613509    
  2.864929     -4.446362    
  2.865016     -4.319982    
  2.868335     -4.438677    
  2.868422     -4.500769    
  2.870319     -4.600545    
  2.870406     -4.585502    
  2.871477     -4.598334    
  2.871560     -4.601002    
  2.871647     -4.604441    
  2.871746     -4.612021    
  2.871833     -4.588197    
  2.875793     -4.662762    
  2.879716     -4.599247    
  2.879803     -4.584163    
  2.880314     -4.590447    
  2.880401     -4.787395    
  2.882313    -100.00000    
  2.882400     -4.971188    
  2.882670     -4.772843    
  2.882757     -4.531783    
  2.885708     -4.380802    
  2.885795     -4.451263    
  2.887555     -5.315794    
  2.887642     -4.683310    
  2.891964     -4.537842    
  2.892051    -100.00000    
  2.893704     -4.382551    
  2.893791     -4.400672    
  2.894071     -4.387922    
  2.894158     -4.384484    
  2.895095     -4.376377    
  2.895182     -4.290404    
  2.897787    -100.00000    
  2.897874     -5.011922    
  2.900589     -4.432978    
  2.900676     -4.482238    
  2.904168     -4.873660    
  2.904255     -5.331412    
  2.905026     -5.091319    
  2.905113     -4.495319    
  2.908003     -4.409047    
  2.908090     -4.498851    
  2.908185     -4.505710    
  2.908477     -4.517875    
  2.908564     -4.519085    
  2.909361     -4.524890    
  2.909448     -4.528004    
  2.910383     -4.582714    
  2.910470     -4.585366    
  2.911970     -4.657943    
  2.912057     -4.670302    
  2.914427     -4.677771    
  2.916785     -4.745781    
  2.916872     -4.740916    
  2.917171     -4.744852    
  2.917258     -4.748272    
  2.920236     -4.767692    
  2.920323     -4.764341    
  2.920418     -4.762731    
  2.922032    -100.00000    
  2.922118     -4.555880    
  2.925029     -4.447486    
  2.925116     -4.512124    
  2.925353     -4.523861    
  2.925440     -4.527927    
  2.925683     -4.537914    
  2.925770     -4.540756    
  2.925849     -4.543145    
  2.925936     -4.541505    
  2.927554     -4.587436    
  2.927641     -4.593445    
  2.927759     -4.596734    
  2.927950     -4.601775    
  2.928037     -4.624282    
  2.929127     -4.587781    
  2.929213     -4.581314    
  2.929524     -4.587299    
  2.929611     -4.587414    
  2.930245     -4.621346    
  2.930332     -4.630864    
  2.930644     -4.656309    
  2.930731     -4.664674    
  2.931247     -4.689573    
  2.931334     -4.688693    
  2.932296     -4.691603    
  2.932383     -4.702490    
  2.934646     -4.731161    
  2.934733     -4.734996    
  2.935353     -4.740975    
  2.935440     -4.741024    
  2.939332     -4.815058    
  2.939418     -4.814592    
  2.943758     -4.813295    
  2.943845     -4.807543    
  2.944467     -4.794306    
  2.944554     -4.795858    
  2.945191     -4.802030    
  2.945278     -4.798830    
  2.946273     -4.803070    
  2.946360     -4.817788    
  2.946687     -4.741535    
  2.946774     -4.618159    
  2.949861     -4.691100    
  2.949948     -4.693765    
  2.950064     -4.691022    
  2.950137     -4.689302    
  2.950211     -4.687655    
  2.950298     -4.685608    
  2.950637     -4.681067    
  2.950724     -4.681023    
  2.950770     -4.681005    
  2.950857     -4.680559    
  2.951287     -4.689389    
  2.951374     -4.698789    
  2.952601     -4.693695    
  2.952688     -4.693060    
  2.952960     -4.699697    
  2.953047     -4.706028    
  2.953706     -4.733365    
  2.953793     -4.731850    
  2.954344     -4.744530    
  2.954431     -4.750680    
  2.955685     -4.796919    
  2.955739     -4.794670    
  2.955826     -4.796471    
  2.956162     -4.800661    
  2.956249     -4.801096    
  2.956346     -4.801729    
  2.956433     -4.802087    
  2.956797     -4.806206    
  2.956884     -4.807960    
  2.956929     -4.808803    
  2.957016     -4.812326    
  2.958622     -4.836325    
  2.958708     -4.835928    
  2.958913     -4.838109    
  2.959000     -4.838934    
  2.959196     -4.840530    
  2.959283     -4.841169    
  2.959385     -4.841830    
  2.959471     -4.842302    
  2.959520     -4.842536    
  2.959575     -4.842792    
  2.959642     -4.843045    
  2.959686     -4.804366    
  2.960694     -5.145008    
  2.960781     -5.092055    
  2.961021     -5.061163    
  2.961108     -5.040137    
  2.961209     -4.933474    
  2.963780     -4.719989    
  2.963867     -4.958466    
  2.966863     -4.847030    
  2.969838     -4.774819    
  2.972793     -4.831904    
  2.975728     -4.840218    
  2.975815     -4.766196    
  2.976171     -4.757747    
  2.976258     -5.543063    
  2.979351     -4.323280    
  2.982423     -4.691049    
  2.982509     -4.631210    
  2.982872     -4.650792    
  2.982959     -4.647586    
  2.985659     -4.842718    
  2.988343     -5.111069    
  2.991011     -4.551745    
  2.993662     -4.466836    
  2.996297     -4.824854    
  2.998916     -4.710133    
  3.001519     -4.831543    
  3.004107     -4.895798    
  3.004194     -4.901401    
  3.007954     -5.008239    
  3.008041     -4.962365    
  3.011581     -5.018548    
  3.015092     -5.168402    
  3.018574     -4.583780    
  3.022029     -5.029675    
  3.022116     -4.884463    
  3.025489     -5.041976    
  3.025575     -4.927147    
  3.029166     -4.967793    
  3.032728     -5.077074    
  3.036260     -5.088374    
  3.039764     -4.656244    
  3.043240     -5.266900    
  3.046688     -4.463772    
  3.050109     -4.692225    
  3.053504     -5.002571    
  3.053591     -4.909700    
  3.056570     -4.724895    
  3.059529     -4.949651    
  3.059616     -4.971347    
  3.061712     -5.119122    
  3.061799     -5.184549    
  3.061872     -5.202021    
  3.061959     -5.158330    
  3.062919     -5.130477    
  3.063006     -5.167422    
  3.065043     -5.151293    
  3.065130     -5.117426    
  3.067491     -5.239358    
  3.067578    -100.00000    
  3.069763     -4.872577    
  3.071937     -4.582874    
  3.072024     -4.501763    
  3.074321     -4.760362    
  3.074408     -4.798734    
  3.077730     -5.049650    
  3.081028     -4.831383    
  3.081115     -4.803343    
  3.083823     -5.205353    
  3.086515     -4.803252    
  3.089190     -4.786651    
  3.091849     -4.796547    
  3.091936     -4.664793    
  3.093217     -4.642720    
  3.093303     -4.669062    
  3.096155     -4.923828    
  3.096242     -4.939673    
  3.099969     -5.195827    
  3.100056     -5.207366    
  3.102484     -5.131197    
  3.102571     -5.158981    
  3.104805     -5.293114    
  3.104892     -5.240830    
  3.105931     -5.154306    
  3.106018     -5.196954    
  3.106079     -5.232995    
  3.106166     -5.343461    
  3.106856     -5.266974    
  3.106943     -5.172217    
  3.109794     -5.308542    
  3.109881     -5.210015    
  3.110486     -5.109160    
  3.110573     -5.097396    
  3.112005     -5.042974    
  3.112092     -5.061311    
  3.112365     -5.115583    
  3.112452     -5.178922    
  3.114687     -5.179445    
  3.114774     -5.220894    
  3.114901     -5.189923    
  3.114988     -5.156867    
  3.117740     -5.299462    
  3.117827     -5.227131    
  3.118223     -5.222273    
  3.118310     -5.263000    
  3.122171     -5.139172    
  3.125997     -5.313495    
  3.126084     -5.318375    
  3.127687     -5.446230    
  3.127774     -5.828246    
  3.131268     -5.045306    
  3.131355     -5.194247    
  3.133775     -4.991677    
  3.136182     -5.075749    
  3.136269     -5.279139    
  3.138689     -5.243995    
  3.141096     -4.887844    
  3.143489     -5.184337    
  3.145869     -5.344359    
  3.145956     -5.346818    
  3.146758    -100.00000    
  3.146845     -5.358925    
  3.149072     -5.233897    
  3.151287     -5.253044    
  3.151374     -5.243372    
  3.153068     -5.312746    
  3.153155     -5.313201    
  3.153248     -5.316966    
  3.153335     -5.320518    
  3.153381     -5.321898    
  3.153425     -5.322937    
  3.153479     -5.327482    
  3.156074     -5.324850    
  3.156161     -5.317878    
  3.160418     -5.415909    
  3.164633     -5.510480    
  3.164720     -5.509127    
  3.167983     -5.533920    
  3.168070     -5.536257    
  3.170695     -5.516564    
  3.173303     -5.521673    
  3.173390     -5.524601    
  3.174167     -5.528744    
  3.174254     -5.527021    
  3.176868     -5.548475    
  3.179466     -5.559503    
  3.179553     -5.559026    
  3.182832     -5.565976    
  3.186087     -5.573951    
  3.186174     -5.572618    
  3.188338     -5.571492    
  3.188425     -7.062415    
  3.191899     -5.384854    
  3.191986     -4.894569    
  3.192224     -4.805043    
  3.192311     -4.754935    
  3.194885     -4.802191    
  3.194972     -4.802861    
  3.196916     -5.144520    
  3.197003     -5.173245    
  3.199617     -5.397407    
  3.202215     -5.343444    
  3.204798     -5.267378    
  3.207365     -5.436764    
  3.207452     -5.452438    
  3.209491     -5.573264    
  3.209578     -5.561497    
  3.213892    -100.00000    
  3.218164     -4.618223    
  3.218251     -4.661375    
  3.221052     -4.995221    
  3.223835     -5.420970    
  3.226600     -5.539992    
  3.229347     -5.485771    
  3.229434     -5.554218    
  3.231857     -5.639703    
  3.234265     -5.706288    
  3.234352     -5.702431    
  3.236049     -5.714448    
  3.236136     -5.709053    
  3.236180     -5.707776    
  3.236267     -5.695707    
  3.238739     -5.616417    
  3.241164     -5.671993    
  3.243575     -5.692047    
  3.245973     -5.688477    
  3.246060     -5.695471    
  3.246189     -5.701501    
  3.247464     -5.704020    
  3.247551     -5.704263    
  3.248152     -5.702884    
  3.248239     -5.701885    
  3.249187     -5.710304    
  3.249274     -5.712265    
  3.251523     -5.746010    
  3.251610     -5.760412    
  3.255359     -5.684478    
  3.259075     -5.687446    
  3.262760     -5.748189    
  3.266414     -5.777547    
  3.266501     -5.782559    
  3.269936     -5.792395    
  3.273344     -5.765002    
  3.276725     -5.781020    
  3.280080     -5.646120    
  3.283409     -5.692370    
  3.286714     -5.685144    
  3.289993     -5.722217    
  3.293247     -5.802082    
  3.293334     -5.801976    
  3.296691     -5.853091    
  3.300022     -5.871155    
  3.303327     -5.840400    
  3.306608     -5.800051    
  3.306694     -5.796794    
  3.310624     -5.827478    
  3.310710     -5.810116    
  3.310941     -5.818445    
  3.311027     -5.822663    
  3.311634     -5.840587    
  3.311721     -5.840583    
  3.311773     -5.841297    
  3.311825     -5.842124    
  3.311868     -6.031033    
  3.315460     -5.530534    
  3.318980     -5.703256    
  3.322472     -5.885363    
  3.325936     -5.665571    
  3.329372     -5.849015    
  3.332782     -5.872508    
  3.336165     -5.949424    
  3.339521     -5.981419    
  3.342852     -5.957710    
  3.346158     -5.965739    
  3.349439     -5.955626    
  3.352695     -5.981680    
  3.355927     -5.974249    
  3.359135     -6.163079    
  3.362319     -5.476631    
  3.365480     -5.614488    
  3.365567     -5.600152    
  3.367462     -5.681180    
  3.367549     -5.793983    
  3.371229     -5.710619    
  3.374878     -6.020078    
  3.378497     -6.093380    
  3.382086     -5.914517    
  3.382173     -5.668402    
  3.385882     -5.675192    
  3.385969     -5.758396    
  3.388254     -5.967531    
  3.390528     -6.125648    
  3.392789     -6.168602    
  3.395039     -6.192645    
  3.395126     -6.195757    
  3.398000     -6.275524    
  3.400855     -6.120898    
  3.400942     -6.009577    
  3.403656     -5.902698    
  3.403743     -5.677202    
  3.406570     -5.380934    
  3.409379     -5.830463    
  3.412170     -6.116814    
  3.414942     -6.198321    
  3.415029     -6.040405    
  3.419186     -6.083989    
  3.423303     -6.273462    
  3.427382     -6.314886    
  3.431422     -6.299125    
  3.431509     -6.056231    
  3.434904     -5.970991    
  3.438273     -5.959235    
  3.441616     -6.003947    
  3.444934     -6.295415    
  3.445021     -6.490920    
  3.447515     -5.906174    
  3.449995     -6.111713    
  3.452462     -6.055768    
  3.454914     -6.078926    
  3.455001     -6.138222    
  3.458181     -6.267262    
  3.461337     -6.397436    
  3.464472     -6.158869    
  3.467583     -5.818721    
  3.467670     -5.898899    
  3.469453     -6.068169    
  3.469540     -6.085043    
  3.471179     -6.262196    
  3.471266     -6.259995    
  3.474100     -6.364465    
  3.474187     -6.347283    
  3.477329     -6.380912    
  3.480449     -6.023583    
  3.483547     -5.871357    
  3.486623     -5.896285    
  3.486710     -6.141072    
  3.490510     -6.237286    
  3.494277     -6.441051    
  3.494364     -6.425218    
  3.496959     -5.682603    
  3.499539     -5.837022    
  3.502104     -6.000733    
  3.504653     -6.359054    
  3.507188     -5.939069    
  3.509708     -5.974459    
  3.512213     -6.357650    
  3.514705     -6.337011    
  3.517181     -6.382061    
  3.519644     -6.480458    
  3.522093     -6.326354    
  3.524529     -6.226460    
  3.526950     -6.309821    
  3.529358     -6.421240    
  3.531753     -6.624804    
  3.534135     -5.799998    
  3.534222     -6.012884    
  3.536956     -6.152368    
  3.539673     -6.077549    
  3.542373     -6.298137    
  3.545057     -6.477118    
  3.547724     -6.568356    
  3.550374     -6.642141    
  3.553009     -6.634258    
  3.555627     -6.662808    
  3.555714     -6.659354    
  3.558846     -6.682363    
  3.558933     -6.680625    
  3.559291     -6.681659    
  3.559378     -6.680855    
  3.560973     -6.684109    
  3.561019     -6.687424    
  3.561106     -6.688093    
  3.561702     -6.690923    
  3.561789     -6.690892    
  3.562293     -6.695051    
  3.562360     -6.695989    
  3.562447     -6.706645    
  3.565681     -6.706464    
  3.565768     -6.520986    
  3.568672     -6.408368    
  3.571556     -6.035563    
  3.574422     -6.300271    
  3.577268     -6.149599    
  3.580096     -6.430238    
  3.582906     -6.628771    
  3.585698     -6.449044    
  3.588471     -6.682352    
  3.591228     -6.713207    
  3.593966     -6.699011    
  3.596688     -6.597733    
  3.599393     -6.678325    
  3.602081     -6.646441    
  3.604752     -6.702466    
  3.607407     -6.735738    
  3.610046     -6.822869    
  3.610133     -6.822148    
  3.612945     -6.760726    
  3.615738     -6.772252    
  3.618514     -6.783025    
  3.621272     -6.770196    
  3.624013     -6.784485    
  3.626737     -6.696164    
  3.629443     -6.762593    
  3.630428     -6.830823    
  3.632133     -6.891948    
  3.632220     -6.886629    
  3.634575     -6.937328    
  3.636918     -6.973515    
  3.639248     -6.858978    
  3.641565     -6.856847    
  3.643871     -6.919111    
  3.646164     -6.967558    
  3.648445     -7.016109    
  3.650714     -6.877092    
  3.650801     -6.690355    
  3.654938     -6.770277    
  3.655025     -6.835976    
  3.659341     -6.856161    
  3.663615     -6.930026    
  3.663702     -6.937870    
  3.666928     -6.906788    
  3.670130     -6.793621    
  3.673309     -5.918509    
  3.676464     -6.236606    
  3.679597     -6.882017    
  3.682707     -7.054358    
  3.685795     -7.039226    
  3.688862     -6.879073    
  3.688948     -6.886654    
  3.691459     -6.914525    
  3.691546     -6.920372    
  3.694107     -7.057408    
  3.696652     -7.135748    
  3.696739     -7.131571    
  3.700634     -7.141945    
  3.704495     -7.136786    
  3.708321     -7.202359    
  3.712114     -7.167985    
  3.712650     -7.178405    
  3.715873     -7.167972    
  3.719601     -7.216401    
  3.723297     -7.122331    
  3.726962     -7.084691    
  3.730596     -7.272208    
  3.734200     -7.035469    
  3.737774     -6.847938    
  3.741319     -6.969832    
  3.744836     -7.272396    
  3.748324     -7.146262    
  3.751784     -7.049973    
  3.755217     -7.281828    
  3.755304     -7.287300    
  3.755522     -7.291901    
  3.755609     -7.305137    
  3.756737     -7.294973    
  3.756824     -7.288019    
  3.760554    -100.00000    
  3.764252     -6.436459    
  3.767919     -6.043908    
  3.771555     -5.836871    
  3.775161     -6.279814    
  3.778151     -6.344900    
  3.778737     -6.601218    
  3.782284     -7.941319    
  3.785802     -7.047016    
  3.789292     -7.283900    
  3.792754     -7.385364    
  3.796189     -7.387502    
  3.799596     -7.447678    
  3.802978     -7.440845    
  3.806333     -7.468385    
  3.809662     -7.479184    
  3.812966     -7.405788    
  3.813053     -7.368881    
  3.815257     -7.526240    
  3.817449     -7.242995    
  3.817536     -7.097726    
  3.821296     -7.011940    
  3.821383     -7.080658    
  3.821564     -7.098132    
  3.821651     -7.136959    
  3.825332     -7.423436    
  3.828982     -7.463531    
  3.832602     -7.546973    
  3.836192     -7.580025    
  3.836279     -7.575355    
  3.838150     -7.587974    
  3.838237     -7.534864    
  3.840853     -7.499026    
  3.843453     -7.541943    
  3.846037     -7.643883    
  3.848607     -7.340149    
  3.848694     -7.109498    
  3.853036     -7.322213    
  3.857335     -7.518298    
  3.861592     -7.582844    
  3.865808     -7.654237    
  3.865895     -7.659115    
  3.868545     -7.679863    
  3.871179     -7.683746    
  3.871266     -7.720896    
  3.874225     -7.692399    
  3.877163     -7.686942    
  3.880081     -7.691227    
  3.882980     -7.534041    
  3.885860     -7.424154    
  3.888721     -6.948871    
  3.891563     -7.236193    
  3.894387     -7.640118    
  3.894474     -7.631737    
  3.896842     -7.605377    
  3.899197     -7.679249    
  3.901540     -7.724760    
  3.903870     -7.718766    
  3.906188     -7.653546    
  3.908494     -7.615781    
  3.910787     -7.575026    
  3.913068     -7.704717    
  3.913155     -7.699955    
  3.913273     -7.706635    
  3.913769     -7.722755    
  3.913856     -7.723409    
  3.913972     -7.723577    
  3.915648     -7.774270    
  3.915735     -7.734596    
  3.916915     -7.531551    
  3.917002     -7.507765    
  3.920011     -7.545126    
  3.923000     -7.733014    
  3.925968     -7.816445    
  3.928916     -7.854724    
  3.931844     -7.852568    
  3.934752     -7.865583    
  3.937641     -7.878609    
  3.940511     -7.881594    
  3.943362     -7.883343    
  3.946195     -7.896499    
  3.949009     -7.762928    
  3.951805     -7.829689    
  3.954584     -7.879826    
  3.957344     -7.912408    
  3.960087     -7.922868    
  3.962813     -7.940949    
  3.962900     -7.945961    
  3.965521     -7.930002    
  3.968126     -7.949434    
  3.970716     -7.861763    
  3.973291     -7.535004    
  3.975850     -7.828275    
  3.978394     -7.896105    
  3.980924     -7.932816    
  3.983439     -7.966588    
  3.983526     -7.974137    
  3.986607     -8.026727    
  3.989666     -7.995356    
  3.992704     -7.982844    
  3.995722     -8.031503    
  3.998718     -8.050231    
  4.001693     -8.075584    
  4.004649     -7.830263    
  4.007584     -7.306297    
  4.007671     -7.321677    
  4.010289     -7.458473    
  4.012892     -7.870695    
  4.015479     -7.995011    
  4.018051     -8.027904    
  4.020607     -8.025816    
  4.023149     -7.990927    
  4.025675     -7.946148    
  4.028187     -8.051707    
  4.030685     -8.134801    
  4.033169     -8.164022    
  4.035638     -7.991284    
  4.038093     -7.979781    
  4.040535     -7.962166    
  4.042963     -8.047684    
  4.045377     -8.128420    
  4.047778     -8.178655    
  4.047865     -8.176666    
  4.050191     -8.206073    
  4.050278     -8.205667    
  4.052927     -8.226129    
  4.055559     -8.225057    
  4.058176     -8.233828    
  4.060777     -8.250350    
  4.063363     -8.404929    
  4.065933     -8.023222    
  4.068489     -7.741837    
  4.071029     -7.716049    
  4.073555     -8.052055    
  4.076066     -7.661425    
  4.078562     -7.658599    
  4.081044     -7.955397    
  4.083513     -8.211241    
  4.085967     -8.254285    
  4.088407     -8.284680    
  4.090834     -8.306936    
  4.090921     -8.304316    
  4.093448     -8.318688    
  4.095961     -8.318583    
  4.098459     -8.339205    
  4.100943     -8.323512    
  4.103413     -8.347876    
  4.105869     -8.369606    
  4.108311     -8.290602    
  4.110740     -8.086467    
  4.113155     -8.181036    
  4.115556     -8.317582    
  4.117944     -8.376605    
  4.120320     -8.369325    
  4.122682     -8.394126    
  4.125032     -8.437414    
  4.127369     -8.241384    
  4.129693     -8.290620    
  4.129780     -8.270368    
  4.133136     -8.352713    
  4.136466     -8.434551    
  4.139770     -8.441878    
  4.143050     -8.465084    
  4.146305     -8.125666    
  4.149536     -8.317678    
  4.152743     -8.484905    
  4.155926     -8.437496    
  4.156013     -8.279782    
  4.158880     -8.325706    
  4.161727     -8.382970    
  4.161814     -8.421197    
  4.163762     -8.483630    
  4.163849     -8.469264    
  4.166924     -8.517053    
  4.167011     -8.579377    
  4.169326     -8.359825    
  4.171629     -8.349645    
  4.173920     -8.172282    
  4.176198     -8.390675    
  4.178465     -8.504804    
  4.180720     -8.554953    
  4.182963     -8.584740    
  4.185195     -8.600273    
  4.187415     -8.607000    
  4.189624     -8.608309    
  4.191822     -8.618636    
  4.194009     -8.616877    
  4.198350     -8.534192    
  4.202647     -8.574393    
  4.202734     -8.590577    
  4.204957     -8.632631    
  4.207168     -8.640512    
  4.209369     -8.654342    
  4.211558     -8.659298    
  4.213736     -8.666597    
  4.215903     -8.663991    
  4.220205     -8.671301    
  4.224465     -8.701026    
  4.228684     -8.682183    
  4.232862     -8.530042    
  4.237000     -8.718779    
  4.237088     -8.875994    
  4.240818     -8.040857    
  4.244516     -8.587494    
  4.248183     -8.729872    
  4.251819     -8.750644    
  4.255425     -8.750587    
  4.259002     -8.697413    
  4.262549     -8.769923    
  4.266067     -8.796621    
  4.266154     -8.803539    
  4.270079     -8.850978    
  4.270166     -8.775040    
  4.274271     -7.956828    
  4.278338     -8.366153    
  4.282367     -8.816488    
  4.286359     -8.811373    
  4.290314     -8.835855    
  4.294234     -8.857255    
  4.298119     -8.916146    
  4.301969     -8.929129    
  4.302056     -8.921721    
  4.306016     -8.943532    
  4.309939     -8.908465    
  4.313828     -8.929940    
  4.317682     -8.921654    
  4.321502     -8.745435    
  4.325289     -8.915708    
  4.329043     -8.983541    
  4.332765     -9.007993    
  4.332852     -9.002728    
  4.335453     -8.998463    
  4.338038     -9.055395    
  4.340608     -8.584363    
  4.343162     -9.094672    
  4.345702     -8.769472    
  4.348227     -8.953057    
  4.350737     -9.018299    
  4.353233     -9.058027    
  4.353320     -9.060898    
  4.356074     -9.052488    
  4.356161     -9.057310    
  4.357582     -9.069084    
  4.357669     -9.073281    
  4.360115     -9.069752    
  4.362547     -9.091072    
  4.362634     -9.098133    
  4.365286     -9.083229    
  4.367922     -9.109854    
  4.370542     -9.091763    
  4.373146     -8.974019    
  4.375735     -9.024403    
  4.378308     -9.067730    
  4.380867     -9.122471    
  4.383410     -9.258045    
  4.385938     -8.681586    
  4.388452     -8.730479    
  4.390952     -9.016876    
  4.393437     -9.100174    
  4.395908     -9.156913    
  4.398365     -9.191917    
  4.400808     -9.207214    
  4.403238     -9.210394    
  4.405653     -9.227205    
  4.408056     -9.213613    
  4.410445     -9.170673    
  4.412822     -9.200067    
  4.415185     -9.219181    
  4.417536     -9.333531    
  4.419874     -9.051994    
  4.422199     -9.216182    
  4.424512     -9.086830    
  4.426813     -9.213952    
  4.429102     -9.262475    
  4.431378     -9.270962    
  4.433643     -9.215580    
  4.435896     -9.232088    
  4.438138     -9.280503    
  4.440368     -9.310768    
  4.440455     -9.294547    
  4.442913     -9.310414    
  4.445357     -9.331733    
  4.447787     -9.329456    
  4.450204     -9.030806    
  4.452608     -9.131608    
  4.454999     -9.052353    
  4.457376     -9.144492    
  4.459740     -9.247676    
  4.462092     -9.283714    
  4.464431     -9.259804    
  4.466757     -9.348220    
  4.469071     -9.378800    
  4.471373     -9.378554    
  4.473663     -9.400516    
  4.475940     -9.413502    
  4.478206     -9.124204    
  4.512937     -9.298943    
  4.513024     -9.516210    
  4.514610     -9.527580    
  4.514697     -9.550131    
  4.515945     -9.521995    
  4.516032     -9.461627    
  4.585469     -9.704441    
  4.585556     -9.661470    
  4.648489     -9.772097    
  4.648576     -9.853732    
  4.649548     -9.883972    
  4.649635     -9.883174    
  4.649838     -9.886438    
  4.649925     -9.773114    
  4.709765     -9.949813    
  4.709852     -10.05388    
  4.765753     -10.12226    
  4.765822     -10.26394    
  4.765909     -10.19299    
  4.818480     -10.40078    
  4.818567     -10.27306    
  4.868094     -10.34405    
  4.868152     -10.50638    
  4.868214     -10.39638    
  4.915089     -10.71148    
  4.915176     -10.67565    
  4.959449     -10.78007    
  4.959536     -10.75782    
  4.959642     -10.55676    
  4.959729     -10.71155    
  5.002021     -10.65473    
  5.002108     -10.91427    
  5.041986     -11.03148    
  5.042072     -11.03438    
  5.042428     -11.03457    
  5.042515     -10.97701    
  5.081038     -11.12106    
  5.081125     -11.04955    
  5.117569     -11.25129    
  5.117655     -11.29914    
  5.118005     -11.17304    
  5.118092     -10.85787    
  5.153462     -11.76369    
  5.153549     -11.33878    
  5.187204     -11.46608    
  5.187290     -11.43838    
  5.187529     -11.44050    
  5.187616     -11.41582    
  5.251180     -11.47428    
  5.251266     -11.63479    
  5.251931     -11.63932    
  5.252018     -11.60935    
  5.311750     -11.75100    
  5.311837     -11.81335    
  5.311944     -11.75764    
  5.712950     -12.94105    
  5.917833     -13.53951    
  6.161415     -14.23027    
  6.430595     -15.00475    
  6.714779     -15.82549    
  7.007134     -16.69157    
  7.303761     -17.62340    
  7.602573     -18.68767    
  7.902489     -20.06934    
  8.202961    -100.00000    
  8.503712    -100.00000    
  8.804602    -100.00000    
  9.105563    -100.00000    
  9.406558     -29.57750    
  9.707570    -100.00000    
