 0.6989700    -100.00000    
 0.7331214    -100.00000    
 0.7647820    -100.00000    
 0.7942904    -100.00000    
 0.8219208     -129.5926    
 0.8220077     -129.7120    
 0.8256567     -128.3125    
 0.8257436    -100.00000    
 0.8647793    -100.00000    
 0.9005939    -100.00000    
 0.9336786    -100.00000    
 0.9644204    -100.00000    
 0.9931293    -100.00000    
  1.020057     -108.4897    
  1.045413     -107.3486    
  1.069370     -106.5736    
  1.092073    -100.00000    
  1.113649    -100.00000    
  1.153828    -100.00000    
  1.190604    -100.00000    
  1.224506     -35.73902    
  1.224593     -24.77663    
  1.258242     -24.75474    
  1.258328     -25.41428    
  1.281053     -25.27273    
  1.281140     -35.55442    
  1.305129    -100.00000    
  1.305216    -100.00000    
  1.326885     -47.85426    
  1.326972     -26.87939    
  1.346664     -27.81209    
  1.346750    -100.00000    
  1.351328     -30.48378    
  1.351414    -100.00000    
  1.362515     -18.18873    
  1.362602     -18.02244    
  1.390867     -19.10300    
  1.390954     -16.70568    
  1.403133     -17.00679    
  1.403220    -100.00000    
  1.416604     -19.22129    
  1.416691     -19.15979    
  1.442990     -19.43808    
  1.443077    -100.00000    
  1.465932     -16.56482    
  1.466019     -26.30856    
  1.485843    -100.00000    
  1.485929    -100.00000    
  1.499940     -31.22837    
  1.500027     -32.14100    
  1.524019     -18.49849    
  1.546755    -100.00000    
  1.546842    -100.00000    
  1.576102     -48.64474    
  1.576189     -20.08620    
  1.604747    -100.00000    
  1.604834     -18.36071    
  1.629405    -100.00000    
  1.629492     -63.48426    
  1.655461    -100.00000    
  1.679965    -100.00000    
  1.703160     -44.30668    
  1.725179    -100.00000    
  1.725266    -100.00000    
  1.731654    -100.00000    
  1.731741     -27.46048    
  1.762029    -100.00000    
  1.790341     -20.78777    
  1.790428    -100.00000    
  1.817058     -22.36668    
  1.842149    -100.00000    
  1.842236    -100.00000    
  1.843313     -24.39756    
  1.843400    -100.00000    
  1.861079     -21.90849    
  1.861166    -100.00000    
  1.861837     -20.90400    
  1.861924    -100.00000    
  1.874931     -20.05636    
  1.875018     -22.95990    
  1.914140    -100.00000    
  1.914227    -100.00000    
  1.921566     -21.01374    
  1.921653    -100.00000    
  1.926897     -22.08766    
  1.926984    -100.00000    
  1.953068     -22.58034    
  1.953155    -100.00000    
  1.971846     -22.22674    
  1.971933    -100.00000    
  1.992517     -22.62282    
  1.992604     -21.73225    
  1.993799     -22.00886    
  1.993886     -22.06986    
  1.994140     -23.05480    
  1.994226     -21.99270    
  1.996545     -21.91862    
  1.996632     -22.54850    
  1.998156     -21.69900    
  1.998243     -21.66795    
  2.000011    -100.00000    
  2.000098    -100.00000    
  2.005591     -21.42419    
  2.005678    -100.00000    
  2.007909    -100.00000    
  2.007996    -100.00000    
  2.009188     -24.78377    
  2.009275    -100.00000    
  2.036803    -100.00000    
  2.036890    -100.00000    
  2.061295     -22.18239    
  2.061382    -100.00000    
  2.077530     -22.39071    
  2.077617    -100.00000    
  2.095978     -22.74582    
  2.096065     -22.34435    
  2.097299     -23.09914    
  2.097386     -23.07291    
  2.102584    -100.00000    
  2.102671    -100.00000    
  2.103399    -100.00000    
  2.103486    -100.00000    
  2.105825    -100.00000    
  2.105912    -100.00000    
  2.106091    -100.00000    
  2.106178     -25.08346    
  2.111629    -100.00000    
  2.111716     -23.95051    
  2.119223    -100.00000    
  2.119310    -100.00000    
  2.124245     -24.75314    
  2.124332    -100.00000    
  2.137459     -21.63530    
  2.137546     -21.09358    
  2.138137    -100.00000    
  2.138224     -22.78884    
  2.138688    -100.00000    
  2.138775     -23.80920    
  2.149371     -22.33643    
  2.149458     -23.84867    
  2.150309    -100.00000    
  2.150396     -24.79616    
  2.150438     -24.51945    
  2.150525     -24.06584    
  2.156847     -25.11429    
  2.156934     -25.58113    
  2.168071     -24.32036    
  2.168158    -100.00000    
  2.177603     -23.50343    
  2.177690     -22.85891    
  2.191113    -100.00000    
  2.191200    -100.00000    
  2.197200     -24.64456    
  2.197287     -24.14737    
  2.203933     -24.66527    
  2.204020     -23.97955    
  2.204170     -23.98482    
  2.204257     -24.21583    
  2.204684     -23.99308    
  2.204771    -100.00000    
  2.211353     -22.70043    
  2.217836     -24.00375    
  2.217923    -100.00000    
  2.217949    -100.00000    
  2.218036    -100.00000    
  2.218819     -26.41561    
  2.218906     -25.26985    
  2.223758    -100.00000    
  2.223844    -100.00000    
  2.230357     -24.93118    
  2.236772     -24.49044    
  2.236859     -24.70216    
  2.239623     -24.01411    
  2.239710     -23.76185    
  2.244929     -23.83998    
  2.250086     -24.42599    
  2.250173    -100.00000    
  2.253696    -100.00000    
  2.253782    -100.00000    
  2.256807    -100.00000    
  2.259811     -24.11927    
  2.262794    -100.00000    
  2.265757     -25.59938    
  2.265844    -100.00000    
  2.267022     -24.66971    
  2.267109     -24.65523    
  2.270424    -100.00000    
  2.270511     -24.94365    
  2.273172    -100.00000    
  2.275818     -26.47810    
  2.275905     -25.00569    
  2.278993     -25.01657    
  2.279080     -25.32986    
  2.281448     -24.82423    
  2.283804     -24.38689    
  2.283891     -24.34275    
  2.286548     -24.37589    
  2.286635     -25.22260    
  2.286786     -24.88193    
  2.286873     -24.06479    
  2.289321     -24.57082    
  2.291755     -24.48624    
  2.294175     -23.24487    
  2.296582     -23.51123    
  2.298976    -100.00000    
  2.301356     -24.93671    
  2.303724     -25.15173    
  2.304903     -25.57077    
  2.306078    -100.00000    
  2.306165     -24.28200    
  2.308271     -25.45560    
  2.309320    -100.00000    
  2.310367    -100.00000    
  2.311411    -100.00000    
  2.312452    -100.00000    
  2.313491     -25.00535    
  2.314528     -25.19460    
  2.314614     -25.00674    
  2.315825     -25.07425    
  2.317033    -100.00000    
  2.318237     -24.68771    
  2.319437     -24.31347    
  2.320635     -23.95220    
  2.321829     -24.51087    
  2.323020     -24.44736    
  2.324207     -24.35447    
  2.324294     -24.35130    
  2.325800     -24.24751    
  2.325887     -24.27801    
  2.326813     -24.20795    
  2.327736     -24.16026    
  2.327823     -24.16193    
  2.328856     -24.09455    
  2.329886     -23.99503    
  2.330914     -24.01802    
  2.331939     -23.88724    
  2.332026     -23.85774    
  2.333111     -23.81869    
  2.334194     -23.74883    
  2.335274     -23.67765    
  2.336352     -23.61014    
  2.336439     -23.60451    
  2.337047     -23.55717    
  2.337655     -23.55645    
  2.338262     -23.54959    
  2.338868     -23.45706    
  2.339473     -23.40407    
  2.340077     -23.37598    
  2.340680     -23.33839    
  2.341283     -23.29943    
  2.341370     -23.29385    
  2.341472     -23.28858    
  2.342517     -23.22318    
  2.342604     -23.21663    
  2.343196     -23.17966    
  2.343786     -23.14115    
  2.343873     -23.13784    
  2.344850     -23.07725    
  2.345825     -23.01237    
  2.345912     -23.00887    
  2.346656     -22.96347    
  2.347399     -22.92091    
  2.348141     -22.85500    
  2.348882     -22.82834    
  2.348969     -22.82102    
  2.349884     -22.76472    
  2.349971     -22.75889    
  2.350040     -22.75466    
  2.350127     -22.74966    
  2.350953     -22.69861    
  2.351777     -22.64855    
  2.352600     -22.59736    
  2.353421     -22.54799    
  2.353508     -22.54222    
  2.353983     -22.51332    
  2.354070     -22.50831    
  2.354840     -22.46142    
  2.355610     -22.41522    
  2.356378     -22.36714    
  2.357144     -22.32193    
  2.357197     -22.31858    
  2.357231     -22.31659    
  2.357284     -22.31344    
  2.357504     -22.30020    
  2.357582     -22.76795    
  2.357669     -21.64874    
  2.357776    -100.00000    
  2.357863     -22.49637    
  2.360104     -22.81887    
  2.360190     -22.46998    
  2.373546    -100.00000    
  2.373632     -23.44144    
  2.378097    -100.00000    
  2.378184    -100.00000    
  2.381409    -100.00000    
  2.381496    -100.00000    
  2.384668    -100.00000    
  2.384755    -100.00000    
  2.387126    -100.00000    
  2.387213    -100.00000    
  2.397727    -100.00000    
  2.397814    -100.00000    
  2.403706    -100.00000    
  2.403793    -100.00000    
  2.405816    -100.00000    
  2.405903    -100.00000    
  2.409533    -100.00000    
  2.409619    -100.00000    
  2.409967    -100.00000    
  2.410054    -100.00000    
  2.411499    -100.00000    
  2.411586    -100.00000    
  2.413098    -100.00000    
  2.413185    -100.00000    
  2.417226    -100.00000    
  2.417313    -100.00000    
  2.417446    -100.00000    
  2.417533    -100.00000    
  2.429013    -100.00000    
  2.429100    -100.00000    
  2.429782    -100.00000    
  2.429869    -100.00000    
  2.429909    -100.00000    
  2.429996    -100.00000    
  2.433515    -100.00000    
  2.433602    -100.00000    
  2.434760    -100.00000    
  2.434847    -100.00000    
  2.438744    -100.00000    
  2.438831    -100.00000    
  2.441087    -100.00000    
  2.441174    -100.00000    
  2.442885    -100.00000    
  2.442972    -100.00000    
  2.446825    -100.00000    
  2.446912    -100.00000    
  2.449374    -100.00000    
  2.449460    -100.00000    
  2.454772    -100.00000    
  2.454858    -100.00000    
  2.457103    -100.00000    
  2.457190    -100.00000    
  2.462242    -100.00000    
  2.462329    -100.00000    
  2.465051    -100.00000    
  2.465138    -100.00000    
  2.466974    -100.00000    
  2.467061    -100.00000    
  2.469909    -100.00000    
  2.469996    -100.00000    
  2.471129    -100.00000    
  2.471216    -100.00000    
  2.471255    -100.00000    
  2.471342    -100.00000    
  2.471828    -100.00000    
  2.471915    -100.00000    
  2.473553    -100.00000    
  2.473639    -100.00000    
  2.473908    -100.00000    
  2.473994    -100.00000    
  2.475654    -100.00000    
  2.475741    -100.00000    
  2.476442    -100.00000    
  2.476529    -100.00000    
  2.476977    -100.00000    
  2.477064    -100.00000    
  2.479546    -100.00000    
  2.479633    -100.00000    
  2.483967    -100.00000    
  2.484054    -100.00000    
  2.484128    -100.00000    
  2.484215    -100.00000    
  2.484517    -100.00000    
  2.484604    -100.00000    
  2.487037    -100.00000    
  2.487124    -100.00000    
  2.491399    -100.00000    
  2.491486    -100.00000    
  2.493770    -100.00000    
  2.493799    -100.00000    
  2.493857    -100.00000    
  2.493886    -100.00000    
  2.496105    -100.00000    
  2.496192    -100.00000    
  2.497233    -100.00000    
  2.497320    -100.00000    
  2.497678    -100.00000    
  2.497765    -100.00000    
  2.498024    -100.00000    
  2.498111    -100.00000    
  2.501025    -100.00000    
  2.503920    -100.00000    
  2.504007    -100.00000    
  2.504069    -100.00000    
  2.504156    -100.00000    
  2.506191    -100.00000    
  2.506278    -100.00000    
  2.507046    -100.00000    
  2.507133    -100.00000    
  2.509451    -100.00000    
  2.511756    -100.00000    
  2.511843    -100.00000    
  2.512347    -100.00000    
  2.512434    -100.00000    
  2.514176    -100.00000    
  2.514263    -100.00000    
  2.515486    -100.00000    
  2.515573    -100.00000    
  2.515719    -100.00000    
  2.515805    -100.00000    
  2.515872    -100.00000    
  2.515959    -100.00000    
  2.516706    -100.00000    
  2.516793    -100.00000    
  2.516940    -100.00000    
  2.517027    -100.00000    
  2.517941    -100.00000    
  2.518028    -100.00000    
  2.519341    -100.00000    
  2.519428    -100.00000    
  2.521714    -100.00000    
  2.523988    -100.00000    
  2.526250    -100.00000    
  2.528500    -100.00000    
  2.528587    -100.00000    
  2.532731    -100.00000    
  2.532818    -100.00000    
  2.533833    -100.00000    
  2.533920    -100.00000    
  2.537178    -100.00000    
  2.540412    -100.00000    
  2.543622    -100.00000    
  2.546808    -100.00000    
  2.546895    -100.00000    
  2.547436    -100.00000    
  2.547523    -100.00000    
  2.551127    -100.00000    
  2.554701    -100.00000    
  2.554788    -100.00000    
  2.557290    -100.00000    
  2.559779    -100.00000    
  2.562253    -100.00000    
  2.564713    -100.00000    
  2.564799    -100.00000    
  2.568369    -100.00000    
  2.568456    -100.00000    
  2.571315    -100.00000    
  2.571402    -100.00000    
  2.571490    -100.00000    
  2.571576    -100.00000    
  2.572582    -100.00000    
  2.572668    -100.00000    
  2.573820    -100.00000    
  2.573907    -100.00000    
  2.576147    -100.00000    
  2.578375    -100.00000    
  2.580592    -100.00000    
  2.582797    -100.00000    
  2.582884    -100.00000    
  2.586758    -100.00000    
  2.590598    -100.00000    
  2.590685    -100.00000    
  2.593225    -100.00000    
  2.595750    -100.00000    
  2.595837    -100.00000    
  2.598386    -100.00000    
  2.600921    -100.00000    
  2.601008    -100.00000    
  2.603333    -100.00000    
  2.603420    -100.00000    
  2.604635    -100.00000    
  2.604722    -100.00000    
  2.606239    -100.00000    
  2.606324    -100.00000    
  2.606411    -100.00000    
  2.607057    -100.00000    
  2.607144    -100.00000    
  2.607239    -100.00000    
  2.607326    -100.00000    
  2.607391    -100.00000    
  2.607478    -100.00000    
  2.607654    -100.00000    
  2.607741    -100.00000    
  2.611049    -100.00000    
  2.614332    -100.00000    
  2.614419    -100.00000    
  2.617004    -100.00000    
  2.619574    -100.00000    
  2.619659    -100.00000    
  2.619746    -100.00000    
  2.620996    -100.00000    
  2.621082    -100.00000    
  2.621962    -100.00000    
  2.622049    -100.00000    
  2.623324    -100.00000    
  2.623411    -100.00000    
  2.624766    -100.00000    
  2.624853    -100.00000    
  2.627024    -100.00000    
  2.627110    -100.00000    
  2.630435    -100.00000    
  2.630522    -100.00000    
  2.632418    -100.00000    
  2.632505    -100.00000    
  2.633585    -100.00000    
  2.633672    -100.00000    
  2.634210    -100.00000    
  2.634297    -100.00000    
  2.636422    -100.00000    
  2.638537    -100.00000    
  2.640642    -100.00000    
  2.642737    -100.00000    
  2.642824    -100.00000    
  2.645913    -100.00000    
  2.646000    -100.00000    
  2.648513    -100.00000    
  2.648600    -100.00000    
  2.650102    -100.00000    
  2.650189    -100.00000    
  2.650581    -100.00000    
  2.650668    -100.00000    
  2.653884    -100.00000    
  2.653971    -100.00000    
  2.654508    -100.00000    
  2.654595    -100.00000    
  2.655848    -100.00000    
  2.655935    -100.00000    
  2.656856    -100.00000    
  2.656943    -100.00000    
  2.658483    -100.00000    
  2.658570    -100.00000    
  2.659789    -100.00000    
  2.659876    -100.00000    
  2.661632    -100.00000    
  2.661711    -100.00000    
  2.661798    -100.00000    
  2.662214    -100.00000    
  2.662301    -100.00000    
  2.662838    -100.00000    
  2.662925    -100.00000    
  2.663187    -100.00000    
  2.663274    -100.00000    
  2.665319    -100.00000    
  2.665405    -100.00000    
  2.666840    -100.00000    
  2.668270    -100.00000    
  2.668357    -100.00000    
  2.670100    -100.00000    
  2.670187    -100.00000    
  2.670742    -100.00000    
  2.670829    -100.00000    
  2.672470    -100.00000    
  2.674106    -100.00000    
  2.674193    -100.00000    
  2.675152    -100.00000    
  2.675239    -100.00000    
  2.675371    -100.00000    
  2.675458    -100.00000    
  2.676824    -100.00000    
  2.676911    -100.00000    
  2.677751    -100.00000    
  2.677838    -100.00000    
  2.679282    -100.00000    
  2.680721    -100.00000    
  2.682155    -100.00000    
  2.683585    -100.00000    
  2.683672    -100.00000    
  2.684480    -100.00000    
  2.684566    -100.00000    
  2.685714    -100.00000    
  2.685801    -100.00000    
  2.685988    -100.00000    
  2.686075    -100.00000    
  2.686520    -100.00000    
  2.686607    -100.00000    
  2.687327    -100.00000    
  2.688046    -100.00000    
  2.688133    -100.00000    
  2.688542    -100.00000    
  2.688599    -100.00000    
  2.688629    -100.00000    
  2.688686    -100.00000    
  2.689808    -100.00000    
  2.690927    -100.00000    
  2.691014    -100.00000    
  2.691670    -100.00000    
  2.692326    -100.00000    
  2.692981    -100.00000    
  2.693635    -100.00000    
  2.693722    -100.00000    
  2.694340    -100.00000    
  2.694958    -100.00000    
  2.695575    -100.00000    
  2.696192    -100.00000    
  2.696807    -100.00000    
  2.697422    -100.00000    
  2.698035    -100.00000    
  2.698648    -100.00000    
  2.698717    -100.00000    
  2.698803    -100.00000    
  2.699142    -100.00000    
  2.699229    -100.00000    
  2.700077    -100.00000    
  2.700500    -100.00000    
  2.700923    -100.00000    
  2.701345    -100.00000    
  2.701767    -100.00000    
  2.702189    -100.00000    
  2.702610    -100.00000    
  2.702697     -8.380136    
  2.706323    -100.00000    
  2.706410    -100.00000    
  2.707308     -8.112831    
  2.707395    -100.00000    
  2.708280     -7.787518    
  2.708352     -7.441711    
  2.708438     -6.898371    
  2.709271     -7.593439    
  2.709358    -100.00000    
  2.712230     -6.175776    
  2.712317     -7.550985    
  2.715874     -6.793018    
  2.715961     -7.176506    
  2.716395     -6.490043    
  2.716481     -6.393506    
  2.716568     -6.730497    
  2.721359     -6.106401    
  2.721446     -6.613993    
  2.724957     -7.157234    
  2.725044     -6.917965    
  2.725129     -6.782125    
  2.725216     -6.265033    
  2.727523    -100.00000    
  2.727610    -100.00000    
  2.728146     -7.981940    
  2.728233     -7.686859    
  2.728368     -7.376560    
  2.728455     -7.190970    
  2.728556     -6.980834    
  2.728643     -6.831290    
  2.735898     -6.873328    
  2.735985     -6.536331    
  2.736079     -6.408414    
  2.737059     -5.972941    
  2.737146     -5.920228    
  2.738167     -6.041014    
  2.738254     -6.023419    
  2.740490     -6.382181    
  2.740577     -6.039760    
  2.742815     -6.292406    
  2.742902     -6.263054    
  2.743703     -6.068059    
  2.743790     -6.096161    
  2.753428     -5.654712    
  2.753515     -7.970245    
  2.753850     -6.944267    
  2.753937     -6.396832    
  2.754509     -5.768688    
  2.754596     -5.762898    
  2.754850     -5.711758    
  2.754937     -5.670705    
  2.756676     -5.830039    
  2.756763     -5.833708    
  2.758474     -5.350870    
  2.758561     -5.416757    
  2.759027     -5.407809    
  2.759113     -6.462263    
  2.759911    -100.00000    
  2.759997     -6.226671    
  2.763464     -5.419772    
  2.763551     -5.639012    
  2.765400    -100.00000    
  2.765487     -7.370139    
  2.765755     -6.627871    
  2.765842     -6.225964    
  2.766689    -100.00000    
  2.766776    -100.00000    
  2.768842     -5.367093    
  2.768929     -5.389153    
  2.769216     -5.350047    
  2.769303     -5.346152    
  2.772541     -5.290146    
  2.772628     -5.562149    
  2.781421     -5.468946    
  2.781508     -5.235080    
  2.783749     -5.302052    
  2.783836     -5.950535    
  2.786316     -5.732445    
  2.786403     -5.530958    
  2.789343     -5.252751    
  2.789430     -5.461245    
  2.792049     -5.118698    
  2.792136     -5.430078    
  2.795957     -4.886660    
  2.796043     -4.623839    
  2.799021     -5.161478    
  2.799107     -6.156533    
  2.799738     -5.536490    
  2.799825     -5.528393    
  2.801475     -5.167572    
  2.801562     -5.871351    
  2.816430     -4.789919    
  2.816517     -4.645249    
  2.817018     -4.766683    
  2.817105     -4.951648    
  2.818570     -4.773730    
  2.818657     -5.217821    
  2.823371     -4.535202    
  2.823458     -4.571409    
  2.826003     -5.185114    
  2.826090    -100.00000    
  2.829613     -4.659975    
  2.829700     -4.345745    
  2.832995     -4.518210    
  2.833082     -4.523940    
  2.835804     -4.582877    
  2.835890     -5.737800    
  2.836249    -100.00000    
  2.836336     -7.153587    
  2.836442     -6.657405    
  2.836529     -5.778768    
  2.841429     -4.406238    
  2.841516     -4.746654    
  2.844722     -4.710343    
  2.844809     -4.654298    
  2.845614     -4.677012    
  2.845701     -4.685757    
  2.845992     -4.498656    
  2.846079     -4.468966    
  2.846320     -4.398169    
  2.846407     -4.908426    
  2.851273     -4.324536    
  2.851359     -4.344962    
  2.851605     -4.362396    
  2.851692     -4.430748    
  2.852906     -4.369466    
  2.852993     -4.391507    
  2.853657     -4.472654    
  2.853730     -4.412323    
  2.853816     -4.323243    
  2.856721     -4.615307    
  2.856808     -4.598088    
  2.861695     -4.354202    
  2.861782     -4.508468    
  2.863190    -100.00000    
  2.863277     -5.822452    
  2.864011     -5.249512    
  2.864097     -5.342436    
  2.864172     -5.200496    
  2.864259     -5.275665    
  2.866955     -4.578781    
  2.867042     -4.763201    
  2.872704     -4.377792    
  2.872791    -100.00000    
  2.877117     -4.219966    
  2.877204     -4.254276    
  2.880603     -4.524740    
  2.880690     -4.524615    
  2.882313     -4.342826    
  2.882400     -4.340822    
  2.882670     -4.336948    
  2.882757    -100.00000    
  2.886654     -4.251206    
  2.886684     -4.188179    
  2.886741     -4.186776    
  2.886771     -4.186414    
  2.887555     -4.316763    
  2.887642    -100.00000    
  2.893704     -4.300161    
  2.893791     -4.539748    
  2.894071     -4.494197    
  2.894157     -4.442515    
  2.895095     -4.331624    
  2.895182     -4.345597    
  2.895490     -4.429370    
  2.895577     -4.397576    
  2.896767     -4.463871    
  2.896854     -4.384278    
  2.897787     -4.304175    
  2.897874     -4.323374    
  2.899209     -4.944697    
  2.899296     -4.544199    
  2.901336     -4.323257    
  2.901423     -4.451601    
  2.905548     -4.310119    
  2.905635     -4.249139    
  2.908098     -5.329995    
  2.908185     -4.680609    
  2.908477     -4.518903    
  2.908564     -4.853668    
  2.916527     -4.824736    
  2.916614     -4.402454    
  2.916785     -4.343661    
  2.916872     -4.324463    
  2.917171     -4.388817    
  2.917258     -4.393441    
  2.921759     -5.265772    
  2.921845     -5.228289    
  2.925029     -4.619229    
  2.925116     -4.641824    
  2.925683     -5.136732    
  2.925770     -5.264351    
  2.925849     -5.200227    
  2.925936     -4.990838    
  2.926028     -4.729468    
  2.927554    -100.00000    
  2.927641     -5.577250    
  2.927672     -5.576305    
  2.927759     -5.534837    
  2.927951     -5.163684    
  2.928037     -5.529488    
  2.928671     -5.562276    
  2.928758     -5.417353    
  2.929127     -5.001782    
  2.929213     -4.966366    
  2.929524     -4.575104    
  2.929611     -4.413361    
  2.929967     -4.413672    
  2.930054     -4.633113    
  2.930245     -4.782606    
  2.930332     -4.763757    
  2.930604     -4.688411    
  2.930644     -4.620957    
  2.930691     -4.570645    
  2.930731     -4.524641    
  2.930956     -4.390999    
  2.931043     -4.384661    
  2.932654    -100.00000    
  2.932741     -5.719422    
  2.933595     -5.056590    
  2.933682     -5.342523    
  2.934646     -6.088397    
  2.934733     -5.693149    
  2.934790     -5.641468    
  2.934877     -5.352412    
  2.935353     -5.298681    
  2.935439     -5.759248    
  2.936807     -5.342081    
  2.936894     -5.024644    
  2.937517     -4.566947    
  2.937604     -4.356220    
  2.942728     -5.244155    
  2.942815     -5.128101    
  2.943758     -4.519521    
  2.943845     -4.586055    
  2.943894     -4.567403    
  2.943981     -4.748038    
  2.945266     -5.316273    
  2.945353     -5.075554    
  2.946273     -4.429323    
  2.946360     -4.599845    
  2.946687     -4.632438    
  2.946746     -4.630755    
  2.946774     -4.624500    
  2.946833     -4.282077    
  2.950770     -4.680049    
  2.950857     -4.628713    
  2.951287     -4.366228    
  2.951374     -4.394343    
  2.951710     -4.363279    
  2.951797     -4.255996    
  2.952602     -4.270621    
  2.952688     -4.256724    
  2.953750     -4.331540    
  2.953837     -4.706493    
  2.953990     -5.857436    
  2.954077     -5.912026    
  2.954361     -5.208969    
  2.954448     -4.744644    
  2.955030     -4.657632    
  2.955117     -4.450850    
  2.955739     -4.446119    
  2.955826     -4.469286    
  2.956162    -100.00000    
  2.956248    -100.00000    
  2.956346     -7.098623    
  2.956433    -100.00000    
  2.957599     -4.292012    
  2.957685     -4.279057    
  2.957790     -4.332302    
  2.958490    -100.00000    
  2.958577     -4.943038    
  2.958702     -5.027126    
  2.958789     -5.090195    
  2.959196     -4.497608    
  2.959269     -4.617683    
  2.959356     -4.803694    
  2.959520     -4.994415    
  2.959575     -4.946418    
  2.959607     -4.920058    
  2.959642     -4.883546    
  2.959678     -4.839645    
  2.959729     -4.772434    
  2.959837     -4.623253    
  2.959916     -4.534766    
  2.960003     -4.572437    
  2.960694    -100.00000    
  2.960781     -5.123128    
  2.961122     -4.515775    
  2.961209    -100.00000    
  2.965318     -4.126264    
  2.965405     -4.670684    
  2.973340     -4.060012    
  2.973427     -4.126841    
  2.975729     -4.215326    
  2.975815     -4.241072    
  2.976171     -4.346499    
  2.976258     -4.439529    
  2.981363     -4.257955    
  2.981450     -4.270181    
  2.982423     -4.474797    
  2.982509     -4.401280    
  2.982872     -4.144510    
  2.982959     -4.146443    
  2.994503     -4.631587    
  3.005749     -4.159712    
  3.005836     -4.029026    
  3.008346     -4.760725    
  3.008392     -4.462557    
  3.008433     -4.574825    
  3.008479     -4.498685    
  3.022969     -4.018457    
  3.023055     -4.170108    
  3.024662     -4.205145    
  3.024749     -4.105422    
  3.026972     -5.477408    
  3.027058     -4.802005    
  3.028439     -4.211099    
  3.028526     -4.232380    
  3.041713     -4.254002    
  3.041799     -4.148469    
  3.044019     -4.185907    
  3.044106     -4.067325    
  3.046417     -4.965710    
  3.046504     -5.417961    
  3.047266     -4.459995    
  3.047353     -4.088596    
  3.053134     -4.592486    
  3.053221     -4.006852    
  3.056619     -3.715458    
  3.056706     -3.862991    
  3.057754     -4.169782    
  3.057841     -4.312205    
  3.065373     -4.177512    
  3.072777     -4.630149    
  3.072864     -4.135162    
  3.074515     -4.398765    
  3.074602     -4.222208    
  3.082910     -4.706205    
  3.082997     -4.344436    
  3.085748     -4.143339    
  3.085835     -4.371646    
  3.088154     -4.427054    
  3.088240     -4.374598    
  3.089212     -4.361982    
  3.089299     -4.366270    
  3.092941     -4.315535    
  3.093028     -4.304126    
  3.093244     -4.300078    
  3.093331     -4.296711    
  3.093732     -4.295383    
  3.093819     -4.267186    
  3.096179     -4.461111    
  3.096266     -4.571375    
  3.099391     -4.292458    
  3.099477     -4.336151    
  3.110593     -4.332785    
  3.110679     -4.254961    
  3.114687     -4.852263    
  3.114774     -4.557525    
  3.115819     -4.187293    
  3.115905     -4.162246    
  3.116258     -4.142288    
  3.116344     -4.151853    
  3.116978     -4.191266    
  3.117065     -4.193232    
  3.118889     -4.329801    
  3.118976     -4.328670    
  3.124616     -4.393844    
  3.124703     -4.276002    
  3.125997    -100.00000    
  3.126084     -4.697974    
  3.126554     -4.368712    
  3.126641     -4.365749    
  3.126962     -4.314751    
  3.127049     -4.301610    
  3.127687     -4.290562    
  3.127774     -4.308886    
  3.129225     -4.286048    
  3.129312     -4.306152    
  3.132800     -4.387566    
  3.132887     -4.386838    
  3.135587     -4.415443    
  3.135674     -4.406668    
  3.138745     -4.401084    
  3.138832     -4.410133    
  3.139047     -4.419212    
  3.139134     -4.419928    
  3.141109     -4.425876    
  3.141196     -4.345494    
  3.143577     -4.970028    
  3.143664     -4.841030    
  3.144101     -4.654420    
  3.144188     -4.587946    
  3.144945     -4.506287    
  3.145031    -100.00000    
  3.146758     -4.804498    
  3.146845     -4.637245    
  3.146888     -4.615645    
  3.146975     -4.586705    
  3.147795     -4.316083    
  3.147882     -4.297224    
  3.148717     -4.318537    
  3.148804     -4.313719    
  3.149747     -4.367900    
  3.149834     -4.381285    
  3.150628     -4.457392    
  3.150714     -4.462272    
  3.151276     -4.492602    
  3.151363     -4.503787    
  3.152544     -4.462566    
  3.152631     -4.466853    
  3.152935     -4.472143    
  3.153022     -4.474856    
  3.153068     -4.476377    
  3.153155     -4.479494    
  3.153381     -4.480888    
  3.153434     -4.479798    
  3.153468     -4.479322    
  3.153521     -4.485852    
  3.155016     -4.460571    
  3.155103     -4.511170    
  3.159418     -4.498945    
  3.159505     -4.485588    
  3.159758     -4.496544    
  3.159845     -4.505310    
  3.164009     -4.512213    
  3.164096     -4.545774    
  3.164633     -4.522829    
  3.164720     -4.516274    
  3.164846     -4.517063    
  3.164933     -4.521946    
  3.165979     -4.512463    
  3.166066     -4.528069    
  3.171670     -4.516074    
  3.171756     -4.507144    
  3.173578     -4.558917    
  3.173665     -4.540073    
  3.174167     -4.526957    
  3.174254     -4.539331    
  3.179466     -4.543504    
  3.179553     -4.537440    
  3.180463     -4.500267    
  3.180550     -4.503458    
  3.181675     -4.521633    
  3.181761     -4.507928    
  3.184969     -4.566939    
  3.185055     -4.589845    
  3.187464     -4.701496    
  3.187494     -4.730701    
  3.187551     -4.726493    
  3.187581     -4.721976    
  3.188338     -4.571068    
  3.188425     -4.607358    
  3.189356     -4.630854    
  3.189443     -4.604383    
  3.190962     -4.919651    
  3.191049     -4.922350    
  3.191119     -4.912204    
  3.191206     -4.917712    
  3.192224     -4.848361    
  3.192311     -4.700488    
  3.194885     -4.591370    
  3.194972     -4.681040    
  3.196916     -4.743943    
  3.197003     -4.718096    
  3.203163     -4.597569    
  3.203249     -4.659893    
  3.204661     -4.611733    
  3.204747     -4.581324    
  3.207365     -4.751522    
  3.207452     -4.754611    
  3.209135     -4.749664    
  3.209222     -4.684695    
  3.209715     -4.709075    
  3.209802     -4.743217    
  3.217531     -4.761073    
  3.217618     -4.688226    
  3.217704     -4.680708    
  3.217791     -4.669905    
  3.218329     -4.723689    
  3.218415     -4.752535    
  3.233361     -4.681707    
  3.233448     -4.784957    
  3.243111     -4.663484    
  3.243198     -4.713049    
  3.251238     -4.616423    
  3.251325     -4.662850    
  3.261641     -4.738010    
  3.261728     -4.724777    
  3.263462     -4.724960    
  3.263549     -4.713032    
  3.271269     -4.612467    
  3.271355     -4.696433    
  3.271415     -4.695717    
  3.271502     -4.682268    
  3.273253     -4.628237    
  3.273340     -4.676081    
  3.276754     -4.669008    
  3.276841    -100.00000    
  3.279706     -4.156405    
  3.279793     -4.120511    
  3.281662     -4.266694    
  3.281749    -100.00000    
  3.283538     -4.162565    
  3.283625     -4.203690    
  3.285833     -4.706794    
  3.285920     -4.174510    
  3.289028     -4.305944    
  3.289115     -4.387365    
  3.291415     -4.552790    
  3.291501     -4.461650    
  3.292656     -4.492956    
  3.292743     -4.452311    
  3.294670     -4.439623    
  3.294757     -4.463211    
  3.295898     -4.550251    
  3.295985     -4.565230    
  3.296762     -4.619856    
  3.296849     -4.653683    
  3.299441     -4.657304    
  3.299528     -4.639467    
  3.301132     -4.476037    
  3.301219     -4.444619    
  3.305074     -4.604681    
  3.305161     -4.628095    
  3.305985     -4.668912    
  3.306072     -4.676357    
  3.306887     -4.718059    
  3.306974     -4.720135    
  3.309364     -4.785762    
  3.309451     -4.766140    
  3.309833     -4.754008    
  3.309920     -4.753019    
  3.310624     -4.724965    
  3.310710     -4.727025    
  3.310978     -4.732393    
  3.311065     -4.733211    
  3.311327     -4.729448    
  3.311414     -4.724293    
  3.311825     -4.714404    
  3.311912     -4.718321    
  3.312012     -4.720864    
  3.312099     -4.450098    
  3.333122     -4.737113    
  3.333209     -4.825986    
  3.343376     -4.926799    
  3.343463     -4.928455    
  3.351164     -4.905492    
  3.351250     -4.899732    
  3.351681     -4.867549    
  3.351768     -4.848505    
  3.363548     -5.104216    
  3.363635     -4.950738    
  3.367434     -4.989348    
  3.367521     -4.952358    
  3.377612     -5.030322    
  3.377699     -5.022502    
  3.379159     -5.028358    
  3.379246     -5.071492    
  3.382086     -5.034044    
  3.382173     -5.052935    
  3.385882     -5.017899    
  3.385969     -5.026703    
  3.389771     -5.051442    
  3.389858     -5.058389    
  3.395039     -5.087747    
  3.395125     -5.070720    
  3.400648     -5.102048    
  3.400735     -5.102388    
  3.400855     -5.111096    
  3.400942     -5.120046    
  3.403535     -5.110696    
  3.403595     -5.093388    
  3.403622     -5.092618    
  3.403681     -5.089771    
  3.404126     -5.085262    
  3.404213     -5.085116    
  3.414942     -5.128405    
  3.415029     -5.141065    
  3.419275     -5.153250    
  3.419361     -5.150454    
  3.421764     -5.177044    
  3.421851     -5.183137    
  3.426245     -5.206886    
  3.426332     -5.195120    
  3.434923     -5.205965    
  3.435010     -5.217987    
  3.442825     -5.241645    
  3.442912     -5.236967    
  3.444934     -5.242857    
  3.445021     -5.242287    
  3.449934     -5.258937    
  3.450021     -5.272007    
  3.466667     -5.306385    
  3.466754     -5.311821    
  3.467592     -5.315338    
  3.467679     -5.307295    
  3.468746     -5.496174    
  3.468833     -5.409716    
  3.469843     -5.375154    
  3.469930     -5.336508    
  3.472928     -5.305569    
  3.473015     -5.328922    
  3.480890     -5.342844    
  3.480977     -5.349480    
  3.485957     -5.379556    
  3.486044     -5.377886    
  3.486320     -5.379049    
  3.486406     -5.380456    
  3.494277     -5.404398    
  3.494364     -5.382246    
  3.503878     -5.500076    
  3.503965     -5.403603    
  3.505952     -5.405818    
  3.506039     -5.424476    
  3.506892     -5.443488    
  3.506979     -5.448320    
  3.515804     -5.476198    
  3.515836     -5.470513    
  3.515891     -5.470789    
  3.515923     -5.472552    
  3.534135     -5.539666    
  3.534222     -5.536167    
  3.535311     -5.536065    
  3.535397     -5.523830    
  3.539346     -5.545402    
  3.539433     -5.536121    
  3.543849     -5.558491    
  3.543936     -5.556937    
  3.544500     -5.574893    
  3.544586     -5.581415    
  3.545154     -5.555514    
  3.545241     -5.565901    
  3.552154     -5.584776    
  3.552241     -5.623835    
  3.553235     -5.603473    
  3.553322     -5.557595    
  3.555627     -5.598819    
  3.555714     -5.639620    
  3.557696     -5.582838    
  3.557783     -5.548870    
  3.558846     -5.652452    
  3.558933     -5.646339    
  3.559110     -5.639350    
  3.559197     -5.631628    
  3.560994     -5.642134    
  3.561019     -5.621084    
  3.561080     -5.619268    
  3.561106     -5.618415    
  3.561368     -5.625703    
  3.561455     -5.629033    
  3.561702     -5.638007    
  3.561789     -5.642775    
  3.561901     -5.651340    
  3.561988     -5.625518    
  3.565681     -5.582861    
  3.565768     -5.608741    
  3.568654     -5.612985    
  3.568741     -5.613274    
  3.572245     -5.625573    
  3.572332     -5.622034    
  3.628600     -5.806965    
  3.628687     -5.817917    
  3.631423     -5.827142    
  3.631510     -5.827429    
  3.632293     -5.830002    
  3.632379     -5.829976    
  3.634321     -5.836803    
  3.634408     -5.818105    
  3.644191     -5.929307    
  3.644278     -5.885265    
  3.656741     -5.832622    
  3.656828     -5.875146    
  3.663615     -5.954523    
  3.663702     -5.942515    
  3.670110     -5.950376    
  3.670197     -5.969788    
  3.673498     -5.939683    
  3.673585     -5.960765    
  3.687730     -6.023111    
  3.687817     -6.019231    
  3.688052     -6.021255    
  3.688139     -6.020229    
  3.688708     -6.063269    
  3.688795     -6.064756    
  3.688862     -6.065472    
  3.688948     -6.043450    
  3.691459     -6.026664    
  3.691546     -6.150300    
  3.695795     -5.962454    
  3.695882     -6.007172    
  3.713236     -6.096764    
  3.713322     -6.107584    
  3.719779     -6.128760    
  3.719866     -6.128322    
  3.725984     -6.147014    
  3.726070     -6.148551    
  3.733043     -6.175056    
  3.733130     -6.183288    
  3.740126     -6.199260    
  3.740213     -6.197523    
  3.740628     -6.198215    
  3.740715     -6.199401    
  3.751777     -6.239473    
  3.751863     -6.239185    
  3.753187     -6.243665    
  3.753274     -6.244055    
  3.753882     -6.246088    
  3.753969     -6.244462    
  3.754658     -6.255035    
  3.754745     -6.262064    
  3.755217     -6.257641    
  3.755304     -6.255558    
  3.755522     -6.252502    
  3.755609     -6.251467    
  3.755717     -6.250253    
  3.755803     -6.181389    
  3.793452     -6.340878    
  3.793539     -6.379651    
  3.804079     -6.416711    
  3.804166     -6.415803    
  3.806615     -6.424080    
  3.806702     -6.423968    
  3.821564     -6.472619    
  3.821651     -6.274032    
  3.838150     -6.454553    
  3.838237     -6.532290    
  3.842793     -6.551286    
  3.842880     -6.508580    
  3.865757     -6.576990    
  3.865844     -6.532483    
  3.866035     -6.543548    
  3.866122     -6.584634    
  3.871179     -6.658771    
  3.871266     -6.645770    
  3.892235     -6.718281    
  3.892321     -6.715457    
  3.894387     -6.724859    
  3.894474     -6.726190    
  3.895132     -6.726217    
  3.895219     -6.725612    
  3.898660     -6.741758    
  3.898747     -6.740171    
  3.900415     -6.746879    
  3.900502     -6.747744    
  3.902270     -6.754004    
  3.902356     -6.755082    
  3.904208     -6.759986    
  3.904295     -6.759221    
  3.905964     -6.766864    
  3.906051     -6.766923    
  3.906858     -6.769604    
  3.906945     -6.769783    
  3.908342     -6.774811    
  3.908429     -6.774810    
  3.913068     -6.791560    
  3.913155     -6.796002    
  3.913186     -6.796160    
  3.913273     -6.797672    
  3.913769     -6.787473    
  3.913856     -6.786024    
  3.913885     -6.785816    
  3.913972     -6.790357    
  3.916915     -6.802238    
  3.917002     -6.806481    
  3.968835     -6.967851    
  3.968922     -6.988413    
  3.983439     -7.003635    
  3.983526     -7.020089    
  3.993238     -7.072228    
  3.993325     -7.057149    
  4.025832     -7.157006    
  4.025919     -7.151711    
  4.034774     -7.278597    
  4.034860     -6.809042    
  4.038365     -6.263982    
  4.038452     -6.708264    
  4.047778     -7.706531    
  4.047808     -7.241533    
  4.047865     -7.242579    
  4.047895     -7.251253    
  4.073362     -7.339768    
  4.073449     -7.310383    
  4.128589     -7.467467    
  4.128676     -7.521806    
  4.150175     -7.592019    
  4.150262     -7.592498    
  4.155926     -7.610769    
  4.156013     -7.610520    
  4.161727     -7.639878    
  4.161814     -7.638142    
  4.163762     -7.637262    
  4.163849     -7.661659    
  4.251427     -7.885635    
  4.251514     -7.911189    
  4.266067     -7.988078    
  4.266154     -7.846843    
  4.339907     -8.092399    
  4.339994     -8.215150    
  4.353233     -8.258137    
  4.353320     -8.257673    
  4.356074     -8.270514    
  4.356161     -8.274038    
  4.357582     -8.279172    
  4.357669     -8.287407    
  4.440368     -8.490567    
  4.440455     -8.533610    
  4.512937     -8.759633    
  4.513024     -8.739416    
  4.514610     -8.668728    
  4.514697     -8.686190    
  4.515945     -8.729185    
  4.516032     -8.785605    
  4.585469     -8.968128    
  4.585556     -8.918279    
  4.648489     -9.078602    
  4.648576     -9.182145    
  4.649548     -9.185748    
  4.649635     -9.186060    
  4.649838     -9.186656    
  4.649925     -9.131930    
  4.709765     -9.371305    
  4.709852     -9.369085    
  4.765753     -9.533912    
  4.765822     -9.520154    
  4.765844     -9.518198    
  4.765909     -9.515178    
  4.765931     -9.492602    
  4.818480     -9.716544    
  4.818567     -9.692212    
  4.868094     -9.825634    
  4.868127     -9.712536    
  4.868152     -9.694581    
  4.868181     -9.674554    
  4.868214     -9.653529    
  4.868239     -9.699178    
  4.915089     -10.05999    
  4.915176     -9.971702    
  4.959449     -10.08090    
  4.959536     -10.10672    
  4.959642     -10.10720    
  4.959667     -10.10732    
  4.959729     -10.10762    
  4.959754     -10.09847    
  5.002021     -10.22923    
  5.002108     -10.22564    
  5.041986     -10.32931    
  5.042072     -10.34464    
  5.042428     -10.34556    
  5.042455     -10.34566    
  5.042515     -10.34585    
  5.042541     -10.29354    
  5.081038     -10.45996    
  5.081125     -10.24411    
  5.117569     -10.63016    
  5.117655     -10.55945    
  5.118005     -10.55994    
  5.118030     -10.55998    
  5.118092     -10.56011    
  5.118117     -10.56754    
  5.153462     -10.65298    
  5.153549     -10.63708    
  5.187204     -10.76875    
  5.187290     -10.75653    
  5.187529     -10.75728    
  5.187558     -10.75737    
  5.187616     -10.75755    
  5.187645     -10.73293    
  5.251180     -10.91010    
  5.251266     -10.93894    
  5.251931     -10.93862    
  5.252018     -10.89988    
  5.311750     -11.08470    
  5.311837     -11.10819    
  5.311944     -11.09204    
  5.614629     -11.91792    
  5.791270     -12.40896    
  6.013559     -13.03141    
  6.269124     -13.77051    
  6.545503     -14.60077    
  6.833661     -15.52555    
  7.128110     -16.60979    
  7.425812     -18.02564    
  7.725168     -20.55183    
  8.025358    -100.00000    
  8.325968    -100.00000    
  8.626788    -100.00000    
  8.927713    -100.00000    
