 0.6989700    -100.00000    
 0.7331214    -100.00000    
 0.7647820    -100.00000    
 0.7942904    -100.00000    
 0.8219208     -98.34052    
 0.8220077     -98.16562    
 0.8256567     -97.16438    
 0.8257436    -100.00000    
 0.8647793    -100.00000    
 0.9005939    -100.00000    
 0.9336786    -100.00000    
 0.9644204    -100.00000    
 0.9931293    -100.00000    
  1.020057    -100.00000    
  1.045413    -100.00000    
  1.069370    -100.00000    
  1.092073    -100.00000    
  1.113649    -100.00000    
  1.153828    -100.00000    
  1.190604    -100.00000    
  1.224506     -31.10777    
  1.224593    -100.00000    
  1.258242     -16.73823    
  1.258328     -17.15759    
  1.281053     -16.50320    
  1.281140    -100.00000    
  1.305129     -20.65684    
  1.305216     -26.91188    
  1.326885    -100.00000    
  1.326972     -15.79360    
  1.346664     -16.03435    
  1.346750    -100.00000    
  1.351328     -20.58491    
  1.351414    -100.00000    
  1.362515     -18.95468    
  1.362602     -17.96360    
  1.390867     -18.97943    
  1.390954     -16.89085    
  1.403133     -16.72595    
  1.403220    -100.00000    
  1.416604     -20.91333    
  1.416691    -100.00000    
  1.442990     -29.23300    
  1.443077    -100.00000    
  1.465932     -16.44050    
  1.466019    -100.00000    
  1.485843     -21.15441    
  1.485929     -31.53147    
  1.499940    -100.00000    
  1.500027     -33.12320    
  1.524019    -100.00000    
  1.546755     -44.10553    
  1.546842    -100.00000    
  1.576102     -58.59130    
  1.576189    -100.00000    
  1.604747     -20.67019    
  1.604834     -17.48764    
  1.629405    -100.00000    
  1.629492     -33.91605    
  1.655461    -100.00000    
  1.679965    -100.00000    
  1.703160    -100.00000    
  1.725179     -38.14100    
  1.725266     -33.43753    
  1.731654     -32.74625    
  1.731741    -100.00000    
  1.762029    -100.00000    
  1.790341     -22.23595    
  1.790428     -20.80091    
  1.817058    -100.00000    
  1.842149     -24.56112    
  1.842236     -22.71605    
  1.843313    -100.00000    
  1.843400    -100.00000    
  1.861079     -22.48753    
  1.861166    -100.00000    
  1.861837     -22.37350    
  1.861924     -21.37524    
  1.874931    -100.00000    
  1.875018     -21.05652    
  1.914140    -100.00000    
  1.914227     -21.87076    
  1.921566     -21.90309    
  1.921653    -100.00000    
  1.926897     -21.75750    
  1.926984     -22.00124    
  1.953068    -100.00000    
  1.953155     -24.17581    
  1.971846     -23.13327    
  1.971933    -100.00000    
  1.992517     -22.85444    
  1.992604     -22.18806    
  1.993799     -21.40268    
  1.993886    -100.00000    
  1.994140     -22.83885    
  1.994226     -23.26442    
  1.996545    -100.00000    
  1.996632    -100.00000    
  1.998156     -23.10049    
  1.998243    -100.00000    
  2.000011     -23.48767    
  2.000098     -23.15170    
  2.005591     -23.62397    
  2.005678     -23.40287    
  2.007909    -100.00000    
  2.007996     -23.47503    
  2.009188    -100.00000    
  2.009275     -24.33816    
  2.036803    -100.00000    
  2.036890     -24.09066    
  2.061295    -100.00000    
  2.061382    -100.00000    
  2.077530    -100.00000    
  2.077617    -100.00000    
  2.095978     -24.29057    
  2.096065     -23.76358    
  2.097299     -23.66533    
  2.097386    -100.00000    
  2.102584     -23.55062    
  2.102671     -24.26421    
  2.103399     -24.01130    
  2.103486     -23.96818    
  2.105825     -24.13030    
  2.105912     -23.84744    
  2.106091     -23.95623    
  2.106178     -23.92903    
  2.111629     -23.62194    
  2.111716    -100.00000    
  2.119223     -23.55732    
  2.119310     -23.24251    
  2.124245     -23.00823    
  2.124332     -23.18298    
  2.137459     -22.29272    
  2.137546     -22.25109    
  2.138137     -22.19683    
  2.138224     -22.19950    
  2.138688     -22.17243    
  2.138775     -22.28270    
  2.149371     -21.66979    
  2.149458     -21.63632    
  2.150309     -21.59620    
  2.150396     -21.59091    
  2.150438     -21.58890    
  2.150525     -21.61240    
  2.156847     -21.28714    
  2.156934     -21.37859    
  2.168071     -20.76735    
  2.168158     -20.79329    
  2.177603     -20.31052    
  2.177690     -20.45134    
  2.191113     -19.71473    
  2.191200     -19.67882    
  2.197200     -19.40542    
  2.197287     -19.41636    
  2.203933     -19.11824    
  2.204020     -19.10149    
  2.204170     -19.09434    
  2.204257     -19.09092    
  2.204684     -19.07150    
  2.204771     -19.09012    
  2.211353     -18.80367    
  2.217836     -18.52775    
  2.217923     -18.51192    
  2.217949     -18.60520    
  2.218036     -18.67160    
  2.218819     -19.06332    
  2.218906     -18.96100    
  2.223758     -18.74992    
  2.223844     -18.74983    
  2.230357     -18.47608    
  2.236772     -18.13862    
  2.236859     -18.20780    
  2.239623     -18.03402    
  2.239710     -18.24192    
  2.244929     -17.91619    
  2.250086     -17.74695    
  2.250173     -18.45574    
  2.253696     -17.96138    
  2.253782     -17.99812    
  2.256807     -17.70600    
  2.259811     -17.04736    
  2.262794     -17.44550    
  2.265757     -17.43489    
  2.265844     -17.46283    
  2.267022     -17.46358    
  2.267109     -17.29558    
  2.270424     -17.68017    
  2.270511     -17.54639    
  2.273172     -17.40048    
  2.275818     -16.31212    
  2.275905     -16.61818    
  2.278993     -17.38036    
  2.279080     -16.99265    
  2.281448     -16.85020    
  2.283804     -17.09384    
  2.283891     -17.06562    
  2.286548     -17.13933    
  2.286635     -16.85798    
  2.286786     -17.00114    
  2.286873    -100.00000    
  2.289321     -16.02667    
  2.291755     -17.11298    
  2.294175     -16.72827    
  2.296582     -16.35631    
  2.298976     -16.51883    
  2.301356     -16.25463    
  2.303724     -16.16217    
  2.304903     -15.99649    
  2.306078     -16.14856    
  2.306165     -16.00032    
  2.308271     -16.62923    
  2.309320     -15.84669    
  2.310367     -16.55331    
  2.311411     -15.73648    
  2.312452     -16.11140    
  2.313491     -15.99286    
  2.314528     -16.19487    
  2.314614     -16.12861    
  2.315825     -16.11502    
  2.317033     -16.26511    
  2.318237     -15.74112    
  2.319437     -15.90065    
  2.320635     -15.94362    
  2.321829     -15.93122    
  2.323020     -15.78676    
  2.324207     -15.90780    
  2.324294     -15.90514    
  2.325800     -15.59522    
  2.325887     -15.79388    
  2.326813     -15.74625    
  2.327736     -15.73837    
  2.327823     -15.81220    
  2.328856     -15.80543    
  2.329886     -15.68346    
  2.330914     -15.67515    
  2.331939     -15.71211    
  2.332026     -15.65833    
  2.333111     -15.64273    
  2.334194     -15.65240    
  2.335274     -15.60643    
  2.336352     -15.56899    
  2.336439     -15.57987    
  2.337047     -15.57933    
  2.337655     -15.48906    
  2.338262     -15.49220    
  2.338868     -15.53017    
  2.339473     -15.46978    
  2.340077     -15.47519    
  2.340680     -15.46761    
  2.341283     -15.43948    
  2.341370     -15.43135    
  2.341472     -15.43066    
  2.342517     -15.41381    
  2.342604     -15.37338    
  2.343196     -15.36367    
  2.343786     -15.34033    
  2.343873     -15.32727    
  2.344850     -15.31285    
  2.345825     -15.25939    
  2.345912     -15.27693    
  2.346656     -15.19951    
  2.347399     -15.11762    
  2.348141     -15.05744    
  2.348882     -15.09826    
  2.348969     -15.23772    
  2.349884     -15.12326    
  2.349971     -15.17085    
  2.350040     -15.18539    
  2.350127     -15.09018    
  2.350953     -15.19560    
  2.351777     -15.15134    
  2.352600     -15.12767    
  2.353421     -15.10015    
  2.353508     -15.11022    
  2.353983     -15.06364    
  2.354070     -15.08471    
  2.354840     -15.07050    
  2.355610     -15.06539    
  2.356378     -14.91523    
  2.357144     -15.00778    
  2.357197     -14.94617    
  2.357231     -14.96286    
  2.357284     -14.99154    
  2.357504     -15.00672    
  2.357582    -100.00000    
  2.357669     -13.22724    
  2.357776     -12.46554    
  2.357863     -13.06276    
  2.360104    -100.00000    
  2.360190    -100.00000    
  2.373546     -8.063277    
  2.373632     -7.916126    
  2.378097    -100.00000    
  2.378184     -7.956221    
  2.381409     -7.765746    
  2.381496     -7.496038    
  2.384668     -7.213055    
  2.384755     -7.524340    
  2.387126    -100.00000    
  2.387213     -7.990041    
  2.397727     -7.337181    
  2.397814     -6.985546    
  2.403706     -6.776851    
  2.403793     -6.904117    
  2.405816     -6.767453    
  2.405903     -6.422773    
  2.409533     -7.688542    
  2.409619    -100.00000    
  2.409967     -8.193236    
  2.410054     -7.910790    
  2.411499     -6.599701    
  2.411586     -6.432149    
  2.413098     -6.057970    
  2.413185     -6.114581    
  2.417226     -6.520405    
  2.417313     -6.728449    
  2.417446     -6.725090    
  2.417533     -5.653288    
  2.429013     -5.383356    
  2.429100     -5.827732    
  2.429782     -5.800091    
  2.429869     -5.809490    
  2.429909     -5.811237    
  2.429996     -5.332270    
  2.433515     -5.468764    
  2.433602     -5.748700    
  2.434760     -5.769254    
  2.434847     -5.658762    
  2.438744     -5.286444    
  2.438831     -4.943924    
  2.441087     -5.161356    
  2.441174     -5.034733    
  2.442885     -5.677101    
  2.442972     -5.525709    
  2.446825     -5.253151    
  2.446912     -5.685097    
  2.449374     -5.296389    
  2.449460     -5.135797    
  2.454772     -5.641532    
  2.454858     -4.879206    
  2.457103     -4.977313    
  2.457190     -5.112018    
  2.462242     -4.811672    
  2.462329     -5.057552    
  2.465051     -5.118323    
  2.465138     -5.167629    
  2.466974     -6.264989    
  2.467061     -5.628158    
  2.469909     -5.117953    
  2.469996     -5.308560    
  2.471129     -5.298432    
  2.471216     -5.278967    
  2.471255     -5.276061    
  2.471342     -5.267245    
  2.471828     -5.311607    
  2.471915     -5.368962    
  2.473553     -5.198232    
  2.473639     -5.252949    
  2.473908     -5.114009    
  2.473994     -5.001230    
  2.475654     -5.632974    
  2.475741     -5.795897    
  2.476442     -5.056183    
  2.476529     -4.937141    
  2.476977     -4.809421    
  2.477064     -4.741353    
  2.479546     -5.843875    
  2.479633     -4.998168    
  2.483967     -6.262179    
  2.484054     -5.440773    
  2.484128     -5.403756    
  2.484215     -5.362654    
  2.484517     -5.274034    
  2.484604     -5.556776    
  2.487037     -5.280263    
  2.487124     -4.910545    
  2.491399     -4.858626    
  2.491486     -5.094079    
  2.493770     -4.891421    
  2.493799     -5.106421    
  2.493857     -5.125825    
  2.493886     -5.273612    
  2.496105    -100.00000    
  2.496192     -5.537246    
  2.497233     -5.166904    
  2.497320     -5.037831    
  2.497678     -4.878899    
  2.497765     -4.872010    
  2.498024     -5.870807    
  2.498111     -6.425167    
  2.501025     -5.136212    
  2.503920     -4.850654    
  2.504007     -4.839868    
  2.504069     -4.836070    
  2.504156     -4.786846    
  2.506191     -4.881259    
  2.506278     -5.052940    
  2.507046     -5.255571    
  2.507133     -4.818862    
  2.509451     -5.671354    
  2.511756     -4.879477    
  2.511843     -4.865805    
  2.512347     -4.635561    
  2.512434     -4.571563    
  2.514176     -4.863120    
  2.514263     -5.030385    
  2.515486     -4.861007    
  2.515573     -4.830410    
  2.515719     -4.841318    
  2.515805     -4.855457    
  2.515872     -4.866614    
  2.515959     -4.867492    
  2.516706     -5.032336    
  2.516793     -4.966999    
  2.516940     -4.882628    
  2.517027     -4.796244    
  2.517941     -4.696084    
  2.518028     -4.882758    
  2.519341     -4.814444    
  2.519428     -4.697811    
  2.521714     -4.973735    
  2.523988     -5.013511    
  2.526250     -5.148278    
  2.528500     -5.148727    
  2.528587     -5.231413    
  2.532731     -4.935556    
  2.532818     -4.779644    
  2.533833     -4.723879    
  2.533920     -4.746968    
  2.537178     -5.134244    
  2.540412     -5.126420    
  2.543622     -5.328889    
  2.546808     -4.856705    
  2.546895     -5.002477    
  2.547436     -4.955527    
  2.547523     -4.934774    
  2.551127     -5.303988    
  2.554701     -4.819628    
  2.554788     -5.077092    
  2.557290     -4.993805    
  2.559779     -5.310138    
  2.562253     -5.557582    
  2.564713     -5.804659    
  2.564799     -5.504423    
  2.568369     -4.856617    
  2.568456     -4.757549    
  2.571315     -4.818772    
  2.571402     -4.881254    
  2.571490     -4.882634    
  2.571576     -4.917786    
  2.572582     -4.976049    
  2.572668     -4.974039    
  2.573820    -100.00000    
  2.573907     -5.623178    
  2.576147     -4.931186    
  2.578375     -5.046677    
  2.580592     -5.278300    
  2.582797     -5.418768    
  2.582884     -5.176742    
  2.586758     -6.030070    
  2.590598     -5.401500    
  2.590685     -5.246901    
  2.593225     -5.083375    
  2.595750     -5.574859    
  2.595837     -5.372956    
  2.598386     -5.281929    
  2.600921     -4.898222    
  2.601008     -4.781408    
  2.603333     -5.078605    
  2.603420     -5.207185    
  2.604635     -5.149906    
  2.604722     -5.111871    
  2.606239     -5.011650    
  2.606324     -4.941816    
  2.606411     -4.893161    
  2.607057     -4.928438    
  2.607144     -4.958695    
  2.607239     -4.958137    
  2.607326     -4.950001    
  2.607391     -4.937521    
  2.607478     -4.905925    
  2.607654     -4.800251    
  2.607741     -4.731373    
  2.611049     -5.048336    
  2.614332     -4.754438    
  2.614419     -4.998308    
  2.617004     -4.630404    
  2.619574     -4.704292    
  2.619659     -4.787913    
  2.619746     -4.845084    
  2.620996     -5.088304    
  2.621082     -5.099492    
  2.621962     -5.152821    
  2.622049     -5.109365    
  2.623324     -4.903240    
  2.623411     -4.829822    
  2.624766     -4.894087    
  2.624853     -4.969349    
  2.627024     -4.942977    
  2.627110     -4.782763    
  2.630435     -4.805199    
  2.630522     -4.943023    
  2.632418     -4.842614    
  2.632505     -4.807628    
  2.633585     -4.719190    
  2.633672     -4.721357    
  2.634210     -4.686911    
  2.634297     -4.687222    
  2.636422     -4.621501    
  2.638537     -4.836325    
  2.640642     -4.621758    
  2.642737     -4.561507    
  2.642824     -4.585254    
  2.645913     -4.505456    
  2.646000     -4.529150    
  2.648513     -4.504344    
  2.648600     -4.485419    
  2.650102     -4.581461    
  2.650189     -4.596874    
  2.650581     -4.647657    
  2.650668     -4.684320    
  2.653884     -4.482664    
  2.653971     -4.485836    
  2.654508     -4.489922    
  2.654595     -4.450698    
  2.655848     -5.633139    
  2.655935     -4.991438    
  2.656856     -4.665043    
  2.656943     -4.618778    
  2.658483     -4.336157    
  2.658570     -4.376970    
  2.659789     -4.458433    
  2.659876     -4.451577    
  2.661632     -4.502661    
  2.661711     -4.522493    
  2.661798     -4.533532    
  2.662214     -4.536510    
  2.662301     -4.524486    
  2.662838     -4.611630    
  2.662925     -4.624867    
  2.663187     -4.602926    
  2.663274     -4.567270    
  2.665319     -4.530395    
  2.665405     -4.491811    
  2.666840     -4.458252    
  2.668270     -4.522457    
  2.668357     -4.537676    
  2.670100     -4.443530    
  2.670187     -4.463034    
  2.670742     -4.455896    
  2.670829     -4.454529    
  2.672470     -4.485927    
  2.674106     -4.481545    
  2.674193     -4.470226    
  2.675152     -4.470647    
  2.675239     -4.478503    
  2.675371     -4.481801    
  2.675458     -4.485047    
  2.676824     -4.451870    
  2.676911     -4.450383    
  2.677751     -4.454806    
  2.677838     -4.456828    
  2.679282     -4.446403    
  2.680721     -4.445763    
  2.682155     -4.451930    
  2.683585     -4.448865    
  2.683672     -4.443164    
  2.684480     -4.444713    
  2.684566     -4.465555    
  2.685714     -4.472798    
  2.685801     -4.452393    
  2.685988     -4.446050    
  2.686075     -4.444428    
  2.686520     -4.437026    
  2.686607     -4.434042    
  2.687327     -4.440978    
  2.688046     -4.454758    
  2.688133     -4.459764    
  2.688542     -4.468120    
  2.688599     -4.469095    
  2.688629     -4.469603    
  2.688686     -4.472714    
  2.689808     -4.439268    
  2.690927     -4.452882    
  2.691014     -4.434607    
  2.691670     -4.440995    
  2.692326     -4.426634    
  2.692981     -4.417574    
  2.693635     -4.422233    
  2.693722     -4.420673    
  2.694340     -4.430067    
  2.694958     -4.426097    
  2.695575     -4.417208    
  2.696192     -4.424150    
  2.696807     -4.420747    
  2.697422     -4.416549    
  2.698035     -4.414210    
  2.698648     -4.416552    
  2.698717     -4.416824    
  2.698803     -4.416727    
  2.699142     -4.413310    
  2.699229     -4.410907    
  2.700077     -4.409058    
  2.700500     -4.413782    
  2.700923     -4.422651    
  2.701345     -4.415381    
  2.701767     -4.406929    
  2.702189     -4.403784    
  2.702610     -4.416207    
  2.702697     -4.336946    
  2.706323     -4.618288    
  2.706410     -4.860185    
  2.707308     -4.428599    
  2.707395     -4.522278    
  2.708280     -4.297798    
  2.708352     -4.277021    
  2.708438     -4.268683    
  2.709271     -4.112214    
  2.709358     -4.180810    
  2.712230     -4.213309    
  2.712317     -4.137603    
  2.715874     -4.236926    
  2.715961     -4.145288    
  2.716395     -4.141867    
  2.716481     -4.139055    
  2.716568     -4.111740    
  2.721359     -4.386715    
  2.721446     -4.302901    
  2.724957     -4.244993    
  2.725044     -4.202237    
  2.725129     -4.208536    
  2.725216     -4.283074    
  2.727523     -4.173051    
  2.727610     -4.203676    
  2.728146     -4.214921    
  2.728233     -4.202041    
  2.728368     -4.192287    
  2.728455     -4.186628    
  2.728556     -4.180281    
  2.728643     -4.251307    
  2.735898     -4.301303    
  2.735985     -4.266409    
  2.736079     -4.301333    
  2.737059     -4.277797    
  2.737146     -4.233134    
  2.738167     -4.266585    
  2.738254     -4.205588    
  2.740490     -4.292451    
  2.740577     -4.396379    
  2.742815     -4.265436    
  2.742902     -4.256455    
  2.743703     -4.532624    
  2.743790     -4.573160    
  2.753428     -4.094775    
  2.753515     -4.181000    
  2.753850     -4.193195    
  2.753937     -4.206152    
  2.754509     -4.298689    
  2.754596     -4.292887    
  2.754850     -4.269571    
  2.754937     -4.228909    
  2.756676     -4.220594    
  2.756763     -4.221934    
  2.758474     -4.254885    
  2.758561     -4.214436    
  2.759027     -4.195377    
  2.759113     -4.197378    
  2.759911     -4.185732    
  2.759997     -4.210238    
  2.763464     -4.235544    
  2.763551     -4.192889    
  2.765400     -4.263211    
  2.765487     -4.280246    
  2.765755     -4.268097    
  2.765842     -4.235689    
  2.766689     -4.284246    
  2.766776     -4.422193    
  2.768842     -4.321071    
  2.768929     -4.242198    
  2.769216     -4.187304    
  2.769303     -4.162604    
  2.772541     -4.223110    
  2.772628     -4.216290    
  2.781421     -4.321079    
  2.781508     -4.212872    
  2.783749     -4.204886    
  2.783836     -4.214812    
  2.786316     -5.683827    
  2.786403     -4.352591    
  2.789343     -4.111377    
  2.789430     -4.206392    
  2.792049     -4.214486    
  2.792136     -4.211718    
  2.795957     -4.213373    
  2.796043     -4.210389    
  2.799021     -4.218713    
  2.799107     -4.218374    
  2.799738     -4.224801    
  2.799825     -4.211174    
  2.801475     -4.358459    
  2.801562     -4.235243    
  2.816430     -4.237640    
  2.816517     -4.238140    
  2.817018     -4.236962    
  2.817105     -4.236822    
  2.818570     -4.243001    
  2.818657     -4.238355    
  2.823371     -4.247490    
  2.823458     -4.245863    
  2.826003     -4.257549    
  2.826090     -4.266169    
  2.829613     -4.255734    
  2.829700     -4.251772    
  2.832995     -4.256823    
  2.833082     -4.257114    
  2.835804     -4.262347    
  2.835890     -4.517435    
  2.836249    -100.00000    
  2.836336     -6.821370    
  2.836442     -6.135388    
  2.836529     -4.757145    
  2.841429     -4.088392    
  2.841516     -4.257028    
  2.844722     -4.270126    
  2.844809     -4.270058    
  2.845614     -4.273937    
  2.845701     -4.273472    
  2.845992     -4.273075    
  2.846079     -4.272971    
  2.846320     -4.273126    
  2.846407     -4.727483    
  2.851273     -4.156001    
  2.851359     -4.212060    
  2.851605     -4.224280    
  2.851692     -4.229953    
  2.852906     -4.263483    
  2.852993     -4.263493    
  2.853657     -4.271793    
  2.853730     -4.272133    
  2.853816     -4.274206    
  2.856721     -4.288457    
  2.856808     -4.287718    
  2.861695     -4.297541    
  2.861782     -4.295647    
  2.863190     -4.298185    
  2.863277     -4.298167    
  2.864011     -4.298148    
  2.864097     -4.298235    
  2.864172     -4.298335    
  2.864259     -4.298425    
  2.866955     -4.304102    
  2.867042     -4.302463    
  2.872704     -4.311525    
  2.872791     -4.312318    
  2.877117     -4.319832    
  2.877204     -4.323696    
  2.880603     -4.319415    
  2.880690     -4.340403    
  2.882313     -4.325415    
  2.882400     -4.324964    
  2.882670     -4.329974    
  2.882757    -100.00000    
  2.886654     -4.353735    
  2.886684     -4.178943    
  2.886741     -4.176864    
  2.886771     -4.172941    
  2.887555     -4.198719    
  2.887642     -4.448074    
  2.893704     -4.318454    
  2.893791     -4.334181    
  2.894071     -4.335113    
  2.894157     -4.335658    
  2.895095     -4.337041    
  2.895182     -4.336589    
  2.895490     -4.339230    
  2.895577     -4.351125    
  2.896767     -4.352662    
  2.896854     -4.361779    
  2.897787    -100.00000    
  2.897874     -5.461812    
  2.899209     -4.493255    
  2.899296     -4.319371    
  2.901336     -4.208885    
  2.901423     -4.300789    
  2.905548     -4.363636    
  2.905635     -4.352714    
  2.908098     -4.358205    
  2.908185     -4.357702    
  2.908477     -4.358218    
  2.908564     -4.354510    
  2.916527     -4.388248    
  2.916614     -4.380790    
  2.916785     -4.385632    
  2.916872     -4.389124    
  2.917171     -4.409751    
  2.917258     -4.320902    
  2.921759     -4.582145    
  2.921845     -4.843017    
  2.925029     -4.216076    
  2.925116     -4.286755    
  2.925683     -4.319958    
  2.925770     -4.323667    
  2.925849     -4.327040    
  2.925936     -4.330466    
  2.926028     -4.337061    
  2.927554     -4.371668    
  2.927641     -4.369913    
  2.927672     -4.370277    
  2.927759     -4.371288    
  2.927951     -4.373270    
  2.928037     -4.374183    
  2.928671     -4.379043    
  2.928758     -4.379527    
  2.929127     -4.381723    
  2.929213     -4.382187    
  2.929524     -4.383731    
  2.929611     -4.384116    
  2.929967     -4.385454    
  2.930054     -4.385735    
  2.930245     -4.386356    
  2.930332     -4.386624    
  2.930604     -4.387398    
  2.930644     -4.387499    
  2.930691     -4.387626    
  2.930731     -4.387731    
  2.930956     -4.388318    
  2.931043     -4.388556    
  2.932654     -4.392332    
  2.932741     -4.392138    
  2.933595     -4.394041    
  2.933682     -4.393950    
  2.934646     -4.396172    
  2.934733     -4.395952    
  2.934790     -4.395926    
  2.934877     -4.395842    
  2.935353     -4.395847    
  2.935439     -4.396002    
  2.936807     -4.397852    
  2.936894     -4.397936    
  2.937517     -4.398881    
  2.937604     -4.399969    
  2.942728     -4.404540    
  2.942815     -4.400818    
  2.943758     -4.407898    
  2.943845     -4.407932    
  2.943894     -4.408084    
  2.943981     -4.408518    
  2.945266     -4.410007    
  2.945353     -4.409948    
  2.946273     -4.411169    
  2.946360     -4.411368    
  2.946687     -4.411874    
  2.946746     -4.411967    
  2.946774     -4.412013    
  2.946833     -4.412018    
  2.950770     -4.417503    
  2.950857     -4.418067    
  2.951287     -4.418867    
  2.951374     -4.419030    
  2.951710     -4.419684    
  2.951797     -4.419890    
  2.952602     -4.420467    
  2.952688     -4.420659    
  2.953750     -4.422331    
  2.953837     -4.422484    
  2.953990     -4.422837    
  2.954077     -4.423067    
  2.954361     -4.423605    
  2.954448     -4.423651    
  2.955030     -4.424169    
  2.955117     -4.424349    
  2.955739     -4.425027    
  2.955826     -4.425104    
  2.956162     -4.425565    
  2.956248     -4.425672    
  2.956346     -4.425780    
  2.956433     -4.425740    
  2.957599     -4.427783    
  2.957685     -4.427916    
  2.957790     -4.428040    
  2.958490     -4.429540    
  2.958577     -4.429684    
  2.958702     -4.429845    
  2.958789     -4.429931    
  2.959196     -4.430501    
  2.959269     -4.430565    
  2.959356     -4.430628    
  2.959520     -4.430707    
  2.959575     -4.430735    
  2.959607     -4.430755    
  2.959642     -4.430781    
  2.959678     -4.430814    
  2.959729     -4.430870    
  2.959837     -4.431019    
  2.959916     -4.431126    
  2.960003     -4.431642    
  2.960694     -4.429052    
  2.960781     -4.428248    
  2.961122     -4.424018    
  2.961209     -4.146630    
  2.965318     -4.252454    
  2.965405     -4.854407    
  2.973340     -4.091734    
  2.973427     -4.238270    
  2.975729     -4.110934    
  2.975815     -4.135117    
  2.976171     -4.242505    
  2.976258     -4.134533    
  2.981363     -4.314537    
  2.981450     -4.615637    
  2.982423     -4.282766    
  2.982509     -4.254617    
  2.982872     -4.123854    
  2.982959     -4.118145    
  2.994503     -4.331789    
  3.005749     -4.159629    
  3.005836     -4.191808    
  3.008346     -4.188433    
  3.008392     -4.181573    
  3.008433     -4.181975    
  3.008479     -4.246960    
  3.022969     -4.200570    
  3.023055     -4.204412    
  3.024662     -4.210575    
  3.024749     -4.212829    
  3.026972     -4.215094    
  3.027058     -4.216907    
  3.028439     -4.220378    
  3.028526     -4.250480    
  3.041713     -4.302253    
  3.041799     -4.255936    
  3.044019     -4.263180    
  3.044106     -4.261716    
  3.046417     -4.281138    
  3.046504     -4.283283    
  3.047266     -4.275192    
  3.047353     -4.274572    
  3.053134     -4.296227    
  3.053221     -4.439610    
  3.056619     -4.285237    
  3.056706     -4.343612    
  3.057754     -4.309757    
  3.057841     -4.285952    
  3.072777     -4.380146    
  3.072864     -4.394117    
  3.074515     -4.338417    
  3.074602     -4.413385    
  3.082910     -4.360763    
  3.082997     -4.285358    
  3.085748     -5.010789    
  3.085835     -4.676349    
  3.088154     -4.197944    
  3.088240     -4.313680    
  3.089212     -4.386298    
  3.089299     -4.394381    
  3.092941     -4.408447    
  3.093028     -4.404451    
  3.093244     -4.404716    
  3.093331     -4.385535    
  3.093732     -4.516908    
  3.093819     -6.243780    
  3.096179     -4.423902    
  3.096266     -4.303993    
  3.099391     -4.465467    
  3.099477     -4.425308    
  3.110593     -4.462572    
  3.110679     -4.460077    
  3.114687     -4.467180    
  3.114774     -4.481452    
  3.115819     -4.477993    
  3.115905     -4.474000    
  3.116258     -4.473698    
  3.116344     -4.473738    
  3.116978     -4.479281    
  3.117065     -4.479875    
  3.118889     -4.493194    
  3.118976     -4.481609    
  3.124616     -4.528860    
  3.124703     -4.498360    
  3.125997     -4.516919    
  3.126084     -4.532112    
  3.126554     -4.529855    
  3.126641     -4.523721    
  3.126962     -4.511619    
  3.127049     -4.507918    
  3.127687     -4.504819    
  3.127774     -4.507871    
  3.129225     -4.512315    
  3.129312     -4.509640    
  3.132800     -4.523403    
  3.132887     -4.527292    
  3.135587     -4.547839    
  3.135674     -4.578042    
  3.138745     -4.547991    
  3.138832     -4.558379    
  3.139047     -4.571264    
  3.139134     -4.597708    
  3.141109     -4.627436    
  3.141196     -4.596785    
  3.143577     -4.558543    
  3.143664     -4.590535    
  3.144101     -4.678977    
  3.144188     -4.726681    
  3.144945     -4.633296    
  3.145031     -5.025797    
  3.146758     -4.885715    
  3.146845     -4.759571    
  3.146888     -4.748021    
  3.146975     -4.754918    
  3.147795     -4.484776    
  3.147882     -4.484710    
  3.148717     -4.518805    
  3.148804     -4.552600    
  3.149747     -4.585913    
  3.149834     -4.597487    
  3.150628     -4.669035    
  3.150714     -4.670908    
  3.151276     -4.663953    
  3.151363     -4.622121    
  3.152544     -4.576076    
  3.152631     -4.599671    
  3.152935     -4.619060    
  3.153022     -4.621054    
  3.153068     -4.622125    
  3.153155     -4.622875    
  3.153381     -4.623206    
  3.153434     -4.623829    
  3.153468     -4.624171    
  3.153521     -4.630997    
  3.155016     -4.615907    
  3.155103     -4.612156    
  3.159418     -4.625481    
  3.159505     -4.612528    
  3.159758     -4.617626    
  3.159845     -4.643560    
  3.164009     -4.651041    
  3.164096     -4.633510    
  3.164633     -4.668548    
  3.164720     -4.673753    
  3.164846     -4.680926    
  3.164933     -4.694966    
  3.165979     -4.658679    
  3.166066     -4.679880    
  3.171670     -4.650468    
  3.171756     -4.659344    
  3.173578     -4.644112    
  3.173665     -4.655719    
  3.174167     -4.647061    
  3.174254     -4.638133    
  3.179466     -4.666494    
  3.179553     -4.664694    
  3.180463     -4.662373    
  3.180550     -4.662756    
  3.181675     -4.667516    
  3.181761     -4.668789    
  3.184969     -4.678420    
  3.185055     -4.682568    
  3.187464     -4.707211    
  3.187494     -4.718223    
  3.187551     -4.720563    
  3.187581     -4.728625    
  3.188338     -4.712786    
  3.188425     -4.705637    
  3.189356     -4.702660    
  3.189443     -5.138742    
  3.190962    -100.00000    
  3.191049     -5.931558    
  3.191119     -5.815854    
  3.191206     -5.832566    
  3.192224     -4.938825    
  3.192311     -4.711002    
  3.194885     -4.569163    
  3.194972     -4.664460    
  3.196916     -4.728034    
  3.197003     -4.727633    
  3.203163     -4.735403    
  3.203249     -4.739266    
  3.204661     -4.746506    
  3.204747     -4.736688    
  3.207365     -4.764988    
  3.207452     -4.759732    
  3.209135     -4.793247    
  3.209222     -4.785988    
  3.209715     -4.771995    
  3.209802     -4.900890    
  3.217531     -4.655502    
  3.217618     -4.355407    
  3.217704     -4.358723    
  3.217791     -4.363419    
  3.218329     -4.448223    
  3.218415     -4.697147    
  3.233361     -4.881589    
  3.233448     -4.942328    
  3.243111     -4.833597    
  3.243198     -4.909476    
  3.251238     -4.870737    
  3.251325     -4.882170    
  3.261641     -4.915422    
  3.261728     -4.914932    
  3.263462     -4.919621    
  3.263549     -4.920078    
  3.271269     -4.945557    
  3.271355     -4.948764    
  3.271415     -4.949497    
  3.271502     -4.952783    
  3.273253     -4.949243    
  3.273340     -4.953151    
  3.276754     -4.963574    
  3.276841     -4.985919    
  3.279706     -4.969354    
  3.279793     -4.972826    
  3.281662     -4.978644    
  3.281749     -4.978591    
  3.283538     -4.984612    
  3.283625     -4.984434    
  3.285833     -4.992157    
  3.285920     -4.993234    
  3.289028     -5.001958    
  3.289115     -5.002153    
  3.291415     -5.010504    
  3.291501     -5.010197    
  3.292656     -5.015755    
  3.292743     -5.015253    
  3.294670     -5.020510    
  3.294757     -5.020673    
  3.295898     -5.025224    
  3.295985     -5.025613    
  3.296762     -5.027847    
  3.296849     -5.028283    
  3.299441     -5.036110    
  3.299528     -5.036527    
  3.301132     -5.041323    
  3.301219     -5.041888    
  3.305074     -5.054580    
  3.305161     -5.054822    
  3.305985     -5.057577    
  3.306072     -5.057869    
  3.306887     -5.060366    
  3.306974     -5.060589    
  3.309364     -5.068919    
  3.309451     -5.068918    
  3.309833     -5.069993    
  3.309920     -5.070246    
  3.310624     -5.072301    
  3.310710     -5.072600    
  3.310978     -5.073638    
  3.311065     -5.074013    
  3.311327     -5.074957    
  3.311414     -5.075197    
  3.311825     -5.076366    
  3.311912     -5.076644    
  3.312012     -5.076973    
  3.312099     -5.038878    
  3.333122     -5.111380    
  3.333209     -5.101074    
  3.343376     -5.132631    
  3.343463     -5.122526    
  3.351164     -5.152095    
  3.351250     -5.140712    
  3.351681     -5.142325    
  3.351768     -5.157022    
  3.363548     -5.184081    
  3.363635     -5.226244    
  3.367434     -5.193122    
  3.367521     -5.196440    
  3.377612     -5.232278    
  3.377699     -5.225904    
  3.379159     -5.258046    
  3.379246     -5.295809    
  3.382086     -5.217645    
  3.382173     -5.248351    
  3.385882     -5.260031    
  3.385969     -5.260918    
  3.389771     -5.273967    
  3.389858     -5.274112    
  3.395039     -5.292493    
  3.395125     -5.292803    
  3.400648     -5.311608    
  3.400735     -5.315510    
  3.400855     -5.319320    
  3.400942     -5.372456    
  3.403535     -5.278671    
  3.403595     -5.302489    
  3.403622     -5.303574    
  3.403681     -5.306411    
  3.404126     -5.316822    
  3.404213     -5.322384    
  3.414942     -5.362131    
  3.415029     -5.361881    
  3.419275     -5.374567    
  3.419361     -5.375230    
  3.421764     -5.384160    
  3.421851     -5.385652    
  3.426245     -5.404022    
  3.426332     -5.402840    
  3.434923     -5.429458    
  3.435010     -5.428365    
  3.442825     -5.425330    
  3.442912     -5.456293    
  3.444934     -5.464707    
  3.445021     -5.464969    
  3.449934     -5.482404    
  3.450021     -5.485130    
  3.466667     -5.539573    
  3.466754     -5.541139    
  3.467592     -5.544464    
  3.467679     -5.544510    
  3.468746     -5.553004    
  3.468833     -5.549496    
  3.469843     -5.556407    
  3.469930     -5.574341    
  3.472928     -5.556965    
  3.473015     -5.563583    
  3.480890     -5.591018    
  3.480977     -5.591383    
  3.485957     -5.608869    
  3.486044     -5.609047    
  3.486320     -5.610184    
  3.486406     -5.610867    
  3.494277     -5.638969    
  3.494364     -5.637443    
  3.503878     -5.677212    
  3.503965     -5.701939    
  3.505952     -5.671562    
  3.506039     -5.671633    
  3.506892     -5.723713    
  3.506979     -5.530626    
  3.515804     -5.778694    
  3.515836     -5.714750    
  3.515891     -5.714821    
  3.515923     -5.715148    
  3.534135     -5.781728    
  3.534222     -5.780708    
  3.535311     -5.784712    
  3.535397     -5.784344    
  3.539346     -5.793839    
  3.539433     -5.795085    
  3.543849     -5.819368    
  3.543936     -5.834717    
  3.544500     -5.819349    
  3.544586     -5.818420    
  3.545154     -5.816481    
  3.545241     -5.819947    
  3.552154     -5.843077    
  3.552241     -5.842645    
  3.553235     -5.862043    
  3.553322     -5.849475    
  3.555627     -5.851520    
  3.555714     -5.854697    
  3.557696     -5.876505    
  3.557783     -5.862376    
  3.558846     -5.864622    
  3.558933     -5.865298    
  3.559110     -5.865806    
  3.559197     -5.862789    
  3.560994     -5.884518    
  3.561019     -5.881136    
  3.561080     -5.880163    
  3.561106     -5.879617    
  3.561368     -5.876735    
  3.561455     -5.876244    
  3.561702     -5.876091    
  3.561789     -5.876741    
  3.561901     -5.878166    
  3.561988     -5.899820    
  3.565681     -5.861517    
  3.565768     -5.870322    
  3.568654     -5.879969    
  3.568741     -5.880261    
  3.572245     -5.891812    
  3.572332     -5.907732    
  3.628600     -6.099547    
  3.628687     -6.094683    
  3.631423     -6.107116    
  3.631510     -6.107080    
  3.632293     -6.110004    
  3.632379     -6.110326    
  3.634321     -6.117122    
  3.634408     -6.120108    
  3.644191     -6.150847    
  3.644278     -6.151833    
  3.656741     -6.219160    
  3.656828     -6.200380    
  3.663615     -6.213673    
  3.663702     -6.228304    
  3.670110     -6.229973    
  3.670197     -6.612487    
  3.673498     -5.769054    
  3.673585     -6.038534    
  3.687730     -6.467711    
  3.687817     -6.307438    
  3.688052     -6.317791    
  3.688139     -6.330508    
  3.688708     -6.333553    
  3.688795     -6.315643    
  3.688862     -6.305756    
  3.688948     -6.247640    
  3.691459     -6.326573    
  3.691546     -6.317341    
  3.695795     -6.359224    
  3.695882     -6.344337    
  3.713236     -6.405257    
  3.713322     -6.404633    
  3.719779     -6.427391    
  3.719866     -6.428462    
  3.725984     -6.450603    
  3.726070     -6.451029    
  3.733043     -6.476628    
  3.733130     -6.437561    
  3.740126     -6.478216    
  3.740213     -6.501507    
  3.740628     -6.503414    
  3.740715     -6.504403    
  3.751777     -6.545033    
  3.751863     -6.545260    
  3.753187     -6.550223    
  3.753274     -6.550593    
  3.753882     -6.552826    
  3.753969     -6.553116    
  3.754658     -6.555417    
  3.754745     -6.555690    
  3.755217     -6.557448    
  3.755304     -6.557821    
  3.755522     -6.558693    
  3.755609     -6.559029    
  3.755717     -6.559442    
  3.755803     -6.557616    
  3.793452     -6.695821    
  3.793539     -6.692687    
  3.804079     -6.731905    
  3.804166     -6.730499    
  3.806615     -6.740775    
  3.806702     -6.799851    
  3.821564     -6.665106    
  3.821651     -6.771954    
  3.838150     -6.854655    
  3.838237     -6.861206    
  3.842793     -6.862655    
  3.842880     -6.875809    
  3.865757     -6.954643    
  3.865844     -6.957749    
  3.866035     -6.958364    
  3.866122     -6.958760    
  3.871179     -6.977684    
  3.871266     -6.976485    
  3.892235     -7.049056    
  3.892321     -7.055466    
  3.894387     -7.062324    
  3.894474     -7.062340    
  3.895132     -7.064324    
  3.895219     -7.063155    
  3.898660     -7.078038    
  3.898747     -7.078314    
  3.900415     -7.084770    
  3.900502     -7.085051    
  3.902270     -7.091339    
  3.902356     -7.091759    
  3.904208     -7.098547    
  3.904295     -7.098918    
  3.905964     -7.104929    
  3.906051     -7.105247    
  3.906858     -7.108260    
  3.906945     -7.108475    
  3.908342     -7.113795    
  3.908429     -7.114016    
  3.913068     -7.131131    
  3.913155     -7.132046    
  3.913186     -7.132248    
  3.913273     -7.133019    
  3.913769     -7.134400    
  3.913856     -7.134322    
  3.913885     -7.134372    
  3.913972     -7.137740    
  3.916915     -7.137136    
  3.917002     -7.134123    
  3.968835     -7.341227    
  3.968922     -7.288818    
  3.983439     -7.389370    
  3.983526     -7.388633    
  3.993238     -7.419727    
  3.993325     -7.333240    
  4.025832     -7.472980    
  4.025919     -7.539591    
  4.034774     -7.588176    
  4.034860     -7.684491    
  4.038365     -7.372463    
  4.038452     -7.521981    
  4.047778     -7.644162    
  4.047808     -7.623683    
  4.047865     -7.623906    
  4.047895     -7.654080    
  4.073362     -7.626919    
  4.073449     -7.720873    
  4.128589     -7.907121    
  4.128676     -7.911113    
  4.150175     -7.996954    
  4.150262     -7.998042    
  4.155926     -8.017112    
  4.156013     -8.000786    
  4.161727     -8.039113    
  4.161814     -8.038721    
  4.163762     -8.046579    
  4.163849     -8.031461    
  4.251427     -8.366791    
  4.251514     -8.359582    
  4.266067     -8.408688    
  4.266154     -8.250754    
  4.339907     -8.788472    
  4.339994     -8.590933    
  4.353233     -8.744010    
  4.353320     -8.722716    
  4.356074     -8.730265    
  4.356161     -8.710269    
  4.357582     -8.711454    
  4.357669     -8.734322    
  4.440368     -9.011873    
  4.440455     -8.997314    
  4.512937     -9.195244    
  4.513024     -9.269337    
  4.514610     -9.270675    
  4.514697     -9.268797    
  4.515945     -9.275404    
  4.516032     -9.273400    
  4.585469     -9.495813    
  4.585556     -9.487035    
  4.648489     -9.679399    
  4.648576     -9.701555    
  4.649548     -9.710083    
  4.649635     -9.709820    
  4.649838     -9.710652    
  4.649925     -9.672451    
  4.709765     -9.842288    
  4.709852     -9.902954    
  4.765753     -10.05714    
  4.765822     -10.08384    
  4.765844     -10.08389    
  4.765909     -10.08447    
  4.765931     -10.07682    
  4.818480     -10.25210    
  4.818567     -10.22789    
  4.868094     -10.35860    
  4.868127     -10.39923    
  4.868152     -10.39877    
  4.868181     -10.39832    
  4.868214     -10.39799    
  4.868239     -10.37481    
  4.915089     -10.56208    
  4.915176     -10.55737    
  4.959449     -10.68786    
  4.959536     -10.69667    
  4.959642     -10.69674    
  4.959667     -10.69674    
  4.959729     -10.69681    
  4.959754     -10.70384    
  5.002021     -10.70800    
  5.002108     -10.82604    
  5.041986     -10.94766    
  5.042072     -10.95356    
  5.042428     -10.95426    
  5.042455     -10.95428    
  5.042515     -10.95436    
  5.042541     -10.94037    
  5.081038     -11.06494    
  5.081125     -11.04158    
  5.117569     -11.18604    
  5.117655     -11.18177    
  5.118005     -11.18277    
  5.118030     -11.18266    
  5.118092     -11.18243    
  5.118117     -11.10722    
  5.153462     -11.31723    
  5.153549     -11.28646    
  5.187204     -11.39893    
  5.187290     -11.39067    
  5.187529     -11.38921    
  5.187558     -11.38917    
  5.187616     -11.38902    
  5.187645     -11.38569    
  5.251180     -11.57202    
  5.251266     -11.58938    
  5.251931     -11.59014    
  5.252018     -11.58389    
  5.311750     -11.75288    
  5.311837     -11.77955    
  5.311944     -11.76377    
  5.614629     -12.68270    
  5.791270     -13.22992    
  6.013559     -13.91850    
  6.269124     -14.69549    
  6.545503     -15.51251    
  6.833661     -16.34083    
  7.128110     -17.18142    
  7.425812     -18.04661    
  7.725168     -18.96142    
  8.025358     -19.98150    
  8.325968     -21.24887    
  8.626788     -24.93620    
  8.927713    -100.00000    
