 0.6989700    -100.00000    
 0.7331214    -100.00000    
 0.7647820    -100.00000    
 0.7942904     -40.53277    
 0.8219208     -37.26628    
 0.8220077     -37.18036    
 0.8256567     -37.04856    
 0.8257436    -100.00000    
 0.8647793     -36.09041    
 0.9005939     -35.47245    
 0.9336786     -35.27296    
 0.9644204     -35.30938    
 0.9931293     -35.45348    
  1.020057     -35.63756    
  1.045413     -35.87191    
  1.069370     -36.16902    
  1.092073     -36.41777    
  1.113649    -100.00000    
  1.153828     -26.30923    
  1.190604     -26.57243    
  1.224506     -27.54822    
  1.224593    -100.00000    
  1.258242     -16.63472    
  1.258328     -16.86986    
  1.281053     -16.45091    
  1.281140     -23.21621    
  1.305129    -100.00000    
  1.305216     -36.06093    
  1.326885     -35.91813    
  1.326972     -15.79367    
  1.346664     -16.19702    
  1.346750     -26.16129    
  1.351328    -100.00000    
  1.351414    -100.00000    
  1.362515     -18.27293    
  1.362602     -17.89665    
  1.390867     -19.17541    
  1.390954     -16.63824    
  1.403133     -16.83256    
  1.403220    -100.00000    
  1.416604     -24.71289    
  1.416691     -30.85682    
  1.442990    -100.00000    
  1.443077    -100.00000    
  1.465932     -16.44744    
  1.466019     -25.91941    
  1.485843    -100.00000    
  1.485929    -100.00000    
  1.499940     -32.18192    
  1.500027     -33.29998    
  1.524019    -100.00000    
  1.546755    -100.00000    
  1.546842     -39.20270    
  1.576102    -100.00000    
  1.576189    -100.00000    
  1.604747     -19.39188    
  1.604834     -17.58503    
  1.629405    -100.00000    
  1.629492     -48.18224    
  1.655461    -100.00000    
  1.679965    -100.00000    
  1.703160    -100.00000    
  1.725179     -35.67198    
  1.725266     -31.26340    
  1.731654     -30.93651    
  1.731741    -100.00000    
  1.762029     -22.62906    
  1.790341    -100.00000    
  1.790428    -100.00000    
  1.817058     -21.39962    
  1.842149    -100.00000    
  1.842236     -22.21385    
  1.843313    -100.00000    
  1.843400     -22.75400    
  1.861079    -100.00000    
  1.861166     -22.76697    
  1.861837    -100.00000    
  1.861924    -100.00000    
  1.874931    -100.00000    
  1.875018    -100.00000    
  1.895020    -100.00000    
  1.914140     -22.52949    
  1.914227    -100.00000    
  1.921566    -100.00000    
  1.921653     -21.86737    
  1.926897    -100.00000    
  1.926984     -22.42676    
  1.940222     -21.80293    
  1.953068    -100.00000    
  1.953155     -24.20270    
  1.971846    -100.00000    
  1.971933    -100.00000    
  1.982347     -22.05254    
  1.992517    -100.00000    
  1.992604    -100.00000    
  1.993799    -100.00000    
  1.993886    -100.00000    
  1.994140     -22.14196    
  1.994226     -23.38513    
  1.996545    -100.00000    
  1.996632     -23.21356    
  1.998156    -100.00000    
  1.998243     -22.79654    
  2.000011    -100.00000    
  2.000098     -21.73274    
  2.005591    -100.00000    
  2.005678    -100.00000    
  2.007909     -22.36467    
  2.007996     -22.62748    
  2.009188     -22.67237    
  2.009275     -22.89368    
  2.023257     -21.91032    
  2.036803     -21.07788    
  2.036890     -21.25145    
  2.049264     -20.54243    
  2.061295     -19.92328    
  2.061382     -19.93890    
  2.069531     -19.52391    
  2.077530     -19.18668    
  2.077617     -19.17596    
  2.086895     -18.81843    
  2.095978     -18.44531    
  2.096065     -18.40685    
  2.097299     -18.37171    
  2.097386     -18.49717    
  2.102584     -18.30353    
  2.102671     -18.26860    
  2.103399     -18.23141    
  2.103486     -18.25126    
  2.105825     -18.13484    
  2.105912     -18.15171    
  2.106091     -18.12934    
  2.106178     -18.15410    
  2.111629     -17.95650    
  2.111716     -18.00750    
  2.119223     -17.71119    
  2.119310     -17.70689    
  2.124245     -17.50177    
  2.124332     -17.58300    
  2.137459     -17.04601    
  2.137546     -17.01982    
  2.138137     -16.99863    
  2.138224     -16.98717    
  2.138688     -16.97401    
  2.138775     -17.01118    
  2.149371     -16.61852    
  2.149458     -16.59098    
  2.150309     -16.55745    
  2.150396     -16.55065    
  2.150438     -16.55701    
  2.150525     -16.58059    
  2.156847     -16.35010    
  2.156934     -15.60027    
  2.168071     -15.65756    
  2.168158     -15.97380    
  2.177603     -15.45222    
  2.177690     -15.12850    
  2.191113     -15.18480    
  2.191200     -14.61563    
  2.197200     -14.48369    
  2.197287     -14.69769    
  2.203933     -15.30608    
  2.204020     -14.98375    
  2.204170     -14.87278    
  2.204257     -14.95750    
  2.204684     -14.81559    
  2.204771     -14.67965    
  2.211353     -14.74612    
  2.217836     -15.90371    
  2.217923     -15.50283    
  2.217949    -100.00000    
  2.218036     -14.94061    
  2.218819     -15.06381    
  2.218906     -14.92565    
  2.223758     -15.01260    
  2.223844     -15.05853    
  2.230357     -15.11685    
  2.236772    -100.00000    
  2.236859    -100.00000    
  2.239623    -100.00000    
  2.239710     -15.11221    
  2.244929     -15.17866    
  2.250086     -14.99302    
  2.250173     -15.27399    
  2.253696     -15.44762    
  2.253782     -15.39798    
  2.256807    -100.00000    
  2.259811     -14.33286    
  2.262794     -14.95678    
  2.265757     -15.68583    
  2.265844    -100.00000    
  2.267022     -14.69485    
  2.267109     -14.82795    
  2.270424     -15.84534    
  2.270511     -15.16032    
  2.273172     -14.99080    
  2.275818     -14.04754    
  2.275905     -14.48385    
  2.278993     -15.52081    
  2.279080     -15.05812    
  2.281448     -15.08404    
  2.283804     -14.61364    
  2.283891     -15.04157    
  2.286548     -14.53523    
  2.286635     -14.63738    
  2.286786     -14.66148    
  2.286873     -14.82874    
  2.289321     -14.34856    
  2.291755     -14.75864    
  2.294175     -14.69438    
  2.296582     -14.25371    
  2.298976     -14.61303    
  2.301356     -14.27432    
  2.303724     -13.79337    
  2.304903     -13.75956    
  2.306078     -14.01768    
  2.306165     -14.10850    
  2.308271     -14.65816    
  2.309320     -13.96967    
  2.310367     -14.74806    
  2.311411     -14.02156    
  2.312452     -14.25255    
  2.313491     -14.47727    
  2.314528     -14.56055    
  2.314614     -14.53948    
  2.315825     -14.66025    
  2.317033     -14.20630    
  2.318237     -14.65592    
  2.319437     -14.33249    
  2.320635     -14.51219    
  2.321829     -14.39520    
  2.323020     -15.29342    
  2.324207     -14.48878    
  2.324294    -100.00000    
  2.325800     -14.00473    
  2.325887     -13.96378    
  2.326813     -13.94290    
  2.327736     -14.15299    
  2.327823     -14.16501    
  2.328856     -14.45324    
  2.329886     -13.94561    
  2.330914     -14.27595    
  2.331939     -14.58064    
  2.332026     -15.82845    
  2.333111     -14.33739    
  2.334194     -14.28545    
  2.335274     -14.36064    
  2.336352     -14.39357    
  2.336439     -14.37951    
  2.337047     -14.46444    
  2.337655     -14.43467    
  2.338262     -14.42496    
  2.338868     -14.42847    
  2.339473     -14.47755    
  2.340077     -14.43260    
  2.340680     -14.31257    
  2.341283     -14.18381    
  2.341370     -14.25824    
  2.341472     -14.64149    
  2.342517     -13.77690    
  2.342604     -13.93685    
  2.343196     -13.95227    
  2.343786     -14.61723    
  2.343873     -14.03560    
  2.344850     -13.84031    
  2.345825     -14.19417    
  2.345912     -14.44763    
  2.346656     -13.89790    
  2.347399     -13.72349    
  2.348141     -13.48256    
  2.348882     -13.56770    
  2.348969     -14.00039    
  2.349884     -13.77160    
  2.349971     -13.73796    
  2.350040     -13.62230    
  2.350127     -13.78332    
  2.350953     -14.29915    
  2.351777     -14.56988    
  2.352600     -14.49198    
  2.353421     -13.91658    
  2.353508     -14.07259    
  2.353983     -14.54997    
  2.354070     -14.43081    
  2.354840     -13.74434    
  2.355610     -14.12204    
  2.356378     -13.99168    
  2.357144    -100.00000    
  2.357197    -100.00000    
  2.357231    -100.00000    
  2.357284     -14.74849    
  2.357504     -14.72887    
  2.357582    -100.00000    
  2.357669    -100.00000    
  2.357776     -8.689035    
  2.357863     -9.478496    
  2.360104    -100.00000    
  2.360190    -100.00000    
  2.373546     -4.571695    
  2.373632     -4.539783    
  2.378097     -4.831617    
  2.378184     -4.011585    
  2.381409    -100.00000    
  2.381496     -3.877338    
  2.384668     -3.660972    
  2.384755     -3.993900    
  2.387126    -100.00000    
  2.387213     -4.135377    
  2.397727     -3.731275    
  2.397814     -3.645492    
  2.403706     -3.614340    
  2.403793     -3.579900    
  2.405816     -3.642769    
  2.405903     -3.440070    
  2.409533    -100.00000    
  2.409619     -4.034502    
  2.409967     -3.626879    
  2.410054     -3.434559    
  2.411499     -3.196234    
  2.411586     -3.238344    
  2.413098     -3.371488    
  2.413185     -3.401449    
  2.417226     -4.029905    
  2.417313     -3.585144    
  2.417446     -3.574527    
  2.417533     -3.649107    
  2.429013     -3.696112    
  2.429100     -3.501047    
  2.429782     -3.563317    
  2.429869     -3.674121    
  2.429909     -3.683552    
  2.429996     -3.562693    
  2.433515     -3.805568    
  2.433602     -3.631522    
  2.434760     -3.744257    
  2.434847     -3.736437    
  2.438744     -3.581753    
  2.438831     -3.670749    
  2.441087     -3.603551    
  2.441174     -3.621386    
  2.442885     -3.937663    
  2.442972     -4.310339    
  2.446825     -3.818519    
  2.446912     -4.200896    
  2.449374     -3.542859    
  2.449460     -3.569153    
  2.454772     -3.973376    
  2.454858     -3.667359    
  2.457103     -3.620802    
  2.457190     -3.608509    
  2.462242     -3.970998    
  2.462329     -4.496553    
  2.465051     -4.976459    
  2.465138     -3.851610    
  2.466974     -4.227269    
  2.467061     -4.479748    
  2.469909     -4.888492    
  2.469996     -4.619085    
  2.471129     -4.003597    
  2.471216     -3.643933    
  2.471255     -3.709915    
  2.471342     -4.290773    
  2.471828     -3.971271    
  2.471915     -3.541532    
  2.473553    -100.00000    
  2.473639     -4.645747    
  2.473908     -4.194703    
  2.473994     -3.633796    
  2.475654     -3.332169    
  2.475741     -3.396285    
  2.476442     -4.061090    
  2.476529     -3.455584    
  2.476977     -3.483067    
  2.477064     -3.743162    
  2.479546     -3.737684    
  2.479633     -3.597259    
  2.483967    -100.00000    
  2.484054     -3.512055    
  2.484128     -3.396964    
  2.484215     -3.305107    
  2.484517     -3.125277    
  2.484604     -3.059458    
  2.487037     -3.083771    
  2.487124     -3.880322    
  2.491399     -3.474530    
  2.491486     -3.667202    
  2.493770     -3.594551    
  2.493799     -4.305625    
  2.493857     -4.308649    
  2.493886     -4.363859    
  2.496105     -3.578770    
  2.496192     -3.496725    
  2.497233     -3.564861    
  2.497320     -3.626761    
  2.497678     -3.459000    
  2.497765     -3.364718    
  2.498024     -3.424351    
  2.498111     -3.660796    
  2.501025     -3.497568    
  2.503920     -3.551009    
  2.504007     -3.495987    
  2.504069     -3.507111    
  2.504156     -3.493062    
  2.506191     -3.585120    
  2.506278     -3.677154    
  2.507046     -3.579413    
  2.507133     -3.551106    
  2.509451     -3.979580    
  2.511756     -3.558788    
  2.511843     -3.596973    
  2.512347     -3.682735    
  2.512434     -3.663716    
  2.514176     -3.762656    
  2.514263     -3.652035    
  2.515486     -3.617793    
  2.515573     -3.641084    
  2.515719     -3.649137    
  2.515805     -3.653404    
  2.515872     -3.656322    
  2.515959     -3.660503    
  2.516706     -3.697550    
  2.516793     -3.676048    
  2.516940     -3.671190    
  2.517027     -3.671035    
  2.517941     -3.702078    
  2.518028     -3.669440    
  2.519341     -3.931143    
  2.519428     -3.795835    
  2.521714     -3.676235    
  2.523988     -3.847530    
  2.526250     -3.757878    
  2.528500     -3.295447    
  2.528587     -3.359604    
  2.532731     -3.623975    
  2.532818     -3.627704    
  2.533833     -3.669228    
  2.533920     -3.696647    
  2.537178     -3.879945    
  2.540412     -3.811070    
  2.543622     -3.834036    
  2.546808     -3.829935    
  2.546895     -3.838683    
  2.547436     -3.853057    
  2.547523     -3.835653    
  2.551127     -3.858893    
  2.554701     -3.843266    
  2.554788     -3.875682    
  2.557290     -3.858701    
  2.559779     -3.856690    
  2.562253     -3.944578    
  2.564713     -3.836721    
  2.564799     -3.842978    
  2.568369     -3.834662    
  2.568456     -3.847594    
  2.571315     -3.864802    
  2.571402     -3.867448    
  2.571490     -3.869256    
  2.571576     -3.864104    
  2.572582     -3.904871    
  2.572668     -3.939467    
  2.573820     -3.973145    
  2.573907     -3.912047    
  2.576147     -3.901136    
  2.578375     -3.897741    
  2.580592     -3.944986    
  2.582797     -3.922606    
  2.582884     -3.916461    
  2.586758     -4.082087    
  2.590598     -3.877737    
  2.590685     -3.860915    
  2.593225     -3.907369    
  2.595750     -3.958892    
  2.595837     -3.900443    
  2.598386     -3.906635    
  2.600921     -3.892782    
  2.601008     -3.907597    
  2.603333     -3.965586    
  2.603420     -3.930318    
  2.604635     -3.926252    
  2.604722     -3.935065    
  2.606239     -3.947624    
  2.606324     -3.945823    
  2.606411     -3.943821    
  2.607057     -3.969917    
  2.607144     -3.975848    
  2.607239     -3.971837    
  2.607326     -3.970302    
  2.607391     -3.971539    
  2.607478     -3.974718    
  2.607654     -3.979496    
  2.607741     -3.958358    
  2.611049     -3.964466    
  2.614332     -3.925751    
  2.614419     -3.961951    
  2.617004     -3.969902    
  2.619574     -4.018411    
  2.619659     -3.960973    
  2.619746     -3.982980    
  2.620996     -3.992991    
  2.621082     -3.983470    
  2.621962     -4.015082    
  2.622049     -4.086431    
  2.623324     -3.908017    
  2.623411     -3.883559    
  2.624766     -3.953415    
  2.624853     -3.979229    
  2.627024     -3.898919    
  2.627110     -3.956402    
  2.630435     -3.972864    
  2.630522     -3.962639    
  2.632418     -3.992055    
  2.632505     -4.002518    
  2.633585     -4.038041    
  2.633672     -4.037096    
  2.634210     -4.055241    
  2.634297     -4.055974    
  2.636422     -4.127503    
  2.638537     -3.989190    
  2.640642     -4.005054    
  2.642737     -3.995578    
  2.642824     -3.985184    
  2.645913     -4.074598    
  2.646000     -4.048858    
  2.648513     -4.022210    
  2.648600     -4.055779    
  2.650102     -4.039514    
  2.650189     -4.037456    
  2.650581     -4.041798    
  2.650668     -4.043622    
  2.653884     -4.100832    
  2.653971     -4.100081    
  2.654508     -4.106180    
  2.654595     -4.110169    
  2.655848     -4.189501    
  2.655935     -4.140212    
  2.656856     -4.027009    
  2.656943     -4.030990    
  2.658483     -4.037635    
  2.658570     -4.039818    
  2.659789     -4.072907    
  2.659876     -4.075331    
  2.661632     -4.092614    
  2.661711     -4.092951    
  2.661798     -4.094016    
  2.662214     -4.100754    
  2.662301     -4.100376    
  2.662838     -4.098262    
  2.662925     -4.100845    
  2.663187     -4.099052    
  2.663274     -4.097851    
  2.665319     -4.081614    
  2.665405     -4.106226    
  2.666840     -3.967967    
  2.668270     -4.017492    
  2.668357     -4.014236    
  2.670100     -4.052873    
  2.670187     -4.060375    
  2.670742     -4.079236    
  2.670829     -4.084823    
  2.672470     -4.124440    
  2.674106     -4.162833    
  2.674193     -4.162764    
  2.675152     -4.173630    
  2.675239     -4.175941    
  2.675371     -4.178371    
  2.675458     -4.180753    
  2.676824     -4.196453    
  2.676911     -4.195385    
  2.677751     -4.200817    
  2.677838     -4.203746    
  2.679282     -4.197254    
  2.680721     -4.206414    
  2.682155     -4.186535    
  2.683585     -4.196808    
  2.683672     -4.195328    
  2.684480     -4.199651    
  2.684566     -4.200755    
  2.685714     -4.211957    
  2.685801     -4.211858    
  2.685988     -4.212352    
  2.686075     -4.212286    
  2.686520     -4.213460    
  2.686607     -4.217265    
  2.687327     -4.217543    
  2.688046     -4.222143    
  2.688133     -4.221847    
  2.688542     -4.225940    
  2.688599     -4.226416    
  2.688629     -4.226154    
  2.688686     -4.223027    
  2.689808     -4.227304    
  2.690927     -4.230564    
  2.691014     -4.231590    
  2.691670     -4.241423    
  2.692326     -4.188467    
  2.692981     -4.195980    
  2.693635     -4.174160    
  2.693722     -4.176343    
  2.694340     -4.192387    
  2.694958     -4.200558    
  2.695575     -4.207038    
  2.696192     -4.193631    
  2.696807     -4.181259    
  2.697422     -4.190985    
  2.698035     -4.197891    
  2.698648     -4.197311    
  2.698717     -4.198189    
  2.698803     -4.199884    
  2.699142     -4.220053    
  2.699229     -4.226604    
  2.700077     -4.177595    
  2.700500     -4.170544    
  2.700923     -4.177955    
  2.701345     -4.183973    
  2.701767     -4.187648    
  2.702189     -4.192292    
  2.702610     -4.198685    
  2.702697     -4.198998    
  2.706323     -4.283810    
  2.706410     -4.251749    
  2.707308     -4.251275    
  2.707395     -4.267522    
  2.708280     -4.277813    
  2.708352     -4.279618    
  2.708438     -4.271223    
  2.709271     -4.183995    
  2.709358     -4.180779    
  2.712230     -4.200290    
  2.712317     -4.233182    
  2.715874     -4.262484    
  2.715961     -4.271434    
  2.716395     -4.277698    
  2.716481     -4.278722    
  2.716568     -4.328095    
  2.721359     -4.182156    
  2.721446     -4.197211    
  2.724957     -4.276007    
  2.725044     -4.272692    
  2.725129     -4.274123    
  2.725216     -4.278835    
  2.727523     -4.300536    
  2.727610     -4.297861    
  2.728146     -4.300013    
  2.728233     -4.300598    
  2.728368     -4.301191    
  2.728455     -4.301572    
  2.728556     -4.302012    
  2.728643     -4.318929    
  2.735898     -4.307252    
  2.735985     -4.325295    
  2.736079     -4.327134    
  2.737059     -4.319261    
  2.737146     -4.309451    
  2.738167     -4.311183    
  2.738254     -4.314420    
  2.740490     -4.331523    
  2.740577     -4.328720    
  2.742815     -4.346257    
  2.742902     -4.236647    
  2.743703     -5.583922    
  2.743790     -4.434148    
  2.753428     -4.279034    
  2.753515     -4.337474    
  2.753850     -4.338499    
  2.753937     -4.339316    
  2.754509     -4.338777    
  2.754596     -4.336797    
  2.754850     -4.336294    
  2.754937     -4.337554    
  2.756676     -4.354398    
  2.756763     -4.349597    
  2.758474     -4.355486    
  2.758561     -4.356944    
  2.759027     -4.360660    
  2.759113     -4.361692    
  2.759911     -4.369925    
  2.759997     -4.371333    
  2.763464     -4.391984    
  2.763551     -4.395198    
  2.765400     -4.395374    
  2.765487     -4.391469    
  2.765755     -4.389802    
  2.765842     -4.307016    
  2.766689     -4.800020    
  2.766776     -4.462573    
  2.768842     -4.296703    
  2.768929     -4.347420    
  2.769216     -4.352073    
  2.769303     -4.353847    
  2.772541     -4.393748    
  2.772628     -4.398171    
  2.781421     -4.450810    
  2.781508     -4.452126    
  2.783749     -4.425395    
  2.783836     -4.623796    
  2.786316     -4.579056    
  2.786403     -4.358747    
  2.789343     -4.404448    
  2.789430     -4.402971    
  2.792049     -4.435429    
  2.792136     -4.432653    
  2.795957     -4.459017    
  2.796043     -4.430115    
  2.799021     -4.518703    
  2.799107     -5.782342    
  2.799738     -5.227800    
  2.799825     -4.717627    
  2.801475     -4.321124    
  2.801562     -4.377792    
  2.816430     -4.557039    
  2.816517     -4.521990    
  2.817018     -4.522847    
  2.817105     -4.523235    
  2.818570     -4.521553    
  2.818657     -4.517510    
  2.823371     -4.518776    
  2.823458     -4.522791    
  2.826003     -4.533454    
  2.826090     -4.529104    
  2.829613     -4.552010    
  2.829700     -4.553558    
  2.832995     -4.546439    
  2.833082     -4.548920    
  2.835804     -4.564702    
  2.835890     -4.567295    
  2.836249     -4.986728    
  2.836336     -4.726802    
  2.836442     -4.600739    
  2.836529     -4.532743    
  2.841429     -4.526527    
  2.841516     -4.545513    
  2.844722     -4.578032    
  2.844809     -4.574354    
  2.845614     -4.579475    
  2.845701     -4.580959    
  2.845992     -4.582318    
  2.846079     -4.583165    
  2.846320     -4.584642    
  2.846407     -4.598457    
  2.851273     -4.588162    
  2.851359     -4.592992    
  2.851605     -4.579704    
  2.851692     -4.568969    
  2.852906     -4.523970    
  2.852993     -4.526840    
  2.853657     -4.529664    
  2.853730     -4.532781    
  2.853816     -4.526511    
  2.856721     -4.545754    
  2.856808     -4.564416    
  2.861695     -4.625003    
  2.861782     -4.618300    
  2.863190     -4.621866    
  2.863277     -4.619647    
  2.864011     -4.620911    
  2.864097     -4.622325    
  2.864172     -4.622662    
  2.864259     -4.624346    
  2.866955     -4.635058    
  2.867042     -4.636436    
  2.872704     -4.651365    
  2.872791     -4.663545    
  2.877117     -4.641161    
  2.877204     -4.636229    
  2.880603     -4.666242    
  2.880690     -5.175552    
  2.882313     -4.821204    
  2.882400     -4.701868    
  2.882670     -4.654488    
  2.882757     -5.982708    
  2.886654     -4.272318    
  2.886684     -4.335512    
  2.886741     -4.338808    
  2.886771     -4.340348    
  2.887555     -4.394086    
  2.887642     -4.454388    
  2.893704     -4.694960    
  2.893791     -4.653563    
  2.894071     -4.659065    
  2.894157     -4.659145    
  2.895095     -4.675127    
  2.895182     -4.677697    
  2.895490     -4.676473    
  2.895577     -4.670361    
  2.896767     -4.673934    
  2.896854     -5.075117    
  2.897787     -6.231220    
  2.897874     -4.802321    
  2.899209     -4.628645    
  2.899296     -4.602412    
  2.901336     -4.662864    
  2.901423     -4.664094    
  2.905548     -4.723826    
  2.905635     -4.720490    
  2.908098     -4.739705    
  2.908185     -4.738393    
  2.908477     -4.738633    
  2.908564     -4.734236    
  2.916527     -4.769350    
  2.916614     -4.761189    
  2.916785     -4.756125    
  2.916872     -4.754104    
  2.917171     -4.749149    
  2.917258     -4.737552    
  2.921759     -4.783012    
  2.921845     -4.760905    
  2.925029     -4.773402    
  2.925116     -4.773035    
  2.925683     -4.773698    
  2.925770     -4.774324    
  2.925849     -4.774673    
  2.925936     -4.775033    
  2.926028     -4.774918    
  2.927554     -4.786396    
  2.927641     -4.786117    
  2.927672     -4.786278    
  2.927759     -4.787028    
  2.927951     -4.788148    
  2.928037     -4.780285    
  2.928671     -4.766864    
  2.928758     -4.768719    
  2.929127     -4.770029    
  2.929213     -4.768671    
  2.929524     -4.766759    
  2.929611     -4.771351    
  2.929967     -4.772636    
  2.930054     -4.771667    
  2.930245     -4.772382    
  2.930332     -4.772649    
  2.930604     -4.774059    
  2.930644     -4.774190    
  2.930691     -4.774304    
  2.930731     -4.774450    
  2.930956     -4.773700    
  2.931043     -4.771802    
  2.932654     -4.754622    
  2.932741     -4.754572    
  2.933595     -4.754899    
  2.933682     -4.754461    
  2.934646     -4.759630    
  2.934733     -4.760510    
  2.934790     -4.760908    
  2.934877     -4.759468    
  2.935353     -4.768138    
  2.935439     -4.762260    
  2.936807     -4.762571    
  2.936894     -4.766132    
  2.937517     -4.769149    
  2.937604     -4.755878    
  2.942728     -4.769027    
  2.942815     -4.785510    
  2.943758     -4.792191    
  2.943845     -4.793823    
  2.943894     -4.794214    
  2.943981     -4.795013    
  2.945266     -4.803633    
  2.945353     -4.805457    
  2.946273     -4.810125    
  2.946360     -4.808410    
  2.946687     -4.809018    
  2.946746     -4.809932    
  2.946774     -4.809987    
  2.946833     -4.802271    
  2.950770     -4.820139    
  2.950857     -4.824305    
  2.951287     -4.827356    
  2.951374     -4.827782    
  2.951710     -4.829615    
  2.951797     -4.830649    
  2.952602     -4.836091    
  2.952688     -4.835160    
  2.953750     -4.839420    
  2.953837     -4.840618    
  2.953990     -4.841779    
  2.954077     -4.842447    
  2.954361     -4.842631    
  2.954448     -4.842504    
  2.955030     -4.836340    
  2.955117     -4.833670    
  2.955739     -4.831538    
  2.955826     -4.833744    
  2.956162     -4.835032    
  2.956248     -4.834669    
  2.956346     -4.834817    
  2.956433     -4.835195    
  2.957599     -4.840299    
  2.957685     -4.840928    
  2.957790     -4.843918    
  2.958490     -4.835433    
  2.958577     -4.837413    
  2.958702     -4.838153    
  2.958789     -4.838674    
  2.959196     -4.836240    
  2.959269     -4.835802    
  2.959356     -4.835804    
  2.959520     -4.836781    
  2.959575     -4.837415    
  2.959607     -4.837787    
  2.959642     -4.838227    
  2.959678     -4.839379    
  2.959729     -4.825461    
  2.959837     -4.781247    
  2.959916     -4.763211    
  2.960003     -4.751199    
  2.960694     -4.725677    
  2.960781     -4.725171    
  2.961122     -4.723058    
  2.961209     -4.687208    
  2.965318     -5.223335    
  2.965405     -4.682991    
  2.973340     -4.711142    
  2.973427     -4.798288    
  2.975729     -4.851496    
  2.975815     -4.747131    
  2.976171     -4.738099    
  2.976258     -4.815278    
  2.981363     -4.873191    
  2.981450     -5.221350    
  2.982423     -4.942395    
  2.982509     -4.820135    
  2.982872     -4.755061    
  2.982959     -4.778692    
  3.005749     -4.849654    
  3.005836     -4.914091    
  3.008346     -4.960620    
  3.008392     -4.955828    
  3.008433     -4.950244    
  3.008479     -4.841584    
  3.022969     -4.604824    
  3.023055     -4.912134    
  3.024662     -4.961570    
  3.024749     -4.947385    
  3.026972     -4.981925    
  3.027058     -4.981835    
  3.028439     -4.992352    
  3.028526     -5.189487    
  3.041713     -4.629688    
  3.041799     -4.815481    
  3.044019     -4.969454    
  3.044106     -4.970462    
  3.046417     -5.037293    
  3.046504     -5.030845    
  3.047266     -5.047678    
  3.047353     -5.054467    
  3.053134     -4.975159    
  3.053221     -5.023561    
  3.056619     -5.051751    
  3.056706     -5.039731    
  3.057754     -5.092365    
  3.057841     -4.995274    
  3.072777     -4.984316    
  3.072864     -5.016508    
  3.074515     -5.002274    
  3.074602     -5.033641    
  3.082910     -5.130139    
  3.082997     -5.325728    
  3.085748     -4.846599    
  3.085835     -4.453017    
  3.088154     -4.601569    
  3.088240     -4.542458    
  3.089212     -4.613357    
  3.089299     -4.766219    
  3.092941     -4.897996    
  3.093028     -4.965975    
  3.093244     -5.723394    
  3.093331     -6.060926    
  3.093732     -6.541899    
  3.093819     -4.953630    
  3.096179     -4.031478    
  3.096266     -4.092418    
  3.099391     -4.856943    
  3.099477     -4.815571    
  3.110593     -5.050717    
  3.110679     -4.938703    
  3.114687     -5.064634    
  3.114774     -5.021336    
  3.115819     -4.940386    
  3.115905     -4.967428    
  3.116258     -4.975365    
  3.116344     -4.932203    
  3.116978     -5.255990    
  3.117065     -5.160720    
  3.118889     -4.943814    
  3.118976     -5.045731    
  3.124616     -5.185585    
  3.124703     -5.105679    
  3.125997     -5.085978    
  3.126084     -5.117621    
  3.126554     -5.204120    
  3.126641     -5.145602    
  3.126962     -5.042375    
  3.127049     -5.043527    
  3.127687     -5.039426    
  3.127774     -5.054564    
  3.129225     -5.107622    
  3.129312     -5.124698    
  3.132800     -5.184430    
  3.132887     -5.251985    
  3.135587     -5.188351    
  3.135674     -5.200747    
  3.138745     -5.147324    
  3.138832     -5.135948    
  3.139047     -5.043853    
  3.139134     -5.028762    
  3.141109     -5.090901    
  3.141196     -5.093145    
  3.143577     -5.200770    
  3.143664     -5.199252    
  3.144101     -5.211481    
  3.144188     -5.210078    
  3.144945     -5.235076    
  3.145031     -5.364598    
  3.146758     -5.239067    
  3.146845     -5.289144    
  3.146888     -5.296966    
  3.146975     -5.276767    
  3.147795     -5.266317    
  3.147882     -5.283486    
  3.148717     -5.294265    
  3.148804     -5.380669    
  3.149747     -5.249482    
  3.149834     -5.264550    
  3.150628     -5.278137    
  3.150714     -5.283629    
  3.151276     -5.273495    
  3.151363     -5.259774    
  3.152544     -5.233976    
  3.152631     -5.242901    
  3.152935     -5.241087    
  3.153022     -5.242373    
  3.153068     -5.240522    
  3.153155     -5.237872    
  3.153381     -5.246440    
  3.153434     -5.248599    
  3.153468     -5.249161    
  3.153521     -5.247922    
  3.155016     -5.266422    
  3.155103     -5.287233    
  3.159418     -5.313182    
  3.159505     -5.296991    
  3.159758     -5.297699    
  3.159845     -5.325664    
  3.164009     -5.316037    
  3.164096     -5.306207    
  3.164633     -5.334752    
  3.164720     -5.307791    
  3.164846     -5.298160    
  3.164933     -5.302866    
  3.165979     -5.352399    
  3.166066     -5.311728    
  3.171670     -5.314804    
  3.171756     -5.045261    
  3.173578     -5.080011    
  3.173665     -5.095211    
  3.174167     -5.110457    
  3.174254     -5.111306    
  3.179466     -5.374189    
  3.179553     -5.330128    
  3.180463     -5.351054    
  3.180550     -5.355127    
  3.181675     -5.369928    
  3.181761     -5.372927    
  3.184969     -5.404286    
  3.185055     -5.402581    
  3.187464     -5.409986    
  3.187494     -5.407920    
  3.187551     -5.407451    
  3.187581     -5.406514    
  3.188338     -5.408026    
  3.188425     -5.416334    
  3.189356     -5.404493    
  3.189443     -6.365525    
  3.190962     -6.778643    
  3.191049     -5.475805    
  3.191119     -5.386253    
  3.191206     -5.305702    
  3.192224     -5.103422    
  3.192311     -5.099818    
  3.194885     -5.202259    
  3.194972     -5.224260    
  3.196916     -5.325313    
  3.197003     -5.349386    
  3.203163     -5.433867    
  3.203249     -5.430343    
  3.204661     -5.438366    
  3.204747     -5.440432    
  3.207365     -5.448544    
  3.207452     -5.444593    
  3.209135     -5.455815    
  3.209222     -5.454490    
  3.209715     -5.453293    
  3.209802    -100.00000    
  3.217531     -4.452103    
  3.217618     -4.322809    
  3.217704     -4.327613    
  3.217791     -4.332824    
  3.218329     -4.373726    
  3.218415     -4.675614    
  3.233361    -100.00000    
  3.233448     -5.458443    
  3.243111     -5.377610    
  3.243198     -5.504909    
  3.251238     -5.567175    
  3.251325     -5.561838    
  3.261641     -5.584728    
  3.261728     -5.583946    
  3.263462     -5.592975    
  3.263549     -5.593737    
  3.271269     -5.609247    
  3.271355     -5.601704    
  3.271415     -5.601681    
  3.271502     -5.601702    
  3.273253     -5.613005    
  3.273340     -5.613914    
  3.276754     -5.624043    
  3.276841     -5.624278    
  3.279706     -5.633880    
  3.279793     -5.634997    
  3.281662     -5.639961    
  3.281749     -5.640656    
  3.283538     -5.645500    
  3.283625     -5.645091    
  3.285833     -5.647577    
  3.285920     -5.645998    
  3.289028     -5.653656    
  3.289115     -5.650761    
  3.291415     -5.660430    
  3.291501     -5.660325    
  3.292656     -5.665131    
  3.292743     -5.664849    
  3.294670     -5.672670    
  3.294757     -5.673672    
  3.295898     -5.675741    
  3.295985     -5.675987    
  3.296762     -5.678475    
  3.296849     -5.678723    
  3.299441     -5.683503    
  3.299528     -5.682937    
  3.301132     -5.682846    
  3.301219     -5.685691    
  3.305074     -5.693565    
  3.305161     -5.697063    
  3.305985     -5.700313    
  3.306072     -5.701620    
  3.306887     -5.702086    
  3.306974     -5.701429    
  3.309364     -5.709373    
  3.309451     -5.709071    
  3.309833     -5.709350    
  3.309920     -5.709481    
  3.310624     -5.708795    
  3.310710     -5.708349    
  3.310978     -5.707319    
  3.311065     -5.707191    
  3.311327     -5.707550    
  3.311414     -5.707918    
  3.311825     -5.709480    
  3.311912     -5.709750    
  3.312012     -5.707266    
  3.312099     -5.731247    
  3.333122     -5.763134    
  3.333209     -5.756932    
  3.343376     -5.774881    
  3.343463     -5.793216    
  3.351164     -5.771590    
  3.351250     -5.800403    
  3.351681     -5.813620    
  3.351768     -5.778535    
  3.363548     -5.873063    
  3.363635     -5.772988    
  3.367434     -5.752520    
  3.367521     -5.814538    
  3.377612     -5.936160    
  3.377699     -6.169092    
  3.379159     -5.701655    
  3.379246     -5.703727    
  3.382086     -5.768694    
  3.382173     -5.784194    
  3.385882     -5.915808    
  3.385969     -5.908278    
  3.389771     -5.940078    
  3.389858     -5.938086    
  3.395039     -5.951408    
  3.395125     -5.932339    
  3.400648     -6.012325    
  3.400735     -5.850246    
  3.400855     -5.812613    
  3.400942     -5.718666    
  3.403535     -5.699383    
  3.403595     -5.735567    
  3.403622     -5.736736    
  3.403681     -5.739026    
  3.404126     -5.757035    
  3.404213     -5.835144    
  3.414942     -6.058390    
  3.415029     -6.000664    
  3.419275     -6.008669    
  3.419361     -6.007544    
  3.421764     -6.022767    
  3.421851     -6.018033    
  3.426245     -6.029606    
  3.426332     -6.025076    
  3.434923     -6.048463    
  3.435010     -5.969726    
  3.442825     -5.710706    
  3.442912     -5.927665    
  3.444934     -6.023558    
  3.445021     -6.031711    
  3.449934     -6.093896    
  3.450021     -6.089998    
  3.466667     -6.118803    
  3.466754     -6.122136    
  3.467592     -6.125705    
  3.467679     -6.177553    
  3.468746     -6.185114    
  3.468833     -6.131133    
  3.469843     -6.134588    
  3.469930     -6.134336    
  3.472928     -6.135669    
  3.473015     -6.138528    
  3.480890     -6.129221    
  3.480977     -6.148096    
  3.485957     -6.170274    
  3.486044     -6.167879    
  3.486320     -6.169541    
  3.486406     -6.171101    
  3.494277     -6.189509    
  3.494364     -6.180843    
  3.503878     -6.240487    
  3.503965     -6.190754    
  3.505952     -6.309722    
  3.506039     -6.111215    
  3.506892     -5.702588    
  3.506979     -5.631678    
  3.515804     -6.573136    
  3.515836     -6.220702    
  3.515891     -6.221983    
  3.515923     -6.244088    
  3.534135     -6.289857    
  3.534222     -6.286368    
  3.535311     -6.294373    
  3.535397     -6.291878    
  3.539346     -6.303332    
  3.539433     -6.382235    
  3.543849     -6.094557    
  3.543936     -6.126810    
  3.544500     -6.174549    
  3.544586     -6.186400    
  3.545154     -6.212670    
  3.545241     -6.188865    
  3.552154     -6.357485    
  3.552241     -6.331119    
  3.553235     -6.338093    
  3.553322     -6.339009    
  3.555627     -6.345089    
  3.555714     -6.341964    
  3.557696     -6.351520    
  3.557783     -6.351930    
  3.558846     -6.361161    
  3.558933     -6.356050    
  3.559110     -6.355887    
  3.559197     -6.355469    
  3.560994     -6.359145    
  3.561019     -6.354499    
  3.561080     -6.354551    
  3.561106     -6.354558    
  3.561368     -6.355981    
  3.561455     -6.356568    
  3.561702     -6.358027    
  3.561789     -6.358395    
  3.561901     -6.357697    
  3.561988     -6.353089    
  3.565681     -6.376311    
  3.565768     -6.382918    
  3.568654     -6.400345    
  3.568741     -6.400047    
  3.572245     -6.411023    
  3.572332     -6.387432    
  3.628600     -6.506894    
  3.628687     -6.501252    
  3.631423     -6.549046    
  3.631510     -6.547022    
  3.632293     -6.552070    
  3.632379     -6.550301    
  3.634321     -6.560943    
  3.634408     -6.570367    
  3.644191     -6.495872    
  3.644278     -6.587140    
  3.656741     -6.589471    
  3.656828     -6.557846    
  3.663615     -6.519049    
  3.663702     -6.594350    
  3.670110     -6.645072    
  3.670197     -8.104348    
  3.673498     -5.728211    
  3.673585     -6.040253    
  3.687730    -100.00000    
  3.687817     -6.551908    
  3.688052     -6.526215    
  3.688139     -6.517590    
  3.688708     -6.501080    
  3.688795     -6.503534    
  3.688862     -6.503966    
  3.688948     -6.502095    
  3.691459     -6.574191    
  3.691546     -6.594468    
  3.695795     -6.706430    
  3.695882     -6.710163    
  3.713236     -6.757316    
  3.713322     -6.762767    
  3.719779     -6.757765    
  3.719866     -6.759147    
  3.725984     -6.788146    
  3.726070     -6.787736    
  3.733043     -6.807476    
  3.733130     -6.637277    
  3.740126     -6.651562    
  3.740213     -6.760498    
  3.740628     -6.773456    
  3.740715     -6.801128    
  3.751777     -6.865782    
  3.751863     -6.857843    
  3.753187     -6.860116    
  3.753274     -6.859499    
  3.753882     -6.859311    
  3.753969     -6.859215    
  3.754658     -6.860150    
  3.754745     -6.860668    
  3.755217     -6.862940    
  3.755304     -6.863415    
  3.755522     -6.864532    
  3.755609     -6.864988    
  3.755717     -6.864951    
  3.755803     -6.844134    
  3.793452     -6.942484    
  3.793539     -6.958242    
  3.804079     -6.976342    
  3.804166     -6.970957    
  3.806615     -6.991912    
  3.806702     -7.170650    
  3.821564     -6.741064    
  3.821651     -6.917102    
  3.838150     -7.122835    
  3.838237     -7.086409    
  3.842793     -7.032665    
  3.842880     -7.059315    
  3.865757     -7.092089    
  3.865844     -7.144467    
  3.866035     -7.145690    
  3.866122     -7.148541    
  3.871179     -7.165782    
  3.871266     -7.161855    
  3.892235     -7.177133    
  3.892321     -7.218203    
  3.894387     -7.224206    
  3.894474     -7.223857    
  3.895132     -7.223913    
  3.895219     -7.224448    
  3.898660     -7.236121    
  3.898747     -7.236542    
  3.900415     -7.238628    
  3.900502     -7.239167    
  3.902270     -7.244813    
  3.902356     -7.245076    
  3.904208     -7.242120    
  3.904295     -7.245497    
  3.905964     -7.254039    
  3.906051     -7.253878    
  3.906858     -7.257488    
  3.906945     -7.257832    
  3.908342     -7.261830    
  3.908429     -7.261936    
  3.913068     -7.269581    
  3.913155     -7.267335    
  3.913186     -7.267210    
  3.913273     -7.267097    
  3.913769     -7.263264    
  3.913856     -7.262129    
  3.913885     -7.261817    
  3.913972     -7.268632    
  3.916915     -7.287993    
  3.917002     -7.244853    
  3.968835     -7.431918    
  3.968922     -7.306618    
  3.983439     -7.431572    
  3.983526     -7.445371    
  3.993238     -7.476734    
  3.993325     -7.359012    
  4.025832     -7.452600    
  4.025919     -7.539162    
  4.034774     -7.656456    
  4.034860     -7.300041    
  4.038365     -7.114326    
  4.038452     -7.338489    
  4.047778     -7.692009    
  4.047808     -7.619913    
  4.047865     -7.620656    
  4.047895     -7.702367    
  4.073362     -7.535851    
  4.073449     -7.689124    
  4.128589     -7.811902    
  4.128676     -7.832423    
  4.150175     -7.887672    
  4.150262     -7.895455    
  4.155926     -7.912171    
  4.156013     -7.888784    
  4.161727     -7.910221    
  4.161814     -7.922205    
  4.163762     -7.926646    
  4.163849     -7.907889    
  4.251427     -8.166879    
  4.251514     -8.168372    
  4.266067     -8.205428    
  4.266154     -8.055475    
  4.339907     -8.497413    
  4.339994     -8.315900    
  4.353233     -8.451225    
  4.353320     -8.462412    
  4.356074     -8.456260    
  4.356161     -8.456156    
  4.357582     -8.463727    
  4.357669     -8.463712    
  4.440368     -8.681483    
  4.440455     -8.672310    
  4.512937     -8.811580    
  4.513024     -8.908762    
  4.514610     -8.902955    
  4.514697     -8.906469    
  4.515945     -8.916521    
  4.516032     -8.910702    
  4.585469     -9.099369    
  4.585556     -9.086451    
  4.648489     -9.249189    
  4.648576     -9.281103    
  4.649548     -9.281598    
  4.649635     -9.281202    
  4.649838     -9.282145    
  4.649925     -9.256983    
  4.709765     -9.414889    
  4.709852     -9.465338    
  4.765753     -9.585250    
  4.765822     -9.627557    
  4.765844     -9.626784    
  4.765909     -9.626408    
  4.765931     -9.613608    
  4.818480     -9.785490    
  4.818567     -9.748383    
  4.868094     -9.846994    
  4.868127     -9.899641    
  4.868152     -9.898462    
  4.868181     -9.897357    
  4.868214     -9.896747    
  4.868239     -9.862558    
  4.915089     -10.08219    
  4.915176     -10.06636    
  4.959449     -10.18690    
  4.959536     -10.17338    
  4.959642     -9.844874    
  4.959667     -9.795443    
  4.959729     -9.748158    
  4.959754     -10.17788    
  5.002021     -10.18773    
  5.002108     -10.31609    
  5.041986     -10.43158    
  5.042072     -10.43931    
  5.042428     -10.43913    
  5.042455     -10.43906    
  5.042515     -10.43897    
  5.042541     -10.41125    
  5.081038     -10.54347    
  5.081125     -10.49129    
  5.117569     -10.66304    
  5.117655     -10.70464    
  5.118005     -10.53733    
  5.118030     -10.29377    
  5.118092     -10.01908    
  5.118117     -10.52535    
  5.153462     -10.82701    
  5.153549     -10.75788    
  5.187204     -10.86066    
  5.187290     -10.85074    
  5.187529     -10.85226    
  5.187558     -10.85248    
  5.187616     -10.85290    
  5.187645     -10.83998    
  5.251180     -10.99969    
  5.251266     -11.05137    
  5.251931     -11.05200    
  5.252018     -11.03763    
  5.311750     -11.19976    
  5.311837     -11.22982    
  5.311944     -11.20348    
  5.614629     -12.11077    
  5.791270     -12.63801    
  6.013559     -13.27664    
  6.269124     -14.00930    
  6.545503     -14.79765    
  6.833661     -15.62758    
  7.128110     -16.51691    
  7.425812     -17.50726    
  7.725168     -18.71388    
  8.025358     -20.39329    
  8.325968     -22.11006    
  8.626788     -24.76039    
  8.927713    -100.00000    
