 0.6989700    -100.00000    
 0.7331214    -100.00000    
 0.7647820    -100.00000    
 0.7942904    -100.00000    
 0.8219208     -39.51534    
 0.8220077     -39.27309    
 0.8256567     -38.97026    
 0.8257436    -100.00000    
 0.8647793    -100.00000    
 0.9005939    -100.00000    
 0.9336786    -100.00000    
 0.9644204    -100.00000    
 0.9931293     -29.43845    
  1.020057     -27.96244    
  1.045413     -27.02822    
  1.069370     -26.31536    
  1.092073     -25.74630    
  1.113649     -25.42956    
  1.153828    -100.00000    
  1.190604     -17.70632    
  1.224506     -17.66756    
  1.224593    -100.00000    
  1.258242     -17.52348    
  1.258328    -100.00000    
  1.281053     -16.34171    
  1.281140     -16.60993    
  1.305129    -100.00000    
  1.305216     -19.49349    
  1.326885     -19.71325    
  1.326972     -16.77385    
  1.346664     -16.31714    
  1.346750     -16.54271    
  1.351328     -15.82267    
  1.351414     -12.11672    
  1.362515     -11.44491    
  1.362602     -12.01527    
  1.390867     -11.23151    
  1.390954     -10.93742    
  1.403133     -9.909413    
  1.403220     -9.927158    
  1.416604     -9.782242    
  1.416691     -9.796433    
  1.442990     -9.535284    
  1.443077     -9.535953    
  1.465932     -9.385451    
  1.466019     -9.344222    
  1.485843     -9.185040    
  1.485929     -9.192254    
  1.499940     -9.022905    
  1.500027     -8.248343    
  1.524019     -7.960796    
  1.546755     -7.944619    
  1.546842     -7.936440    
  1.576102     -7.959423    
  1.576189     -7.960476    
  1.604747     -8.065194    
  1.604834     -8.147136    
  1.629405     -8.176965    
  1.629492     -8.224976    
  1.655461     -8.451835    
  1.679965     -8.724078    
  1.703160     -9.025448    
  1.725179     -9.341838    
  1.725266     -9.330466    
  1.731654     -9.234182    
  1.731741     -9.247125    
  1.762029     -9.821862    
  1.790341     -10.14888    
  1.790428     -10.15007    
  1.817058     -10.30407    
  1.842149     -10.37783    
  1.842236     -10.37302    
  1.843313     -10.35661    
  1.843400     -10.36737    
  1.861079     -10.33007    
  1.861166     -10.32363    
  1.861837     -10.31711    
  1.861924     -10.33761    
  1.874931     -10.23657    
  1.875018     -10.61009    
  1.914140     -9.699042    
  1.914227     -9.517912    
  1.921566     -8.861019    
  1.921653     -9.003687    
  1.926897     -8.926061    
  1.926984     -8.865807    
  1.953068     -8.794664    
  1.953155     -9.408553    
  1.971846     -8.554356    
  1.971933     -8.507143    
  1.992517     -7.974827    
  1.992604     -8.287251    
  1.993799     -8.294536    
  1.993886     -8.294138    
  1.994140     -8.322348    
  1.994226     -8.559677    
  1.996545     -7.967008    
  1.996632     -7.920462    
  1.998156     -7.662244    
  1.998243     -7.595429    
  2.000011     -7.509527    
  2.000098     -7.600213    
  2.005591     -7.417342    
  2.005678     -7.415470    
  2.007909     -7.445811    
  2.007996     -7.402941    
  2.009188     -7.317807    
  2.009275     -7.146377    
  2.036803     -7.118080    
  2.036890     -6.844170    
  2.061295     -6.979652    
  2.061382     -6.909341    
  2.077530     -6.706891    
  2.077617     -6.537781    
  2.095978     -6.393495    
  2.096065     -6.425180    
  2.097299     -6.402618    
  2.097386     -6.386901    
  2.102584     -6.384663    
  2.102671     -6.366575    
  2.103399     -6.335980    
  2.103486     -6.345372    
  2.105825    -100.00000    
  2.105912     -6.995198    
  2.106091     -6.975703    
  2.106178     -6.730085    
  2.111629     -6.203501    
  2.111716     -6.223029    
  2.119223     -7.221835    
  2.119310     -6.521208    
  2.124245     -6.150660    
  2.124332     -6.204251    
  2.137459     -6.149851    
  2.137546     -6.235008    
  2.138137     -6.198552    
  2.138224     -6.197364    
  2.138688     -6.150746    
  2.138775     -6.064064    
  2.149371     -6.022505    
  2.149458     -6.014437    
  2.150309     -5.959684    
  2.150396     -5.973758    
  2.150438     -5.974640    
  2.150525     -5.979942    
  2.156847     -5.939866    
  2.156934     -5.913090    
  2.168071     -5.918155    
  2.168158     -5.864824    
  2.177603     -5.998395    
  2.177690     -6.219967    
  2.191113     -5.753875    
  2.191200     -5.783055    
  2.197200     -5.620157    
  2.197287     -5.704076    
  2.203933     -5.651972    
  2.204020     -5.657538    
  2.204170     -5.659265    
  2.204257     -5.660659    
  2.204684     -5.662927    
  2.204771     -5.636627    
  2.211353     -5.735326    
  2.217836     -5.526385    
  2.217923     -5.601767    
  2.217949     -5.601820    
  2.218036     -5.601970    
  2.218819     -5.618043    
  2.218906     -5.543487    
  2.223758     -5.568759    
  2.223844    -100.00000    
  2.230357     -5.637763    
  2.236772     -5.627554    
  2.236859     -5.486762    
  2.239623     -5.617011    
  2.239710     -5.556702    
  2.244929     -5.474022    
  2.250086     -5.498308    
  2.250173     -5.439585    
  2.253696     -5.403692    
  2.253782     -5.375889    
  2.256807     -5.387668    
  2.259811     -5.343764    
  2.262794     -5.366273    
  2.265757     -5.352315    
  2.265844     -5.351145    
  2.267022     -5.371721    
  2.267109     -5.939349    
  2.270424     -5.264682    
  2.270511     -5.505546    
  2.273172     -5.463509    
  2.275818     -5.154749    
  2.275905     -5.212886    
  2.278993     -5.233077    
  2.279080     -5.225007    
  2.281448     -5.217823    
  2.283804     -5.222179    
  2.283891     -5.272780    
  2.286548     -5.205755    
  2.286635     -5.224441    
  2.286786     -5.243448    
  2.286873     -5.260381    
  2.289321     -5.388774    
  2.291755     -5.150123    
  2.294175     -5.202331    
  2.296582     -5.124070    
  2.298976     -5.093230    
  2.301356     -5.114935    
  2.303724     -5.102709    
  2.304903     -5.097198    
  2.306078     -5.091448    
  2.306165     -5.085343    
  2.308271     -5.101856    
  2.309320     -5.008122    
  2.310367     -5.055749    
  2.311411     -5.061263    
  2.312452     -5.018115    
  2.313491     -5.050426    
  2.314528     -5.039073    
  2.314614     -5.026565    
  2.315825     -5.013007    
  2.317033     -5.013600    
  2.318237     -4.980977    
  2.319437     -4.979520    
  2.320635     -5.259524    
  2.321829     -5.432624    
  2.323020     -4.915732    
  2.324207     -4.855563    
  2.324294     -4.880274    
  2.325800     -4.931749    
  2.325887     -4.924073    
  2.326813     -4.946771    
  2.327736     -4.938433    
  2.327823     -4.930788    
  2.328856     -4.930825    
  2.329886     -4.900748    
  2.330914     -4.866133    
  2.331939     -4.840145    
  2.332026     -4.831678    
  2.333111     -4.848058    
  2.334194     -4.872726    
  2.335274     -4.890123    
  2.336352     -4.845219    
  2.336439     -4.837005    
  2.337047     -4.845915    
  2.337655     -4.853161    
  2.338262     -4.901046    
  2.338868     -4.920789    
  2.339473     -4.897221    
  2.340077     -4.779361    
  2.340680     -4.797537    
  2.341283     -4.825768    
  2.341370     -4.817564    
  2.341472     -4.801398    
  2.342517     -4.810200    
  2.342604     -4.827402    
  2.343196     -4.852459    
  2.343786     -4.861922    
  2.343873     -4.865578    
  2.344850     -4.858390    
  2.345825     -4.851772    
  2.345912     -4.845843    
  2.346656     -4.845415    
  2.347399     -4.846468    
  2.348141     -4.843527    
  2.348882     -4.832206    
  2.348969     -4.828434    
  2.349884     -4.828539    
  2.349971     -4.831461    
  2.350040     -4.832363    
  2.350127     -4.830919    
  2.350953     -4.843503    
  2.351777     -4.854867    
  2.352600     -4.779333    
  2.353421     -4.659986    
  2.353508     -4.673549    
  2.353983     -4.707441    
  2.354070     -4.712662    
  2.354840     -4.788507    
  2.355610     -4.802248    
  2.356378     -4.723220    
  2.357144     -4.670684    
  2.357197     -4.686610    
  2.357231     -4.688882    
  2.357284     -4.693040    
  2.357504     -4.703764    
  2.357582     -4.704462    
  2.357669     -4.704125    
  2.357776     -4.701852    
  2.357863     -5.291434    
  2.360104     -4.238802    
  2.360190     -4.724243    
  2.373546     -4.044344    
  2.373632     -3.773072    
  2.378097     -4.060024    
  2.378184     -3.617956    
  2.381409     -3.670679    
  2.381496     -4.088380    
  2.384668     -3.544824    
  2.384755     -3.445236    
  2.387126     -4.227054    
  2.387213     -3.712756    
  2.397727     -3.612335    
  2.397814     -3.485281    
  2.403706     -3.462757    
  2.403793     -3.525294    
  2.405816     -3.429736    
  2.405903     -3.394967    
  2.409533     -3.895078    
  2.409619     -4.028564    
  2.409967     -3.935635    
  2.410054     -4.013916    
  2.411499     -3.594611    
  2.411586     -3.407677    
  2.413098     -3.368423    
  2.413185     -3.400822    
  2.417226     -3.457133    
  2.417313     -3.441086    
  2.417446     -3.444154    
  2.417533     -3.411747    
  2.429013     -3.583117    
  2.429100     -3.453494    
  2.429782     -3.454790    
  2.429869     -3.456349    
  2.429909     -3.457031    
  2.429996     -3.464275    
  2.433515     -3.464050    
  2.433602     -3.456451    
  2.434760     -3.536564    
  2.434847     -3.542007    
  2.438744     -3.481523    
  2.438831     -3.508251    
  2.441087     -3.511280    
  2.441174     -3.499056    
  2.442885     -3.470723    
  2.442972     -3.494021    
  2.446825     -3.551546    
  2.446912     -3.503195    
  2.449374     -3.519955    
  2.449460     -3.578463    
  2.454772     -3.549008    
  2.454858     -3.672738    
  2.457103     -3.476873    
  2.457190     -3.532205    
  2.462242     -3.566686    
  2.462329     -3.572396    
  2.465051     -3.583863    
  2.465138     -3.611219    
  2.466974     -3.665853    
  2.467061     -3.585871    
  2.469909     -3.599548    
  2.469996     -3.681603    
  2.471129     -3.683993    
  2.471216     -3.659415    
  2.471255     -3.656073    
  2.471342     -3.647680    
  2.471828     -3.606911    
  2.471915     -3.613436    
  2.473553     -3.603084    
  2.473639     -3.601445    
  2.473908     -3.595635    
  2.473994     -3.554754    
  2.475654     -3.673515    
  2.475741     -3.719647    
  2.476442     -3.620239    
  2.476529     -3.596430    
  2.476977     -3.566755    
  2.477064     -3.561474    
  2.479546     -3.598353    
  2.479633     -3.524840    
  2.483967     -4.148409    
  2.484054     -3.682869    
  2.484128     -3.649982    
  2.484215     -3.611803    
  2.484517     -3.529800    
  2.484604     -3.451333    
  2.487037     -3.432928    
  2.487124     -3.531830    
  2.491399     -3.638812    
  2.491486     -3.640322    
  2.493770     -3.586377    
  2.493799     -3.608775    
  2.493857     -3.610503    
  2.493886     -3.608450    
  2.496105     -3.629836    
  2.496192     -3.650665    
  2.497233     -3.678648    
  2.497320     -3.654848    
  2.497678     -3.623851    
  2.497765     -3.619777    
  2.498024     -3.614986    
  2.498111     -3.606006    
  2.501025     -3.643668    
  2.503920     -3.631426    
  2.504007     -3.630068    
  2.504069     -3.629470    
  2.504156     -3.627661    
  2.506191     -3.633694    
  2.506278     -3.629362    
  2.507046     -3.628872    
  2.507133     -3.629402    
  2.509451     -3.631651    
  2.511756     -3.700430    
  2.511843     -3.666075    
  2.512347     -3.649056    
  2.512434     -3.643116    
  2.514176     -3.654198    
  2.514263     -3.655104    
  2.515486     -3.661267    
  2.515573     -3.657151    
  2.515719     -3.656158    
  2.515805     -3.656141    
  2.515872     -3.656384    
  2.515959     -3.658240    
  2.516706     -3.657564    
  2.516793     -3.655676    
  2.516940     -3.654833    
  2.517027     -3.654349    
  2.517941     -3.655384    
  2.518028     -3.655781    
  2.519341     -3.656072    
  2.519428     -3.657819    
  2.521714     -3.681373    
  2.523988     -3.669291    
  2.526250     -3.692172    
  2.528500     -3.723689    
  2.528587     -3.683416    
  2.532731     -3.703994    
  2.532818     -3.693844    
  2.533833     -3.701508    
  2.533920     -3.703385    
  2.537178     -3.704879    
  2.540412     -3.733025    
  2.543622     -3.724416    
  2.546808     -3.729524    
  2.546895     -3.730576    
  2.547436     -3.731493    
  2.547523     -3.737929    
  2.551127     -3.745258    
  2.554701     -3.757803    
  2.554788     -3.750254    
  2.557290     -3.773054    
  2.559779     -3.773397    
  2.562253     -3.786170    
  2.564713     -3.770793    
  2.564799     -3.781609    
  2.568369     -3.787564    
  2.568456     -3.794210    
  2.571315     -3.800137    
  2.571402     -3.796611    
  2.571490     -3.796617    
  2.571576     -3.792922    
  2.572582     -3.812864    
  2.572668     -3.827596    
  2.573820     -3.803062    
  2.573907     -3.801048    
  2.576147     -3.813082    
  2.578375     -3.817863    
  2.580592     -3.820273    
  2.582797     -3.829067    
  2.582884     -3.834702    
  2.586758     -3.865049    
  2.590598     -3.839135    
  2.590685     -3.849630    
  2.593225     -3.866883    
  2.595750     -3.880756    
  2.595837     -3.863707    
  2.598386     -3.870480    
  2.600921     -3.878228    
  2.601008     -3.876992    
  2.603333     -3.883668    
  2.603420     -3.885348    
  2.604635     -3.888233    
  2.604722     -3.880097    
  2.606239     -3.934081    
  2.606324     -3.921083    
  2.606411     -3.912898    
  2.607057     -3.891331    
  2.607144     -3.894595    
  2.607239     -3.894840    
  2.607326     -3.895106    
  2.607391     -3.895286    
  2.607478     -3.895478    
  2.607654     -3.895691    
  2.607741     -3.896577    
  2.611049     -3.907485    
  2.614332     -3.915964    
  2.614419     -3.914333    
  2.617004     -3.922105    
  2.619574     -3.930647    
  2.619659     -3.934081    
  2.619746     -3.936331    
  2.620996     -3.932133    
  2.621082     -3.933200    
  2.621962     -3.935803    
  2.622049     -3.935439    
  2.623324     -3.943879    
  2.623411     -3.956459    
  2.624766     -3.945349    
  2.624853     -3.946659    
  2.627024     -3.953098    
  2.627110     -3.943691    
  2.630435     -3.978193    
  2.630522     -4.003957    
  2.632418     -3.952862    
  2.632505     -3.965491    
  2.633585     -3.968059    
  2.633672     -3.968496    
  2.634210     -3.970172    
  2.634297     -3.970655    
  2.636422     -3.976624    
  2.638537     -3.987020    
  2.640642     -3.984746    
  2.642737     -4.023667    
  2.642824     -4.033834    
  2.645913     -3.992079    
  2.646000     -4.016830    
  2.648513     -4.011346    
  2.648600     -4.012608    
  2.650102     -4.015633    
  2.650189     -4.016138    
  2.650581     -4.017635    
  2.650668     -4.020773    
  2.653884     -4.028423    
  2.653971     -4.028461    
  2.654508     -4.037183    
  2.654595     -4.039805    
  2.655848     -4.064769    
  2.655935     -4.047397    
  2.656856     -4.043199    
  2.656943     -4.048650    
  2.658483     -4.037978    
  2.658570     -4.049131    
  2.659789     -4.047057    
  2.659876     -4.055198    
  2.661632     -4.050707    
  2.661711     -4.049604    
  2.661798     -4.049894    
  2.662214     -4.050556    
  2.662301     -4.050488    
  2.662838     -4.052533    
  2.662925     -4.053132    
  2.663187     -4.054240    
  2.663274     -4.053731    
  2.665319     -4.060935    
  2.665405     -4.060631    
  2.666840     -4.065049    
  2.668270     -4.071381    
  2.668357     -4.061497    
  2.670100     -4.083786    
  2.670187     -4.085949    
  2.670742     -4.080538    
  2.670829     -4.077101    
  2.672470     -4.078960    
  2.674106     -4.084203    
  2.674193     -4.084456    
  2.675152     -4.088241    
  2.675239     -4.088847    
  2.675371     -4.089368    
  2.675458     -4.089214    
  2.676824     -4.092323    
  2.676911     -4.093946    
  2.677751     -4.098972    
  2.677838     -4.096634    
  2.679282     -4.099647    
  2.680721     -4.103377    
  2.682155     -4.107948    
  2.683585     -4.111853    
  2.683672     -4.112061    
  2.684480     -4.114314    
  2.684566     -4.114556    
  2.685714     -4.117872    
  2.685801     -4.118155    
  2.685988     -4.118742    
  2.686075     -4.119023    
  2.686520     -4.120421    
  2.686607     -4.120684    
  2.687327     -4.122940    
  2.688046     -4.125998    
  2.688133     -4.126387    
  2.688542     -4.127030    
  2.688599     -4.127049    
  2.688629     -4.127084    
  2.688686     -4.126726    
  2.689808     -4.131096    
  2.690927     -4.133007    
  2.691014     -4.133376    
  2.691670     -4.135286    
  2.692326     -4.137228    
  2.692981     -4.139326    
  2.693635     -4.141504    
  2.693722     -4.141789    
  2.694340     -4.144425    
  2.694958     -4.146711    
  2.695575     -4.147345    
  2.696192     -4.147243    
  2.696807     -4.190173    
  2.697422     -4.208799    
  2.698035     -4.154745    
  2.698648     -4.155391    
  2.698717     -4.156161    
  2.698803     -4.156272    
  2.699142     -4.157866    
  2.699229     -4.159614    
  2.700077     -4.165693    
  2.700500     -4.163105    
  2.700923     -4.164759    
  2.701345     -4.165603    
  2.701767     -4.165349    
  2.702189     -4.166179    
  2.702610     -4.167476    
  2.702697     -4.167420    
  2.706323     -4.179385    
  2.706410     -4.179937    
  2.707308     -4.181381    
  2.707395     -4.181898    
  2.708280     -4.184504    
  2.708352     -4.184781    
  2.708438     -4.183989    
  2.709271     -4.193073    
  2.709358     -4.191565    
  2.712230     -4.255549    
  2.712317     -4.197078    
  2.715874     -4.207352    
  2.715961     -4.206969    
  2.716395     -4.208237    
  2.716481     -4.208502    
  2.716568     -4.213475    
  2.721359     -4.223584    
  2.721446     -4.223282    
  2.724957     -4.233799    
  2.725044     -4.234123    
  2.725129     -4.234388    
  2.725216     -4.234888    
  2.727523     -4.241347    
  2.727610     -4.241618    
  2.728146     -4.243253    
  2.728233     -4.243511    
  2.728368     -4.243927    
  2.728455     -4.244200    
  2.728556     -4.244524    
  2.728643     -4.244954    
  2.735898     -4.266540    
  2.735985     -4.266745    
  2.736079     -4.266970    
  2.737059     -4.269730    
  2.737146     -4.270082    
  2.738167     -4.273622    
  2.738254     -4.274603    
  2.740490     -4.280148    
  2.740577     -4.280628    
  2.742815     -4.287190    
  2.742902     -4.287524    
  2.743703     -4.290110    
  2.743790     -4.295916    
  2.753428     -4.320360    
  2.753515     -4.320654    
  2.753850     -4.321211    
  2.753937     -4.321322    
  2.754509     -4.323146    
  2.754596     -4.323639    
  2.754850     -4.324926    
  2.754937     -4.325861    
  2.756676     -4.330290    
  2.756763     -4.330227    
  2.758474     -4.334746    
  2.758561     -4.334754    
  2.759027     -4.336338    
  2.759113     -4.337079    
  2.759911     -4.340779    
  2.759997     -4.339102    
  2.763464     -4.350287    
  2.763551     -4.350519    
  2.765400     -4.355432    
  2.765487     -4.355464    
  2.765755     -4.356273    
  2.765842     -4.356440    
  2.766689     -4.359600    
  2.766776     -4.360228    
  2.768842     -4.367157    
  2.768929     -4.368977    
  2.769216     -4.369462    
  2.769303     -4.368259    
  2.772541     -4.376570    
  2.772628     -4.377577    
  2.781421     -4.403726    
  2.781508     -4.404042    
  2.783749     -4.411662    
  2.783836     -4.411563    
  2.786316     -4.418695    
  2.786403     -4.421946    
  2.789343     -4.427816    
  2.789430     -4.428703    
  2.792049     -4.436129    
  2.792136     -4.436738    
  2.795957     -4.448395    
  2.796043     -4.447890    
  2.799021     -4.460579    
  2.799107     -4.657765    
  2.799738     -4.739252    
  2.799825     -4.637937    
  2.801475     -4.633024    
  2.801562     -4.436932    
  2.816430     -4.524317    
  2.816517     -4.512333    
  2.817018     -4.513922    
  2.817105     -4.513900    
  2.818570     -4.519198    
  2.818657     -4.516855    
  2.823371     -4.539955    
  2.823458     -4.535917    
  2.826003     -4.543387    
  2.826090     -4.544392    
  2.829613     -4.552826    
  2.829700     -4.552487    
  2.832995     -4.565602    
  2.833082     -4.565400    
  2.835804     -4.576714    
  2.835890     -4.575452    
  2.836249     -4.574605    
  2.836336     -4.574737    
  2.836442     -4.574980    
  2.836529     -4.577204    
  2.841429     -4.592173    
  2.841516     -4.597015    
  2.844722     -4.601998    
  2.844809     -4.601092    
  2.845614     -4.605749    
  2.845701     -4.606094    
  2.845992     -4.607038    
  2.846079     -4.607289    
  2.846320     -4.607802    
  2.846407     -4.609443    
  2.851273     -4.627065    
  2.851359     -4.624292    
  2.851605     -4.624049    
  2.851692     -4.619199    
  2.852906     -4.643419    
  2.852993     -4.665711    
  2.853657     -4.665703    
  2.853730     -4.654527    
  2.853816     -4.639156    
  2.856721     -4.694034    
  2.856808     -4.647436    
  2.861695     -4.652938    
  2.861782     -4.653869    
  2.863190     -4.659234    
  2.863277     -4.658582    
  2.864011     -4.664714    
  2.864097     -4.667585    
  2.864172     -4.669119    
  2.864259     -4.670036    
  2.866955     -4.669063    
  2.867042     -4.670548    
  2.872704     -4.687842    
  2.872791     -4.669387    
  2.877117     -4.776185    
  2.877204     -4.710096    
  2.880603     -4.712098    
  2.880690     -4.723004    
  2.882313     -4.776044    
  2.882400     -4.774898    
  2.882670     -4.829798    
  2.882757     -4.824544    
  2.886654     -4.740631    
  2.886684     -4.758847    
  2.886741     -4.754536    
  2.886771     -4.748282    
  2.887555     -4.752287    
  2.887642     -4.736765    
  2.893704     -4.792365    
  2.893791     -4.781645    
  2.894071     -4.767398    
  2.894157     -4.761032    
  2.895095     -4.759257    
  2.895182     -4.761287    
  2.895490     -4.766949    
  2.895577     -4.773465    
  2.896767     -4.774822    
  2.896854     -4.787627    
  2.897787     -4.793330    
  2.897874     -4.780115    
  2.899209     -4.773446    
  2.899296     -4.777347    
  2.901336     -4.779422    
  2.901423     -4.779387    
  2.905548     -4.792012    
  2.905635     -4.793724    
  2.908098     -4.800248    
  2.908185     -4.800683    
  2.908477     -4.801556    
  2.908564     -4.801177    
  2.916527     -4.827989    
  2.916614     -4.828119    
  2.916785     -4.828581    
  2.916872     -4.828824    
  2.917171     -4.829667    
  2.917258     -4.833296    
  2.921759     -4.847360    
  2.921845     -4.847168    
  2.925029     -4.855446    
  2.925116     -4.856218    
  2.925683     -4.856711    
  2.925770     -4.856837    
  2.925849     -4.856973    
  2.925936     -4.857153    
  2.926028     -4.857265    
  2.927554     -4.863669    
  2.927641     -4.863135    
  2.927672     -4.863182    
  2.927759     -4.863326    
  2.927951     -4.863777    
  2.928037     -4.864029    
  2.928671     -4.866111    
  2.928758     -4.866443    
  2.929127     -4.868025    
  2.929213     -4.868383    
  2.929524     -4.869847    
  2.929611     -4.870384    
  2.929967     -4.873349    
  2.930054     -4.874050    
  2.930245     -4.874954    
  2.930332     -4.875006    
  2.930604     -4.874765    
  2.930644     -4.874763    
  2.930691     -4.874774    
  2.930731     -4.874743    
  2.930956     -4.875450    
  2.931043     -4.877421    
  2.932654     -4.879854    
  2.932741     -4.878979    
  2.933595     -4.885653    
  2.933682     -4.887427    
  2.934646     -4.887285    
  2.934733     -4.886909    
  2.934790     -4.886949    
  2.934877     -4.886875    
  2.935353     -4.889164    
  2.935439     -4.892065    
  2.936807     -4.895419    
  2.936894     -4.895462    
  2.937517     -4.902414    
  2.937604     -4.900976    
  2.942728     -4.912299    
  2.942815     -4.914363    
  2.943758     -4.915171    
  2.943845     -4.915818    
  2.943894     -4.915913    
  2.943981     -4.915724    
  2.945266     -4.919285    
  2.945353     -4.920089    
  2.946273     -4.923642    
  2.946360     -4.924093    
  2.946687     -4.925288    
  2.946746     -4.925375    
  2.946774     -4.925433    
  2.946833     -4.925405    
  2.950770     -4.937303    
  2.950857     -4.937385    
  2.951287     -4.938709    
  2.951374     -4.938954    
  2.951710     -4.940007    
  2.951797     -4.940287    
  2.952602     -4.943277    
  2.952688     -4.943586    
  2.953750     -4.947489    
  2.953837     -4.947598    
  2.953990     -4.948027    
  2.954077     -4.948280    
  2.954361     -4.949204    
  2.954448     -4.949510    
  2.955030     -4.951302    
  2.955117     -4.951536    
  2.955739     -4.953371    
  2.955826     -4.953668    
  2.956162     -4.954955    
  2.956248     -4.955329    
  2.956346     -4.955727    
  2.956433     -4.956162    
  2.957599     -4.959503    
  2.957685     -4.959914    
  2.957790     -4.960392    
  2.958490     -4.962413    
  2.958577     -4.962541    
  2.958702     -4.962869    
  2.958789     -4.963102    
  2.959196     -4.964583    
  2.959269     -4.964877    
  2.959356     -4.965204    
  2.959520     -4.965799    
  2.959575     -4.965993    
  2.959607     -4.966106    
  2.959642     -4.966233    
  2.959678     -4.966362    
  2.959729     -4.966550    
  2.959837     -4.966954    
  2.959916     -4.967262    
  2.960003     -4.967717    
  2.960694     -4.969981    
  2.960781     -4.970099    
  2.961122     -4.970508    
  2.961209     -4.901068    
  2.965318     -4.917002    
  2.965405     -5.007289    
  2.973340     -4.929376    
  2.973427     -4.963801    
  2.975729     -4.911588    
  2.975815     -4.915258    
  2.976171     -4.957416    
  2.976258     -4.955360    
  2.981363     -4.943889    
  2.981450     -4.924378    
  2.982423     -4.947946    
  2.982509     -4.949233    
  2.982872     -4.944833    
  2.982959     -4.958021    
  3.005749     -5.013931    
  3.005836     -5.012315    
  3.008346     -5.023660    
  3.008392     -5.023337    
  3.008433     -5.023441    
  3.008479     -5.106822    
  3.022969     -5.058533    
  3.023055     -5.076900    
  3.024662     -5.087406    
  3.024749     -5.082137    
  3.026972     -5.091370    
  3.027058     -5.092893    
  3.028439     -5.099603    
  3.028526     -5.103230    
  3.041713     -5.162613    
  3.041799     -5.178606    
  3.044019     -5.133653    
  3.044106     -5.148641    
  3.046417     -5.156675    
  3.046504     -5.157254    
  3.047266     -5.158637    
  3.047353     -5.167523    
  3.053134     -5.191786    
  3.053221     -5.186422    
  3.056619     -5.191146    
  3.056706     -5.194615    
  3.057754     -5.196315    
  3.057841     -5.216316    
  3.072777     -5.254156    
  3.072864     -5.235909    
  3.074515     -5.319963    
  3.074602     -5.263991    
  3.082910     -5.280496    
  3.082997     -5.306106    
  3.085748     -5.286435    
  3.085835     -5.271475    
  3.088154     -5.207016    
  3.088240     -5.252855    
  3.089212     -5.290583    
  3.089299     -5.297342    
  3.092941     -5.327499    
  3.093028     -5.304711    
  3.093244     -5.408882    
  3.093331     -6.296394    
  3.093732    -100.00000    
  3.093819    -100.00000    
  3.096179     -5.217996    
  3.096266     -5.176156    
  3.099391     -5.349825    
  3.099477     -5.338017    
  3.110593     -5.390326    
  3.110679     -5.385912    
  3.114687     -5.401457    
  3.114774     -5.404566    
  3.115819     -5.407779    
  3.115905     -5.404599    
  3.116258     -5.404288    
  3.116344     -5.404891    
  3.116978     -5.409425    
  3.117065     -5.408482    
  3.118889     -5.413272    
  3.118976     -5.414622    
  3.124616     -5.434557    
  3.124703     -5.434009    
  3.125997     -5.442689    
  3.126084     -5.442976    
  3.126554     -5.468322    
  3.126641     -5.478017    
  3.126962     -5.488441    
  3.127049     -5.484205    
  3.127687     -5.445022    
  3.127774     -5.443836    
  3.129225     -5.450608    
  3.129312     -5.452440    
  3.132800     -5.464503    
  3.132887     -5.464191    
  3.135587     -5.474057    
  3.135674     -5.471272    
  3.138745     -5.493965    
  3.138832     -5.523738    
  3.139047     -5.563069    
  3.139134     -5.598863    
  3.141109     -5.468345    
  3.141196     -5.493458    
  3.143577     -5.502992    
  3.143664     -5.502858    
  3.144101     -5.504517    
  3.144188     -5.504692    
  3.144945     -5.508403    
  3.145031     -5.508854    
  3.146758     -5.515065    
  3.146845     -5.517814    
  3.146888     -5.518596    
  3.146975     -5.522889    
  3.147795     -5.527489    
  3.147882     -5.522073    
  3.148717     -5.520554    
  3.148804     -5.521903    
  3.149747     -5.525187    
  3.149834     -5.525527    
  3.150628     -5.528491    
  3.150714     -5.528799    
  3.151276     -5.530847    
  3.151363     -5.531154    
  3.152544     -5.535414    
  3.152631     -5.535752    
  3.152935     -5.536866    
  3.153022     -5.537184    
  3.153068     -5.537353    
  3.153155     -5.537672    
  3.153381     -5.538502    
  3.153434     -5.538695    
  3.153468     -5.538817    
  3.153521     -5.538924    
  3.155016     -5.544316    
  3.155103     -5.544727    
  3.159418     -5.560431    
  3.159505     -5.560786    
  3.159758     -5.561696    
  3.159845     -5.562039    
  3.164009     -5.577160    
  3.164096     -5.577480    
  3.164633     -5.579458    
  3.164720     -5.579771    
  3.164846     -5.580228    
  3.164933     -5.580543    
  3.165979     -5.584294    
  3.166066     -5.584701    
  3.171670     -5.605130    
  3.171756     -5.605474    
  3.173578     -5.612104    
  3.173665     -5.612407    
  3.174167     -5.614306    
  3.174254     -5.614589    
  3.179466     -5.633575    
  3.179553     -5.633974    
  3.180463     -5.637241    
  3.180550     -5.637569    
  3.181675     -5.641716    
  3.181761     -5.642258    
  3.184969     -5.653242    
  3.185055     -5.651831    
  3.187464     -5.662055    
  3.187494     -5.662429    
  3.187551     -5.662639    
  3.187581     -5.662800    
  3.188338     -5.664953    
  3.188425     -5.665253    
  3.189356     -5.668488    
  3.189443     -5.668724    
  3.190962     -5.677553    
  3.191049     -5.676913    
  3.191119     -5.677133    
  3.191206     -5.675705    
  3.192224     -5.695053    
  3.192311     -5.691840    
  3.194885     -5.686140    
  3.194972     -5.690302    
  3.196916     -5.697656    
  3.197003     -5.697849    
  3.203163     -5.720596    
  3.203249     -5.720885    
  3.204661     -5.725986    
  3.204747     -5.726357    
  3.207365     -5.735992    
  3.207452     -5.736262    
  3.209135     -5.742394    
  3.209222     -5.742701    
  3.209715     -5.744556    
  3.209802     -6.004586    
  3.217531     -5.445375    
  3.217618     -5.313580    
  3.217704     -5.324469    
  3.217791     -5.339755    
  3.218329     -5.448867    
  3.218415     -5.665399    
  3.233361     -5.891464    
  3.233448     -5.832684    
  3.243111     -5.867858    
  3.243198     -5.868088    
  3.251238     -5.897656    
  3.251325     -5.897965    
  3.261641     -5.936276    
  3.261728     -5.936606    
  3.263462     -5.942986    
  3.263549     -5.943340    
  3.271269     -5.971877    
  3.271355     -5.972001    
  3.271415     -5.972178    
  3.271502     -5.971440    
  3.273253     -5.976147    
  3.273340     -5.979503    
  3.276754     -5.992241    
  3.276841     -5.992596    
  3.279706     -6.003142    
  3.279793     -6.003517    
  3.281662     -6.010501    
  3.281749     -6.010722    
  3.283538     -6.017398    
  3.283625     -6.017716    
  3.285833     -6.025879    
  3.285920     -6.026186    
  3.289028     -6.037825    
  3.289115     -6.038132    
  3.291415     -6.046642    
  3.291501     -6.047011    
  3.292656     -6.051298    
  3.292743     -6.051628    
  3.294670     -6.058759    
  3.294757     -6.059050    
  3.295898     -6.063373    
  3.295985     -6.063680    
  3.296762     -6.066576    
  3.296849     -6.066901    
  3.299441     -6.076434    
  3.299528     -6.076812    
  3.301132     -6.082818    
  3.301219     -6.083066    
  3.305074     -6.097516    
  3.305161     -6.097823    
  3.305985     -6.100841    
  3.306072     -6.101170    
  3.306887     -6.104113    
  3.306974     -6.104419    
  3.309364     -6.113614    
  3.309451     -6.113613    
  3.309833     -6.114992    
  3.309920     -6.115314    
  3.310624     -6.117969    
  3.310710     -6.118306    
  3.310978     -6.119329    
  3.311065     -6.119662    
  3.311327     -6.120668    
  3.311414     -6.121004    
  3.311825     -6.122554    
  3.311912     -6.122865    
  3.312012     -6.123215    
  3.312099     -6.108814    
  3.333122     -6.193900    
  3.333209     -6.187923    
  3.343376     -6.228636    
  3.343463     -6.220447    
  3.351164     -6.253132    
  3.351250     -6.245243    
  3.351681     -6.246782    
  3.351768     -6.258076    
  3.363548     -6.289526    
  3.363635     -6.317241    
  3.367434     -6.312553    
  3.367521     -6.305731    
  3.377612     -6.343989    
  3.377699     -6.342019    
  3.379159     -6.354624    
  3.379246     -6.414314    
  3.382086     -6.342753    
  3.382173     -6.359985    
  3.385882     -6.375364    
  3.385969     -6.375315    
  3.389771     -6.389626    
  3.389858     -6.389957    
  3.395039     -6.409388    
  3.395125     -6.409802    
  3.400648     -6.430229    
  3.400735     -6.430388    
  3.400855     -6.431231    
  3.400942     -6.468725    
  3.403535     -6.454705    
  3.403595     -6.435206    
  3.403622     -6.435536    
  3.403681     -6.436265    
  3.404126     -6.439703    
  3.404213     -6.442855    
  3.414942     -6.484721    
  3.415029     -6.484462    
  3.419275     -6.500400    
  3.419361     -6.500726    
  3.421764     -6.509759    
  3.421851     -6.510053    
  3.426245     -6.526713    
  3.426332     -6.526972    
  3.434923     -6.559179    
  3.435010     -6.564567    
  3.442825     -6.583779    
  3.442912     -6.588179    
  3.444934     -6.596675    
  3.445021     -6.596889    
  3.449934     -6.615774    
  3.450021     -6.616163    
  3.466667     -6.678927    
  3.466754     -6.679202    
  3.467592     -6.682357    
  3.467679     -6.682654    
  3.468746     -6.686729    
  3.468833     -6.687075    
  3.469843     -6.690883    
  3.469930     -6.691209    
  3.472928     -6.702550    
  3.473015     -6.704412    
  3.480890     -6.723932    
  3.480977     -6.732814    
  3.485957     -6.751855    
  3.486044     -6.752159    
  3.486320     -6.753208    
  3.486406     -6.753666    
  3.494277     -6.783321    
  3.494364     -6.783770    
  3.503878     -6.819890    
  3.503965     -6.821626    
  3.505952     -6.823462    
  3.506039     -6.814873    
  3.506892     -6.800012    
  3.506979     -6.779705    
  3.515804     -6.876366    
  3.515836     -6.864575    
  3.515891     -6.864798    
  3.515923     -6.865261    
  3.534135     -6.934943    
  3.534222     -6.935054    
  3.535311     -6.939127    
  3.535397     -6.939488    
  3.539346     -6.954607    
  3.539433     -6.954867    
  3.543849     -6.971776    
  3.543936     -6.972345    
  3.544500     -6.974393    
  3.544586     -6.974692    
  3.545154     -6.976416    
  3.545241     -6.976542    
  3.552154     -7.003568    
  3.552241     -7.003717    
  3.553235     -7.007520    
  3.553322     -7.007816    
  3.555627     -7.016648    
  3.555714     -7.016969    
  3.557696     -7.024551    
  3.557783     -7.024850    
  3.558846     -7.028920    
  3.558933     -7.029261    
  3.559110     -7.029943    
  3.559197     -7.030274    
  3.560994     -7.037108    
  3.561019     -7.037219    
  3.561080     -7.037452    
  3.561106     -7.037550    
  3.561368     -7.038549    
  3.561455     -7.038881    
  3.561702     -7.039822    
  3.561789     -7.040155    
  3.561901     -7.040580    
  3.561988     -7.042945    
  3.565681     -7.045391    
  3.565768     -7.047189    
  3.568654     -7.058225    
  3.568741     -7.058512    
  3.572245     -7.071842    
  3.572332     -7.078529    
  3.628600     -7.291000    
  3.628687     -7.285746    
  3.631423     -7.297524    
  3.631510     -7.297612    
  3.632293     -7.300518    
  3.632379     -7.300857    
  3.634321     -7.308224    
  3.634408     -7.312927    
  3.644191     -7.350224    
  3.644278     -7.346546    
  3.656741     -7.393022    
  3.656828     -7.407709    
  3.663615     -7.419548    
  3.663702     -7.417525    
  3.670110     -7.443988    
  3.670197     -7.602495    
  3.673498     -6.947186    
  3.673585     -7.224098    
  3.687730     -7.670648    
  3.687817     -7.515326    
  3.688052     -7.525336    
  3.688139     -7.533823    
  3.688708     -7.593082    
  3.688795     -7.586808    
  3.688862     -7.584320    
  3.688948     -7.527397    
  3.691459     -7.511052    
  3.691546     -7.525704    
  3.695795     -7.533914    
  3.695882     -7.542659    
  3.713236     -7.609525    
  3.713322     -7.609585    
  3.719779     -7.633838    
  3.719866     -7.634441    
  3.725984     -7.657850    
  3.726070     -7.658186    
  3.733043     -7.684836    
  3.733130     -7.697920    
  3.740126     -7.701803    
  3.740213     -7.711237    
  3.740628     -7.713075    
  3.740715     -7.713826    
  3.751777     -7.756690    
  3.751863     -7.756841    
  3.753187     -7.761888    
  3.753274     -7.762207    
  3.753882     -7.764547    
  3.753969     -7.764884    
  3.754658     -7.767514    
  3.754745     -7.767862    
  3.755217     -7.769675    
  3.755304     -7.769997    
  3.755522     -7.770825    
  3.755609     -7.771161    
  3.755717     -7.771573    
  3.755803     -7.769358    
  3.793452     -7.916584    
  3.793539     -7.914136    
  3.804079     -7.957184    
  3.804166     -7.953683    
  3.806615     -7.962959    
  3.806702     -7.986723    
  3.821564     -7.972487    
  3.821651     -8.016902    
  3.838150     -8.086942    
  3.838237     -8.092711    
  3.842793     -8.103994    
  3.842880     -8.102313    
  3.865757     -8.192679    
  3.865844     -8.190766    
  3.866035     -8.191484    
  3.866122     -8.191838    
  3.871179     -8.211313    
  3.871266     -8.212790    
  3.892235     -8.293050    
  3.892321     -8.292718    
  3.894387     -8.300709    
  3.894474     -8.301037    
  3.895132     -8.303525    
  3.895219     -8.303911    
  3.898660     -8.317161    
  3.898747     -8.317502    
  3.900415     -8.323922    
  3.900502     -8.324296    
  3.902270     -8.331067    
  3.902356     -8.331400    
  3.904208     -8.338549    
  3.904295     -8.338872    
  3.905964     -8.345335    
  3.906051     -8.345687    
  3.906858     -8.348747    
  3.906945     -8.349082    
  3.908342     -8.354521    
  3.908429     -8.354826    
  3.913068     -8.372723    
  3.913155     -8.373045    
  3.913186     -8.373164    
  3.913273     -8.373495    
  3.913769     -8.375400    
  3.913856     -8.375734    
  3.913885     -8.375844    
  3.913972     -8.376130    
  3.916915     -8.387263    
  3.917002     -8.387603    
  3.968835     -8.587823    
  3.968922     -8.578724    
  3.983439     -8.642057    
  3.983526     -8.639875    
  3.993238     -8.684430    
  3.993325     -8.621948    
  4.025832     -8.755408    
  4.025919     -8.805003    
  4.034774     -8.839057    
  4.034860     -8.839326    
  4.038365     -8.852812    
  4.038452     -8.862115    
  4.047778     -8.882978    
  4.047808     -8.884231    
  4.047865     -8.884946    
  4.047895     -8.896908    
  4.073362     -8.960887    
  4.073449     -8.987503    
  4.128589     -9.198956    
  4.128676     -9.197472    
  4.150175     -9.277992    
  4.150262     -9.278731    
  4.155926     -9.301685    
  4.156013     -9.303183    
  4.161727     -9.317424    
  4.161814     -9.322891    
  4.163762     -9.330402    
  4.163849     -9.332599    
  4.251427     -9.661607    
  4.251514     -9.658976    
  4.266067     -9.713776    
  4.266154     -9.599653    
  4.339907     -10.06808    
  4.339994     -9.979108    
  4.353233     -10.03642    
  4.353320     -10.03744    
  4.356074     -10.05064    
  4.356161     -10.05041    
  4.357582     -10.04457    
  4.357669     -10.05544    
  4.440368     -10.35616    
  4.440455     -10.35509    
  4.512937     -10.58081    
  4.513024     -10.61819    
  4.514610     -10.62479    
  4.514697     -10.62518    
  4.515945     -10.62860    
  4.516032     -10.62884    
  4.585469     -10.87025    
  4.585556     -10.87261    
  4.648489     -11.08217    
  4.648576     -11.08634    
  4.649548     -11.08842    
  4.649635     -11.09041    
  4.649838     -11.09244    
  4.649925     -11.06242    
  4.709765     -11.22911    
  4.709852     -11.29943    
  4.765753     -11.45389    
  4.765822     -11.48475    
  4.765844     -11.48487    
  4.765909     -11.48522    
  4.765931     -11.47585    
  4.818480     -11.65418    
  4.818567     -11.65257    
  4.868094     -11.77762    
  4.868127     -11.81300    
  4.868152     -11.81308    
  4.868181     -11.81319    
  4.868214     -11.81330    
  4.868239     -11.77376    
  4.915089     -11.96705    
  4.915176     -11.96200    
  4.959449     -12.09392    
  4.959536     -12.09656    
  4.959642     -12.09448    
  4.959667     -12.09452    
  4.959729     -12.09441    
  4.959754     -12.09152    
  5.002021     -12.14565    
  5.002108     -12.22756    
  5.041986     -12.34724    
  5.042072     -12.34918    
  5.042428     -12.34995    
  5.042455     -12.34997    
  5.042515     -12.35009    
  5.042541     -12.33968    
  5.081038     -12.45779    
  5.081125     -12.44287    
  5.117569     -12.56591    
  5.117655     -12.57346    
  5.118005     -12.57220    
  5.118030     -12.57662    
  5.118092     -12.60789    
  5.118117     -12.46783    
  5.153462     -12.71056    
  5.153549     -12.67572    
  5.187204     -12.77681    
  5.187290     -12.77089    
  5.187529     -12.77017    
  5.187558     -12.77017    
  5.187616     -12.77012    
  5.187645     -12.76882    
  5.251180     -12.91730    
  5.251266     -12.95834    
  5.251931     -12.96159    
  5.252018     -12.95794    
  5.311750     -13.11561    
  5.311837     -13.13229    
  5.311944     -13.11543    
  5.614629     -13.97912    
  5.791270     -14.48758    
  6.013559     -15.11415    
  6.269124     -15.82117    
  6.545503     -16.57974    
  6.833661     -17.36066    
  7.128110     -18.15941    
  7.425812     -18.97051    
  7.725168     -19.79175    
  8.025358     -20.62848    
  8.325968     -21.49152    
  8.626788     -22.40313    
  8.927713    -100.00000    
