 0.8219208     -72.72888    
 0.8220077     -72.80062    
 0.8256567     -72.58757    
 0.8257436    -100.00000    
 0.8647793    -100.00000    
 0.9005939    -100.00000    
 0.9336786    -100.00000    
 0.9644204    -100.00000    
 0.9931293    -100.00000    
  1.020057    -100.00000    
  1.045413    -100.00000    
  1.069370    -100.00000    
  1.092073    -100.00000    
  1.113649    -100.00000    
  1.153828     -32.50262    
  1.190604    -100.00000    
  1.224506     -30.67119    
  1.224593    -100.00000    
  1.258242     -16.67781    
  1.258328     -17.06422    
  1.281053     -16.45504    
  1.281140     -20.91723    
  1.301030    -100.00000    
  1.305129    -100.00000    
  1.305216    -100.00000    
  1.326885     -28.32783    
  1.326972     -15.75090    
  1.346664     -16.02585    
  1.346750    -100.00000    
  1.351328     -21.05371    
  1.351414    -100.00000    
  1.362515     -19.02935    
  1.362602     -17.93668    
  1.390867     -19.06551    
  1.390954     -16.82677    
  1.403133     -16.73966    
  1.403220    -100.00000    
  1.416604     -18.70988    
  1.416691     -18.54264    
  1.442990     -18.71231    
  1.443077    -100.00000    
  1.465932     -16.42292    
  1.466019    -100.00000    
  1.485843     -22.08646    
  1.485929    -100.00000    
  1.499940     -24.42168    
  1.500027     -24.61367    
  1.524019     -17.60871    
  1.546755    -100.00000    
  1.546842    -100.00000    
  1.576102     -30.02447    
  1.576189    -100.00000    
  1.604747     -21.27061    
  1.604834     -17.63401    
  1.629405    -100.00000    
  1.629492     -36.37358    
  1.655461    -100.00000    
  1.679965    -100.00000    
  1.703160    -100.00000    
  1.725179     -36.55806    
  1.725266     -32.62098    
  1.731654     -32.09547    
  1.731741    -100.00000    
  1.762029    -100.00000    
  1.790341     -22.48560    
  1.790428     -21.12338    
  1.817058    -100.00000    
  1.842149     -24.11778    
  1.842236     -22.36494    
  1.843313    -100.00000    
  1.843400    -100.00000    
  1.861079     -22.30408    
  1.861166    -100.00000    
  1.861837     -22.25366    
  1.861924     -21.34833    
  1.874931    -100.00000    
  1.875018     -21.20106    
  1.914140    -100.00000    
  1.914227     -21.64867    
  1.921566     -21.84702    
  1.921653    -100.00000    
  1.926897     -21.96065    
  1.926984     -21.77240    
  1.953068    -100.00000    
  1.953155     -23.78614    
  1.971846     -23.37972    
  1.971933     -23.53843    
  1.992517     -23.18272    
  1.992604     -22.32057    
  1.993799     -21.82616    
  1.993886    -100.00000    
  1.994140     -22.25889    
  1.994226     -24.12768    
  1.996545     -24.14868    
  1.996632    -100.00000    
  1.998156     -23.31896    
  1.998243    -100.00000    
  2.000011     -23.05157    
  2.000098     -22.63122    
  2.005591    -100.00000    
  2.005678     -23.23083    
  2.007909    -100.00000    
  2.007996     -23.74495    
  2.009188    -100.00000    
  2.009275     -23.76089    
  2.036803     -23.13418    
  2.036890    -100.00000    
  2.061295     -21.77830    
  2.061382     -22.33340    
  2.077530     -20.86651    
  2.077617    -100.00000    
  2.095978     -19.95869    
  2.096065     -19.86833    
  2.097299     -19.80728    
  2.097386     -20.04048    
  2.102584     -19.80415    
  2.102671     -19.82362    
  2.103399     -19.73961    
  2.103486     -19.74602    
  2.105825     -19.63685    
  2.105912     -19.63465    
  2.106091     -19.62304    
  2.106178     -19.63529    
  2.111629     -19.37465    
  2.111716     -19.53568    
  2.119223     -19.24569    
  2.119310     -19.19049    
  2.124245     -18.92244    
  2.124332     -19.03491    
  2.137459     -18.38210    
  2.137546     -18.29946    
  2.138137     -18.40925    
  2.138224     -18.58345    
  2.138688     -18.23421    
  2.138775     -18.32324    
  2.149371     -17.87579    
  2.149458     -17.80502    
  2.150309     -17.82669    
  2.150396     -17.75110    
  2.150438     -17.76943    
  2.150525     -17.79035    
  2.156847     -17.52481    
  2.156934     -16.90589    
  2.168071     -16.84850    
  2.168158     -17.08185    
  2.177603     -16.57178    
  2.177690     -16.25612    
  2.191113     -16.09720    
  2.191200     -15.71912    
  2.197200     -15.51329    
  2.197287     -15.63987    
  2.203933     -15.72314    
  2.204020     -15.65189    
  2.204170     -15.55144    
  2.204257     -15.61157    
  2.204684     -15.53214    
  2.204771     -15.49850    
  2.211353     -15.31605    
  2.217836     -15.21787    
  2.217923     -15.17511    
  2.217949     -15.10562    
  2.218036     -15.55960    
  2.218819     -15.61306    
  2.218906     -15.55032    
  2.223758     -15.49888    
  2.223844     -15.46789    
  2.230357     -15.22822    
  2.236772     -15.01154    
  2.236859     -15.01331    
  2.239623     -14.91245    
  2.239710     -15.84176    
  2.244929     -15.73334    
  2.250086     -15.50319    
  2.250173     -15.88630    
  2.253696     -15.84590    
  2.253782     -15.80174    
  2.256807     -16.13066    
  2.259811     -14.77755    
  2.262794     -15.37340    
  2.265757     -15.37258    
  2.265844     -15.44966    
  2.267022     -15.23732    
  2.267109     -15.35570    
  2.270424     -16.35943    
  2.270511     -15.74426    
  2.273172     -15.56348    
  2.275818     -14.32200    
  2.275905     -14.73565    
  2.278993     -15.91943    
  2.279080     -15.29249    
  2.281448     -15.08313    
  2.283804     -15.23650    
  2.283891     -15.47921    
  2.286548     -15.31952    
  2.286635     -15.23785    
  2.286786     -15.13947    
  2.286873    -100.00000    
  2.289321     -14.13119    
  2.291755    -100.00000    
  2.294175     -14.97025    
  2.296582     -14.60396    
  2.298976     -14.83439    
  2.301356     -14.45917    
  2.303724     -14.17544    
  2.304903     -14.13908    
  2.306078     -14.19377    
  2.306165     -14.36492    
  2.308271     -14.96562    
  2.309320     -14.08105    
  2.310367     -15.64974    
  2.311411     -13.99547    
  2.312452     -14.33481    
  2.313491     -14.51002    
  2.314528     -14.64230    
  2.314614     -14.66917    
  2.315825     -14.67217    
  2.317033     -14.64243    
  2.318237     -14.07312    
  2.319437     -14.44668    
  2.320635     -14.40601    
  2.321829     -14.48752    
  2.323020     -14.33194    
  2.324207     -14.57183    
  2.324294     -14.27617    
  2.325800     -14.05294    
  2.325887     -14.12829    
  2.326813     -14.25210    
  2.327736     -14.33008    
  2.327823     -14.41562    
  2.328856     -14.53825    
  2.329886     -14.17334    
  2.330914     -14.24671    
  2.331939     -14.38215    
  2.332026     -14.18969    
  2.333111     -14.38797    
  2.334194     -14.33958    
  2.335274     -14.29467    
  2.336352     -14.29349    
  2.336439     -14.28716    
  2.337047     -14.18634    
  2.337655     -14.26459    
  2.338262     -14.13044    
  2.338868     -14.29256    
  2.339473     -14.17722    
  2.340077     -14.23021    
  2.340680     -14.17681    
  2.341283     -14.14687    
  2.341370     -14.14087    
  2.341472     -14.20776    
  2.342517     -14.04872    
  2.342604     -14.08461    
  2.343196     -14.02623    
  2.343786     -14.05782    
  2.343873     -13.99316    
  2.344850     -13.93683    
  2.345825     -13.84720    
  2.345912     -13.86108    
  2.346656     -13.74434    
  2.347399     -13.52846    
  2.348141     -13.50827    
  2.348882     -13.79838    
  2.348969     -13.86797    
  2.349884     -13.72660    
  2.349971     -13.73497    
  2.350040     -13.64689    
  2.350127     -13.81162    
  2.350953     -13.99514    
  2.351777     -13.95040    
  2.352600     -13.92408    
  2.353421     -13.87643    
  2.353508     -13.81894    
  2.353983     -13.86292    
  2.354070     -13.86596    
  2.354840     -13.76693    
  2.355610     -13.87363    
  2.356378     -13.49338    
  2.357144     -13.71367    
  2.357197     -13.81678    
  2.357231     -13.82708    
  2.357284     -13.81770    
  2.357504     -13.79107    
  2.357582    -100.00000    
  2.357669     -11.12430    
  2.357776     -10.06434    
  2.357863     -10.41564    
  2.360104    -100.00000    
  2.360190    -100.00000    
  2.373546     -5.477949    
  2.373632     -5.187901    
  2.378097    -100.00000    
  2.378184     -7.220167    
  2.381409     -5.541588    
  2.381496    -100.00000    
  2.384668     -4.266344    
  2.384755     -4.328027    
  2.387126    -100.00000    
  2.387213     -5.218406    
  2.397727     -4.684344    
  2.397814     -4.095426    
  2.403706     -3.999277    
  2.403793     -4.062048    
  2.405816     -3.920721    
  2.405903     -3.870311    
  2.409533    -100.00000    
  2.409619    -100.00000    
  2.409967     -6.121982    
  2.410054    -100.00000    
  2.411499     -4.378609    
  2.411586     -4.131163    
  2.413098     -3.763689    
  2.413185     -3.813481    
  2.417226     -4.927691    
  2.417313     -4.747011    
  2.417446     -4.733109    
  2.417533     -4.236324    
  2.429013     -4.382081    
  2.429100     -4.301526    
  2.429782     -4.378078    
  2.429869     -4.362693    
  2.429909     -4.358031    
  2.429996     -4.258078    
  2.433515     -4.319025    
  2.433602     -4.752761    
  2.434760     -4.401009    
  2.434847     -4.354394    
  2.438744     -3.947179    
  2.438831     -4.059619    
  2.441087     -4.097597    
  2.441174     -3.933431    
  2.442885     -4.066995    
  2.442972     -4.375023    
  2.446825     -5.530828    
  2.446912    -100.00000    
  2.449374     -4.370130    
  2.449460     -4.033616    
  2.454772     -4.648251    
  2.454858     -4.137499    
  2.457103     -4.517911    
  2.457190     -4.273891    
  2.462242     -4.406040    
  2.462329     -4.822355    
  2.465051     -5.407768    
  2.465138     -4.864951    
  2.466974     -4.790714    
  2.467061     -4.988577    
  2.469909     -5.094490    
  2.469996     -4.850238    
  2.471129     -4.705385    
  2.471216     -4.639794    
  2.471255     -4.629517    
  2.471342     -4.649978    
  2.471828     -4.665571    
  2.471915     -4.511621    
  2.473553     -4.648902    
  2.473639     -4.882528    
  2.473908     -4.819025    
  2.473994     -4.793944    
  2.475654     -4.272244    
  2.475741     -4.219877    
  2.476442     -4.145844    
  2.476529     -4.135567    
  2.476977     -4.082301    
  2.477064     -4.208274    
  2.479546     -4.533156    
  2.479633     -4.367552    
  2.483967     -5.089911    
  2.484054     -4.390247    
  2.484128     -4.354743    
  2.484215     -4.316126    
  2.484517     -4.226829    
  2.484604     -4.214069    
  2.487037     -3.984482    
  2.487124     -4.224960    
  2.491399     -4.375904    
  2.491486     -4.122815    
  2.493770     -4.279797    
  2.493799     -4.375297    
  2.493857     -4.419649    
  2.493886     -4.648214    
  2.496105     -4.640904    
  2.496192     -4.244419    
  2.497233     -4.082190    
  2.497320     -4.111424    
  2.497678     -4.101284    
  2.497765     -4.101153    
  2.498024     -4.122373    
  2.498111     -4.191646    
  2.501025     -4.144618    
  2.503920     -4.071868    
  2.504007     -4.045330    
  2.504069     -4.046778    
  2.504156     -4.082861    
  2.506191     -3.970856    
  2.506278     -3.963181    
  2.507046     -3.880479    
  2.507133     -3.796331    
  2.509451     -5.346741    
  2.511756     -3.769017    
  2.511843     -3.786426    
  2.512347     -3.706078    
  2.512434     -3.707301    
  2.514176     -3.874684    
  2.514263     -3.962962    
  2.515486     -3.929800    
  2.515573     -3.911735    
  2.515719     -3.932962    
  2.515805     -3.948040    
  2.515872     -3.954868    
  2.515959     -3.973998    
  2.516706     -3.815225    
  2.516793     -3.820556    
  2.516940     -3.812937    
  2.517027     -3.803013    
  2.517941     -3.796146    
  2.518028     -3.821348    
  2.519341     -3.828337    
  2.519428     -3.809332    
  2.521714     -3.980216    
  2.523988     -3.783698    
  2.526250     -4.519640    
  2.528500     -3.749412    
  2.528587     -3.785322    
  2.532731     -3.801319    
  2.532818     -3.799820    
  2.533833     -3.809572    
  2.533920     -3.803118    
  2.537178     -3.835218    
  2.540412     -3.952761    
  2.543622     -3.934963    
  2.546808     -3.842688    
  2.546895     -3.860320    
  2.547436     -3.868467    
  2.547523     -3.962103    
  2.551127     -3.953065    
  2.554701     -3.852071    
  2.554788     -3.849161    
  2.557290     -3.862078    
  2.559779     -3.903582    
  2.562253     -4.020288    
  2.564713     -4.060451    
  2.564799     -4.076690    
  2.568369     -3.840627    
  2.568456     -3.847840    
  2.571315     -3.877970    
  2.571402     -3.883399    
  2.571490     -3.881441    
  2.571576     -3.870044    
  2.572582     -3.936898    
  2.572668     -3.935863    
  2.573820     -4.022379    
  2.573907     -3.967522    
  2.576147     -3.948497    
  2.578375     -3.927118    
  2.580592     -3.960121    
  2.582797     -4.033610    
  2.582884     -3.973043    
  2.586758     -4.380134    
  2.590598     -4.098990    
  2.590685     -3.982998    
  2.593225     -3.948303    
  2.595750     -4.167935    
  2.595837     -4.126470    
  2.598386     -4.054560    
  2.600921     -3.917550    
  2.601008     -3.897846    
  2.603333     -3.965558    
  2.603420     -3.960600    
  2.604635     -3.997936    
  2.604722     -4.002478    
  2.606239     -4.002820    
  2.606324     -3.957176    
  2.606411     -3.935117    
  2.607057     -3.942245    
  2.607144     -3.961812    
  2.607239     -3.964299    
  2.607326     -3.962565    
  2.607391     -3.961125    
  2.607478     -3.959328    
  2.607654     -3.943493    
  2.607741     -3.912231    
  2.611049     -3.965664    
  2.614332     -3.916851    
  2.614419     -3.946491    
  2.617004     -3.904549    
  2.619574     -3.932459    
  2.619659     -3.937286    
  2.619746     -3.949469    
  2.620996     -4.019954    
  2.621082     -4.015927    
  2.621962     -4.020163    
  2.622049     -3.999312    
  2.623324     -3.965080    
  2.623411     -3.958046    
  2.624766     -3.965522    
  2.624853     -3.980484    
  2.627024     -3.970814    
  2.627110     -3.941175    
  2.630435     -3.976591    
  2.630522     -3.994471    
  2.632418     -3.951282    
  2.632505     -3.961538    
  2.633585     -3.931474    
  2.633672     -3.938805    
  2.634210     -3.932636    
  2.634297     -3.938460    
  2.636422     -3.938222    
  2.638537     -3.950613    
  2.640642     -3.940217    
  2.642737     -3.960733    
  2.642824     -3.956943    
  2.645913     -3.931043    
  2.646000     -3.944517    
  2.648513     -3.950709    
  2.648600     -3.959539    
  2.650102     -3.963994    
  2.650189     -3.961736    
  2.650581     -3.969926    
  2.650668     -3.977637    
  2.653884     -3.956394    
  2.653971     -3.960298    
  2.654508     -3.962735    
  2.654595     -3.962823    
  2.655848     -4.025279    
  2.655935     -3.990906    
  2.656856     -3.969784    
  2.656943     -3.976658    
  2.658483     -3.968821    
  2.658570     -3.969540    
  2.659789     -3.972386    
  2.659876     -3.974646    
  2.661632     -3.972632    
  2.661711     -3.975146    
  2.661798     -3.976673    
  2.662214     -3.979459    
  2.662301     -3.976695    
  2.662838     -3.986806    
  2.662925     -3.989504    
  2.663187     -3.986216    
  2.663274     -3.976010    
  2.665319     -3.977365    
  2.665405     -3.980801    
  2.666840     -3.970990    
  2.668270     -3.958093    
  2.668357     -3.942782    
  2.670100     -3.953521    
  2.670187     -3.964641    
  2.670742     -3.973642    
  2.670829     -3.973846    
  2.672470     -3.984929    
  2.674106     -3.989676    
  2.674193     -3.990375    
  2.675152     -3.994391    
  2.675239     -3.994368    
  2.675371     -3.994793    
  2.675458     -3.995029    
  2.676824     -3.999284    
  2.676911     -3.999053    
  2.677751     -4.001195    
  2.677838     -4.001209    
  2.679282     -4.004513    
  2.680721     -4.006859    
  2.682155     -4.009825    
  2.683585     -4.012099    
  2.683672     -4.012147    
  2.684480     -4.012368    
  2.684566     -4.012319    
  2.685714     -4.015185    
  2.685801     -4.015200    
  2.685988     -4.015588    
  2.686075     -4.015757    
  2.686520     -4.016518    
  2.686607     -4.018338    
  2.687327     -4.019158    
  2.688046     -4.018630    
  2.688133     -4.018415    
  2.688542     -4.021641    
  2.688599     -4.023252    
  2.688629     -4.023563    
  2.688686     -4.022232    
  2.689808     -4.019538    
  2.690927     -4.020425    
  2.691014     -4.020104    
  2.691670     -4.023136    
  2.692326     -4.023067    
  2.692981     -4.021498    
  2.693635     -4.022818    
  2.693722     -4.023494    
  2.694340     -4.024697    
  2.694958     -4.026286    
  2.695575     -4.028492    
  2.696192     -4.026979    
  2.696807     -4.097271    
  2.697422     -4.083033    
  2.698035     -4.048255    
  2.698648     -4.038301    
  2.698717     -4.039341    
  2.698803     -4.039180    
  2.699142     -4.038976    
  2.699229     -4.038706    
  2.700077     -4.039928    
  2.700500     -4.041972    
  2.700923     -4.043528    
  2.701345     -4.043481    
  2.701767     -4.043676    
  2.702189     -4.043728    
  2.702610     -4.043867    
  2.702697     -4.031843    
  2.706323     -4.090016    
  2.706410     -4.075463    
  2.707308     -4.047068    
  2.707395     -4.053650    
  2.708280     -4.053568    
  2.708352     -4.047758    
  2.708438     -4.045837    
  2.709271     -4.051483    
  2.709358     -4.054838    
  2.712230     -4.112738    
  2.712317     -4.068275    
  2.715874     -4.070026    
  2.715961     -4.069660    
  2.716395     -4.070130    
  2.716481     -4.070247    
  2.716568     -4.068572    
  2.721359     -4.084782    
  2.721446     -4.080677    
  2.724957     -4.085309    
  2.725044     -4.084503    
  2.725129     -4.084529    
  2.725216     -4.084378    
  2.727523     -4.086314    
  2.727610     -4.087866    
  2.728146     -4.089438    
  2.728233     -4.089601    
  2.728368     -4.089877    
  2.728455     -4.090022    
  2.728556     -4.090171    
  2.728643     -4.094291    
  2.735898     -4.104904    
  2.735985     -4.104842    
  2.736079     -4.104930    
  2.737059     -4.106571    
  2.737146     -4.106625    
  2.738167     -4.110469    
  2.738254     -4.114667    
  2.740490     -4.114676    
  2.740577     -4.114894    
  2.742815     -4.117988    
  2.742902     -4.026112    
  2.743703     -4.644309    
  2.743790     -4.354003    
  2.753428     -4.044838    
  2.753515     -4.141977    
  2.753850     -4.141619    
  2.753937     -4.141352    
  2.754509     -4.141503    
  2.754596     -4.141618    
  2.754850     -4.141948    
  2.754937     -4.142641    
  2.756676     -4.155417    
  2.756763     -4.163120    
  2.758474     -4.147958    
  2.758561     -4.149170    
  2.759027     -4.151504    
  2.759113     -4.154825    
  2.759911     -4.157177    
  2.759997     -4.151556    
  2.763464     -4.158999    
  2.763551     -4.160073    
  2.765400     -4.161297    
  2.765487     -4.160755    
  2.765755     -4.161003    
  2.765842     -4.148989    
  2.766689     -4.200020    
  2.766776     -4.186431    
  2.768842     -4.160152    
  2.768929     -4.189028    
  2.769216     -4.174713    
  2.769303     -4.166151    
  2.772541     -4.169768    
  2.772628     -4.173564    
  2.781421     -4.191302    
  2.781508     -4.187200    
  2.783749     -4.192626    
  2.783836     -4.237624    
  2.786316     -6.074192    
  2.786403     -4.245882    
  2.789343     -4.057023    
  2.789430     -4.157382    
  2.792049     -4.207565    
  2.792136     -4.204146    
  2.795957     -4.218692    
  2.796043     -4.217874    
  2.799021     -4.224111    
  2.799107     -4.239880    
  2.799738     -5.970814    
  2.799825     -5.168267    
  2.801475     -4.376009    
  2.801562     -4.178572    
  2.809060     -4.254777    
  2.816430     -4.255087    
  2.816517     -4.257405    
  2.817018     -4.258319    
  2.817105     -4.258535    
  2.818570     -4.260510    
  2.818657     -4.260867    
  2.823371     -4.271032    
  2.823458     -4.271292    
  2.826003     -4.275295    
  2.826090     -4.275816    
  2.829613     -4.283835    
  2.829700     -4.282110    
  2.832995     -4.290395    
  2.833082     -4.294370    
  2.835804     -4.301351    
  2.835890     -4.282015    
  2.836249     -4.436321    
  2.836336     -4.472592    
  2.836442     -4.469819    
  2.836529     -4.366887    
  2.841429     -4.254341    
  2.841516     -4.297771    
  2.844722     -4.312671    
  2.844809     -4.310837    
  2.845614     -4.314920    
  2.845701     -4.315202    
  2.845992     -4.315231    
  2.846079     -4.315222    
  2.846320     -4.315470    
  2.846407     -4.341094    
  2.851273     -4.309157    
  2.851359     -4.315229    
  2.851605     -4.315262    
  2.851692     -4.315041    
  2.852906     -4.322735    
  2.852993     -4.322756    
  2.853657     -4.326447    
  2.853730     -4.327062    
  2.853816     -4.329304    
  2.856721     -4.389097    
  2.856808     -4.339506    
  2.861695     -4.344203    
  2.861782     -4.345076    
  2.863190     -4.348198    
  2.863277     -4.347301    
  2.864011     -4.349051    
  2.864097     -4.349621    
  2.864172     -4.350016    
  2.864259     -4.350166    
  2.866955     -4.354680    
  2.867042     -4.352717    
  2.872704     -4.366053    
  2.872791     -4.359675    
  2.877117     -4.435775    
  2.877204     -4.412211    
  2.880603     -4.376277    
  2.880690     -4.324592    
  2.882313     -4.949350    
  2.882400     -4.789271    
  2.882670     -4.711594    
  2.882757    -100.00000    
  2.886654     -4.287833    
  2.886684     -4.188752    
  2.886741     -4.191443    
  2.886771     -4.193813    
  2.887555     -4.240453    
  2.887642     -4.293089    
  2.893704     -4.490570    
  2.893791     -4.413544    
  2.894071     -4.412965    
  2.894157     -4.412798    
  2.895095     -4.410528    
  2.895182     -4.411071    
  2.895490     -4.411468    
  2.895577     -4.410081    
  2.896767     -4.416656    
  2.896854     -4.562831    
  2.897787    -100.00000    
  2.897874     -5.826654    
  2.899209     -4.526054    
  2.899296     -4.366563    
  2.901336     -4.299154    
  2.901423     -4.363338    
  2.905548     -4.437882    
  2.905635     -4.427679    
  2.908098     -4.438018    
  2.908185     -4.435458    
  2.908477     -4.435385    
  2.908564     -4.431769    
  2.916527     -4.459108    
  2.916614     -4.458092    
  2.916785     -4.457663    
  2.916872     -4.457862    
  2.917171     -4.459753    
  2.917258     -4.450601    
  2.921759     -4.481088    
  2.921845     -4.479481    
  2.925029     -4.453811    
  2.925116     -4.460235    
  2.925683     -4.459340    
  2.925770     -4.459268    
  2.925849     -4.459197    
  2.925936     -4.459173    
  2.926028     -4.460098    
  2.927554     -4.464513    
  2.927641     -4.463991    
  2.927672     -4.464180    
  2.927759     -4.464706    
  2.927951     -4.465531    
  2.928037     -4.465665    
  2.928671     -4.468099    
  2.928758     -4.468702    
  2.929127     -4.470985    
  2.929213     -4.471726    
  2.929524     -4.477360    
  2.929611     -4.480078    
  2.929967     -4.483068    
  2.930054     -4.480353    
  2.930245     -4.476644    
  2.930332     -4.475625    
  2.930604     -4.478105    
  2.930644     -4.479305    
  2.930691     -4.480291    
  2.930731     -4.481289    
  2.930956     -4.484940    
  2.931043     -4.486822    
  2.932654     -4.479505    
  2.932741     -4.481859    
  2.933595     -4.492999    
  2.933682     -4.493419    
  2.934646     -4.481862    
  2.934733     -4.483097    
  2.934790     -4.482973    
  2.934877     -4.482584    
  2.935353     -4.483333    
  2.935439     -4.482740    
  2.936807     -4.496218    
  2.936894     -4.502147    
  2.937517     -4.505179    
  2.937604     -4.492355    
  2.942728     -4.497319    
  2.942815     -4.497142    
  2.943758     -4.500957    
  2.943845     -4.499830    
  2.943894     -4.499901    
  2.943981     -4.500437    
  2.945266     -4.501815    
  2.945353     -4.501573    
  2.946273     -4.507714    
  2.946360     -4.508639    
  2.946687     -4.508134    
  2.946746     -4.507829    
  2.946774     -4.507750    
  2.946833     -4.508122    
  2.950770     -4.511815    
  2.950857     -4.512744    
  2.951287     -4.513722    
  2.951374     -4.513898    
  2.951710     -4.514638    
  2.951797     -4.515034    
  2.952602     -4.516263    
  2.952688     -4.517307    
  2.953750     -4.518938    
  2.953837     -4.519101    
  2.953990     -4.520011    
  2.954077     -4.520692    
  2.954361     -4.521878    
  2.954448     -4.521698    
  2.955030     -4.520856    
  2.955117     -4.520997    
  2.955739     -4.521528    
  2.955826     -4.521793    
  2.956162     -4.522909    
  2.956248     -4.523153    
  2.956346     -4.523337    
  2.956433     -4.523447    
  2.957599     -4.524544    
  2.957685     -4.524916    
  2.957790     -4.524806    
  2.958490     -4.522902    
  2.958577     -4.523271    
  2.958702     -4.523782    
  2.958789     -4.524429    
  2.959196     -4.526673    
  2.959269     -4.526634    
  2.959356     -4.526671    
  2.959520     -4.526388    
  2.959575     -4.526189    
  2.959607     -4.526071    
  2.959642     -4.525929    
  2.959678     -4.525726    
  2.959729     -4.525288    
  2.959837     -4.523447    
  2.959916     -4.521668    
  2.960003     -4.519449    
  2.960694     -4.504081    
  2.960781     -4.502589    
  2.961122     -4.495916    
  2.961209     -4.366005    
  2.965318     -4.620763    
  2.965405     -4.777332    
  2.973340     -4.366042    
  2.973427     -4.486077    
  2.975729     -4.476508    
  2.975815     -4.500914    
  2.976171     -4.525767    
  2.976258     -4.397797    
  2.981363     -4.775734    
  2.981450     -4.833357    
  2.982423     -4.572909    
  2.982509     -4.517075    
  2.982872     -4.462147    
  2.982959     -4.442491    
  2.994503     -4.514803    
  3.005749     -4.471673    
  3.005836     -4.500398    
  3.008346     -4.506818    
  3.008392     -4.506524    
  3.008433     -4.506788    
  3.008479     -4.575132    
  3.022969     -4.548049    
  3.023055     -4.550537    
  3.024662     -4.554757    
  3.024749     -4.556444    
  3.026972     -4.563340    
  3.027058     -4.560638    
  3.028439     -4.561249    
  3.028526     -4.611259    
  3.041713     -4.558054    
  3.041799     -4.592552    
  3.044019     -4.605854    
  3.044106     -4.605717    
  3.046417     -4.617631    
  3.046504     -4.619279    
  3.047266     -4.616061    
  3.047353     -4.618567    
  3.053134     -4.640993    
  3.053221     -4.663669    
  3.056619     -4.666333    
  3.056706     -4.699899    
  3.057754     -4.641448    
  3.057841     -4.650167    
  3.072777     -4.713639    
  3.072864     -4.689249    
  3.074515     -4.698887    
  3.074602     -4.702353    
  3.082910     -4.732629    
  3.082997     -4.680196    
  3.085748     -5.529710    
  3.085835     -4.601486    
  3.088154     -4.385694    
  3.088240     -4.550181    
  3.089212     -4.662065    
  3.089299     -4.720241    
  3.092941     -4.817125    
  3.093028     -4.747697    
  3.093244     -4.773631    
  3.093331     -5.214122    
  3.093732    -100.00000    
  3.093819    -100.00000    
  3.096179     -4.478918    
  3.096266     -4.460276    
  3.099391     -4.819505    
  3.099477     -4.816752    
  3.110593     -4.861648    
  3.110679     -4.827305    
  3.114687     -4.878837    
  3.114774     -4.889508    
  3.115819     -4.808020    
  3.115905     -4.832793    
  3.116258     -4.849399    
  3.116344     -4.857230    
  3.116978     -4.816430    
  3.117065     -4.813697    
  3.118889     -4.896756    
  3.118976     -4.823580    
  3.124616     -4.863659    
  3.124703     -4.866673    
  3.125997     -4.891012    
  3.126084     -4.866220    
  3.126554     -4.846843    
  3.126641     -4.847204    
  3.126962     -4.850372    
  3.127049     -4.850984    
  3.127687     -4.873110    
  3.127774     -4.906016    
  3.129225     -4.848967    
  3.129312     -4.853559    
  3.132800     -4.881307    
  3.132887     -4.856636    
  3.135587     -4.923080    
  3.135674     -4.850942    
  3.138745     -5.013691    
  3.138832     -5.167204    
  3.139047     -5.109639    
  3.139134     -5.000184    
  3.141109     -4.858459    
  3.141196     -4.877075    
  3.143577     -4.900379    
  3.143664     -4.893810    
  3.144101     -4.905685    
  3.144188     -4.911113    
  3.144945     -4.902019    
  3.145031     -4.943720    
  3.146758     -5.010558    
  3.146845     -5.022146    
  3.146888     -5.027900    
  3.146975     -5.048747    
  3.147795     -4.880802    
  3.147882     -4.902098    
  3.148717     -4.929621    
  3.148804     -4.980125    
  3.149747     -4.932970    
  3.149834     -4.922454    
  3.150628     -4.928116    
  3.150714     -4.925757    
  3.151276     -4.915317    
  3.151363     -4.898377    
  3.152544     -4.921888    
  3.152631     -4.931738    
  3.152935     -4.932315    
  3.153022     -4.932323    
  3.153068     -4.931922    
  3.153155     -4.930321    
  3.153381     -4.928006    
  3.153434     -4.928818    
  3.153468     -4.929247    
  3.153521     -4.933888    
  3.155016     -4.932904    
  3.155103     -4.955460    
  3.159418     -4.951469    
  3.159505     -4.947101    
  3.159758     -4.947595    
  3.159845     -4.955023    
  3.164009     -4.979176    
  3.164096     -4.963350    
  3.164633     -5.005516    
  3.164720     -4.987391    
  3.164846     -4.978185    
  3.164933     -4.969704    
  3.165979     -4.993946    
  3.166066     -4.964450    
  3.171670     -4.979793    
  3.171756     -4.976118    
  3.173578     -4.944764    
  3.173665     -4.957993    
  3.174167     -4.957014    
  3.174254     -4.958335    
  3.179466     -5.013680    
  3.179553     -5.009190    
  3.180463     -5.013891    
  3.180550     -5.014959    
  3.181675     -5.020064    
  3.181761     -5.020164    
  3.184969     -5.028906    
  3.185055     -5.031880    
  3.187464     -5.038455    
  3.187494     -5.038493    
  3.187551     -5.038512    
  3.187581     -5.037983    
  3.188338     -5.039139    
  3.188425     -5.047117    
  3.189356     -5.042258    
  3.189443     -5.589450    
  3.190962    -100.00000    
  3.191049     -6.244370    
  3.191119     -6.080944    
  3.191206     -6.060476    
  3.192224     -5.110750    
  3.192311     -4.916528    
  3.194885     -4.903231    
  3.194972     -4.974806    
  3.196916     -5.050975    
  3.197003     -5.051658    
  3.203163     -5.090824    
  3.203249     -5.085275    
  3.204661     -5.092130    
  3.204747     -5.091434    
  3.207365     -5.099642    
  3.207452     -5.100510    
  3.209135     -5.104991    
  3.209222     -5.104527    
  3.209715     -5.106771    
  3.209802     -6.120351    
  3.217531     -4.653535    
  3.217618     -4.414019    
  3.217704     -4.419518    
  3.217791     -4.423994    
  3.218329     -4.513420    
  3.218415     -4.842711    
  3.233361     -5.416536    
  3.233448     -5.268187    
  3.243111     -5.141389    
  3.243198     -5.212976    
  3.251238     -5.238015    
  3.251325     -5.238616    
  3.261641     -5.270079    
  3.261728     -5.271470    
  3.263462     -5.276860    
  3.263549     -5.276512    
  3.271269     -5.300961    
  3.271355     -5.301234    
  3.271415     -5.301408    
  3.271502     -5.301326    
  3.273253     -5.306434    
  3.273340     -5.307762    
  3.276754     -5.318784    
  3.276841     -5.318553    
  3.279706     -5.327827    
  3.279793     -5.328209    
  3.281662     -5.334746    
  3.281749     -5.334618    
  3.283538     -5.340008    
  3.283625     -5.340878    
  3.285833     -5.347127    
  3.285920     -5.347952    
  3.289028     -5.357232    
  3.289115     -5.357295    
  3.291415     -5.365039    
  3.291501     -5.364965    
  3.292656     -5.368978    
  3.292743     -5.369739    
  3.294670     -5.375229    
  3.294757     -5.375529    
  3.295898     -5.379624    
  3.295985     -5.379758    
  3.296762     -5.382084    
  3.296849     -5.381960    
  3.299441     -5.390658    
  3.299528     -5.391119    
  3.301132     -5.395897    
  3.301219     -5.396429    
  3.305074     -5.408169    
  3.305161     -5.409046    
  3.305985     -5.411803    
  3.306072     -5.411854    
  3.306887     -5.413557    
  3.306974     -5.413896    
  3.309364     -5.420940    
  3.309451     -5.420964    
  3.309833     -5.422214    
  3.309920     -5.422609    
  3.310624     -5.425821    
  3.310710     -5.426209    
  3.310978     -5.427135    
  3.311065     -5.427379    
  3.311327     -5.428162    
  3.311414     -5.428366    
  3.311825     -5.429696    
  3.311912     -5.430070    
  3.312012     -5.430472    
  3.312099     -5.417966    
  3.333122     -5.483167    
  3.333209     -5.486159    
  3.343376     -5.503038    
  3.343463     -5.512987    
  3.351164     -5.521577    
  3.351250     -5.530038    
  3.351681     -5.533767    
  3.351768     -5.535674    
  3.363548     -5.571101    
  3.363635     -5.623601    
  3.367434     -5.514809    
  3.367521     -5.581003    
  3.377612     -5.625203    
  3.377699     -5.614878    
  3.379159     -5.712593    
  3.379246     -5.584161    
  3.382086     -5.552823    
  3.382173     -5.608019    
  3.385882     -5.655910    
  3.385969     -5.649849    
  3.389771     -5.663355    
  3.389858     -5.663390    
  3.395039     -5.680495    
  3.395125     -5.677466    
  3.400648     -5.706763    
  3.400735     -5.762283    
  3.400855     -5.773556    
  3.400942     -5.757787    
  3.403535     -5.513347    
  3.403595     -5.593374    
  3.403622     -5.595256    
  3.403681     -5.599032    
  3.404126     -5.639482    
  3.404213     -5.688917    
  3.414942     -5.755841    
  3.415029     -5.747099    
  3.419275     -5.761079    
  3.419361     -5.761521    
  3.421764     -5.770252    
  3.421851     -5.769893    
  3.426245     -5.785442    
  3.426332     -5.784962    
  3.434923     -5.813336    
  3.435010     -5.799987    
  3.442825     -5.689139    
  3.442912     -5.822168    
  3.444934     -5.844994    
  3.445021     -5.845045    
  3.449934     -5.864406    
  3.450021     -5.864444    
  3.466667     -5.919115    
  3.466754     -5.919676    
  3.467592     -5.922388    
  3.467679     -5.925312    
  3.468746     -5.932136    
  3.468833     -5.926093    
  3.469843     -5.930727    
  3.469930     -5.930651    
  3.472928     -5.940020    
  3.473015     -5.941750    
  3.480890     -5.963375    
  3.480977     -5.967221    
  3.485957     -5.984210    
  3.486044     -5.984624    
  3.486320     -5.985432    
  3.486406     -5.986470    
  3.494277     -6.011801    
  3.494364     -6.011627    
  3.503878     -6.045988    
  3.503965     -6.044849    
  3.505952     -6.050142    
  3.506039     -6.210508    
  3.506892     -5.907820    
  3.506979     -5.697305    
  3.515804     -6.273837    
  3.515836     -6.082361    
  3.515891     -6.082612    
  3.515923     -6.084297    
  3.534135     -6.146400    
  3.534222     -6.142160    
  3.535311     -6.142142    
  3.535397     -6.147023    
  3.539346     -6.164484    
  3.539433     -6.173102    
  3.543849     -6.138026    
  3.543936     -6.064287    
  3.544500     -6.070084    
  3.544586     -6.085125    
  3.545154     -6.121636    
  3.545241     -6.151859    
  3.552154     -6.217510    
  3.552241     -6.207085    
  3.553235     -6.210791    
  3.553322     -6.210619    
  3.555627     -6.218958    
  3.555714     -6.219184    
  3.557696     -6.224013    
  3.557783     -6.224132    
  3.558846     -6.229521    
  3.558933     -6.229319    
  3.559110     -6.229838    
  3.559197     -6.230013    
  3.560994     -6.236166    
  3.561019     -6.236141    
  3.561080     -6.236362    
  3.561106     -6.236444    
  3.561368     -6.237617    
  3.561455     -6.238053    
  3.561702     -6.239141    
  3.561789     -6.239489    
  3.561901     -6.239910    
  3.561988     -6.239185    
  3.565681     -6.247312    
  3.565768     -6.251336    
  3.568654     -6.262059    
  3.568741     -6.262513    
  3.572245     -6.273887    
  3.572332     -6.271655    
  3.628600     -6.444029    
  3.628687     -6.454912    
  3.631423     -6.476178    
  3.631510     -6.474702    
  3.632293     -6.477743    
  3.632379     -6.477972    
  3.634321     -6.484783    
  3.634408     -6.485199    
  3.644191     -6.477436    
  3.644278     -6.518796    
  3.656741     -6.554234    
  3.656828     -6.527108    
  3.663615     -6.526835    
  3.663702     -6.577260    
  3.670110     -6.603129    
  3.670197     -7.278373    
  3.673498     -5.882744    
  3.673585     -6.184932    
  3.687730     -7.211158    
  3.687817     -6.665214    
  3.688052     -6.641422    
  3.688139     -6.631948    
  3.688708     -6.535773    
  3.688795     -6.517616    
  3.688862     -6.506782    
  3.688948     -6.464991    
  3.691459     -6.636362    
  3.691546     -6.650489    
  3.695795     -6.694202    
  3.695882     -6.691804    
  3.713236     -6.750843    
  3.713322     -6.756616    
  3.719779     -6.757554    
  3.719866     -6.768152    
  3.725984     -6.795428    
  3.726070     -6.793762    
  3.733043     -6.817394    
  3.733130     -6.676471    
  3.740126     -6.741434    
  3.740213     -6.826690    
  3.740628     -6.832262    
  3.740715     -6.839202    
  3.751777     -6.882011    
  3.751863     -6.880942    
  3.753187     -6.884194    
  3.753274     -6.883809    
  3.753882     -6.884243    
  3.753969     -6.883904    
  3.754658     -6.887456    
  3.754745     -6.888340    
  3.755217     -6.891246    
  3.755304     -6.891556    
  3.755522     -6.892361    
  3.755609     -6.892659    
  3.755717     -6.892999    
  3.755803     -6.894390    
  3.793452     -7.014307    
  3.793539     -7.015761    
  3.804079     -7.046035    
  3.804166     -7.049366    
  3.806615     -7.064603    
  3.806702     -7.225448    
  3.821564     -6.831131    
  3.821651     -7.055822    
  3.838150     -7.196965    
  3.838237     -7.176508    
  3.842793     -7.127895    
  3.842880     -7.175440    
  3.865757     -7.222613    
  3.865844     -7.267372    
  3.866035     -7.268192    
  3.866122     -7.269233    
  3.871179     -7.285339    
  3.871266     -7.278180    
  3.892235     -7.325272    
  3.892321     -7.356022    
  3.894387     -7.362320    
  3.894474     -7.363371    
  3.895132     -7.365634    
  3.895219     -7.365088    
  3.898660     -7.377134    
  3.898747     -7.377464    
  3.900415     -7.382461    
  3.900502     -7.383400    
  3.902270     -7.389035    
  3.902356     -7.388107    
  3.904208     -7.395929    
  3.904295     -7.396652    
  3.905964     -7.400371    
  3.906051     -7.400805    
  3.906858     -7.403537    
  3.906945     -7.404340    
  3.908342     -7.409411    
  3.908429     -7.409226    
  3.913068     -7.424223    
  3.913155     -7.424505    
  3.913186     -7.424611    
  3.913273     -7.424864    
  3.913769     -7.427244    
  3.913856     -7.427627    
  3.913885     -7.427739    
  3.913972     -7.440022    
  3.916915     -7.404316    
  3.917002     -7.403682    
  3.968835     -7.624459    
  3.968922     -7.476193    
  3.983439     -7.652447    
  3.983526     -7.657125    
  3.993238     -7.675043    
  3.993325     -7.526735    
  4.025832     -7.654085    
  4.025919     -7.788826    
  4.034774     -7.862528    
  4.034860     -7.833403    
  4.038365     -7.665528    
  4.038452     -7.719054    
  4.047778     -7.886996    
  4.047808     -7.870605    
  4.047865     -7.870843    
  4.047895     -7.973050    
  4.073362     -7.738008    
  4.073449     -7.957118    
  4.128589     -8.097620    
  4.128676     -8.121618    
  4.150175     -8.196075    
  4.150262     -8.211370    
  4.155926     -8.214516    
  4.156013     -8.175073    
  4.161727     -8.231924    
  4.161814     -8.239323    
  4.163762     -8.250446    
  4.163849     -8.204924    
  4.251427     -8.527981    
  4.251514     -8.519131    
  4.266067     -8.556901    
  4.266154     -8.299855    
  4.339907     -9.010928    
  4.339994     -8.612128    
  4.353233     -8.904676    
  4.353320     -8.849011    
  4.356074     -8.843924    
  4.356161     -8.829646    
  4.357582     -8.837961    
  4.357669     -8.847098    
  4.440368     -9.080856    
  4.440455     -9.062254    
  4.512937     -9.164478    
  4.513024     -9.323698    
  4.514610     -9.330576    
  4.514697     -9.331221    
  4.515945     -9.335647    
  4.516032     -9.323455    
  4.585469     -9.512130    
  4.585556     -9.497635    
  4.648489     -9.660820    
  4.648576     -9.695691    
  4.649548     -9.690134    
  4.649635     -9.694943    
  4.649838     -9.697722    
  4.649925     -9.650877    
  4.709765     -9.807089    
  4.709852     -9.878915    
  4.765753     -9.984501    
  4.765822     -10.05049    
  4.765844     -10.05023    
  4.765909     -10.05032    
  4.765931     -10.02585    
  4.818480     -10.19534    
  4.818567     -10.15478    
  4.868094     -10.23684    
  4.868127     -10.33278    
  4.868152     -10.33224    
  4.868181     -10.33163    
  4.868214     -10.33144    
  4.868239     -10.26533    
  4.915089     -10.48241    
  4.915176     -10.47180    
  4.959449     -10.58469    
  4.959536     -10.59412    
  4.959642     -10.59189    
  4.959667     -10.59078    
  4.959729     -10.58727    
  4.959754     -10.57976    
  5.002021     -10.55015    
  5.002108     -10.71252    
  5.041986     -10.82244    
  5.042072     -10.82504    
  5.042428     -10.82628    
  5.042455     -10.82661    
  5.042515     -10.82701    
  5.042541     -10.80531    
  5.081038     -10.92425    
  5.081125     -10.89531    
  5.117569     -11.03750    
  5.117655     -11.04039    
  5.118005     -11.03933    
  5.118030     -11.03730    
  5.118092     -11.03198    
  5.118117     -10.88044    
  5.153462     -11.20292    
  5.153549     -11.13625    
  5.187204     -11.23670    
  5.187290     -11.22344    
  5.187529     -11.22486    
  5.187558     -11.22518    
  5.187616     -11.22566    
  5.187645     -11.22001    
  5.251180     -11.36345    
  5.251266     -11.41512    
  5.251931     -11.41849    
  5.252018     -11.40791    
  5.311750     -11.54957    
  5.311837     -11.58805    
  5.311944     -11.56343    
  5.614629     -12.43923    
  5.791270     -12.96998    
  6.013559     -13.64140    
  6.269124     -14.41804    
  6.545503     -15.25548    
  6.833661     -16.11018    
  7.128110     -16.97546    
  7.425812     -17.86252    
  7.725168     -18.80851    
  8.025358     -19.89270    
  8.325968     -21.31130    
  8.626788    -100.00000    
  8.927713    -100.00000    
