 0.8219208     -31.11909    
 0.8220077     -31.13303    
 0.8256567     -31.13211    
 0.8257436    -100.00000    
 0.8647793     -30.19989    
 0.9005939     -29.53620    
 0.9336786     -29.26654    
 0.9644204     -29.21004    
 0.9931293     -29.22230    
  1.020057     -30.03855    
  1.045413    -100.00000    
  1.069370    -100.00000    
  1.092073    -100.00000    
  1.113649    -100.00000    
  1.153828    -100.00000    
  1.190604     -16.20454    
  1.224506     -16.20914    
  1.224593    -100.00000    
  1.258242     -16.02688    
  1.258328    -100.00000    
  1.281053     -14.80745    
  1.281140     -15.14292    
  1.301030     -16.25837    
  1.305129     -15.38366    
  1.305216    -100.00000    
  1.326885     -14.55480    
  1.326972    -100.00000    
  1.346664     -13.50236    
  1.346750     -13.40685    
  1.351328     -13.12935    
  1.351414     -10.58074    
  1.362515     -9.573577    
  1.362602    -100.00000    
  1.390867     -9.185063    
  1.390954     -9.243415    
  1.403133     -9.087172    
  1.403220     -8.805827    
  1.416604     -8.403428    
  1.416691     -8.427226    
  1.442990     -8.014859    
  1.443077     -7.966692    
  1.465932     -7.881513    
  1.466019     -7.726411    
  1.485843     -7.274400    
  1.485929     -7.298009    
  1.499940     -6.914198    
  1.500027     -5.726209    
  1.524019     -5.151212    
  1.546755     -5.066595    
  1.546842     -5.072705    
  1.576102     -4.998925    
  1.576189     -4.994575    
  1.604747     -4.963599    
  1.604834     -5.113657    
  1.629405     -4.895858    
  1.629492     -4.939911    
  1.655461     -4.943741    
  1.679965     -4.963629    
  1.703160     -4.995806    
  1.725179     -5.036943    
  1.725266     -5.029093    
  1.731654     -4.489176    
  1.731741     -4.220300    
  1.762029     -5.122821    
  1.790341     -4.739743    
  1.790428     -5.249937    
  1.817058     -4.484758    
  1.842149    -100.00000    
  1.842236     -5.421098    
  1.843313     -5.714095    
  1.843400     -5.757795    
  1.861079     -5.594523    
  1.861166     -5.249763    
  1.861837     -5.073766    
  1.861924     -5.600822    
  1.874931     -5.983791    
  1.875018     -5.093076    
  1.895020     -5.558230    
  1.914140     -5.325319    
  1.914227     -5.433009    
  1.921566     -5.282810    
  1.921653     -5.540141    
  1.926897    -100.00000    
  1.926984     -5.538838    
  1.940222     -5.426835    
  1.953068     -4.819125    
  1.953155     -4.614829    
  1.962601     -4.862301    
  1.971846     -4.728590    
  1.971933    -100.00000    
  1.982347     -4.680664    
  1.992517     -4.917859    
  1.992604     -4.846678    
  1.993799     -4.538113    
  1.993886     -4.561992    
  1.994140     -4.409005    
  1.994226     -4.245421    
  1.996545     -4.013748    
  1.996632     -4.031542    
  1.998156     -4.021208    
  1.998243     -4.034441    
  2.000011     -4.125866    
  2.000098     -4.159816    
  2.005591     -4.314784    
  2.005678     -4.775639    
  2.007909    -100.00000    
  2.007996    -100.00000    
  2.009188     -5.805313    
  2.009275    -100.00000    
  2.023257     -4.988997    
  2.036803     -4.273557    
  2.036890     -4.077033    
  2.049264     -4.104710    
  2.061295     -4.207787    
  2.061382     -4.195116    
  2.069531     -4.485293    
  2.077530     -4.345291    
  2.077617     -4.025515    
  2.086895     -4.211106    
  2.095978     -3.898047    
  2.096065     -3.860957    
  2.097299     -3.828162    
  2.097386     -3.825518    
  2.102584     -3.831243    
  2.102671     -3.827131    
  2.103399     -3.833226    
  2.103486     -3.843420    
  2.105825     -3.851741    
  2.105912     -3.839219    
  2.106091     -3.840738    
  2.106178     -3.813214    
  2.111629     -3.964406    
  2.111716     -3.763168    
  2.119223     -4.416942    
  2.119310     -3.894911    
  2.124245     -3.865488    
  2.124332     -3.834005    
  2.137459     -3.838429    
  2.137546     -3.870433    
  2.138137     -3.856389    
  2.138224     -3.858583    
  2.138688     -3.852155    
  2.138775     -3.913003    
  2.149371     -3.861819    
  2.149458     -3.985651    
  2.150309     -4.139642    
  2.150396     -4.247305    
  2.150438     -4.253153    
  2.150525     -4.180453    
  2.156847     -3.791992    
  2.156934     -3.816991    
  2.168071     -4.329707    
  2.168158     -4.521833    
  2.177603     -4.437446    
  2.177690     -4.383426    
  2.191113     -4.576865    
  2.191200     -5.364217    
  2.197200     -4.013499    
  2.197287     -3.892078    
  2.203933     -4.365505    
  2.204020     -4.617042    
  2.204170     -4.729023    
  2.204257     -4.655080    
  2.204684     -4.458632    
  2.204771     -4.192487    
  2.211353     -3.963375    
  2.217836     -3.887601    
  2.217923     -3.918988    
  2.217949     -3.917472    
  2.218036     -3.852704    
  2.218819     -4.128088    
  2.218906     -4.151141    
  2.223758     -4.006543    
  2.223844    -100.00000    
  2.230357     -4.018224    
  2.236772     -3.996875    
  2.236859     -3.884531    
  2.239623     -3.983278    
  2.239710     -3.936293    
  2.244929     -4.034353    
  2.250086     -4.025130    
  2.250173     -4.051300    
  2.253696     -4.022498    
  2.253782     -4.055922    
  2.256807     -4.034074    
  2.259811     -3.995754    
  2.262794     -3.983854    
  2.265757     -3.995736    
  2.265844     -3.955099    
  2.267022     -3.940982    
  2.267109     -4.475216    
  2.270424     -3.861868    
  2.270511     -4.407219    
  2.273172     -3.873772    
  2.275818     -3.900651    
  2.275905     -3.894692    
  2.278993     -3.979723    
  2.279080     -3.898156    
  2.281448     -3.957008    
  2.283804     -4.017497    
  2.283891     -3.984495    
  2.286548     -3.964986    
  2.286635     -3.979446    
  2.286786     -3.976940    
  2.286873     -3.954666    
  2.289321     -4.184337    
  2.291755     -3.939468    
  2.294175     -3.963536    
  2.296582     -3.937137    
  2.298976     -3.938451    
  2.301356     -3.977796    
  2.303724     -3.935016    
  2.304903     -3.935778    
  2.306078     -3.932402    
  2.306165     -3.935455    
  2.308271     -3.935383    
  2.309320     -3.953507    
  2.310367     -3.943286    
  2.311411     -3.942330    
  2.312452     -3.949334    
  2.313491     -3.969923    
  2.314528     -4.073115    
  2.314614     -4.020755    
  2.315825     -3.968263    
  2.317033     -4.018253    
  2.318237     -3.908774    
  2.319437     -4.383038    
  2.320635     -4.301574    
  2.321829     -4.017968    
  2.323020     -3.917699    
  2.324207     -4.478102    
  2.324294     -4.013534    
  2.325800     -4.134870    
  2.325887     -4.046997    
  2.326813     -4.276755    
  2.327736     -3.857638    
  2.327823     -3.862863    
  2.328856     -3.862024    
  2.329886     -3.897102    
  2.330914     -3.910166    
  2.331939     -3.932439    
  2.332026     -3.977003    
  2.333111     -4.202185    
  2.334194     -4.167678    
  2.335274     -3.966137    
  2.336352     -3.841379    
  2.336439     -3.948745    
  2.337047     -4.140460    
  2.337655     -3.973567    
  2.338262     -3.956441    
  2.338868     -3.897456    
  2.339473     -4.385475    
  2.340077     -4.031020    
  2.340680     -3.952272    
  2.341283     -4.181593    
  2.341370     -4.070574    
  2.341472     -3.940161    
  2.342517     -4.435963    
  2.342604     -4.679636    
  2.343196     -4.393754    
  2.343786     -3.980926    
  2.343873     -3.962492    
  2.344850     -3.865013    
  2.345825     -4.736308    
  2.345912     -4.071212    
  2.346656     -4.193591    
  2.347399     -4.036996    
  2.348141     -4.031343    
  2.348882     -4.231876    
  2.348969     -4.036626    
  2.349884     -3.984556    
  2.349971     -4.343523    
  2.350040     -4.436877    
  2.350127     -4.346713    
  2.350953     -4.040238    
  2.351777     -3.935776    
  2.352600     -3.944027    
  2.353421     -4.246554    
  2.353508     -4.086466    
  2.353983     -4.018213    
  2.354070     -3.983825    
  2.354840     -4.057268    
  2.355610     -3.993634    
  2.356378     -3.986884    
  2.357144     -3.985284    
  2.357197     -3.986077    
  2.357231     -3.986252    
  2.357284     -3.986517    
  2.357504     -3.988422    
  2.357582     -3.990713    
  2.357669     -3.909797    
  2.357776     -3.845206    
  2.357863     -3.776229    
  2.360104     -4.058086    
  2.360190     -4.150730    
  2.373546     -3.628699    
  2.373632     -3.697766    
  2.378097     -3.642874    
  2.378184     -3.500601    
  2.381409     -3.586839    
  2.381496     -3.597960    
  2.384668     -3.606375    
  2.384755     -3.814003    
  2.387126     -3.856675    
  2.387213     -3.453330    
  2.397727     -3.705993    
  2.397814     -3.634535    
  2.403706     -3.642785    
  2.403793     -3.628343    
  2.405816     -3.646186    
  2.405903     -3.538053    
  2.409533     -4.267215    
  2.409619     -3.705889    
  2.409967     -3.462773    
  2.410054     -3.398730    
  2.411499     -3.200696    
  2.411586     -3.226674    
  2.413098     -3.364888    
  2.413185     -3.410239    
  2.417226     -3.626985    
  2.417313     -3.606408    
  2.417446     -3.607499    
  2.417533     -3.647732    
  2.429013     -3.748082    
  2.429100     -3.716412    
  2.429782     -3.728683    
  2.429869     -3.734526    
  2.429909     -3.736001    
  2.429996     -3.674330    
  2.433515     -4.022958    
  2.433602     -3.803874    
  2.434760     -3.525615    
  2.434847     -3.498328    
  2.438744     -3.560780    
  2.438831     -3.626874    
  2.441087     -3.522964    
  2.441174     -3.550976    
  2.442885     -4.078480    
  2.442972     -3.902105    
  2.446825     -3.541842    
  2.446912     -3.848056    
  2.449374     -4.052628    
  2.449460     -3.778751    
  2.454772     -3.584779    
  2.454858     -3.647709    
  2.457103     -3.751563    
  2.457190     -3.983306    
  2.462242     -3.562054    
  2.462329     -3.556865    
  2.465051     -4.021170    
  2.465138     -3.782593    
  2.466974     -3.570226    
  2.467061     -3.603358    
  2.469909     -3.742079    
  2.469996     -3.738499    
  2.471129     -3.743644    
  2.471216     -3.747186    
  2.471255     -3.747807    
  2.471342     -3.748996    
  2.471828     -3.752512    
  2.471915     -3.750646    
  2.473553     -3.760230    
  2.473639     -3.766939    
  2.473908     -3.769539    
  2.473994     -3.769546    
  2.475654     -3.737695    
  2.475741     -3.747112    
  2.476442     -3.736595    
  2.476529     -3.731003    
  2.476977     -3.750985    
  2.477064     -3.764636    
  2.479546     -3.745913    
  2.479633    -100.00000    
  2.483967     -3.260158    
  2.484054     -2.891359    
  2.484128     -2.877034    
  2.484215     -2.861822    
  2.484517     -2.841097    
  2.484604     -2.822698    
  2.487037     -3.296831    
  2.487124     -3.172967    
  2.491399     -3.771363    
  2.491486     -3.666344    
  2.493770     -3.820145    
  2.493799     -3.809624    
  2.493857     -3.812254    
  2.493886     -3.864082    
  2.496105     -3.862888    
  2.496192     -3.758890    
  2.497233     -3.739344    
  2.497320     -3.749064    
  2.497678     -3.754021    
  2.497765     -3.755684    
  2.498024     -3.763365    
  2.498111     -3.778713    
  2.501025     -3.828911    
  2.503920     -3.778421    
  2.504007     -3.800065    
  2.504069     -3.801534    
  2.504156     -3.803195    
  2.506191     -3.842802    
  2.506278     -3.844428    
  2.507046     -3.857110    
  2.507133     -3.859839    
  2.509451     -3.877010    
  2.511756     -3.897270    
  2.511843     -3.887354    
  2.512347     -3.886010    
  2.512434     -3.892412    
  2.514176     -3.865952    
  2.514263     -3.848615    
  2.515486     -3.857316    
  2.515573     -3.858253    
  2.515719     -3.859073    
  2.515805     -3.859530    
  2.515872     -3.859882    
  2.515959     -3.859911    
  2.516706     -3.865672    
  2.516793     -3.867272    
  2.516940     -3.868899    
  2.517027     -3.869173    
  2.517941     -3.876712    
  2.518028     -3.876177    
  2.519341     -3.902912    
  2.519428     -3.882037    
  2.521714     -3.822063    
  2.523988     -3.912669    
  2.526250     -3.815114    
  2.528500     -3.798788    
  2.528587     -3.976491    
  2.532731     -3.733324    
  2.532818     -3.786459    
  2.533833     -3.817266    
  2.533920     -3.769976    
  2.537178     -3.985051    
  2.540412     -3.728825    
  2.543622     -3.899539    
  2.546808     -3.934744    
  2.546895     -3.945697    
  2.547436     -3.951002    
  2.547523     -3.926530    
  2.551127     -3.956494    
  2.554701     -3.945903    
  2.554788     -4.196330    
  2.557290     -3.766621    
  2.559779     -3.947715    
  2.562253     -3.744458    
  2.564713     -3.831937    
  2.564799     -3.834962    
  2.568369     -3.976966    
  2.568456     -3.970501    
  2.571315     -3.983603    
  2.571402     -3.993965    
  2.571490     -3.996546    
  2.571576     -4.000948    
  2.572582     -4.017779    
  2.572668     -4.010497    
  2.573820     -4.024998    
  2.573907     -4.040830    
  2.576147     -4.007075    
  2.578375     -4.005267    
  2.580592     -4.039545    
  2.582797     -4.032550    
  2.582884     -4.039439    
  2.586758     -4.043204    
  2.590598     -4.026058    
  2.590685     -4.047092    
  2.593225     -4.026493    
  2.595750     -3.995730    
  2.595837     -4.006893    
  2.598386     -4.007498    
  2.600921     -4.023594    
  2.601008     -4.052945    
  2.603333     -4.045189    
  2.603420     -4.024922    
  2.604635     -4.034166    
  2.604722     -4.038378    
  2.606239     -4.076358    
  2.606324     -4.078292    
  2.606411     -4.080301    
  2.607057     -4.092282    
  2.607144     -4.092638    
  2.607239     -4.092963    
  2.607326     -4.093058    
  2.607391     -4.092812    
  2.607478     -4.092020    
  2.607654     -4.089028    
  2.607741     -4.014588    
  2.611049     -4.053775    
  2.614332     -3.976806    
  2.614419     -4.017155    
  2.617004     -4.113012    
  2.619574     -4.042533    
  2.619659     -3.997451    
  2.619746     -3.995525    
  2.620996     -4.012797    
  2.621082     -4.050492    
  2.621962     -4.615565    
  2.622049     -4.189147    
  2.623324     -3.867224    
  2.623411     -3.836925    
  2.624766     -4.023619    
  2.624853     -3.961723    
  2.627024     -3.941581    
  2.627110     -4.086286    
  2.630435     -3.983399    
  2.630522     -4.013464    
  2.632418     -4.113085    
  2.632505     -4.117643    
  2.633585     -4.165267    
  2.633672     -4.166782    
  2.634210     -4.182720    
  2.634297     -4.146145    
  2.636422     -4.320892    
  2.638537     -4.004039    
  2.640642     -4.087824    
  2.642737     -4.122923    
  2.642824     -4.108982    
  2.645913     -4.263262    
  2.646000     -4.143718    
  2.648513     -4.106762    
  2.648600     -4.138200    
  2.650102     -4.149539    
  2.650189     -4.145495    
  2.650581     -4.151193    
  2.650668     -4.152898    
  2.653884     -4.235759    
  2.653971     -4.227490    
  2.654508     -4.261883    
  2.654595     -4.493821    
  2.655848     -4.239218    
  2.655935     -4.151349    
  2.656856     -4.005976    
  2.656943     -4.004062    
  2.658483     -4.051945    
  2.658570     -4.061713    
  2.659789     -4.131597    
  2.659876     -4.137059    
  2.661632     -4.190499    
  2.661711     -4.188504    
  2.661798     -4.190125    
  2.662214     -4.195061    
  2.662301     -4.195791    
  2.662838     -4.195641    
  2.662925     -4.195309    
  2.663187     -4.195775    
  2.663274     -4.201567    
  2.665319     -4.189422    
  2.665405     -4.179148    
  2.666840     -4.163693    
  2.668270     -4.207829    
  2.668357     -4.209777    
  2.670100     -4.257158    
  2.670187     -4.257756    
  2.670742     -4.267545    
  2.670829     -4.269105    
  2.672470     -4.299491    
  2.674106     -4.309513    
  2.674193     -4.312348    
  2.675152     -4.323959    
  2.675239     -4.323625    
  2.675371     -4.324270    
  2.675458     -4.324644    
  2.676824     -4.332839    
  2.676911     -4.331397    
  2.677751     -4.333315    
  2.677838     -4.334396    
  2.679282     -4.322071    
  2.680721     -4.337682    
  2.682155     -4.311641    
  2.683585     -4.324492    
  2.683672     -4.323877    
  2.684480     -4.332494    
  2.684566     -4.334736    
  2.685714     -4.346701    
  2.685801     -4.346267    
  2.685988     -4.346448    
  2.686075     -4.346115    
  2.686520     -4.345840    
  2.686607     -4.346342    
  2.687327     -4.352204    
  2.688046     -4.357195    
  2.688133     -4.357536    
  2.688542     -4.358730    
  2.688599     -4.358710    
  2.688629     -4.358747    
  2.688686     -4.358483    
  2.689808     -4.362099    
  2.690927     -4.368961    
  2.691014     -4.369075    
  2.691670     -4.368610    
  2.692326     -4.369083    
  2.692981     -4.372526    
  2.693635     -4.374726    
  2.693722     -4.375169    
  2.694340     -4.376961    
  2.694958     -4.377639    
  2.695575     -4.372074    
  2.696192     -4.353965    
  2.696807     -4.332839    
  2.697422     -4.337512    
  2.698035     -4.338520    
  2.698648     -4.397526    
  2.698717     -4.404792    
  2.698803     -4.396857    
  2.699142     -4.374514    
  2.699229     -4.370869    
  2.700077     -4.320503    
  2.700500     -4.311909    
  2.700923     -4.316262    
  2.701345     -4.322122    
  2.701767     -4.328827    
  2.702189     -4.337336    
  2.702610     -4.346383    
  2.702697     -4.356759    
  2.706323     -4.391788    
  2.706410     -4.391451    
  2.707308     -4.398869    
  2.707395     -4.497088    
  2.708280     -4.446176    
  2.708352     -4.407235    
  2.708438     -4.391375    
  2.709271     -4.275516    
  2.709358     -4.258984    
  2.712230     -4.327300    
  2.712317     -4.341248    
  2.715874     -4.403859    
  2.715961     -4.403858    
  2.716395     -4.409314    
  2.716481     -4.410294    
  2.716568     -4.500522    
  2.721359     -4.254145    
  2.721446     -4.300332    
  2.724957     -4.402791    
  2.725044     -4.398708    
  2.725129     -4.400463    
  2.725216     -4.405297    
  2.727523     -4.430932    
  2.727610     -4.429591    
  2.728146     -4.430329    
  2.728233     -4.430763    
  2.728368     -4.431249    
  2.728455     -4.431595    
  2.728556     -4.432001    
  2.728643     -4.435624    
  2.735898     -4.461375    
  2.735985     -4.462096    
  2.736079     -4.463933    
  2.737059     -4.447918    
  2.737146     -4.433247    
  2.738167     -4.433720    
  2.738254     -4.438162    
  2.740490     -4.462306    
  2.740577     -4.459833    
  2.742815     -4.476956    
  2.742902     -4.478706    
  2.743703     -4.483716    
  2.743790     -4.504240    
  2.753428     -4.466985    
  2.753515     -4.470697    
  2.753850     -4.475089    
  2.753937     -4.476728    
  2.754509     -4.477974    
  2.754596     -4.475985    
  2.754850     -4.472528    
  2.754937     -4.471483    
  2.756676     -4.489861    
  2.756763     -4.486819    
  2.758474     -4.490021    
  2.758561     -4.493625    
  2.759027     -4.496550    
  2.759113     -4.497134    
  2.759911     -4.504442    
  2.759997     -4.506367    
  2.763464     -4.532104    
  2.763551     -4.534239    
  2.765400     -4.529181    
  2.765487     -4.525719    
  2.765755     -4.525982    
  2.765842     -4.527145    
  2.766689     -4.531848    
  2.766776     -4.529755    
  2.768842     -4.539821    
  2.768929     -4.542881    
  2.769216     -4.544790    
  2.769303     -4.548769    
  2.772541     -4.551470    
  2.772628     -4.554031    
  2.781421     -4.583933    
  2.781508     -4.591510    
  2.783749     -4.551826    
  2.783836     -4.553923    
  2.786316     -4.571614    
  2.786403     -4.568932    
  2.789343     -4.588927    
  2.789430     -4.583812    
  2.792049     -4.591747    
  2.792136     -4.584582    
  2.795957     -4.597938    
  2.796043     -4.598753    
  2.799021     -4.565433    
  2.799107     -4.577172    
  2.799738     -4.577715    
  2.799825     -4.572582    
  2.801475     -4.591870    
  2.801562     -4.576799    
  2.816430     -4.677712    
  2.816517     -4.669588    
  2.817018     -4.671116    
  2.817105     -4.670997    
  2.818570     -4.670964    
  2.818657     -4.664541    
  2.823371     -4.672585    
  2.823458     -4.675990    
  2.826003     -4.686779    
  2.826090     -4.687585    
  2.829613     -4.701844    
  2.829700     -4.703827    
  2.832995     -4.707658    
  2.833082     -4.707729    
  2.835804     -4.718701    
  2.835890     -4.717657    
  2.836249     -4.718909    
  2.836336     -4.719298    
  2.836442     -4.719717    
  2.836529     -4.715142    
  2.841429     -4.721237    
  2.841516     -4.728440    
  2.844722     -4.738901    
  2.844809     -4.736691    
  2.845614     -4.737909    
  2.845701     -4.738527    
  2.845992     -4.739518    
  2.846079     -4.739833    
  2.846320     -4.740863    
  2.846407     -4.743286    
  2.851273     -4.758681    
  2.851359     -4.756414    
  2.851605     -4.755147    
  2.851692     -4.754909    
  2.852906     -4.747495    
  2.852993     -4.747222    
  2.853657     -4.749344    
  2.853730     -4.750487    
  2.853816     -4.753377    
  2.856721     -4.753676    
  2.856808     -4.763130    
  2.861695     -4.785103    
  2.861782     -4.784741    
  2.863190     -4.788187    
  2.863277     -4.787820    
  2.864011     -4.790088    
  2.864097     -4.790605    
  2.864172     -4.790950    
  2.864259     -4.792105    
  2.866955     -4.798122    
  2.867042     -4.799727    
  2.872704     -4.816661    
  2.872791     -4.821323    
  2.877117     -4.805984    
  2.877204     -4.812246    
  2.880603     -4.834843    
  2.880690     -4.833660    
  2.882313     -4.840248    
  2.882400     -4.840221    
  2.882670     -4.840785    
  2.882757     -4.841200    
  2.886654     -4.848857    
  2.886684     -4.850506    
  2.886741     -4.850715    
  2.886771     -4.850925    
  2.887555     -4.853020    
  2.887642     -4.855689    
  2.893704     -4.866342    
  2.893791     -4.866994    
  2.894071     -4.867872    
  2.894157     -4.867975    
  2.895095     -4.870526    
  2.895182     -4.871229    
  2.895490     -4.872661    
  2.895577     -4.873488    
  2.896767     -4.875499    
  2.896854     -4.875213    
  2.897787     -4.877623    
  2.897874     -4.878287    
  2.899209     -4.881977    
  2.899296     -4.881654    
  2.901336     -4.889992    
  2.901423     -4.890188    
  2.905548     -4.900201    
  2.905635     -4.900778    
  2.908098     -4.906786    
  2.908185     -4.907121    
  2.908477     -4.906647    
  2.908564     -4.901698    
  2.916527     -4.921672    
  2.916614     -4.920471    
  2.916785     -4.917386    
  2.916872     -4.915385    
  2.917171     -4.908666    
  2.917258     -4.900794    
  2.921759     -4.935576    
  2.921845     -4.936641    
  2.925029     -4.950169    
  2.925116     -4.949329    
  2.925683     -4.952178    
  2.925770     -4.952659    
  2.925849     -4.953055    
  2.925936     -4.953455    
  2.926028     -4.953975    
  2.927554     -4.956932    
  2.927641     -4.957401    
  2.927672     -4.957507    
  2.927759     -4.957823    
  2.927951     -4.958588    
  2.928037     -4.959114    
  2.928671     -4.960519    
  2.928758     -4.960537    
  2.929127     -4.961229    
  2.929213     -4.961346    
  2.929524     -4.961579    
  2.929611     -4.961578    
  2.929967     -4.962109    
  2.930054     -4.962387    
  2.930245     -4.962598    
  2.930332     -4.962999    
  2.930604     -4.964666    
  2.930644     -4.964812    
  2.930691     -4.964993    
  2.930731     -4.965297    
  2.930956     -4.964357    
  2.931043     -4.957636    
  2.932654     -4.925649    
  2.932741     -4.932903    
  2.933595     -4.933034    
  2.933682     -4.935849    
  2.934646     -4.950482    
  2.934733     -4.951549    
  2.934790     -4.952367    
  2.934877     -4.953666    
  2.935353     -4.960364    
  2.935439     -4.962140    
  2.936807     -4.974373    
  2.936894     -4.975661    
  2.937517     -4.967577    
  2.937604     -4.955105    
  2.942728     -4.983683    
  2.942815     -4.981964    
  2.943758     -4.987760    
  2.943845     -4.988848    
  2.943894     -4.989260    
  2.943981     -4.990611    
  2.945266     -4.998836    
  2.945353     -4.998660    
  2.946273     -5.000009    
  2.946360     -5.000373    
  2.946687     -5.001759    
  2.946746     -5.002060    
  2.946774     -5.002196    
  2.946833     -5.002577    
  2.950770     -5.020630    
  2.950857     -5.019988    
  2.951287     -5.022003    
  2.951374     -5.022471    
  2.951710     -5.023871    
  2.951797     -5.024589    
  2.952602     -5.025808    
  2.952688     -5.024510    
  2.953750     -5.021640    
  2.953837     -5.023129    
  2.953990     -5.024281    
  2.954077     -5.025029    
  2.954361     -5.026130    
  2.954448     -5.027133    
  2.955030     -5.012600    
  2.955117     -5.006345    
  2.955739     -4.995885    
  2.955826     -4.998201    
  2.956162     -5.001849    
  2.956248     -5.002927    
  2.956346     -5.003970    
  2.956433     -5.004956    
  2.957599     -5.013824    
  2.957685     -5.014623    
  2.957790     -5.015649    
  2.958490     -5.021879    
  2.958577     -5.022438    
  2.958702     -5.023388    
  2.958789     -5.024158    
  2.959196     -5.025706    
  2.959269     -5.025659    
  2.959356     -5.025767    
  2.959520     -5.025946    
  2.959575     -5.026001    
  2.959607     -5.026034    
  2.959642     -5.026044    
  2.959678     -5.026555    
  2.959729     -5.026743    
  2.959837     -5.026911    
  2.959916     -5.026909    
  2.960003     -5.026717    
  2.960694     -5.023624    
  2.960781     -5.023468    
  2.961122     -5.024613    
  2.961209     -5.015006    
  2.965318     -5.050716    
  2.965405     -5.042218    
  2.973340     -5.065009    
  2.973427     -5.051336    
  2.975729     -5.097984    
  2.975815     -5.074699    
  2.976171     -5.062595    
  2.976258     -5.078971    
  2.981363     -5.084969    
  2.981450     -5.082705    
  2.982423     -5.152177    
  2.982509     -5.141604    
  2.982872     -5.120303    
  2.982959     -5.087525    
  3.005749     -5.139215    
  3.005836     -5.176322    
  3.008346     -5.199863    
  3.008392     -5.198639    
  3.008433     -5.198700    
  3.008479     -5.166711    
  3.022969     -5.155329    
  3.023055     -5.221230    
  3.024662     -5.238342    
  3.024749     -5.239999    
  3.026972     -5.262243    
  3.027058     -5.259571    
  3.028439     -5.266353    
  3.028526     -5.342863    
  3.041713     -5.057140    
  3.041799     -5.207427    
  3.044019     -5.279413    
  3.044106     -5.280804    
  3.046417     -5.307897    
  3.046504     -5.305876    
  3.047266     -5.312020    
  3.047353     -5.314916    
  3.053134     -5.334406    
  3.053221     -5.332768    
  3.056619     -5.338629    
  3.056706     -5.339727    
  3.057754     -5.342419    
  3.057841     -5.342428    
  3.072777     -5.382865    
  3.072864     -5.382624    
  3.074515     -5.388255    
  3.074602     -5.387688    
  3.082910     -5.408928    
  3.082997     -5.613311    
  3.085748     -5.094094    
  3.085835     -4.963623    
  3.088154     -4.948167    
  3.088240     -4.986651    
  3.089212     -5.086243    
  3.089299     -5.129651    
  3.092941     -5.419126    
  3.093028     -5.344569    
  3.093244     -5.591471    
  3.093331     -6.730769    
  3.093732     -6.796587    
  3.093819     -5.786905    
  3.096179     -5.135977    
  3.096266     -5.198269    
  3.099391     -5.357304    
  3.099477     -5.395618    
  3.110593     -5.503553    
  3.110679     -5.481961    
  3.114687     -5.490467    
  3.114774     -5.491243    
  3.115819     -5.494606    
  3.115905     -5.495037    
  3.116258     -5.496145    
  3.116344     -5.496346    
  3.116978     -5.497138    
  3.117065     -5.497365    
  3.118889     -5.502460    
  3.118976     -5.502218    
  3.124616     -5.516477    
  3.124703     -5.516316    
  3.125997     -5.520979    
  3.126084     -5.521502    
  3.126554     -5.522868    
  3.126641     -5.522943    
  3.126962     -5.523289    
  3.127049     -5.523289    
  3.127687     -5.524898    
  3.127774     -5.525351    
  3.129225     -5.530515    
  3.129312     -5.529990    
  3.132800     -5.538215    
  3.132887     -5.539046    
  3.135587     -5.546068    
  3.135674     -5.547289    
  3.138745     -5.553486    
  3.138832     -5.554361    
  3.139047     -5.554996    
  3.139134     -5.555279    
  3.141109     -5.559475    
  3.141196     -5.560390    
  3.143577     -5.565175    
  3.143664     -5.566089    
  3.144101     -5.567450    
  3.144188     -5.567374    
  3.144945     -5.569775    
  3.145031     -5.591725    
  3.146758     -5.567955    
  3.146845     -5.572821    
  3.146888     -5.572918    
  3.146975     -5.573077    
  3.147795     -5.576419    
  3.147882     -5.576504    
  3.148717     -5.578543    
  3.148804     -5.579014    
  3.149747     -5.582760    
  3.149834     -5.583126    
  3.150628     -5.585458    
  3.150714     -5.585597    
  3.151276     -5.586925    
  3.151363     -5.587135    
  3.152544     -5.591259    
  3.152631     -5.591461    
  3.152935     -5.592188    
  3.153022     -5.592358    
  3.153068     -5.592456    
  3.153155     -5.592646    
  3.153381     -5.593173    
  3.153434     -5.593296    
  3.153468     -5.593374    
  3.153521     -5.593304    
  3.155016     -5.597426    
  3.155103     -5.597825    
  3.159418     -5.609911    
  3.159505     -5.610187    
  3.159758     -5.610762    
  3.159845     -5.610960    
  3.164009     -5.622244    
  3.164096     -5.622501    
  3.164633     -5.623806    
  3.164720     -5.623996    
  3.164846     -5.624280    
  3.164933     -5.624382    
  3.165979     -5.627058    
  3.166066     -5.627436    
  3.171670     -5.642564    
  3.171756     -5.642868    
  3.173578     -5.647827    
  3.173665     -5.647837    
  3.174167     -5.649115    
  3.174254     -5.648795    
  3.179466     -5.661262    
  3.179553     -5.662618    
  3.180463     -5.665791    
  3.180550     -5.666119    
  3.181675     -5.668914    
  3.181761     -5.669102    
  3.184969     -5.678165    
  3.185055     -5.678137    
  3.187464     -5.685104    
  3.187494     -5.684898    
  3.187551     -5.685040    
  3.187581     -5.685095    
  3.188338     -5.687109    
  3.188425     -5.687361    
  3.189356     -5.690066    
  3.189443     -5.697783    
  3.190962     -5.703929    
  3.191049     -5.697039    
  3.191119     -5.696269    
  3.191206     -5.694513    
  3.192224     -5.692034    
  3.192311     -5.692422    
  3.194885     -5.701982    
  3.194972     -5.702463    
  3.196916     -5.709542    
  3.197003     -5.709907    
  3.203163     -5.727292    
  3.203249     -5.727417    
  3.204661     -5.731247    
  3.204747     -5.730973    
  3.207365     -5.738087    
  3.207452     -5.738760    
  3.209135     -5.741679    
  3.209222     -5.741633    
  3.209715     -5.741450    
  3.209802    -100.00000    
  3.217531     -4.997278    
  3.217618     -4.945763    
  3.217704     -4.946943    
  3.217791     -4.946714    
  3.218329     -4.962293    
  3.218415     -5.242236    
  3.233361     -7.338995    
  3.233448     -5.815611    
  3.243111     -5.835780    
  3.243198     -5.836816    
  3.251238     -5.858943    
  3.251325     -5.859554    
  3.261641     -5.887534    
  3.261728     -5.888642    
  3.263462     -5.892195    
  3.263549     -5.893748    
  3.271269     -5.913162    
  3.271355     -5.910614    
  3.271415     -5.910591    
  3.271502     -5.909799    
  3.273253     -5.914400    
  3.273340     -5.916179    
  3.276754     -5.929636    
  3.276841     -5.928989    
  3.279706     -5.938458    
  3.279793     -5.937259    
  3.281662     -5.943949    
  3.281749     -5.943879    
  3.283538     -5.948213    
  3.283625     -5.949101    
  3.285833     -5.954965    
  3.285920     -5.955355    
  3.289028     -5.964259    
  3.289115     -5.963794    
  3.291415     -5.971049    
  3.291501     -5.970829    
  3.292656     -5.973570    
  3.292743     -5.974978    
  3.294670     -5.979408    
  3.294757     -5.979152    
  3.295898     -5.984037    
  3.295985     -5.984577    
  3.296762     -5.985493    
  3.296849     -5.985118    
  3.299441     -5.993588    
  3.299528     -5.992624    
  3.301132     -5.998251    
  3.301219     -5.998084    
  3.305074     -6.008842    
  3.305161     -6.009291    
  3.305985     -6.011989    
  3.306072     -6.011920    
  3.306887     -6.013520    
  3.306974     -6.014276    
  3.309364     -6.020747    
  3.309451     -6.020842    
  3.309833     -6.022410    
  3.309920     -6.022885    
  3.310624     -6.025240    
  3.310710     -6.025258    
  3.310978     -6.025374    
  3.311065     -6.025341    
  3.311327     -6.025487    
  3.311414     -6.025594    
  3.311825     -6.026489    
  3.311912     -6.027150    
  3.312012     -6.027590    
  3.312099     -6.029408    
  3.333122     -6.086114    
  3.333209     -6.084093    
  3.343376     -6.104692    
  3.343463     -6.111724    
  3.351164     -6.117935    
  3.351250     -6.121782    
  3.351681     -6.126032    
  3.351768     -6.126097    
  3.363548     -6.160443    
  3.363635     -6.180028    
  3.367434     -6.119852    
  3.367521     -6.157121    
  3.377612     -6.210713    
  3.377699     -6.202871    
  3.379159     -6.208115    
  3.379246     -6.154793    
  3.382086     -6.155159    
  3.382173     -6.171328    
  3.385882     -6.219792    
  3.385969     -6.218243    
  3.389771     -6.238628    
  3.389858     -6.237540    
  3.395039     -6.250850    
  3.395125     -6.255783    
  3.400648     -6.254621    
  3.400735     -6.253479    
  3.400855     -6.246548    
  3.400942     -6.212980    
  3.403535     -6.160391    
  3.403595     -6.180954    
  3.403622     -6.181315    
  3.403681     -6.181865    
  3.404126     -6.189185    
  3.404213     -6.222643    
  3.414942     -6.322405    
  3.415029     -6.303889    
  3.419275     -6.315104    
  3.419361     -6.314681    
  3.421764     -6.321915    
  3.421851     -6.321352    
  3.426245     -6.333658    
  3.426332     -6.333625    
  3.434923     -6.355968    
  3.435010     -6.322318    
  3.442825     -6.227100    
  3.442912     -6.317006    
  3.444934     -6.363227    
  3.445021     -6.369987    
  3.449934     -6.400036    
  3.450021     -6.397713    
  3.466667     -6.441601    
  3.466754     -6.441373    
  3.467592     -6.444543    
  3.467679     -6.445309    
  3.468746     -6.447249    
  3.468833     -6.446720    
  3.469843     -6.449895    
  3.469930     -6.450973    
  3.472928     -6.458302    
  3.473015     -6.462141    
  3.480890     -6.457624    
  3.480977     -6.472027    
  3.485957     -6.494322    
  3.486044     -6.492594    
  3.486320     -6.493134    
  3.486406     -6.494211    
  3.494277     -6.515495    
  3.494364     -6.515959    
  3.503878     -6.540830    
  3.503965     -6.583681    
  3.505952     -6.453614    
  3.506039     -6.372878    
  3.506892     -6.285380    
  3.506979     -6.247965    
  3.515804     -6.637795    
  3.515836     -6.564184    
  3.515891     -6.564553    
  3.515923     -6.572279    
  3.534135     -6.623067    
  3.534222     -6.621788    
  3.535311     -6.625779    
  3.535397     -6.625739    
  3.539346     -6.635848    
  3.539433     -6.636097    
  3.543849     -6.648372    
  3.543936     -6.647903    
  3.544500     -6.648636    
  3.544586     -6.648789    
  3.545154     -6.650844    
  3.545241     -6.651128    
  3.552154     -6.670518    
  3.552241     -6.671026    
  3.553235     -6.673502    
  3.553322     -6.672721    
  3.555627     -6.680554    
  3.555714     -6.679192    
  3.557696     -6.685685    
  3.557783     -6.686628    
  3.558846     -6.687672    
  3.558933     -6.688029    
  3.559110     -6.688529    
  3.559197     -6.689264    
  3.560994     -6.694720    
  3.561019     -6.693893    
  3.561080     -6.693963    
  3.561106     -6.693976    
  3.561368     -6.694454    
  3.561455     -6.694670    
  3.561702     -6.695457    
  3.561789     -6.696035    
  3.561901     -6.696592    
  3.561988     -6.695920    
  3.565681     -6.706862    
  3.565768     -6.708333    
  3.568654     -6.718271    
  3.568741     -6.718535    
  3.572245     -6.727579    
  3.572332     -6.727046    
  3.628600     -6.866361    
  3.628687     -6.863741    
  3.631423     -6.881338    
  3.631510     -6.880192    
  3.632293     -6.881594    
  3.632379     -6.882775    
  3.634321     -6.890292    
  3.634408     -6.895218    
  3.644191     -6.889577    
  3.644278     -6.912226    
  3.656741     -6.947305    
  3.656828     -6.939651    
  3.663615     -6.925729    
  3.663702     -6.945744    
  3.670110     -6.981795    
  3.670197     -6.824615    
  3.673498     -6.380161    
  3.673585     -6.616671    
  3.687730     -7.334459    
  3.687817     -7.010084    
  3.688052     -6.997498    
  3.688139     -6.991845    
  3.688708     -6.972936    
  3.688795     -6.972873    
  3.688862     -6.972132    
  3.688948     -6.971046    
  3.691459     -6.984293    
  3.691546     -6.994598    
  3.695795     -7.040412    
  3.695882     -7.046031    
  3.713236     -7.095062    
  3.713322     -7.094018    
  3.719779     -7.110982    
  3.719866     -7.111104    
  3.725984     -7.126886    
  3.726070     -7.127416    
  3.733043     -7.145264    
  3.733130     -7.064974    
  3.740126     -7.095393    
  3.740213     -7.132830    
  3.740628     -7.139607    
  3.740715     -7.154478    
  3.751777     -7.200374    
  3.751863     -7.196255    
  3.753187     -7.198074    
  3.753274     -7.198847    
  3.753882     -7.201375    
  3.753969     -7.201901    
  3.754658     -7.202939    
  3.754745     -7.202833    
  3.755217     -7.203617    
  3.755304     -7.203820    
  3.755522     -7.204428    
  3.755609     -7.204893    
  3.755717     -7.205370    
  3.755803     -7.209227    
  3.793452     -7.303090    
  3.793539     -7.303618    
  3.804079     -7.330027    
  3.804166     -7.327857    
  3.806615     -7.338821    
  3.806702     -7.408330    
  3.821564     -7.217095    
  3.821651     -7.316481    
  3.838150     -7.445806    
  3.838237     -7.422938    
  3.842793     -7.417183    
  3.842880     -7.431610    
  3.865757     -7.484141    
  3.865844     -7.491505    
  3.866035     -7.492291    
  3.866122     -7.492565    
  3.871179     -7.505841    
  3.871266     -7.505211    
  3.892235     -7.546647    
  3.892321     -7.559123    
  3.894387     -7.564047    
  3.894474     -7.565173    
  3.895132     -7.566428    
  3.895219     -7.566146    
  3.898660     -7.574572    
  3.898747     -7.575029    
  3.900415     -7.580183    
  3.900502     -7.578301    
  3.902270     -7.584907    
  3.902356     -7.584628    
  3.904208     -7.588558    
  3.904295     -7.590347    
  3.905964     -7.592675    
  3.906051     -7.592896    
  3.906858     -7.596201    
  3.906945     -7.597082    
  3.908342     -7.598774    
  3.908429     -7.599778    
  3.913068     -7.611746    
  3.913155     -7.611536    
  3.913186     -7.611638    
  3.913273     -7.611913    
  3.913769     -7.613710    
  3.913856     -7.614044    
  3.913885     -7.614153    
  3.913972     -7.614588    
  3.916915     -7.613295    
  3.917002     -7.611563    
  3.968835     -7.759979    
  3.968922     -7.708416    
  3.983439     -7.785231    
  3.983526     -7.792278    
  3.993238     -7.816211    
  3.993325     -7.715474    
  4.025832     -7.821362    
  4.025919     -7.903226    
  4.034774     -7.926363    
  4.034860     -7.926596    
  4.038365     -7.935597    
  4.038452     -7.928881    
  4.047778     -7.952890    
  4.047808     -7.957742    
  4.047865     -7.958085    
  4.047895     -7.991301    
  4.073362     -7.938737    
  4.073449     -8.022508    
  4.128589     -8.160796    
  4.128676     -8.165722    
  4.150175     -8.221164    
  4.150262     -8.223301    
  4.155926     -8.236804    
  4.156013     -8.231340    
  4.161727     -8.250255    
  4.161814     -8.252435    
  4.163762     -8.256206    
  4.163849     -8.247802    
  4.251427     -8.483608    
  4.251514     -8.482274    
  4.266067     -8.518388    
  4.266154     -8.403026    
  4.339907     -8.770411    
  4.339994     -8.679598    
  4.353233     -8.744004    
  4.353320     -8.744246    
  4.356074     -8.747119    
  4.356161     -8.749462    
  4.357582     -8.751595    
  4.357669     -8.753847    
  4.440368     -8.962035    
  4.440455     -8.961897    
  4.512937     -9.094082    
  4.513024     -9.150631    
  4.514610     -9.154394    
  4.514697     -9.155090    
  4.515945     -9.157924    
  4.516032     -9.156339    
  4.585469     -9.330423    
  4.585556     -9.328980    
  4.648489     -9.482940    
  4.648576     -9.491664    
  4.649548     -9.492685    
  4.649635     -9.493129    
  4.649838     -9.493707    
  4.649925     -9.479135    
  4.709765     -9.622398    
  4.709852     -9.645325    
  4.765753     -9.771122    
  4.765822     -9.787898    
  4.765844     -9.787958    
  4.765909     -9.788126    
  4.765931     -9.784624    
  4.818480     -9.916949    
  4.818567     -9.911767    
  4.868094     -10.02465    
  4.868127     -10.04267    
  4.868152     -10.04281    
  4.868181     -10.04298    
  4.868214     -10.04318    
  4.868239     -10.03056    
  4.915089     -10.16554    
  4.915176     -10.16438    
  4.959449     -10.27570    
  4.959536     -10.27512    
  4.959642     -10.26690    
  4.959667     -10.26432    
  4.959729     -10.26036    
  4.959754     -10.27017    
  5.002021     -10.36033    
  5.002108     -10.38727    
  5.041986     -10.49204    
  5.042072     -10.49220    
  5.042428     -10.49288    
  5.042455     -10.49294    
  5.042515     -10.49307    
  5.042541     -10.48831    
  5.081038     -10.59223    
  5.081125     -10.58694    
  5.117569     -10.69266    
  5.117655     -10.69926    
  5.118005     -10.67892    
  5.118030     -10.59665    
  5.118092     -10.47605    
  5.118117     -10.65587    
  5.153462     -10.80391    
  5.153549     -10.78909    
  5.187204     -10.88047    
  5.187290     -10.87816    
  5.187529     -10.87878    
  5.187558     -10.87888    
  5.187616     -10.87907    
  5.187645     -10.87738    
  5.251180     -11.03705    
  5.251266     -11.05249    
  5.251931     -11.05434    
  5.252018     -11.05220    
  5.311750     -11.20750    
  5.311837     -11.21656    
  5.311944     -11.20745    
  5.614629     -12.02488    
  5.791270     -12.51095    
  6.013559     -13.11951    
  6.269124     -13.81861    
  6.545503     -14.58026    
  6.833661     -15.38392    
  7.128110     -16.23034    
  7.425812     -17.13288    
  7.725168     -18.13713    
  8.025358     -19.37287    
  8.325968     -21.47642    
  8.626788    -100.00000    
  8.927713    -100.00000    
