 0.8219208     -35.64097    
 0.8220077     -35.66350    
 0.8256567     -35.59732    
 0.8257436    -100.00000    
 0.8647793    -100.00000    
 0.9005939    -100.00000    
 0.9336786    -100.00000    
 0.9644204     -28.86412    
 0.9931293     -27.85260    
  1.020057     -27.18219    
  1.045413     -26.72877    
  1.069370     -26.44652    
  1.092073     -26.30901    
  1.113649     -26.28032    
  1.153828    -100.00000    
  1.190604     -16.63862    
  1.224506     -16.64188    
  1.224593    -100.00000    
  1.258242     -16.47385    
  1.258328    -100.00000    
  1.281053     -15.25442    
  1.281140     -15.55378    
  1.301030    -100.00000    
  1.305129     -20.54708    
  1.305216    -100.00000    
  1.326885     -17.43212    
  1.326972     -15.71905    
  1.346664     -15.20200    
  1.346750     -15.34486    
  1.351328     -14.90595    
  1.351414     -10.65520    
  1.362515     -9.970113    
  1.362602     -11.17058    
  1.390867     -9.693905    
  1.390954     -9.758092    
  1.403133     -9.335121    
  1.403220     -9.246963    
  1.416604     -9.118626    
  1.416691     -9.134493    
  1.442990     -8.908815    
  1.443077     -8.890603    
  1.465932     -8.814623    
  1.466019     -8.724573    
  1.485843     -8.486843    
  1.485929     -8.515343    
  1.499940     -8.183832    
  1.500027     -7.341623    
  1.524019     -7.041956    
  1.546755     -7.005736    
  1.546842     -7.001008    
  1.576102     -7.001765    
  1.576189     -6.999922    
  1.604747     -7.071618    
  1.604834     -7.166769    
  1.629405     -7.134279    
  1.629492     -7.183407    
  1.655461     -7.359221    
  1.679965     -7.582130    
  1.703160     -7.844809    
  1.725179     -8.138477    
  1.725266     -8.142075    
  1.731654     -7.507699    
  1.731741     -7.406448    
  1.762029     -8.081025    
  1.790341     -8.463076    
  1.790428     -8.751525    
  1.817058     -8.902907    
  1.842149     -10.15524    
  1.842236     -10.01332    
  1.843313     -9.618192    
  1.843400     -9.792497    
  1.861079     -9.754632    
  1.861166     -9.761711    
  1.861837     -9.509981    
  1.861924     -9.794369    
  1.874931     -9.578280    
  1.875018     -9.967847    
  1.914140     -8.942728    
  1.914227    -100.00000    
  1.921566     -7.120415    
  1.921653     -7.526439    
  1.926897     -8.272295    
  1.926984     -7.201573    
  1.953068     -7.599709    
  1.953155     -8.341151    
  1.971846     -7.746726    
  1.971933     -6.938983    
  1.992517     -6.557713    
  1.992604     -7.531423    
  1.993799     -7.606707    
  1.993886     -7.639658    
  1.994140     -7.492426    
  1.994226     -8.358514    
  1.996545     -6.743767    
  1.996632     -6.587836    
  1.998156     -5.973307    
  1.998243     -6.135151    
  2.000011     -5.870670    
  2.000098     -6.335997    
  2.005591     -6.201682    
  2.005678     -6.312357    
  2.007909     -7.003877    
  2.007996     -7.023112    
  2.009188     -6.919951    
  2.009275     -6.846199    
  2.023257     -5.768587    
  2.036803     -5.587613    
  2.036890     -5.007616    
  2.049264     -5.405831    
  2.061295     -6.337222    
  2.061382     -5.615350    
  2.077530     -6.176959    
  2.077617     -5.832568    
  2.086895     -5.330413    
  2.095978     -4.791977    
  2.096065     -4.873954    
  2.097299     -4.861231    
  2.097386     -4.790734    
  2.102584     -4.720279    
  2.102671     -4.698696    
  2.103399     -4.753742    
  2.103486     -4.903381    
  2.105825    -100.00000    
  2.105912     -5.205164    
  2.106091     -5.225051    
  2.106178     -4.717109    
  2.111629     -4.586282    
  2.111716     -4.619028    
  2.119223     -6.668808    
  2.119310     -5.036554    
  2.124245     -4.540745    
  2.124332     -4.604353    
  2.137459     -4.584680    
  2.137546     -4.933114    
  2.138137     -4.740331    
  2.138224     -4.753024    
  2.138688     -4.645235    
  2.138775     -4.593687    
  2.149371     -4.521740    
  2.149458     -4.508783    
  2.150309     -4.527722    
  2.150396     -4.544740    
  2.150438     -4.550168    
  2.150525     -4.673634    
  2.156847     -4.451695    
  2.156934     -4.432578    
  2.168071     -4.641156    
  2.168158     -4.875355    
  2.177603     -4.823164    
  2.177690     -4.950095    
  2.191113     -4.767226    
  2.191200     -5.047904    
  2.197200     -4.386217    
  2.197287     -4.437794    
  2.203933     -4.545505    
  2.204020     -4.593691    
  2.204170     -4.636786    
  2.204257     -4.667576    
  2.204684     -4.716234    
  2.204771     -4.561708    
  2.211353     -4.570511    
  2.217836     -4.347735    
  2.217923     -4.501605    
  2.217949     -4.497587    
  2.218036     -4.496457    
  2.218819     -4.407430    
  2.218906     -4.411882    
  2.223758     -4.511074    
  2.223844    -100.00000    
  2.230357     -4.591393    
  2.236772     -4.761500    
  2.236859     -4.649936    
  2.239623     -4.832766    
  2.239710     -4.529920    
  2.244929     -4.793958    
  2.250086     -4.704075    
  2.250173     -4.794058    
  2.253696     -4.425580    
  2.253782     -4.460495    
  2.256807     -4.611799    
  2.259811     -4.383434    
  2.262794     -4.618011    
  2.265757     -4.604740    
  2.265844     -4.548314    
  2.267022     -4.406152    
  2.267109     -5.264023    
  2.270424     -4.368675    
  2.270511     -4.872381    
  2.273172     -4.584464    
  2.275818     -4.288337    
  2.275905     -4.262331    
  2.278993     -4.385620    
  2.279080     -4.319004    
  2.281448     -4.282463    
  2.283804     -4.602553    
  2.283891     -4.688151    
  2.286548     -4.253361    
  2.286635     -4.279860    
  2.286786     -4.282331    
  2.286873     -4.284480    
  2.289321     -5.300988    
  2.291755     -4.344005    
  2.294175     -4.373513    
  2.296582     -4.406966    
  2.298976     -4.182972    
  2.301356     -4.240302    
  2.303724     -4.237037    
  2.304903     -4.230877    
  2.306078     -4.218166    
  2.306165     -4.231395    
  2.308271     -4.254601    
  2.309320     -4.206351    
  2.310367     -4.249911    
  2.311411     -4.209692    
  2.312452     -4.207045    
  2.313491     -4.255723    
  2.314528     -4.211997    
  2.314614     -4.232285    
  2.315825     -4.520814    
  2.317033     -4.309316    
  2.318237     -4.228555    
  2.319437     -4.193382    
  2.320635     -4.787886    
  2.321829     -4.564564    
  2.323020     -4.219423    
  2.324207     -4.413330    
  2.324294     -4.455817    
  2.325800     -4.294495    
  2.325887     -4.353354    
  2.326813     -4.392386    
  2.327736     -4.447948    
  2.327823     -4.394061    
  2.328856     -4.229056    
  2.329886     -4.239461    
  2.330914     -4.209533    
  2.331939     -4.175784    
  2.332026     -4.183535    
  2.333111     -4.222956    
  2.334194     -4.303385    
  2.335274     -4.315273    
  2.336352     -4.271911    
  2.336439     -4.226199    
  2.337047     -4.179645    
  2.337655     -4.312483    
  2.338262     -4.725715    
  2.338868     -4.342093    
  2.339473     -4.228603    
  2.340077     -4.290433    
  2.340680     -4.245243    
  2.341283     -4.148763    
  2.341370     -4.135568    
  2.341472     -4.109165    
  2.342517     -4.175486    
  2.342604     -4.214134    
  2.343196     -4.332308    
  2.343786     -4.351774    
  2.343873     -4.337229    
  2.344850     -4.217875    
  2.345825     -4.174707    
  2.345912     -4.228716    
  2.346656     -4.336198    
  2.347399     -4.247805    
  2.348141     -4.280113    
  2.348882     -4.206541    
  2.348969     -4.216140    
  2.349884     -4.285392    
  2.349971     -4.274177    
  2.350040     -4.270093    
  2.350127     -4.182239    
  2.350953     -4.555375    
  2.351777     -4.395679    
  2.352600     -4.131270    
  2.353421     -4.054185    
  2.353508     -4.075169    
  2.353983     -4.116754    
  2.354070     -4.088277    
  2.354840     -4.569774    
  2.355610     -4.250696    
  2.356378     -4.177055    
  2.357144     -4.101354    
  2.357197     -4.095880    
  2.357231     -4.093942    
  2.357284     -4.091215    
  2.357504     -4.076323    
  2.357582     -4.072692    
  2.357669     -4.049249    
  2.357776     -4.022971    
  2.357863     -3.981781    
  2.360104     -3.997159    
  2.360190     -4.421610    
  2.373546     -3.836571    
  2.373632     -3.882298    
  2.378097     -3.806016    
  2.378184     -3.591504    
  2.381409     -3.766653    
  2.381496     -3.563153    
  2.384668     -3.619371    
  2.384755     -3.636695    
  2.387126     -5.747499    
  2.387213     -3.523791    
  2.397727     -3.710023    
  2.397814     -3.625776    
  2.403706     -3.632495    
  2.403793     -3.495367    
  2.405816     -3.592445    
  2.405903     -3.473821    
  2.409533     -4.206547    
  2.409619     -4.243230    
  2.409967     -3.885134    
  2.410054     -3.809475    
  2.411499     -3.306762    
  2.411586     -3.332417    
  2.413098     -3.437032    
  2.413185     -3.468633    
  2.417226     -3.550820    
  2.417313     -3.497956    
  2.417446     -3.501114    
  2.417533     -3.511868    
  2.429013     -3.514848    
  2.429100     -3.474064    
  2.429782     -3.487743    
  2.429869     -3.485304    
  2.429909     -3.485338    
  2.429996     -3.482325    
  2.433515     -3.558736    
  2.433602     -3.666397    
  2.434760     -3.759673    
  2.434847     -3.616034    
  2.438744     -3.658826    
  2.438831     -3.725452    
  2.441087     -3.676139    
  2.441174     -3.611305    
  2.442885     -3.575894    
  2.442972     -3.721060    
  2.446825     -3.617573    
  2.446912     -3.521417    
  2.449374     -3.899818    
  2.449460     -3.739079    
  2.454772     -3.604384    
  2.454858     -3.592467    
  2.457103     -3.585331    
  2.457190     -3.647367    
  2.462242     -3.685200    
  2.462329     -3.717779    
  2.465051     -3.677584    
  2.465138     -3.757814    
  2.466974     -3.645486    
  2.467061     -3.582342    
  2.469909     -3.587028    
  2.469996     -3.591381    
  2.471129     -3.645926    
  2.471216     -3.643198    
  2.471255     -3.641456    
  2.471342     -3.630183    
  2.471828     -3.616738    
  2.471915     -3.623351    
  2.473553     -3.629302    
  2.473639     -3.617034    
  2.473908     -3.611830    
  2.473994     -3.601751    
  2.475654     -3.655584    
  2.475741     -3.632201    
  2.476442     -3.635721    
  2.476529     -3.648961    
  2.476977     -3.658327    
  2.477064     -3.642994    
  2.479546     -3.646490    
  2.479633     -3.679508    
  2.483967     -3.700455    
  2.484054     -3.218538    
  2.484128     -3.189872    
  2.484215     -3.157942    
  2.484517     -3.079424    
  2.484604     -2.984262    
  2.487037     -3.277679    
  2.487124     -3.376827    
  2.491399     -3.696429    
  2.491486     -3.625386    
  2.493770     -3.659641    
  2.493799     -3.655024    
  2.493857     -3.654711    
  2.493886     -3.651805    
  2.496105     -3.701457    
  2.496192     -3.738890    
  2.497233     -3.655560    
  2.497320     -3.644629    
  2.497678     -3.656326    
  2.497765     -3.662572    
  2.498024     -3.672952    
  2.498111     -3.664780    
  2.501025     -3.676620    
  2.503920     -3.714962    
  2.504007     -3.680900    
  2.504069     -3.679519    
  2.504156     -3.685481    
  2.506191     -3.700948    
  2.506278     -3.697472    
  2.507046     -3.680874    
  2.507133     -3.678937    
  2.509451     -3.684744    
  2.511756     -3.696186    
  2.511843     -3.717346    
  2.512347     -3.708867    
  2.512434     -3.706189    
  2.514176     -3.749341    
  2.514263     -3.753513    
  2.515486     -3.744829    
  2.515573     -3.717610    
  2.515719     -3.714293    
  2.515805     -3.713851    
  2.515872     -3.713751    
  2.515959     -3.712547    
  2.516706     -3.715784    
  2.516793     -3.720812    
  2.516940     -3.723702    
  2.517027     -3.720709    
  2.517941     -3.708985    
  2.518028     -3.711571    
  2.519341     -3.703647    
  2.519428     -3.726261    
  2.521714     -3.768687    
  2.523988     -3.761067    
  2.526250     -3.755971    
  2.528500     -3.804223    
  2.528587     -3.781774    
  2.532731     -3.807623    
  2.532818     -3.762739    
  2.533833     -3.780037    
  2.533920     -3.786898    
  2.537178     -3.822158    
  2.540412     -3.787212    
  2.543622     -3.775602    
  2.546808     -3.761582    
  2.546895     -3.766968    
  2.547436     -3.768275    
  2.547523     -3.783149    
  2.551127     -3.787100    
  2.554701     -3.792273    
  2.554788     -3.770162    
  2.557290     -3.894487    
  2.559779     -3.805948    
  2.562253     -3.930433    
  2.564713     -3.799470    
  2.564799     -3.845362    
  2.568369     -3.829235    
  2.568456     -3.834378    
  2.571315     -3.851517    
  2.571402     -3.839350    
  2.571490     -3.837768    
  2.571576     -3.834564    
  2.572582     -3.840144    
  2.572668     -3.846198    
  2.573820     -3.849586    
  2.573907     -3.836991    
  2.576147     -3.869710    
  2.578375     -3.857824    
  2.580592     -3.861760    
  2.582797     -3.876050    
  2.582884     -3.873353    
  2.586758     -3.877983    
  2.590598     -3.883050    
  2.590685     -3.884367    
  2.593225     -3.893114    
  2.595750     -3.900244    
  2.595837     -3.895841    
  2.598386     -3.903718    
  2.600921     -3.906673    
  2.601008     -3.908051    
  2.603333     -3.914810    
  2.603420     -3.921036    
  2.604635     -3.915159    
  2.604722     -3.915416    
  2.606239     -3.929362    
  2.606324     -3.925797    
  2.606411     -3.927106    
  2.607057     -3.928293    
  2.607144     -3.927683    
  2.607239     -3.927667    
  2.607326     -3.927699    
  2.607391     -3.927735    
  2.607478     -3.927791    
  2.607654     -3.927852    
  2.607741     -3.928971    
  2.611049     -3.969241    
  2.614332     -3.922996    
  2.614419     -3.955841    
  2.617004     -3.943544    
  2.619574     -4.026280    
  2.619659     -4.021006    
  2.619746     -3.974387    
  2.620996     -3.946406    
  2.621082     -3.949229    
  2.621962     -3.981459    
  2.622049     -4.007151    
  2.623324     -4.136998    
  2.623411     -4.017129    
  2.624766     -3.917977    
  2.624853     -3.974962    
  2.627024     -3.999905    
  2.627110     -3.976860    
  2.630435     -4.016306    
  2.630522     -3.983244    
  2.632418     -3.995541    
  2.632505     -3.996584    
  2.633585     -3.997164    
  2.633672     -3.996679    
  2.634210     -3.995915    
  2.634297     -3.994989    
  2.636422     -4.026196    
  2.638537     -4.016715    
  2.640642     -4.003171    
  2.642737     -4.026460    
  2.642824     -4.016535    
  2.645913     -4.036467    
  2.646000     -4.070018    
  2.648513     -4.015899    
  2.648600     -4.029062    
  2.650102     -4.041708    
  2.650189     -4.038152    
  2.650581     -4.032342    
  2.650668     -4.032321    
  2.653884     -4.053237    
  2.653971     -4.051353    
  2.654508     -4.053396    
  2.654595     -4.047320    
  2.655848     -4.093842    
  2.655935     -4.127864    
  2.656856     -4.118533    
  2.656943     -4.046082    
  2.658483     -4.033247    
  2.658570     -4.047680    
  2.659789     -4.069545    
  2.659876     -4.068687    
  2.661632     -4.068787    
  2.661711     -4.066916    
  2.661798     -4.066357    
  2.662214     -4.066076    
  2.662301     -4.066343    
  2.662838     -4.069957    
  2.662925     -4.069769    
  2.663187     -4.070017    
  2.663274     -4.072707    
  2.665319     -4.073027    
  2.665405     -4.073186    
  2.666840     -4.066948    
  2.668270     -4.087854    
  2.668357     -4.089837    
  2.670100     -4.094579    
  2.670187     -4.093201    
  2.670742     -4.095347    
  2.670829     -4.095043    
  2.672470     -4.101360    
  2.674106     -4.106633    
  2.674193     -4.107273    
  2.675152     -4.113791    
  2.675239     -4.114075    
  2.675371     -4.114650    
  2.675458     -4.115274    
  2.676824     -4.119214    
  2.676911     -4.118912    
  2.677751     -4.120542    
  2.677838     -4.121004    
  2.679282     -4.122134    
  2.680721     -4.126013    
  2.682155     -4.130525    
  2.683585     -4.132218    
  2.683672     -4.134725    
  2.684480     -4.138137    
  2.684566     -4.138114    
  2.685714     -4.137517    
  2.685801     -4.137620    
  2.685988     -4.138264    
  2.686075     -4.138669    
  2.686520     -4.139456    
  2.686607     -4.139362    
  2.687327     -4.146234    
  2.688046     -4.149756    
  2.688133     -4.149733    
  2.688542     -4.149793    
  2.688599     -4.149735    
  2.688629     -4.149735    
  2.688686     -4.149548    
  2.689808     -4.153518    
  2.690927     -4.158537    
  2.691014     -4.158994    
  2.691670     -4.162257    
  2.692326     -4.163326    
  2.692981     -4.164513    
  2.693635     -4.165227    
  2.693722     -4.165286    
  2.694340     -4.167727    
  2.694958     -4.169499    
  2.695575     -4.170573    
  2.696192     -4.171128    
  2.696807     -4.168895    
  2.697422     -4.159654    
  2.698035     -4.169637    
  2.698648     -4.176578    
  2.698717     -4.177457    
  2.698803     -4.178665    
  2.699142     -4.182421    
  2.699229     -4.184436    
  2.700077     -4.194193    
  2.700500     -4.174443    
  2.700923     -4.158638    
  2.701345     -4.167680    
  2.701767     -4.175090    
  2.702189     -4.178244    
  2.702610     -4.183443    
  2.702697     -4.189986    
  2.706323     -4.198883    
  2.706410     -4.197880    
  2.707308     -4.205363    
  2.707395     -4.204682    
  2.708280     -4.212790    
  2.708352     -4.215707    
  2.708438     -4.221916    
  2.709271     -4.225164    
  2.709358     -4.167834    
  2.712230     -4.226590    
  2.712317     -4.220059    
  2.715874     -4.225379    
  2.715961     -4.224906    
  2.716395     -4.225104    
  2.716481     -4.225383    
  2.716568     -4.250892    
  2.721359     -4.204751    
  2.721446     -4.217343    
  2.724957     -4.256531    
  2.725044     -4.248132    
  2.725129     -4.248486    
  2.725216     -4.252091    
  2.727523     -4.259756    
  2.727610     -4.259902    
  2.728146     -4.261249    
  2.728233     -4.261489    
  2.728368     -4.262138    
  2.728455     -4.262597    
  2.728556     -4.263107    
  2.728643     -4.263187    
  2.735898     -4.283107    
  2.735985     -4.286713    
  2.736079     -4.285341    
  2.737059     -4.285607    
  2.737146     -4.284886    
  2.738167     -4.279265    
  2.738254     -4.285295    
  2.740490     -4.301201    
  2.740577     -4.296469    
  2.742815     -4.301200    
  2.742902     -4.304964    
  2.743703     -4.309081    
  2.743790     -4.310314    
  2.753428     -4.330927    
  2.753515     -4.332007    
  2.753850     -4.334318    
  2.753937     -4.334543    
  2.754509     -4.335590    
  2.754596     -4.335365    
  2.754850     -4.333913    
  2.754937     -4.330685    
  2.756676     -4.340640    
  2.756763     -4.340839    
  2.758474     -4.343826    
  2.758561     -4.346941    
  2.759027     -4.350548    
  2.759113     -4.351607    
  2.759911     -4.357470    
  2.759997     -4.357171    
  2.763464     -4.364616    
  2.763551     -4.367583    
  2.765400     -4.371266    
  2.765487     -4.369805    
  2.765755     -4.368674    
  2.765842     -4.370441    
  2.766689     -4.367705    
  2.766776     -4.362124    
  2.768842     -4.379690    
  2.768929     -4.376892    
  2.769216     -4.378245    
  2.769303     -4.381557    
  2.772541     -4.388784    
  2.772628     -4.392016    
  2.781421     -4.418094    
  2.781508     -4.421416    
  2.783749     -4.417049    
  2.783836     -4.414075    
  2.786316     -4.437053    
  2.786403     -4.430022    
  2.789343     -4.439092    
  2.789430     -4.440286    
  2.792049     -4.447406    
  2.792136     -4.447372    
  2.795957     -4.460051    
  2.796043     -4.458631    
  2.799021     -4.465182    
  2.799107     -4.749378    
  2.799738     -4.627643    
  2.799825     -4.537757    
  2.801475     -4.414274    
  2.801562     -4.441701    
  2.816430     -4.536119    
  2.816517     -4.517906    
  2.817018     -4.517211    
  2.817105     -4.518263    
  2.818570     -4.524536    
  2.818657     -4.520248    
  2.823371     -4.538024    
  2.823458     -4.539139    
  2.826003     -4.550373    
  2.826090     -4.551324    
  2.829613     -4.556775    
  2.829700     -4.563418    
  2.832995     -4.566667    
  2.833082     -4.569650    
  2.835804     -4.576351    
  2.835890     -4.578150    
  2.836249     -4.580141    
  2.836336     -4.580330    
  2.836442     -4.580545    
  2.836529     -4.574883    
  2.841429     -4.576423    
  2.841516     -4.591025    
  2.844722     -4.607737    
  2.844809     -4.606102    
  2.845614     -4.601975    
  2.845701     -4.603961    
  2.845992     -4.605196    
  2.846079     -4.605566    
  2.846320     -4.606828    
  2.846407     -4.611594    
  2.851273     -4.626431    
  2.851359     -4.627009    
  2.851605     -4.626368    
  2.851692     -4.628533    
  2.852906     -4.613107    
  2.852993     -4.595258    
  2.853657     -4.587640    
  2.853730     -4.594859    
  2.853816     -4.606841    
  2.856721     -4.631377    
  2.856808     -4.631937    
  2.861695     -4.663480    
  2.861782     -4.661629    
  2.863190     -4.663023    
  2.863277     -4.662912    
  2.864011     -4.664883    
  2.864097     -4.665458    
  2.864172     -4.665718    
  2.864259     -4.665573    
  2.866955     -4.672112    
  2.867042     -4.671809    
  2.872704     -4.691803    
  2.872791     -4.690587    
  2.877117     -4.721154    
  2.877204     -4.707026    
  2.880603     -4.711092    
  2.880690     -4.802259    
  2.882313     -4.762245    
  2.882400     -4.730448    
  2.882670     -4.720776    
  2.882757     -4.704207    
  2.886654     -4.711288    
  2.886684     -4.718750    
  2.886741     -4.718986    
  2.886771     -4.719069    
  2.887555     -4.719256    
  2.887642     -4.731014    
  2.893704     -4.752497    
  2.893791     -4.748056    
  2.894071     -4.749455    
  2.894157     -4.750599    
  2.895095     -4.756770    
  2.895182     -4.756720    
  2.895490     -4.757314    
  2.895577     -4.757812    
  2.896767     -4.758623    
  2.896854     -4.757154    
  2.897787     -4.758299    
  2.897874     -4.759734    
  2.899209     -4.765069    
  2.899296     -4.766442    
  2.901336     -4.779519    
  2.901423     -4.777893    
  2.905548     -4.793531    
  2.905635     -4.794049    
  2.908098     -4.802815    
  2.908185     -4.803880    
  2.908477     -4.804569    
  2.908564     -4.797847    
  2.916527     -4.824692    
  2.916614     -4.825762    
  2.916785     -4.826468    
  2.916872     -4.827329    
  2.917171     -4.825278    
  2.917258     -4.805651    
  2.921759     -4.847810    
  2.921845     -4.839227    
  2.925029     -4.852994    
  2.925116     -4.854760    
  2.925683     -4.857077    
  2.925770     -4.857323    
  2.925849     -4.857590    
  2.925936     -4.857884    
  2.926028     -4.857953    
  2.927554     -4.863768    
  2.927641     -4.863855    
  2.927672     -4.863909    
  2.927759     -4.864041    
  2.927951     -4.864239    
  2.928037     -4.864428    
  2.928671     -4.864701    
  2.928758     -4.864414    
  2.929127     -4.865018    
  2.929213     -4.865554    
  2.929524     -4.866753    
  2.929611     -4.867127    
  2.929967     -4.867884    
  2.930054     -4.867708    
  2.930245     -4.867582    
  2.930332     -4.867647    
  2.930604     -4.868860    
  2.930644     -4.869162    
  2.930691     -4.869446    
  2.930731     -4.869702    
  2.930956     -4.870802    
  2.931043     -4.880969    
  2.932654     -4.831899    
  2.932741     -4.850175    
  2.933595     -4.852090    
  2.933682     -4.855681    
  2.934646     -4.877548    
  2.934733     -4.875360    
  2.934790     -4.875716    
  2.934877     -4.876449    
  2.935353     -4.878241    
  2.935439     -4.877102    
  2.936807     -4.885072    
  2.936894     -4.883599    
  2.937517     -4.883575    
  2.937604     -4.869374    
  2.942728     -4.904210    
  2.942815     -4.899814    
  2.943758     -4.903947    
  2.943845     -4.906277    
  2.943894     -4.906651    
  2.943981     -4.906993    
  2.945266     -4.912878    
  2.945353     -4.912596    
  2.946273     -4.912948    
  2.946360     -4.912839    
  2.946687     -4.910676    
  2.946746     -4.909777    
  2.946774     -4.909442    
  2.946833     -4.905598    
  2.950770     -4.936516    
  2.950857     -4.931964    
  2.951287     -4.933160    
  2.951374     -4.933599    
  2.951710     -4.934663    
  2.951797     -4.934486    
  2.952602     -4.936572    
  2.952688     -4.938812    
  2.953750     -4.935890    
  2.953837     -4.934082    
  2.953990     -4.935005    
  2.954077     -4.935856    
  2.954361     -4.938666    
  2.954448     -4.939532    
  2.955030     -4.942581    
  2.955117     -4.944858    
  2.955739     -4.912994    
  2.955826     -4.912286    
  2.956162     -4.915655    
  2.956248     -4.917280    
  2.956346     -4.919010    
  2.956433     -4.921776    
  2.957599     -4.942576    
  2.957685     -4.941230    
  2.957790     -4.942207    
  2.958490     -4.947140    
  2.958577     -4.947396    
  2.958702     -4.947948    
  2.958789     -4.948346    
  2.959196     -4.949872    
  2.959269     -4.949357    
  2.959356     -4.948517    
  2.959520     -4.945998    
  2.959575     -4.945180    
  2.959607     -4.944785    
  2.959642     -4.944416    
  2.959678     -4.944263    
  2.959729     -4.944056    
  2.959837     -4.944565    
  2.959916     -4.945640    
  2.960003     -4.948614    
  2.960694     -4.952568    
  2.960781     -4.950695    
  2.961122     -4.947941    
  2.961209     -4.914126    
  2.965318     -4.952758    
  2.965405     -4.967536    
  2.973340     -4.955402    
  2.973427     -4.980886    
  2.975729     -4.968555    
  2.975815     -4.999338    
  2.976171     -5.011927    
  2.976258     -4.981793    
  2.981363     -4.994509    
  2.981450     -4.980332    
  2.982423     -5.003540    
  2.982509     -5.009023    
  2.982872     -5.027143    
  2.982959     -4.994475    
  3.005749     -5.063346    
  3.005836     -5.062108    
  3.008346     -5.090404    
  3.008392     -5.088279    
  3.008433     -5.088192    
  3.008479     -5.117068    
  3.022969     -5.049645    
  3.023055     -5.123073    
  3.024662     -5.136602    
  3.024749     -5.140654    
  3.026972     -5.154255    
  3.027058     -5.153957    
  3.028439     -5.155858    
  3.028526     -5.185430    
  3.041713     -5.060110    
  3.041799     -5.165942    
  3.044019     -5.201315    
  3.044106     -5.201840    
  3.046417     -5.212889    
  3.046504     -5.214048    
  3.047266     -5.219368    
  3.047353     -5.223480    
  3.053134     -5.215032    
  3.053221     -5.222059    
  3.056619     -5.247872    
  3.056706     -5.248623    
  3.057754     -5.255192    
  3.057841     -5.233023    
  3.072777     -5.291829    
  3.072864     -5.293943    
  3.074515     -5.289923    
  3.074602     -5.289968    
  3.082910     -5.342320    
  3.082997     -5.365535    
  3.085748     -5.262519    
  3.085835     -5.030768    
  3.088154     -4.950165    
  3.088240     -5.051084    
  3.089212     -5.170366    
  3.089299     -5.218651    
  3.092941     -5.386472    
  3.093028     -5.318412    
  3.093244     -5.680164    
  3.093331     -7.736677    
  3.093732     -7.384467    
  3.093819    -100.00000    
  3.096179     -5.084670    
  3.096266     -5.144581    
  3.099391     -5.355827    
  3.099477     -5.368057    
  3.110593     -5.437398    
  3.110679     -5.428204    
  3.114687     -5.437038    
  3.114774     -5.440129    
  3.115819     -5.440371    
  3.115905     -5.441801    
  3.116258     -5.445064    
  3.116344     -5.445836    
  3.116978     -5.449366    
  3.117065     -5.450541    
  3.118889     -5.451845    
  3.118976     -5.454493    
  3.124616     -5.477186    
  3.124703     -5.474735    
  3.125997     -5.471604    
  3.126084     -5.472804    
  3.126554     -5.471711    
  3.126641     -5.471101    
  3.126962     -5.470706    
  3.127049     -5.470744    
  3.127687     -5.473786    
  3.127774     -5.475303    
  3.129225     -5.478677    
  3.129312     -5.477678    
  3.132800     -5.502456    
  3.132887     -5.502471    
  3.135587     -5.516296    
  3.135674     -5.513662    
  3.138745     -5.523048    
  3.138832     -5.523705    
  3.139047     -5.523631    
  3.139134     -5.522054    
  3.141109     -5.528484    
  3.141196     -5.527984    
  3.143577     -5.535935    
  3.143664     -5.537317    
  3.144101     -5.537757    
  3.144188     -5.537744    
  3.144945     -5.535702    
  3.145031     -5.540875    
  3.146758     -5.552796    
  3.146845     -5.553278    
  3.146888     -5.553303    
  3.146975     -5.553001    
  3.147795     -5.547718    
  3.147882     -5.547781    
  3.148717     -5.552586    
  3.148804     -5.553336    
  3.149747     -5.558359    
  3.149834     -5.558460    
  3.150628     -5.562611    
  3.150714     -5.563210    
  3.151276     -5.565680    
  3.151363     -5.566023    
  3.152544     -5.567499    
  3.152631     -5.567582    
  3.152935     -5.568185    
  3.153022     -5.568358    
  3.153068     -5.568438    
  3.153155     -5.568562    
  3.153381     -5.568466    
  3.153434     -5.568390    
  3.153468     -5.568357    
  3.153521     -5.567323    
  3.155016     -5.575775    
  3.155103     -5.575855    
  3.159418     -5.591987    
  3.159505     -5.590205    
  3.159758     -5.590412    
  3.159845     -5.592335    
  3.164009     -5.607362    
  3.164096     -5.605601    
  3.164633     -5.605472    
  3.164720     -5.605180    
  3.164846     -5.604933    
  3.164933     -5.603646    
  3.165979     -5.610321    
  3.166066     -5.613943    
  3.171670     -5.632797    
  3.171756     -5.631937    
  3.173578     -5.637172    
  3.173665     -5.637107    
  3.174167     -5.638348    
  3.174254     -5.637777    
  3.179466     -5.655740    
  3.179553     -5.657918    
  3.180463     -5.661656    
  3.180550     -5.660964    
  3.181675     -5.664945    
  3.181761     -5.665626    
  3.184969     -5.676804    
  3.185055     -5.676801    
  3.187464     -5.682862    
  3.187494     -5.683095    
  3.187551     -5.683198    
  3.187581     -5.683194    
  3.188338     -5.684778    
  3.188425     -5.685432    
  3.189356     -5.686199    
  3.189443     -5.686115    
  3.190962     -5.708676    
  3.191049     -5.703558    
  3.191119     -5.703086    
  3.191206     -5.703617    
  3.192224     -5.688845    
  3.192311     -5.688265    
  3.194885     -5.709891    
  3.194972     -5.707598    
  3.196916     -5.715696    
  3.197003     -5.716205    
  3.203163     -5.738630    
  3.203249     -5.738393    
  3.204661     -5.740509    
  3.204747     -5.741546    
  3.207365     -5.749370    
  3.207452     -5.748088    
  3.209135     -5.742116    
  3.209222     -5.747165    
  3.209715     -5.754093    
  3.209802    -100.00000    
  3.217531     -5.169846    
  3.217618     -5.029642    
  3.217704     -5.031732    
  3.217791     -5.030726    
  3.218329     -5.096633    
  3.218415     -5.434393    
  3.233361     -6.178863    
  3.233448     -5.835212    
  3.243111     -5.868888    
  3.243198     -5.873016    
  3.251238     -5.893188    
  3.251325     -5.894673    
  3.261641     -5.933090    
  3.261728     -5.928795    
  3.263462     -5.937247    
  3.263549     -5.938185    
  3.271269     -5.962380    
  3.271355     -5.961981    
  3.271415     -5.962060    
  3.271502     -5.959036    
  3.273253     -5.964544    
  3.273340     -5.966087    
  3.276754     -5.980042    
  3.276841     -5.981337    
  3.279706     -5.991789    
  3.279793     -5.993688    
  3.281662     -5.999345    
  3.281749     -5.999166    
  3.283538     -6.005004    
  3.283625     -6.005855    
  3.285833     -6.005868    
  3.285920     -6.004387    
  3.289028     -6.026801    
  3.289115     -6.024025    
  3.291415     -6.034648    
  3.291501     -6.035267    
  3.292656     -6.037799    
  3.292743     -6.038637    
  3.294670     -6.039433    
  3.294757     -6.041107    
  3.295898     -6.046293    
  3.295985     -6.046382    
  3.296762     -6.048381    
  3.296849     -6.048148    
  3.299441     -6.054772    
  3.299528     -6.059029    
  3.301132     -6.061227    
  3.301219     -6.061651    
  3.305074     -6.077558    
  3.305161     -6.076513    
  3.305985     -6.079278    
  3.306072     -6.079704    
  3.306887     -6.083993    
  3.306974     -6.086145    
  3.309364     -6.092427    
  3.309451     -6.091409    
  3.309833     -6.091680    
  3.309920     -6.091404    
  3.310624     -6.090525    
  3.310710     -6.091527    
  3.310978     -6.093997    
  3.311065     -6.094807    
  3.311327     -6.096616    
  3.311414     -6.097120    
  3.311825     -6.099065    
  3.311912     -6.099378    
  3.312012     -6.099542    
  3.312099     -6.097073    
  3.333122     -6.162937    
  3.333209     -6.165057    
  3.343376     -6.189020    
  3.343463     -6.193319    
  3.351164     -6.210374    
  3.351250     -6.219801    
  3.351681     -6.222507    
  3.351768     -6.217843    
  3.363548     -6.258184    
  3.363635     -6.288236    
  3.367434     -6.216485    
  3.367521     -6.262742    
  3.377612     -6.318361    
  3.377699     -6.287859    
  3.379159     -6.342244    
  3.379246     -6.277833    
  3.382086     -6.245055    
  3.382173     -6.291405    
  3.385882     -6.346282    
  3.385969     -6.339610    
  3.389771     -6.354790    
  3.389858     -6.351644    
  3.395039     -6.365555    
  3.395125     -6.369363    
  3.400648     -6.376773    
  3.400735     -6.367691    
  3.400855     -6.377861    
  3.400942     -6.387868    
  3.403535     -6.238721    
  3.403595     -6.298577    
  3.403622     -6.299505    
  3.403681     -6.301385    
  3.404126     -6.311229    
  3.404213     -6.364059    
  3.414942     -6.449906    
  3.415029     -6.433732    
  3.419275     -6.443251    
  3.419361     -6.444752    
  3.421764     -6.454724    
  3.421851     -6.455258    
  3.426245     -6.473466    
  3.426332     -6.471546    
  3.434923     -6.494883    
  3.435010     -6.458590    
  3.442825     -6.364844    
  3.442912     -6.492951    
  3.444934     -6.526324    
  3.445021     -6.526241    
  3.449934     -6.553296    
  3.450021     -6.546132    
  3.466667     -6.602973    
  3.466754     -6.602585    
  3.467592     -6.603856    
  3.467679     -6.603916    
  3.468746     -6.600544    
  3.468833     -6.600417    
  3.469843     -6.610555    
  3.469930     -6.609913    
  3.472928     -6.621696    
  3.473015     -6.628319    
  3.480890     -6.620955    
  3.480977     -6.635468    
  3.485957     -6.670746    
  3.486044     -6.665892    
  3.486320     -6.667157    
  3.486406     -6.666314    
  3.494277     -6.688641    
  3.494364     -6.692798    
  3.503878     -6.722284    
  3.503965     -6.742247    
  3.505952     -6.671283    
  3.506039     -6.588087    
  3.506892     -6.452684    
  3.506979     -6.365548    
  3.515804     -6.927440    
  3.515836     -6.757940    
  3.515891     -6.758321    
  3.515923     -6.762018    
  3.534135     -6.820323    
  3.534222     -6.823304    
  3.535311     -6.826435    
  3.535397     -6.827956    
  3.539346     -6.829853    
  3.539433     -6.835415    
  3.543849     -6.851464    
  3.543936     -6.849943    
  3.544500     -6.853706    
  3.544586     -6.855235    
  3.545154     -6.858174    
  3.545241     -6.860369    
  3.552154     -6.873154    
  3.552241     -6.874047    
  3.553235     -6.881625    
  3.553322     -6.884313    
  3.555627     -6.893191    
  3.555714     -6.893087    
  3.557696     -6.897980    
  3.557783     -6.898887    
  3.558846     -6.899972    
  3.558933     -6.899716    
  3.559110     -6.899673    
  3.559197     -6.897892    
  3.560994     -6.904502    
  3.561019     -6.905448    
  3.561080     -6.905554    
  3.561106     -6.905617    
  3.561368     -6.905777    
  3.561455     -6.905766    
  3.561702     -6.906051    
  3.561789     -6.906423    
  3.561901     -6.906996    
  3.561988     -6.905600    
  3.565681     -6.925504    
  3.565768     -6.928259    
  3.568654     -6.938999    
  3.568741     -6.939011    
  3.572245     -6.949096    
  3.572332     -6.943656    
  3.628600     -7.113257    
  3.628687     -7.106472    
  3.631423     -7.133695    
  3.631510     -7.136392    
  3.632293     -7.141528    
  3.632379     -7.142294    
  3.634321     -7.147270    
  3.634408     -7.149002    
  3.644191     -7.135643    
  3.644278     -7.179568    
  3.656741     -7.211240    
  3.656828     -7.186284    
  3.663615     -7.184085    
  3.663702     -7.216592    
  3.670110     -7.253348    
  3.670197     -7.233194    
  3.673498     -6.533959    
  3.673585     -6.819688    
  3.687730     -7.867011    
  3.687817     -7.290014    
  3.688052     -7.281045    
  3.688139     -7.280244    
  3.688708     -7.210712    
  3.688795     -7.197986    
  3.688862     -7.191428    
  3.688948     -7.171329    
  3.691459     -7.263138    
  3.691546     -7.287150    
  3.695795     -7.328637    
  3.695882     -7.338873    
  3.713236     -7.390336    
  3.713322     -7.395215    
  3.719779     -7.410478    
  3.719866     -7.413465    
  3.725984     -7.431949    
  3.726070     -7.427961    
  3.733043     -7.454979    
  3.733130     -7.321404    
  3.740126     -7.385671    
  3.740213     -7.455677    
  3.740628     -7.462740    
  3.740715     -7.475203    
  3.751777     -7.512732    
  3.751863     -7.508409    
  3.753187     -7.511859    
  3.753274     -7.514883    
  3.753882     -7.517800    
  3.753969     -7.516975    
  3.754658     -7.516719    
  3.754745     -7.517412    
  3.755217     -7.521233    
  3.755304     -7.521834    
  3.755522     -7.522848    
  3.755609     -7.523195    
  3.755717     -7.523521    
  3.755803     -7.531915    
  3.793452     -7.636721    
  3.793539     -7.642700    
  3.804079     -7.666388    
  3.804166     -7.669126    
  3.806615     -7.684105    
  3.806702     -7.837394    
  3.821564     -7.452364    
  3.821651     -7.658555    
  3.838150     -7.811742    
  3.838237     -7.786840    
  3.842793     -7.751485    
  3.842880     -7.794326    
  3.865757     -7.847891    
  3.865844     -7.870780    
  3.866035     -7.871767    
  3.866122     -7.871519    
  3.871179     -7.883520    
  3.871266     -7.874160    
  3.892235     -7.924387    
  3.892321     -7.947946    
  3.894387     -7.953605    
  3.894474     -7.954242    
  3.895132     -7.956130    
  3.895219     -7.957120    
  3.898660     -7.960174    
  3.898747     -7.959423    
  3.900415     -7.968161    
  3.900502     -7.970428    
  3.902270     -7.972245    
  3.902356     -7.970655    
  3.904208     -7.980959    
  3.904295     -7.982412    
  3.905964     -7.991685    
  3.906051     -7.991745    
  3.906858     -7.993509    
  3.906945     -7.993767    
  3.908342     -7.995652    
  3.908429     -7.996061    
  3.913068     -8.001449    
  3.913155     -8.002469    
  3.913186     -8.002656    
  3.913273     -8.003011    
  3.913769     -8.006919    
  3.913856     -8.007490    
  3.913885     -8.007688    
  3.913972     -8.024624    
  3.916915     -7.983900    
  3.917002     -7.997238    
  3.968835     -8.186196    
  3.968922     -8.080746    
  3.983439     -8.214517    
  3.983526     -8.219540    
  3.993238     -8.237954    
  3.993325     -8.072157    
  4.025832     -8.199904    
  4.025919     -8.347919    
  4.034774     -8.375184    
  4.034860     -8.375246    
  4.038365     -8.377517    
  4.038452     -8.352079    
  4.047778     -8.397997    
  4.047808     -8.408874    
  4.047865     -8.409320    
  4.047895     -8.478749    
  4.073362     -8.324089    
  4.073449     -8.486356    
  4.128589     -8.627940    
  4.128676     -8.640309    
  4.150175     -8.705578    
  4.150262     -8.717643    
  4.155926     -8.715709    
  4.156013     -8.698389    
  4.161727     -8.743522    
  4.161814     -8.738774    
  4.163762     -8.748281    
  4.163849     -8.723180    
  4.251427     -9.001169    
  4.251514     -8.997044    
  4.266067     -9.034556    
  4.266154     -8.821065    
  4.339907     -9.392596    
  4.339994     -9.151195    
  4.353233     -9.308098    
  4.353320     -9.284674    
  4.356074     -9.286317    
  4.356161     -9.280052    
  4.357582     -9.287047    
  4.357669     -9.293670    
  4.440368     -9.513692    
  4.440455     -9.505498    
  4.512937     -9.641183    
  4.513024     -9.723721    
  4.514610     -9.731967    
  4.514697     -9.732609    
  4.515945     -9.728869    
  4.516032     -9.729896    
  4.585469     -9.913372    
  4.585556     -9.904083    
  4.648489     -10.06759    
  4.648576     -10.09049    
  4.649548     -10.09580    
  4.649635     -10.09640    
  4.649838     -10.09760    
  4.649925     -10.07033    
  4.709765     -10.22266    
  4.709852     -10.25692    
  4.765753     -10.37572    
  4.765822     -10.41836    
  4.765844     -10.41870    
  4.765909     -10.41961    
  4.765931     -10.40253    
  4.818480     -10.54905    
  4.818567     -10.52787    
  4.868094     -10.62565    
  4.868127     -10.67795    
  4.868152     -10.67803    
  4.868181     -10.67814    
  4.868214     -10.67827    
  4.868239     -10.64842    
  4.915089     -10.81824    
  4.915176     -10.81002    
  4.959449     -10.92663    
  4.959536     -10.92541    
  4.959642     -10.91850    
  4.959667     -10.91656    
  4.959729     -10.91265    
  4.959754     -10.92423    
  5.002021     -10.95250    
  5.002108     -11.04032    
  5.041986     -11.14449    
  5.042072     -11.14953    
  5.042428     -11.15090    
  5.042455     -11.15125    
  5.042515     -11.15184    
  5.042541     -11.13890    
  5.081038     -11.24331    
  5.081125     -11.23386    
  5.117569     -11.34200    
  5.117655     -11.34643    
  5.118005     -11.33834    
  5.118030     -11.32719    
  5.118092     -11.24426    
  5.118117     -11.24728    
  5.153462     -11.47592    
  5.153549     -11.43614    
  5.187204     -11.52616    
  5.187290     -11.52157    
  5.187529     -11.52364    
  5.187558     -11.52408    
  5.187616     -11.52479    
  5.187645     -11.52358    
  5.251180     -11.66068    
  5.251266     -11.69356    
  5.251931     -11.69298    
  5.252018     -11.69123    
  5.311750     -11.83782    
  5.311837     -11.84820    
  5.311944     -11.83496    
  5.614629     -12.64009    
  5.791270     -13.12624    
  6.013559     -13.73497    
  6.269124     -14.43263    
  6.545503     -15.18796    
  6.833661     -15.97686    
  7.128110     -16.79473    
  7.425812     -17.64358    
  7.725168     -18.53790    
  8.025358     -19.52086    
  8.325968     -20.71118    
  8.626788     -22.81475    
  8.927713    -100.00000    
