 0.6989700    -100.00000    
 0.7247828    -100.00000    
 0.7491470    -100.00000    
 0.7722168    -100.00000    
 0.7941226    -100.00000    
 0.8348744    -100.00000    
 0.8721282    -100.00000    
 0.9064373    -100.00000    
 0.9382333    -100.00000    
 0.9678594     -28.69583    
 0.9955930     -27.37208    
  1.021661     -26.55688    
  1.046253     -26.01494    
  1.069527     -25.68141    
  1.091616     -25.50050    
  1.132686     -25.60912    
  1.170205     -26.21444    
  1.204739     -27.30375    
  1.236728    -100.00000    
  1.266522    -100.00000    
  1.294403    -100.00000    
  1.320601    -100.00000    
  1.345308    -100.00000    
  1.368685    -100.00000    
  1.390867    -100.00000    
  1.390954     -19.85482    
  1.407231     -19.96601    
  1.407318     -20.08917    
  1.416604     -20.35785    
  1.416691     -20.32816    
  1.434239     -20.90873    
  1.434325     -20.84313    
  1.438732     -20.98877    
  1.438819     -20.99068    
  1.442990     -21.13154    
  1.443077     -21.18701    
  1.465932     -22.29246    
  1.466019     -21.95560    
  1.466567     -21.97654    
  1.466654     -22.02985    
  1.485460     -22.97527    
  1.485547     -22.78514    
  1.502811     -23.73406    
  1.502898     -23.52126    
  1.515152     -24.16907    
  1.515239     -24.18148    
  1.538911    -100.00000    
  1.538998     -25.18905    
  1.541754     -25.24244    
  1.541841     -25.24281    
  1.544410     -25.27141    
  1.544497     -25.27145    
  1.546755     -25.28322    
  1.546842     -25.31526    
  1.568094     -25.17540    
  1.568181     -25.15886    
  1.576102     -25.08665    
  1.576189     -25.08440    
  1.577032     -25.07678    
  1.577119     -25.07791    
  1.586189     -24.99714    
  1.586276     -24.99487    
  1.587530     -24.98413    
  1.587617     -24.98734    
  1.602078     -24.86872    
  1.602165     -24.86521    
  1.604747     -24.84564    
  1.604834     -24.85587    
  1.633100     -24.66586    
  1.633187     -24.65982    
  1.643761     -24.60242    
  1.643848     -24.60125    
  1.646889     -24.58576    
  1.646976     -24.58554    
  1.653070     -24.55561    
  1.653157     -24.55668    
  1.667964     -24.48876    
  1.668051     -24.48711    
  1.673067     -24.46533    
  1.673154     -24.46479    
  1.673452     -24.46351    
  1.673539     -24.46399    
  1.683736     -24.42086    
  1.683823     -24.42000    
  1.689301     -24.39723    
  1.689388     -24.39664    
  1.690173     -24.39345    
  1.690260     -24.39310    
  1.691919     -24.38621    
  1.692006     -24.38893    
  1.709636     -24.31473    
  1.709723     -24.31235    
  1.714846     -24.29015    
  1.714933     -24.28863    
  1.717233     -24.27874    
  1.717320     -24.27940    
  1.717576     -24.27825    
  1.717663     -24.27795    
  1.719536     -24.26959    
  1.719623     -24.26954    
  1.721805     -24.25815    
  1.721892     -24.25626    
  1.725295     -24.24298    
  1.725382     -24.27473    
  1.731154     -24.27579    
  1.731241     -24.27266    
  1.731758     -24.27069    
  1.731845     -24.27032    
  1.732294     -24.26825    
  1.732381     -24.27030    
  1.735217     -24.25387    
  1.735304     -24.25552    
  1.746841     -24.19433    
  1.746929     -24.20418    
  1.747807     -24.20216    
  1.747894     -24.18989    
  1.753972     -24.18224    
  1.754058     -24.12811    
  1.756978     -24.15763    
  1.757065     -24.16794    
  1.762907     -24.07872    
  1.762994     -24.12026    
  1.763503     -24.14231    
  1.763590     -24.09722    
  1.765957     -24.09467    
  1.766044     -24.13194    
  1.768505     -24.00517    
  1.768592     -24.09481    
  1.776113     -23.71104    
  1.776200     -23.88137    
  1.781285     -23.26996    
  1.781372     -23.44499    
  1.781946     -23.54348    
  1.782033    -100.00000    
  1.786409     -22.42884    
  1.786495     -22.32592    
  1.788161     -22.46568    
  1.788248     -22.66302    
  1.789372     -22.43649    
  1.789459     -22.11650    
  1.792246     -21.70887    
  1.792333     -21.55814    
  1.800765     -21.29086    
  1.800851     -22.59796    
  1.809708     -21.47235    
  1.809795     -21.32318    
  1.810144     -21.32830    
  1.810231     -21.05813    
  1.814042     -21.86054    
  1.814129     -21.60974    
  1.834747    -100.00000    
  1.834834     -22.80540    
  1.838907     -22.64529    
  1.838994     -22.63541    
  1.840414     -22.57205    
  1.840501     -22.59957    
  1.842703     -22.41685    
  1.842790     -22.22702    
  1.844125     -22.39773    
  1.844212     -22.61731    
  1.857265     -21.80656    
  1.857352     -21.92726    
  1.870233     -20.99168    
  1.870320     -20.99565    
  1.871306     -20.97175    
  1.871393     -20.96983    
  1.872072     -20.94338    
  1.872158     -20.95351    
  1.873424     -20.67631    
  1.873511     -20.82197    
  1.880831     -20.47560    
  1.880918     -20.13892    
  1.887368     -20.00187    
  1.887455    -100.00000    
  1.899003     -19.36604    
  1.899090     -19.37508    
  1.905821     -18.93311    
  1.905908     -19.06136    
  1.911657     -18.63332    
  1.911744     -18.59768    
  1.912227     -18.56180    
  1.912313     -18.55906    
  1.913955     -18.43406    
  1.914042     -19.02954    
  1.924238     -17.81687    
  1.924325     -17.73180    
  1.925856     -17.59918    
  1.925943     -17.58995    
  1.926709     -17.52474    
  1.926796     -17.51645    
  1.926846     -17.51220    
  1.926932     -17.50518    
  1.927461     -17.45983    
  1.927548     -17.47363    
  1.930771     -17.18384    
  1.930858     -17.18243    
  1.933873     -16.90799    
  1.933960     -16.90820    
  1.936983     -16.63055    
  1.937070     -16.61299    
  1.938051     -16.52477    
  1.938138     -16.52977    
  1.940777     -16.28768    
  1.940864    -100.00000    
  1.955697     -15.08550    
  1.955784     -14.97285    
  1.959855     -14.59377    
  1.959942     -14.59449    
  1.963545     -14.26571    
  1.963632    -100.00000    
  1.974225     -13.41176    
  1.974312     -13.31903    
  1.974387     -13.31278    
  1.974474     -13.31854    
  1.977192     -13.08273    
  1.977279    -100.00000    
  1.994212     -11.81184    
  1.994299     -11.65961    
  1.996552     -11.47446    
  1.996639     -11.39157    
  1.997939     -11.65222    
  1.998026     -11.70053    
  2.000182     -11.88497    
  2.000268     -11.99176    
  2.007421     -11.34063    
  2.007508     -11.30522    
  2.009100     -11.95797    
  2.009187     -11.88521    
  2.009352     -11.94785    
  2.009439     -11.98068    
  2.009543     -12.37781    
  2.017372     -12.72435    
  2.017459     -12.33923    
  2.026471     -12.17030    
  2.026558     -11.68554    
  2.028108     -11.39464    
  2.028195     -11.68110    
  2.061043     -10.91444    
  2.061130     -10.68492    
  2.067104     -10.67403    
  2.067191     -10.71739    
  2.068339     -10.87251    
  2.068426     -10.87827    
  2.076209     -10.42885    
  2.076296    -100.00000    
  2.097304     -9.404239    
  2.097391     -9.498918    
  2.100294     -9.189587    
  2.100380     -9.234143    
  2.101519     -9.393711    
  2.101605     -9.390110    
  2.102584     -9.451388    
  2.102671     -8.497361    
  2.104539     -8.849005    
  2.104626     -11.12649    
  2.106101     -8.771812    
  2.106187    -100.00000    
  2.111508     -7.591162    
  2.111595     -7.422154    
  2.111941     -7.383798    
  2.112028     -8.103310    
  2.124942     -7.647046    
  2.125029     -8.101968    
  2.126973     -7.931430    
  2.127060    -100.00000    
  2.127658     -8.714988    
  2.127745     -7.024573    
  2.131986     -6.856279    
  2.132073     -7.816747    
  2.137486     -7.666480    
  2.137573     -7.409780    
  2.141450     -7.358685    
  2.141537     -7.646131    
  2.141662     -7.653773    
  2.141749     -7.367507    
  2.149371     -7.173450    
  2.149458     -6.895972    
  2.154246     -6.632216    
  2.154333     -6.654081    
  2.156640     -6.963572    
  2.156727     -6.954561    
  2.156827     -6.819569    
  2.158960     -6.442629    
  2.159047     -6.620554    
  2.177604     -6.592466    
  2.177690     -7.413737    
  2.181731     -7.904885    
  2.181818     -7.708679    
  2.184198     -6.564331    
  2.184285     -6.632631    
  2.188445     -6.905927    
  2.188532    -100.00000    
  2.191911     -6.710170    
  2.191997     -7.262947    
  2.204170     -5.933105    
  2.204257     -5.800173    
  2.213352     -6.596197    
  2.213439     -6.133194    
  2.217837     -6.218703    
  2.217924     -6.370746    
  2.218030     -6.176475    
  2.218315     -5.866496    
  2.218402     -5.807553    
  2.218688    -100.00000    
  2.218775    -100.00000    
  2.225403     -6.257642    
  2.231931     -6.258972    
  2.232018     -6.678868    
  2.234695     -8.071468    
  2.234781     -6.690713    
  2.239617     -5.943213    
  2.239704     -5.966045    
  2.245345     -6.060370    
  2.245432     -6.764972    
  2.250721     -6.471531    
  2.250808     -6.329174    
  2.252069     -5.497845    
  2.252156     -5.509147    
  2.253696     -5.495096    
  2.253782     -5.560628    
  2.257177     -6.317643    
  2.260545     -6.240363    
  2.260632     -6.137541    
  2.263836     -6.190071    
  2.267016     -6.269884    
  2.267103     -6.451803    
  2.270490     -6.138456    
  2.270577     -6.210169    
  2.271628     -6.573335    
  2.271715     -6.007333    
  2.275818     -6.338943    
  2.275905     -5.542721    
  2.278364     -5.973113    
  2.280809     -5.384406    
  2.280896     -5.519882    
  2.283804     -5.611830    
  2.283891     -5.852733    
  2.284781     -5.399307    
  2.284868     -5.330418    
  2.286288     -5.324586    
  2.286375     -5.293129    
  2.286786     -5.154755    
  2.286873     -5.193651    
  2.289459     -5.665304    
  2.292031     -6.880046    
  2.294586    -100.00000    
  2.297128     -5.105629    
  2.297214     -5.082793    
  2.297982     -4.951663    
  2.298069     -4.904089    
  2.300085     -4.873269    
  2.302092     -4.902866    
  2.304090     -5.305976    
  2.306078     -5.442380    
  2.306165     -5.200510    
  2.308268     -5.266775    
  2.309316     -4.938119    
  2.310361     -5.235411    
  2.311404     -4.849560    
  2.312444     -4.883812    
  2.313482     -5.938999    
  2.314517     -5.353730    
  2.314604     -5.404819    
  2.315597     -4.917232    
  2.315684     -4.945069    
  2.316612     -4.941422    
  2.317538     -6.026823    
  2.318463     -5.952804    
  2.319385     -5.468102    
  2.320305     -5.420574    
  2.321224    -100.00000    
  2.322140     -5.476221    
  2.323055     -5.196986    
  2.323141     -5.151334    
  2.324295     -5.286673    
  2.325445     -4.926661    
  2.326592     -6.261249    
  2.327736     -5.961631    
  2.327823     -6.303634    
  2.328799     -5.663999    
  2.329773     -5.676722    
  2.330745     -5.643637    
  2.331714     -5.401112    
  2.331801     -5.098009    
  2.333101     -4.948611    
  2.333188     -5.051158    
  2.334187     -5.117528    
  2.335184     -5.161081    
  2.336179     -5.299045    
  2.337171     -4.979070    
  2.338161     -4.980736    
  2.339149     -5.036564    
  2.340135     -5.209465    
  2.341118     -4.904188    
  2.341205     -4.860686    
  2.341283     -4.844273    
  2.341370     -4.836480    
  2.341472     -4.851058    
  2.342320     -4.829052    
  2.343166     -4.740659    
  2.344011     -4.706142    
  2.344853     -4.805303    
  2.344940     -4.832264    
  2.345621     -4.733361    
  2.346301     -4.654174    
  2.346979     -4.579412    
  2.347657     -4.692966    
  2.348333     -4.795327    
  2.349009     -4.688560    
  2.349683     -4.716355    
  2.350356     -4.864726    
  2.350443     -4.727846    
  2.351331     -4.963011    
  2.352217     -5.005444    
  2.352659     -5.563873    
  2.353101     -5.070110    
  2.353542     -4.863514    
  2.353983     -5.021607    
  2.354070     -4.934995    
  2.354494     -4.816791    
  2.354917     -4.692793    
  2.355340     -4.827882    
  2.355762     -5.025496    
  2.355849     -4.962908    
  2.356283     -4.914529    
  2.356717     -5.042622    
  2.357149     -4.847224    
  2.357582     -4.722720    
  2.357669     -4.726959    
  2.362936     -4.638602    
  2.363023     -5.187711    
  2.376702     -4.646540    
  2.376789     -4.234954    
  2.381401     -5.069387    
  2.381488     -4.576926    
  2.381574     -4.523645    
  2.381660     -4.098728    
  2.384670     -4.084029    
  2.384757     -4.476411    
  2.387126     -5.100812    
  2.387213     -4.520258    
  2.396615     -3.945599    
  2.405819     -3.840640    
  2.405905     -3.720997    
  2.409345     -4.358007    
  2.409431     -4.709813    
  2.409967     -4.101360    
  2.410054     -3.954874    
  2.411501     -3.509259    
  2.411588     -3.551620    
  2.412778     -3.559031    
  2.412865     -3.569772    
  2.413098     -3.582205    
  2.413185     -3.562595    
  2.417228     -3.843554    
  2.417315     -3.853277    
  2.417448     -3.830825    
  2.417535     -3.679997    
  2.419545     -3.568100    
  2.419632     -3.526705    
  2.424108     -3.719599    
  2.424195     -4.103916    
  2.429911     -3.540312    
  2.429998     -3.586111    
  2.432147     -3.628565    
  2.432234     -3.629217    
  2.433514     -3.716130    
  2.433601     -3.797067    
  2.434762     -3.745769    
  2.434849     -3.672900    
  2.435182     -3.638818    
  2.435269     -3.657002    
  2.435570     -3.657896    
  2.435657     -3.655860    
  2.438099     -3.645753    
  2.438186     -3.674413    
  2.443115     -3.597320    
  2.443202     -3.824824    
  2.448046     -3.631653    
  2.448133     -3.653768    
  2.449372     -3.885846    
  2.449459     -3.797719    
  2.450924     -3.634075    
  2.451011     -3.931337    
  2.456026     -3.548933    
  2.456113     -3.568174    
  2.457105     -3.683139    
  2.457192     -3.648147    
  2.461170     -3.717285    
  2.461257     -3.840494    
  2.466286     -3.876399    
  2.466372     -3.943862    
  2.466976     -3.753895    
  2.467064     -3.994198    
  2.471828     -3.737850    
  2.471915     -3.754832    
  2.476442     -3.708557    
  2.476529     -3.637039    
  2.476628     -3.621249    
  2.476715     -3.606287    
  2.476977     -3.607233    
  2.477064     -3.639403    
  2.483465     -3.938158    
  2.483551     -3.736793    
  2.483824     -3.648579    
  2.483911     -3.577287    
  2.484130     -3.487002    
  2.484217     -3.446302    
  2.487220     -3.699969    
  2.490203     -3.701284    
  2.493165     -3.668045    
  2.496107     -3.699869    
  2.496194     -3.603417    
  2.500074     -3.682657    
  2.503920     -3.646911    
  2.504007     -3.647103    
  2.504069     -3.650822    
  2.504156     -3.662393    
  2.506191     -3.633084    
  2.506278     -3.635230    
  2.508598     -3.790641    
  2.510906     -3.574169    
  2.513202     -3.670516    
  2.515486     -3.658014    
  2.515573     -3.645901    
  2.515719     -3.642756    
  2.515805     -3.640662    
  2.515872     -3.639552    
  2.515959     -3.637487    
  2.516943     -3.637440    
  2.517030     -3.633935    
  2.517941     -3.619170    
  2.518028     -3.623147    
  2.521727     -3.651100    
  2.525387     -3.719219    
  2.529016     -3.659915    
  2.532615     -3.668557    
  2.532701     -3.670930    
  2.536032     -3.660926    
  2.539337     -3.791095    
  2.539424     -3.698522    
  2.543132     -3.690282    
  2.546808     -3.677953    
  2.546895     -3.688272    
  2.547329     -3.700029    
  2.547416     -3.743947    
  2.551118     -3.701517    
  2.551204     -3.696351    
  2.554808     -3.705383    
  2.558382     -3.851649    
  2.558469     -3.816298    
  2.558869     -3.777969    
  2.558956     -3.723253    
  2.561557     -3.759383    
  2.561644     -3.778557    
  2.564082     -3.725805    
  2.566507     -3.732591    
  2.568917     -3.758164    
  2.571315     -3.738101    
  2.571402     -3.757395    
  2.571490     -3.776082    
  2.571576     -3.840188    
  2.574740     -3.748839    
  2.577880     -3.764163    
  2.580998     -3.786945    
  2.584094     -3.813447    
  2.587168     -3.839516    
  2.590220     -3.815337    
  2.593250     -3.869597    
  2.596260     -3.778159    
  2.596347     -3.806877    
  2.597646     -3.814850    
  2.597733     -3.804530    
  2.602007     -3.812913    
  2.606239     -3.896009    
  2.606326     -3.830848    
  2.607237     -3.827567    
  2.607324     -3.832221    
  2.611491     -3.853000    
  2.615617     -3.842546    
  2.615704     -3.839886    
  2.619659     -3.880140    
  2.619746     -3.861913    
  2.620859     -3.860768    
  2.620946     -3.864498    
  2.621962     -3.871204    
  2.622049     -3.906715    
  2.625471     -3.887609    
  2.625557     -3.909369    
  2.626297     -3.887164    
  2.626384     -3.883908    
  2.627024     -3.879347    
  2.627111     -3.847880    
  2.630159     -3.957441    
  2.633186     -3.879068    
  2.633273     -3.887883    
  2.633585     -3.889951    
  2.633672     -3.890321    
  2.636899     -3.914663    
  2.640101     -3.911102    
  2.643280     -3.969920    
  2.646436     -3.963125    
  2.646523     -3.942169    
  2.648513     -3.949148    
  2.648600     -3.938053    
  2.650315     -3.938091    
  2.652023     -3.941003    
  2.652110     -3.956321    
  2.653758     -3.948420    
  2.653845     -4.008722    
  2.655848     -4.012646    
  2.655935     -4.017425    
  2.656856     -3.973600    
  2.656943     -3.964584    
  2.659789     -3.977476    
  2.659876     -3.987309    
  2.661711     -3.989001    
  2.661798     -3.998182    
  2.662838     -3.964943    
  2.662925     -3.972351    
  2.664525     -3.980485    
  2.666091     -3.976918    
  2.667652     -3.949394    
  2.669207     -3.985511    
  2.670756     -3.996115    
  2.672300     -4.007899    
  2.673838     -3.993554    
  2.675371     -3.996492    
  2.675458     -3.999486    
  2.676606     -4.008491    
  2.677751     -4.004973    
  2.677838     -4.001622    
  2.679282     -4.018876    
  2.680721     -4.009865    
  2.682155     -4.016270    
  2.683585     -4.018775    
  2.683672     -4.019086    
  2.684831     -4.022196    
  2.685988     -4.025627    
  2.686075     -4.027610    
  2.686520     -4.028266    
  2.686607     -4.027867    
  2.687604     -4.029641    
  2.688599     -4.035178    
  2.688686     -4.037009    
  2.689315     -4.035842    
  2.689943     -4.038774    
  2.690571     -4.038065    
  2.691198     -4.039347    
  2.691823     -4.040349    
  2.692448     -4.045046    
  2.693072     -4.047238    
  2.693695     -4.049570    
  2.694317     -4.050123    
  2.694939     -4.050171    
  2.695559     -4.065720    
  2.696179     -4.226298    
  2.696797     -4.099468    
  2.697415     -4.056429    
  2.698032     -4.060466    
  2.698648     -4.060944    
  2.698717     -4.061570    
  2.698803     -4.063809    
  2.699142     -4.067307    
  2.699229     -4.065537    
  2.700077     -4.079293    
  2.700500     -4.069232    
  2.700923     -4.065503    
  2.701345     -4.065540    
  2.701767     -4.065875    
  2.702189     -4.067204    
  2.702610     -4.068949    
  2.702697     -4.070559    
  2.706323     -4.084050    
  2.706410     -4.074787    
  2.708352     -4.114644    
  2.708438     -4.140180    
  2.709271     -4.135220    
  2.709358     -4.203708    
  2.712230     -4.110525    
  2.712317     -4.105646    
  2.714595     -4.101873    
  2.716861     -4.109032    
  2.719116     -4.121177    
  2.721359     -4.120841    
  2.721446     -4.121730    
  2.721792     -4.122125    
  2.721879     -4.122073    
  2.725135     -4.130955    
  2.728368     -4.141169    
  2.728455     -4.140999    
  2.730036     -4.144101    
  2.730123     -4.144785    
  2.733067     -4.153106    
  2.735992     -4.161016    
  2.736079     -4.161029    
  2.737059     -4.163552    
  2.737146     -4.163704    
  2.740300     -4.173060    
  2.740387     -4.173585    
  2.742690     -4.180252    
  2.744980     -4.185572    
  2.747258     -4.192952    
  2.749525     -4.200014    
  2.751779     -4.205843    
  2.754023     -4.211111    
  2.756254     -4.219448    
  2.758474     -4.225761    
  2.758561     -4.223785    
  2.759027     -4.224804    
  2.759113     -4.225434    
  2.760747     -4.229064    
  2.760833     -4.232828    
  2.763123     -4.236195    
  2.765400     -4.242306    
  2.765487     -4.242620    
  2.765755     -4.243174    
  2.765842     -4.242957    
  2.768363     -4.251225    
  2.770870     -4.257820    
  2.773363     -4.262282    
  2.775841     -4.270761    
  2.775928     -4.271646    
  2.777541     -4.275776    
  2.777628     -4.275431    
  2.780588     -4.284109    
  2.783527     -4.292478    
  2.786448     -4.301508    
  2.789348     -4.310987    
  2.789435     -4.311846    
  2.792054     -4.316610    
  2.792141     -4.317618    
  2.795962     -4.331318    
  2.796049     -4.330724    
  2.798395     -4.346259    
  2.800729     -4.363742    
  2.803050     -4.353148    
  2.805359     -4.357253    
  2.807656     -4.362966    
  2.809941     -4.369947    
  2.812213     -4.376295    
  2.814474     -4.381841    
  2.814561     -4.381388    
  2.815775     -4.388644    
  2.815862     -4.385866    
  2.819341     -4.395708    
  2.822792     -4.406524    
  2.826216     -4.417832    
  2.829613     -4.425897    
  2.829700     -4.427423    
  2.832139     -4.437418    
  2.834565     -4.451847    
  2.836978     -4.460290    
  2.839377     -4.463679    
  2.839464     -4.466934    
  2.842740     -4.478880    
  2.845992     -4.495505    
  2.846079     -4.484953    
  2.846320     -4.483517    
  2.846407     -4.482427    
  2.846929     -4.483401    
  2.847016     -4.481879    
  2.850284     -4.495375    
  2.850371     -4.489830    
  2.851107     -4.497089    
  2.851194     -4.498831    
  2.851272     -4.498125    
  2.851359     -4.496986    
  2.851605     -4.497338    
  2.851692     -4.504452    
  2.852969     -4.503950    
  2.853056     -4.555357    
  2.856721     -4.508240    
  2.856808     -4.513341    
  2.860014     -4.532726    
  2.863196     -4.533523    
  2.863283     -4.548260    
  2.866961     -4.532140    
  2.867048     -4.537068    
  2.867158     -4.528035    
  2.871477     -4.609236    
  2.871560     -4.566783    
  2.871647     -4.558490    
  2.874394     -4.683696    
  2.877123     -4.497459    
  2.877210     -4.573793    
  2.879769     -4.582813    
  2.882313     -4.581538    
  2.882400     -4.589084    
  2.882670     -4.591140    
  2.882757     -5.171155    
  2.886654     -4.383558    
  2.886741     -4.512451    
  2.889314     -4.623365    
  2.889401     -4.595215    
  2.891964     -4.624840    
  2.892051     -4.661120    
  2.893704     -4.603155    
  2.893791     -4.613961    
  2.894071     -4.623018    
  2.894158     -4.631477    
  2.895095     -4.636023    
  2.895182     -4.643340    
  2.896767     -4.641230    
  2.896854     -4.627678    
  2.897787     -4.630439    
  2.897874     -4.621202    
  2.900589     -4.656749    
  2.900676     -4.661070    
  2.902856     -4.665175    
  2.905026     -4.655888    
  2.905113     -4.682284    
  2.908098     -4.679603    
  2.908185     -4.660470    
  2.908477     -4.660905    
  2.908564     -4.661001    
  2.910090     -4.663297    
  2.910176     -4.665821    
  2.913363     -4.676252    
  2.916527     -4.682257    
  2.916614     -4.683090    
  2.916785     -4.683615    
  2.916872     -4.683808    
  2.917171     -4.685016    
  2.917258     -4.687276    
  2.919518     -4.692559    
  2.921765     -4.697082    
  2.921852     -4.698143    
  2.925029     -4.711187    
  2.925116     -4.710153    
  2.925941     -4.713418    
  2.926028     -4.723207    
  2.927554     -4.723545    
  2.927641     -4.721051    
  2.927950     -4.724544    
  2.928037     -4.733647    
  2.928671     -4.730083    
  2.928758     -4.728108    
  2.929127     -4.726046    
  2.929213     -4.725431    
  2.929524     -4.725384    
  2.929611     -4.724477    
  2.930245     -4.731666    
  2.930332     -4.735276    
  2.930644     -4.733770    
  2.930731     -4.732453    
  2.930963     -4.731392    
  2.931050     -4.728594    
  2.934646     -4.739204    
  2.934733     -4.741633    
  2.936807     -4.742842    
  2.936894     -4.744519    
  2.937412     -4.747887    
  2.937499     -4.747542    
  2.937612     -4.746945    
  2.939332     -4.763111    
  2.939418     -4.755461    
  2.941608     -4.757496    
  2.943787     -4.765698    
  2.943874     -4.766333    
  2.945266     -4.770577    
  2.945353     -4.769178    
  2.946273     -4.773352    
  2.946360     -4.773813    
  2.946687     -4.775489    
  2.946774     -4.785010    
  2.949036     -4.784960    
  2.951287     -4.789618    
  2.951374     -4.790277    
  2.953750     -4.797251    
  2.953837     -4.796252    
  2.955739     -4.801127    
  2.955826     -4.801634    
  2.956162     -4.803806    
  2.956249     -4.806635    
  2.957620     -4.806590    
  2.957703     -4.805220    
  2.957790     -4.807590    
  2.959196     -4.811574    
  2.959269     -4.811413    
  2.959356     -4.812036    
  2.959520     -4.812778    
  2.959575     -4.812575    
  2.959642     -4.811955    
  2.959729     -4.810519    
  2.959839     -4.808935    
  2.959926     -4.808310    
  2.960694     -4.814329    
  2.960781     -4.817789    
  2.961122     -4.792413    
  2.961209     -4.720417    
  2.965318     -4.959529    
  2.965405     -5.065029    
  2.969227     -4.648228    
  2.969314     -4.798100    
  2.972533     -4.798915    
  2.975728     -4.784842    
  2.975815     -4.812418    
  2.976171     -4.793485    
  2.976258     -4.751893    
  2.979351     -4.831538    
  2.982423     -4.807457    
  2.982509     -4.787723    
  2.982872     -4.860883    
  2.982959     -4.828561    
  2.986034     -4.778158    
  2.989087     -4.877002    
  2.992119     -4.807428    
  2.995130     -4.821876    
  2.998121     -4.874112    
  3.001090     -4.841708    
  3.004040     -4.859859    
  3.006970     -4.861974    
  3.009880     -4.898849    
  3.012771     -4.915671    
  3.015642     -4.902977    
  3.018495     -4.910556    
  3.021329     -4.917670    
  3.024145     -4.942535    
  3.026943     -4.946759    
  3.029723     -4.947428    
  3.032485     -4.970061    
  3.035229     -4.993771    
  3.037957     -4.975574    
  3.040667     -5.022174    
  3.043360     -4.981851    
  3.046038     -4.994792    
  3.048698     -5.088641    
  3.051342     -4.979573    
  3.053971     -5.031644    
  3.056583     -5.056210    
  3.059180     -5.043490    
  3.061762     -5.080649    
  3.064328     -5.066803    
  3.066879     -5.132083    
  3.069415     -5.059218    
  3.071937     -5.065474    
  3.072024     -5.136770    
  3.076115     -5.079623    
  3.080169     -5.118900    
  3.084185     -5.178129    
  3.088164     -4.956247    
  3.088251     -5.083402    
  3.089222     -5.138973    
  3.089309     -5.191363    
  3.091849     -5.103357    
  3.091936     -6.300573    
  3.095971     -4.844015    
  3.099969     -5.276837    
  3.100056     -5.231129    
  3.102791     -5.156518    
  3.105509     -5.230781    
  3.105596     -5.193835    
  3.108813     -5.202082    
  3.112005     -5.171543    
  3.112092     -5.249877    
  3.114687     -5.206503    
  3.114774     -5.198862    
  3.116978     -5.249520    
  3.117065     -5.284606    
  3.118223     -5.210689    
  3.118310     -5.209463    
  3.120853     -5.254805    
  3.123381     -5.259071    
  3.123468     -5.272042    
  3.125997     -5.288450    
  3.126084     -5.234808    
  3.127687     -5.260179    
  3.127774     -5.262084    
  3.131693     -5.284895    
  3.135577     -5.308919    
  3.135664     -5.286617    
  3.136182     -5.291139    
  3.136269     -5.320457    
  3.140203     -5.302109    
  3.144101     -5.337208    
  3.144188     -5.332478    
  3.144956     -5.333567    
  3.145043     -5.336716    
  3.146758     -5.342876    
  3.146845     -5.341712    
  3.147795     -5.347083    
  3.147882     -5.347044    
  3.148729     -5.350409    
  3.148816     -5.350398    
  3.150639     -5.356107    
  3.150726     -5.357315    
  3.153068     -5.366757    
  3.153155     -5.365638    
  3.153381     -5.366363    
  3.153434     -5.366383    
  3.153521     -5.365058    
  3.156074     -5.375537    
  3.156161     -5.375691    
  3.160418     -5.390772    
  3.164633     -5.405089    
  3.164720     -5.405802    
  3.167631     -5.416199    
  3.170522     -5.426643    
  3.173394     -5.434771    
  3.176248     -5.436870    
  3.179082     -5.451515    
  3.181899     -5.466301    
  3.184697     -5.475823    
  3.187477     -5.486457    
  3.187564     -5.486226    
  3.188338     -5.488362    
  3.188425     -5.599932    
  3.192224     -5.501421    
  3.192311     -5.427080    
  3.194885     -5.515360    
  3.194972     -5.504887    
  3.196916     -5.517165    
  3.197003     -5.518989    
  3.200855     -5.531564    
  3.204674     -5.546758    
  3.204761     -5.546606    
  3.207365     -5.555837    
  3.207452     -5.555287    
  3.210155     -5.562257    
  3.212841     -5.574702    
  3.215511     -5.353599    
  3.218164     -5.366515    
  3.218251     -5.538809    
  3.222514     -5.617678    
  3.226736     -5.623891    
  3.230917     -5.639586    
  3.235058     -5.626956    
  3.239160     -5.633172    
  3.243224     -5.681279    
  3.247249     -5.696161    
  3.251238     -5.710511    
  3.251325     -5.710547    
  3.254951     -5.723663    
  3.258546     -5.736956    
  3.262112     -5.750040    
  3.265649     -5.762938    
  3.269157     -5.775870    
  3.272637     -5.776272    
  3.276089     -5.800169    
  3.279515     -5.812359    
  3.282913     -5.824708    
  3.286285     -5.836523    
  3.289631     -5.848437    
  3.292952     -5.860624    
  3.296247     -5.872516    
  3.299517     -5.884013    
  3.302763     -5.895882    
  3.305985     -5.907583    
  3.306072     -5.907906    
  3.306887     -5.910422    
  3.306974     -5.911132    
  3.309850     -5.921347    
  3.309937     -5.921765    
  3.310624     -5.924243    
  3.310710     -5.928419    
  3.311825     -5.914090    
  3.311912     -5.921990    
  3.314473     -5.929211    
  3.317019     -5.935756    
  3.319550     -5.954860    
  3.322067     -5.964192    
  3.324569     -5.970766    
  3.327057     -5.981667    
  3.329531     -5.989496    
  3.331990     -5.996205    
  3.334436     -6.006005    
  3.336869     -6.023441    
  3.339287     -6.009789    
  3.341692     -6.040663    
  3.344084     -6.032173    
  3.346463     -6.061808    
  3.348829     -6.046316    
  3.351182     -6.059951    
  3.351269     -6.057916    
  3.355367     -6.083647    
  3.359427     -6.090080    
  3.363449     -6.114660    
  3.367434     -6.111867    
  3.367521     -6.118973    
  3.370368     -6.132514    
  3.373197     -6.123943    
  3.376007     -6.149275    
  3.378799     -6.182062    
  3.381574     -6.161717    
  3.384330     -6.178981    
  3.387069     -6.189458    
  3.389792     -6.199978    
  3.389879     -6.201979    
  3.392466     -6.208925    
  3.395039     -6.219580    
  3.395126     -6.219887    
  3.398416     -6.231410    
  3.398503     -6.231704    
  3.400855     -6.239762    
  3.400942     -6.300390    
  3.402428     -6.219237    
  3.402515     -6.241989    
  3.405655     -6.256140    
  3.408773     -6.268018    
  3.411869     -6.279425    
  3.414942     -6.291201    
  3.415029     -6.291202    
  3.419186     -6.306555    
  3.423303     -6.321468    
  3.427382     -6.336453    
  3.431422     -6.351019    
  3.431509     -6.348371    
  3.434904     -6.359999    
  3.438273     -6.358992    
  3.441616     -6.392163    
  3.444934     -6.400818    
  3.445021     -6.400918    
  3.447515     -6.410290    
  3.449995     -6.419004    
  3.452462     -6.428305    
  3.454914     -6.435535    
  3.455001     -6.436246    
  3.458759     -6.450283    
  3.462485     -6.464701    
  3.466179     -6.478167    
  3.469843     -6.491723    
  3.469930     -6.492022    
  3.471179     -6.496698    
  3.471266     -6.497484    
  3.474100     -6.506811    
  3.474187     -6.513648    
  3.476423     -6.488741    
  3.478648     -6.439654    
  3.480861     -6.538371    
  3.483063     -6.540653    
  3.483150     -6.540634    
  3.485959     -6.551001    
  3.488749     -6.561317    
  3.491522     -6.571455    
  3.494277     -6.581471    
  3.494364     -6.581940    
  3.496766     -6.591175    
  3.499154     -6.600166    
  3.501530     -6.608522    
  3.503893     -6.621773    
  3.506243     -6.580189    
  3.508580     -6.575993    
  3.510905     -6.643333    
  3.513217     -6.652019    
  3.513304     -6.652409    
  3.515963     -6.661932    
  3.518606     -6.671331    
  3.521233     -6.681002    
  3.523845     -6.690785    
  3.526440     -6.699916    
  3.529020     -6.709798    
  3.531585     -6.719075    
  3.534135     -6.728496    
  3.534222     -6.729035    
  3.538259     -6.745627    
  3.542258     -6.721964    
  3.546221     -6.762959    
  3.550148     -6.787985    
  3.550235     -6.787737    
  3.552940     -6.799582    
  3.555627     -6.810381    
  3.555714     -6.811524    
  3.556728     -6.813990    
  3.556815     -6.815265    
  3.558846     -6.819746    
  3.558933     -6.820811    
  3.560851     -6.827750    
  3.560938     -6.827950    
  3.561019     -6.828185    
  3.561106     -6.828450    
  3.561368     -6.829455    
  3.561455     -6.829800    
  3.561549     -6.830163    
  3.561702     -6.830788    
  3.561789     -6.831188    
  3.561899     -6.831624    
  3.561986     -6.832020    
  3.562293     -6.832757    
  3.565681     -6.831017    
  3.565768     -6.834501    
  3.568672     -6.855737    
  3.571556     -6.863094    
  3.574422     -6.877222    
  3.577268     -6.887243    
  3.580096     -6.892932    
  3.582906     -6.896038    
  3.585698     -6.918138    
  3.588471     -6.914878    
  3.591228     -6.943772    
  3.593966     -6.935833    
  3.596688     -6.949489    
  3.599393     -6.969702    
  3.602081     -6.960583    
  3.604752     -6.978880    
  3.607407     -6.990429    
  3.610046     -6.997540    
  3.610133     -6.996852    
  3.612394     -6.998750    
  3.614642     -7.021204    
  3.616880     -7.019612    
  3.619105     -7.029930    
  3.621319     -7.038359    
  3.623523     -7.042997    
  3.625715     -7.055223    
  3.627896     -7.063826    
  3.627982     -7.062448    
  3.630428     -7.071460    
  3.632092     -7.077820    
  3.636162     -7.097453    
  3.640195     -7.085089    
  3.644191     -7.126075    
  3.644278     -7.122025    
  3.646967     -7.132632    
  3.649640     -7.142877    
  3.652297     -7.151805    
  3.654938     -7.158935    
  3.655025     -7.105397    
  3.657211     -7.170182    
  3.659385     -7.185709    
  3.659472     -7.169996    
  3.663615     -7.193756    
  3.663702     -7.089303    
  3.666466     -7.024153    
  3.669212     -7.287238    
  3.671940     -6.875735    
  3.674652     -7.211372    
  3.677347     -7.246796    
  3.680026     -7.254419    
  3.682687     -7.263431    
  3.685333     -7.273088    
  3.685420     -7.312186    
  3.688862     -7.164983    
  3.688948     -7.191373    
  3.690731     -7.296639    
  3.690818     -7.281736    
  3.691459     -7.289667    
  3.691546     -7.294482    
  3.694812     -7.211131    
  3.694898     -7.294281    
  3.695365     -7.280376    
  3.695452     -7.276837    
  3.695518     -7.277374    
  3.695605     -7.291579    
  3.698701     -7.325554    
  3.701776     -7.333499    
  3.704828     -7.344647    
  3.707860     -7.355805    
  3.710870     -7.366832    
  3.712650     -7.373374    
  3.713860     -7.377777    
  3.716830     -7.387692    
  3.719779     -7.394868    
  3.719866     -7.398728    
  3.723988     -7.415322    
  3.728071     -7.430007    
  3.732116     -7.449862    
  3.736124     -7.425621    
  3.740095     -7.475819    
  3.744030     -7.488431    
  3.747929     -7.502797    
  3.751794     -7.516736    
  3.751881     -7.516941    
  3.755217     -7.528977    
  3.755304     -7.529580    
  3.755522     -7.530498    
  3.755609     -7.530939    
  3.758467     -7.541106    
  3.761306     -7.551876    
  3.764127     -7.557537    
  3.766929     -7.569754    
  3.769713     -7.582435    
  3.772480     -7.592556    
  3.775229     -7.602214    
  3.777961     -7.612974    
  3.778048     -7.612870    
  3.778151     -7.612779    
  3.781161     -7.624102    
  3.784252     -7.635333    
  3.787320     -7.646162    
  3.790368     -7.657258    
  3.793394     -7.667828    
  3.796399     -7.679194    
  3.799384     -7.690496    
  3.802348     -7.699999    
  3.802435     -7.701920    
  3.806009     -7.710493    
  3.806096     -7.707083    
  3.809815     -7.726699    
  3.809902     -7.728104    
  3.811377     -7.733466    
  3.811464     -7.732518    
  3.811517     -7.732272    
  3.811568     -7.731971    
  3.811655     -7.692724    
  3.814154     -7.741266    
  3.816638     -7.779066    
  3.819108     -7.344260    
  3.821564     -7.832521    
  3.821651     -7.748457    
  3.825835     -7.788909    
  3.829979     -7.792657    
  3.834084     -7.819116    
  3.838150     -7.831374    
  3.838237     -7.833196    
  3.840994     -7.832758    
  3.843735     -7.852317    
  3.846458     -7.861523    
  3.849164     -7.871055    
  3.851853     -7.881273    
  3.854526     -7.879246    
  3.857182     -7.892536    
  3.859823     -7.904080    
  3.859910     -7.909168    
  3.862754     -7.920403    
  3.865581     -7.930773    
  3.868389     -7.940801    
  3.871179     -7.950960    
  3.871266     -7.951135    
  3.873695     -7.959911    
  3.876111     -7.968699    
  3.878513     -7.978252    
  3.880902     -7.981281    
  3.880989     -7.886234    
  3.884377     -7.987268    
  3.887739     -8.009909    
  3.891076     -8.022575    
  3.894387     -8.034418    
  3.894474     -8.034749    
  3.897227     -8.044641    
  3.899963     -8.054461    
  3.902682     -8.064238    
  3.905384     -8.073942    
  3.905471     -8.074240    
  3.908472     -8.085019    
  3.908559     -8.085318    
  3.912193     -8.098382    
  3.912280     -8.098624    
  3.913068     -8.101554    
  3.913155     -8.101854    
  3.913273     -8.102262    
  3.913714     -8.103777    
  3.913769     -8.103982    
  3.913842     -8.104251    
  3.913889     -8.104423    
  3.913972     -8.104767    
  3.914081     -8.105158    
  3.914168     -8.111750    
  3.916915     -8.097880    
  3.917002     -8.066244    
  3.919240     -8.118737    
  3.921466     -8.135362    
  3.923680     -8.141764    
  3.925884     -8.148802    
  3.928076     -8.156445    
  3.930258     -8.164394    
  3.934588     -8.179504    
  3.938875     -8.193577    
  3.943121     -8.207901    
  3.947325     -8.226354    
  3.951490     -8.222501    
  3.955614     -8.254607    
  3.959700     -8.269543    
  3.963748     -8.289584    
  3.967758     -8.290599    
  3.971732     -8.249892    
  3.975669     -8.337981    
  3.979571     -8.336545    
  3.983439     -8.333227    
  3.983526     -8.354268    
  3.987126     -8.370634    
  3.990697     -8.376905    
  3.994239     -8.394915    
  3.997752     -8.407729    
  3.997838     -8.407993    
  4.000147     -8.417139    
  4.002444     -8.411720    
  4.004728     -8.460493    
  4.007001     -7.956667    
  4.009262     -8.436670    
  4.011511     -8.454852    
  4.013748     -8.464768    
  4.015974     -8.472678    
  4.018189     -8.478801    
  4.020392     -8.471332    
  4.022585     -8.496581    
  4.024766     -8.503214    
  4.029096     -8.518592    
  4.033383     -8.533713    
  4.033470     -8.534000    
  4.037091     -8.563225    
  4.040683     -8.469444    
  4.044245     -8.585307    
  4.047778     -8.490035    
  4.047865     -8.574647    
  4.051277     -8.600006    
  4.054632     -8.604206    
  4.057962     -8.615526    
  4.061267     -8.633637    
  4.061354     -8.635059    
  4.065579     -8.556337    
  4.069764     -8.614573    
  4.073909     -8.683397    
  4.078015     -8.675942    
  4.078102     -8.682892    
  4.080241     -8.700917    
  4.080328     -8.699686    
  4.080857     -8.701561    
  4.080944     -8.701548    
  4.081009     -8.701692    
  4.081054     -8.702464    
  4.082194     -8.703606    
  4.082281     -8.705885    
  4.084738     -8.713437    
  4.087181     -8.722548    
  4.089611     -8.732389    
  4.092028     -8.737931    
  4.094430     -8.748468    
  4.096820     -8.755691    
  4.099197     -8.764854    
  4.101560     -8.770119    
  4.101647     -8.774264    
  4.105246     -8.804666    
  4.108815     -8.635919    
  4.112355     -8.814376    
  4.115866     -8.826127    
  4.119349     -8.832453    
  4.122805     -8.846824    
  4.126233     -8.860677    
  4.129634     -8.864127    
  4.133009     -8.884383    
  4.136358     -8.895077    
  4.139681     -8.906021    
  4.142979     -8.909116    
  4.146252     -8.929794    
  4.149501     -8.940460    
  4.152725     -8.952794    
  4.155926     -8.954274    
  4.156013     -8.941923    
  4.158103     -8.966416    
  4.158190     -8.968908    
  4.161727     -8.982826    
  4.161814     -8.982758    
  4.163762     -8.989494    
  4.163849     -8.989833    
  4.163959     -8.990218    
  4.164046     -8.989894    
  4.166389     -9.003259    
  4.168720     -9.021045    
  4.171039     -8.911170    
  4.173345     -9.020349    
  4.175640     -9.023440    
  4.177922     -9.044321    
  4.180192     -9.078141    
  4.182450     -8.837070    
  4.184697     -9.078984    
  4.186932     -9.070308    
  4.189156     -9.079361    
  4.191369     -9.069898    
  4.193570     -9.049787    
  4.195760     -9.109438    
  4.197939     -9.073891    
  4.200107     -9.116468    
  4.204411     -9.132761    
  4.208673     -9.136867    
  4.212894     -9.166382    
  4.217074     -9.161175    
  4.221214     -9.190377    
  4.225315     -9.201762    
  4.229377     -9.182559    
  4.233402     -9.234513    
  4.233489     -9.227787    
  4.237698     -9.254473    
  4.241866     -9.231576    
  4.245994     -9.280495    
  4.250084     -9.282112    
  4.254135     -9.304711    
  4.258149     -9.321820    
  4.262126     -9.291796    
  4.266067     -9.348202    
  4.266154     -9.343635    
  4.269157     -9.533866    
  4.272139     -8.870992    
  4.275101     -8.901163    
  4.278043     -9.419583    
  4.280965     -9.397570    
  4.283867     -9.405555    
  4.286751     -9.420638    
  4.289615     -9.365300    
  4.292460     -9.419498    
  4.295287     -9.443737    
  4.298096     -9.452848    
  4.300886     -9.462131    
  4.303659     -9.471372    
  4.306414     -9.480648    
  4.309152     -9.485757    
  4.311873     -9.479746    
  4.314576     -9.508923    
  4.317263     -9.516840    
  4.319934     -9.527621    
  4.322588     -9.506903    
  4.325226     -9.540020    
  4.327848     -9.547355    
  4.330454     -9.561110    
  4.333045     -9.564710    
  4.335621     -9.543476    
  4.338181     -9.492479    
  4.340726     -9.531305    
  4.343256     -9.557133    
  4.345772     -9.609279    
  4.348274     -9.615320    
  4.350760     -9.627443    
  4.353233     -9.635547    
  4.353320     -9.639615    
  4.356074     -9.625353    
  4.356161     -9.636220    
  4.357582     -9.650063    
  4.357669     -9.648941    
  4.357779     -9.649410    
  4.357865     -9.649678    
  4.360696     -9.664720    
  4.363507     -9.675587    
  4.366301     -9.673606    
  4.369077     -9.698302    
  4.371835     -9.655490    
  4.374576     -9.712365    
  4.377300     -9.709487    
  4.380006     -9.727765    
  4.382696     -9.734023    
  4.385369     -9.742308    
  4.388026     -9.751747    
  4.390667     -9.757865    
  4.393292     -9.755024    
  4.395901     -9.780408    
  4.398495     -9.780815    
  4.401073     -9.798763    
  4.403636     -9.796281    
  4.406183     -9.814148    
  4.408716     -9.820422    
  4.411235     -9.801518    
  4.413739     -9.840139    
  4.416228     -9.848741    
  4.418703     -9.845430    
  4.421164     -9.619277    
  4.423612     -9.873390    
  4.426045     -9.880313    
  4.428465     -9.864778    
  4.430872     -9.892109    
  4.433266     -9.874695    
  4.435646     -9.905386    
  4.438013     -9.916903    
  4.440368     -9.924428    
  4.440455     -9.921640    
  4.442834     -9.889031    
  4.445201     -9.946938    
  4.445288     -9.940734    
  4.447569     -9.949922    
  4.449839     -9.977025    
  4.452097     -9.768827    
  4.454343     -9.907560    
  4.456578     -9.978353    
  4.458801     -9.967247    
  4.461013     -9.935386    
  4.463213     -9.995838    
  4.465403     -10.00612    
  4.467581     -10.01446    
  4.471906     -10.02114    
  4.476188     -10.04137    
  4.480428     -9.954243    
  4.512937     -10.14579    
  4.513024     -10.15817    
  4.514610     -10.16316    
  4.514697     -10.16314    
  4.515945     -10.16748    
  4.516032     -10.16779    
  4.516141     -10.16808    
  4.516228     -10.16356    
  4.585469     -10.37142    
  4.585556     -10.33067    
  4.648489     -10.54881    
  4.648576     -10.58353    
  4.649548     -10.58708    
  4.649635     -10.58731    
  4.649838     -10.58799    
  4.649925     -10.58830    
  4.650035     -10.58866    
  4.650122     -10.54040    
  4.709765     -10.73822    
  4.709852     -10.75640    
  4.765753     -10.91593    
  4.765822     -10.94197    
  4.765909     -10.94398    
  4.766019     -10.94677    
  4.766106     -10.91705    
  4.818480     -11.10807    
  4.818567     -11.06662    
  4.868094     -11.18968    
  4.868152     -11.24610    
  4.868214     -11.24629    
  4.868324     -11.24660    
  4.868411     -11.08421    
  4.915089     -11.46528    
  4.915176     -11.38877    
  4.959449     -11.50000    
  4.959536     -11.51032    
  4.959642     -11.50368    
  4.959729     -11.49782    
  4.959839     -11.48696    
  4.959925     -11.49496    
  5.002021     -11.56390    
  5.002108     -11.63901    
  5.041986     -11.75027    
  5.042072     -11.76754    
  5.042428     -11.76227    
  5.042515     -11.76159    
  5.042624     -11.76079    
  5.042711     -11.72120    
  5.081038     -11.85728    
  5.081125     -11.78134    
  5.117569     -11.96008    
  5.117655     -11.97161    
  5.118005     -11.96151    
  5.118092     -12.09645    
  5.118201     -11.79785    
  5.118288     -11.84883    
  5.153462     -12.12090    
  5.153549     -12.06431    
  5.187204     -12.16487    
  5.187290     -12.15251    
  5.187529     -12.15543    
  5.187616     -12.15697    
  5.187725     -12.15855    
  5.187812     -12.14633    
  5.251180     -12.29261    
  5.251266     -12.33584    
  5.251931     -12.34530    
  5.252018     -12.34408    
  5.252095     -12.34379    
  5.252182     -12.32221    
  5.311750     -12.47422    
  5.311837     -12.52492    
  5.311944     -12.52759    
  5.312021     -12.52900    
  5.312108     -12.51691    
  5.368079     -12.60753    
  5.368165     -12.64874    
  5.420736     -12.80752    
  5.420823     -12.78323    
  5.470384     -12.89670    
  5.470471     -12.92459    
  5.517346     -13.07225    
  5.517433     -13.04567    
  5.561899     -13.18227    
  5.561985     -13.18259    
  5.604277     -13.26502    
  5.604364     -13.30560    
  5.644684     -13.39233    
  5.644771     -13.40020    
  6.101351     -14.64475    
  6.318972     -15.27052    
  6.571403     -15.96497    
  6.845929     -16.71798    
  7.133075     -17.51135    
  7.426993     -18.34103    
  7.724423     -19.21182    
  8.023641     -20.15435    
  8.323763     -21.26074    
  8.624338     -22.97030    
  8.925140    -100.00000    
