 0.6989700    -100.00000    
 0.7247828    -100.00000    
 0.7491470    -100.00000    
 0.7722168    -100.00000    
 0.7941226    -100.00000    
 0.8348744    -100.00000    
 0.8721282    -100.00000    
 0.9064373    -100.00000    
 0.9382333    -100.00000    
 0.9678594    -100.00000    
 0.9955930     -135.8548    
  1.021661     -135.0510    
  1.046253     -134.6116    
  1.069527     -134.4872    
  1.091616     -134.1807    
  1.132686     -134.4694    
  1.170205    -100.00000    
  1.204739    -100.00000    
  1.236728     -139.8367    
  1.266522    -100.00000    
  1.294403    -100.00000    
  1.320601    -100.00000    
  1.345308    -100.00000    
  1.368685    -100.00000    
  1.390867     -124.1950    
  1.390954    -100.00000    
  1.416604    -100.00000    
  1.416691     -114.4223    
  1.442990    -100.00000    
  1.443077     -104.4644    
  1.465932     -105.0209    
  1.466019    -100.00000    
  1.485843     -102.7419    
  1.485930    -100.00000    
  1.517406    -100.00000    
  1.546755     -97.86021    
  1.546842    -100.00000    
  1.576102     -95.78993    
  1.576189    -100.00000    
  1.604747     -93.77505    
  1.604834    -100.00000    
  1.638223     -89.66534    
  1.669228     -83.68859    
  1.698166     -78.49108    
  1.725295    -100.00000    
  1.725382     -77.28228    
  1.731758    -100.00000    
  1.731845     -72.06786    
  1.759983     -68.10107    
  1.786409    -100.00000    
  1.786495     -63.36134    
  1.816265     -60.03601    
  1.844125    -100.00000    
  1.844212    -100.00000    
  1.873424     -55.68999    
  1.873511    -100.00000    
  1.905821     -51.03540    
  1.905908    -100.00000    
  1.913955     -49.62629    
  1.914042    -100.00000    
  1.926709     -48.13659    
  1.926796     -47.95815    
  1.927461     -47.87872    
  1.927548    -100.00000    
  1.962158    -100.00000    
  1.994212     -41.01935    
  1.994299     -40.64559    
  1.996552     -40.42051    
  1.996639     -40.40764    
  1.997939     -40.28014    
  1.998026     -41.61722    
  2.007421     -39.44780    
  2.007508    -100.00000    
  2.028108     -37.67267    
  2.028195    -100.00000    
  2.061043     -34.95287    
  2.061130    -100.00000    
  2.097304     -32.11345    
  2.097391     -31.80175    
  2.101519     -31.48397    
  2.101605     -31.46436    
  2.102584     -31.39217    
  2.102671     -31.38030    
  2.106101     -31.13559    
  2.106187     -31.16684    
  2.111508     -30.75041    
  2.111595     -30.71490    
  2.111941     -30.70132    
  2.112028    -100.00000    
  2.126973     -29.72542    
  2.127060     -29.63058    
  2.127658     -29.59522    
  2.127745     -29.77784    
  2.137486     -28.96858    
  2.137573     -29.34139    
  2.149371     -28.19913    
  2.149458     -28.19676    
  2.156741     -27.69704    
  2.156827     -27.66347    
  2.158960     -27.53529    
  2.159047    -100.00000    
  2.177604     -26.49733    
  2.177690     -26.39070    
  2.181731     -26.14475    
  2.181818     -26.16593    
  2.188445     -25.76725    
  2.188532     -27.05786    
  2.204170     -24.92559    
  2.204257     -24.88391    
  2.211100     -24.48859    
  2.217837     -24.11277    
  2.217924     -24.08805    
  2.218030     -24.08241    
  2.218315     -24.06693    
  2.218402     -24.06246    
  2.218688     -24.04710    
  2.218775     -24.10175    
  2.226808     -23.65325    
  2.234695     -23.21851    
  2.234781     -23.20927    
  2.239617     -22.95726    
  2.239704     -22.94528    
  2.245345     -22.67629    
  2.245432     -22.67335    
  2.250721     -22.40391    
  2.250808     -22.39282    
  2.253696     -22.25062    
  2.253782     -22.24871    
  2.257129     -22.08442    
  2.260450     -21.92474    
  2.263745     -21.76659    
  2.267016     -21.61038    
  2.267103     -21.60820    
  2.270490     -21.44776    
  2.270577     -21.43967    
  2.271628     -21.39056    
  2.271715     -21.39479    
  2.275818     -21.20203    
  2.275905     -21.19376    
  2.277893     -21.10227    
  2.279873     -21.01185    
  2.281843     -20.92228    
  2.283804     -20.83335    
  2.283891     -20.83054    
  2.286288     -20.72232    
  2.286375     -20.71636    
  2.286786     -20.69803    
  2.286873     -20.69684    
  2.289459     -20.58163    
  2.292031     -20.46773    
  2.294586     -20.35498    
  2.297128     -20.24467    
  2.297214     -20.23845    
  2.297982     -20.20518    
  2.298069     -20.20269    
  2.300085     -20.11572    
  2.302092     -20.02928    
  2.304090     -19.94389    
  2.306078     -19.85922    
  2.306165     -19.85591    
  2.308268     -19.76649    
  2.309316     -19.72168    
  2.310361     -19.67783    
  2.311404     -19.63424    
  2.312444     -19.59102    
  2.313482     -19.54755    
  2.314517     -19.50480    
  2.314604     -19.50114    
  2.315597     -19.46010    
  2.315684     -19.45648    
  2.316612     -19.41823    
  2.317538     -19.38017    
  2.318463     -19.34229    
  2.319385     -19.30458    
  2.320305     -19.26705    
  2.321224     -19.22969    
  2.322140     -19.19252    
  2.323055     -19.15549    
  2.323141     -19.15214    
  2.324295     -19.10565    
  2.325445     -19.05940    
  2.326592     -19.01343    
  2.327736     -18.96770    
  2.327823     -18.96410    
  2.328799     -18.92526    
  2.329773     -18.88658    
  2.330745     -18.84810    
  2.331714     -18.80982    
  2.331801     -18.80663    
  2.333101     -18.75545    
  2.333188     -18.75184    
  2.334187     -18.71267    
  2.335184     -18.67368    
  2.336179     -18.63488    
  2.337171     -18.59630    
  2.338161     -18.55790    
  2.339149     -18.51970    
  2.340135     -18.48169    
  2.341118     -18.44387    
  2.341205     -18.44031    
  2.341283     -18.43733    
  2.341370     -18.43399    
  2.341472     -18.43018    
  2.342320     -18.39772    
  2.343166     -18.36539    
  2.344011     -18.33319    
  2.344853     -18.30113    
  2.344940     -18.29773    
  2.345621     -18.27193    
  2.346301     -18.24619    
  2.346979     -18.22055    
  2.347657     -18.19499    
  2.348333     -18.16952    
  2.349009     -18.14413    
  2.349683     -18.11884    
  2.350356     -18.09363    
  2.350443     -18.09045    
  2.351331     -18.05732    
  2.352217     -18.02331    
  2.352659     -18.01207    
  2.353101     -17.99066    
  2.353542     -17.97495    
  2.353983     -17.95819    
  2.354070     -17.98274    
  2.354511     -17.96350    
  2.354951     -17.94303    
  2.355390     -17.92932    
  2.355830     -17.91130    
  2.356269     -17.89701    
  2.356707     -17.88093    
  2.357145     -17.86492    
  2.357582    -100.00000    
  2.357669    -100.00000    
  2.376702     -14.44404    
  2.376789     -14.49925    
  2.381401     -13.97556    
  2.381488     -13.96678    
  2.381574     -13.93496    
  2.381660     -14.05873    
  2.384670     -14.22755    
  2.384757     -14.60683    
  2.387126     -14.15683    
  2.387213     -14.25737    
  2.405819     -13.52914    
  2.405905     -13.43371    
  2.409345     -14.04944    
  2.409431     -13.46575    
  2.409967     -13.48791    
  2.410054     -13.64813    
  2.411501     -13.46749    
  2.411588     -13.52131    
  2.413098     -13.24426    
  2.413185     -13.29016    
  2.417228     -13.29458    
  2.417315     -12.42240    
  2.417448     -11.80096    
  2.417535     -11.24676    
  2.429911     -12.44365    
  2.429998     -11.79148    
  2.433514     -11.65955    
  2.433601     -11.07532    
  2.434762     -10.59433    
  2.434849     -10.31819    
  2.435570    -100.00000    
  2.435657     -11.37053    
  2.438099     -11.15479    
  2.438186     -11.55228    
  2.443115     -10.94935    
  2.443202     -10.79750    
  2.448046     -10.81161    
  2.448133     -10.73725    
  2.449372     -10.70541    
  2.449459     -12.10557    
  2.456026     -10.06562    
  2.456113    -100.00000    
  2.457105     -10.52434    
  2.457192     -10.12021    
  2.461170     -10.37298    
  2.461257     -10.37271    
  2.466286     -10.18942    
  2.466372    -100.00000    
  2.466976     -10.36809    
  2.467064     -10.80893    
  2.471828     -9.849582    
  2.471915     -9.898893    
  2.476442     -9.746098    
  2.476529    -100.00000    
  2.476628    -100.00000    
  2.476715    -100.00000    
  2.476977    -100.00000    
  2.477064     -9.794304    
  2.483465    -100.00000    
  2.483551     -10.15821    
  2.483824     -10.09821    
  2.483911     -10.09495    
  2.484130     -10.09512    
  2.484217     -9.811812    
  2.487220     -9.661978    
  2.490203     -9.784174    
  2.493165     -10.08903    
  2.496107     -9.367361    
  2.496194     -10.28420    
  2.500074     -9.057579    
  2.503920     -9.664302    
  2.504007     -9.864600    
  2.504069     -9.730352    
  2.504156     -9.211867    
  2.506191     -9.240164    
  2.506278     -9.155910    
  2.508598     -9.339790    
  2.510906     -9.546439    
  2.513202     -8.870598    
  2.515486     -9.191318    
  2.515573     -8.961223    
  2.515719     -8.943488    
  2.515805     -8.929736    
  2.515872     -8.929915    
  2.515959     -9.130830    
  2.516943     -8.732162    
  2.517030     -8.893432    
  2.517941     -9.702950    
  2.518028     -8.944816    
  2.521727     -8.998541    
  2.525387     -8.701192    
  2.529016     -8.558847    
  2.532615     -8.856276    
  2.532701     -9.381948    
  2.536032     -8.235886    
  2.539337     -8.340579    
  2.539424     -8.098740    
  2.543132     -8.070359    
  2.546808    -100.00000    
  2.546895     -8.798661    
  2.547329     -8.617855    
  2.547416     -8.860375    
  2.551118     -7.852242    
  2.551204     -7.685828    
  2.554808     -8.454951    
  2.558382     -7.704362    
  2.558469     -7.836933    
  2.558869     -7.569880    
  2.558956     -8.055076    
  2.562079     -7.782023    
  2.565180     -7.533421    
  2.568258     -7.737666    
  2.571315     -7.705508    
  2.571402     -7.269887    
  2.571490     -7.192796    
  2.571576     -7.163126    
  2.574740     -7.906745    
  2.577880     -7.736645    
  2.580998     -7.317049    
  2.584094     -7.113793    
  2.587168     -8.102975    
  2.590220     -7.351782    
  2.593250     -7.122545    
  2.596260     -7.345660    
  2.596347     -7.217121    
  2.597646     -7.266208    
  2.597733     -7.300236    
  2.600542     -7.107354    
  2.603333     -7.064365    
  2.603420     -7.066168    
  2.606239     -6.889859    
  2.606324     -6.717090    
  2.606411     -6.662228    
  2.607237     -6.642340    
  2.607324     -6.812876    
  2.610441     -6.899146    
  2.613536     -6.824973    
  2.616608     -6.634298    
  2.619659     -6.784617    
  2.619746     -6.838958    
  2.620859     -7.028943    
  2.620946     -6.912039    
  2.621962     -6.944446    
  2.622049     -7.008723    
  2.625471     -6.564884    
  2.625557     -6.589906    
  2.626297     -6.765928    
  2.626384     -6.589709    
  2.627024     -6.727970    
  2.627111     -6.887517    
  2.630159     -6.778997    
  2.633186     -7.036041    
  2.633273     -6.876266    
  2.633585     -6.715942    
  2.633672     -6.465439    
  2.636750     -6.801061    
  2.639805     -6.441496    
  2.642840     -6.330529    
  2.645853     -6.352219    
  2.645940    -100.00000    
  2.646436     -6.383646    
  2.646523     -6.427188    
  2.648513     -7.989404    
  2.648600     -6.293815    
  2.650581     -6.786355    
  2.650668     -7.098887    
  2.652023     -6.404861    
  2.652110     -6.271866    
  2.653758     -6.901183    
  2.653845     -6.583800    
  2.654514     -6.492069    
  2.654601     -6.812220    
  2.655848    -100.00000    
  2.655935     -6.396232    
  2.656856     -6.643187    
  2.656943     -7.076821    
  2.659789     -6.255420    
  2.659876     -6.343510    
  2.661632     -7.186877    
  2.661711     -7.113983    
  2.661798     -6.913265    
  2.662838     -6.882193    
  2.662925     -6.278471    
  2.664288     -6.931894    
  2.665620     -5.808450    
  2.666947     -7.182769    
  2.668270     -6.653478    
  2.668357     -6.675642    
  2.669554     -6.732522    
  2.670748     -6.714119    
  2.670835     -7.035110    
  2.671974     -7.093159    
  2.673109     -7.208350    
  2.674242     -6.460669    
  2.675371     -6.749751    
  2.675458     -8.150866    
  2.676606     -6.290680    
  2.677751    -100.00000    
  2.677838     -6.472718    
  2.679282     -6.907650    
  2.680721     -6.965932    
  2.682155     -6.645331    
  2.683585     -6.595720    
  2.683672     -6.709919    
  2.684694     -6.389663    
  2.685714     -6.875412    
  2.685801     -6.574472    
  2.685988     -6.833454    
  2.686075     -7.580725    
  2.686520     -6.728192    
  2.686607     -6.488892    
  2.687604     -6.789061    
  2.688599     -6.989167    
  2.688686     -6.603807    
  2.689315     -6.658646    
  2.689943     -6.647569    
  2.690571     -6.315252    
  2.691198     -6.272701    
  2.691823     -6.338655    
  2.692448     -6.669832    
  2.693072     -6.235024    
  2.693695     -6.317746    
  2.694317     -6.458575    
  2.694939     -6.183511    
  2.695559     -6.320503    
  2.696179     -6.174340    
  2.696797     -6.379960    
  2.697415     -6.085178    
  2.698032     -6.326690    
  2.698648     -6.032173    
  2.698717     -6.195821    
  2.698803     -6.450221    
  2.699142     -6.448678    
  2.699229     -6.292773    
  2.700077     -6.016793    
  2.700500     -6.062180    
  2.700923     -6.670200    
  2.701345     -6.418686    
  2.701767     -6.091605    
  2.702189     -6.124958    
  2.702610     -6.168595    
  2.702697     -6.276627    
  2.706323     -6.564494    
  2.706410     -6.295702    
  2.708352     -5.885044    
  2.708438     -5.705759    
  2.709271     -6.735374    
  2.709358     -6.518726    
  2.712230     -5.570471    
  2.712317     -7.932913    
  2.714595     -5.962828    
  2.716861     -6.487335    
  2.719116     -5.708044    
  2.721359    -100.00000    
  2.721446    -100.00000    
  2.721792     -7.135365    
  2.721879     -6.292436    
  2.725135     -6.349021    
  2.728368     -6.412218    
  2.728455     -6.180325    
  2.728556     -6.276906    
  2.728643     -6.374108    
  2.730036     -7.840646    
  2.730123     -7.100800    
  2.733067     -6.418828    
  2.735992     -6.273373    
  2.736079     -6.035933    
  2.737059     -5.953791    
  2.737146     -6.556435    
  2.740300     -5.995143    
  2.740387     -6.495609    
  2.744215     -5.998558    
  2.748009     -5.570295    
  2.751770     -5.782940    
  2.755499     -5.798065    
  2.755586     -5.644095    
  2.758474     -5.520053    
  2.758561     -5.560570    
  2.759027     -5.561252    
  2.759113    -100.00000    
  2.760747     -5.606620    
  2.760833     -5.797803    
  2.763123     -5.829908    
  2.765400     -6.086483    
  2.765487     -5.942812    
  2.765755     -6.099955    
  2.765842     -6.544955    
  2.768363     -5.772725    
  2.770870     -5.462328    
  2.773363     -5.573540    
  2.775841     -5.552033    
  2.775928     -5.732186    
  2.777541     -5.828934    
  2.777628     -5.565134    
  2.780082     -5.626302    
  2.782523     -5.472677    
  2.784950     -5.976671    
  2.787363     -5.572070    
  2.787450     -5.914709    
  2.789348     -5.149510    
  2.789435     -5.215552    
  2.792054     -5.479492    
  2.792141     -6.025292    
  2.795962     -4.748128    
  2.796049     -5.184160    
  2.798395     -5.307163    
  2.800729     -5.495561    
  2.803050     -5.362911    
  2.805359    -100.00000    
  2.807656     -4.525645    
  2.809941     -5.268722    
  2.812213     -5.023566    
  2.814474     -5.003379    
  2.814561     -4.749436    
  2.815775     -4.539842    
  2.815862     -5.083573    
  2.818570     -4.713666    
  2.818657     -4.513250    
  2.821422     -4.952574    
  2.824169     -5.045115    
  2.826900     -5.300324    
  2.829613     -4.152610    
  2.829700     -4.191065    
  2.832139     -4.794533    
  2.834565     -4.522506    
  2.836978    -100.00000    
  2.839377     -4.316434    
  2.839464     -4.789825    
  2.842740     -5.256503    
  2.845992     -4.117295    
  2.846054     -4.119905    
  2.846141     -4.106739    
  2.846320     -4.089289    
  2.846407     -4.070846    
  2.846929     -4.169781    
  2.847016     -4.269379    
  2.850284     -4.361128    
  2.850371     -4.310904    
  2.851107     -4.264478    
  2.851194     -4.284432    
  2.851272     -4.346918    
  2.851359     -4.419715    
  2.851605     -4.454202    
  2.851692     -4.416529    
  2.852969     -4.201820    
  2.853056     -4.270477    
  2.856721     -4.122774    
  2.856808     -4.195634    
  2.860014     -4.265917    
  2.863196     -4.243599    
  2.863283     -4.252738    
  2.866961     -4.156392    
  2.867048     -4.179218    
  2.867158     -4.218658    
  2.871477     -4.227961    
  2.871560     -4.206231    
  2.871647     -4.463427    
  2.874394     -4.301423    
  2.877123     -4.133260    
  2.877210     -4.131895    
  2.879769     -4.360710    
  2.882313     -4.167200    
  2.882400     -4.150364    
  2.882670     -4.531953    
  2.882757    -100.00000    
  2.885337     -4.124436    
  2.885423     -3.943478    
  2.886380     -3.996171    
  2.886467     -4.026628    
  2.886654     -4.047292    
  2.886741     -4.212235    
  2.889314    -100.00000    
  2.889401     -4.944537    
  2.891964     -4.209933    
  2.892051     -4.171855    
  2.893704     -4.257382    
  2.893791     -4.128604    
  2.894071     -4.077598    
  2.894158     -4.057117    
  2.895095     -4.069879    
  2.895182     -4.086655    
  2.896767     -4.198471    
  2.896854     -4.180301    
  2.897787     -4.292107    
  2.897874     -4.248853    
  2.900589     -4.211266    
  2.900676     -4.220162    
  2.902856     -4.179929    
  2.905026     -4.206558    
  2.905113     -4.189853    
  2.908098     -4.260366    
  2.908185     -4.215362    
  2.908477     -4.204177    
  2.908564     -4.207229    
  2.910090     -4.203206    
  2.910176     -4.273817    
  2.913363     -4.184461    
  2.916527     -4.360528    
  2.916614     -4.288261    
  2.916785     -4.242749    
  2.916872     -4.223536    
  2.917171     -4.222497    
  2.917258     -4.232020    
  2.919518     -4.221319    
  2.921765     -4.238576    
  2.921852     -4.243350    
  2.925029     -4.244880    
  2.925116     -4.231516    
  2.925941     -4.253790    
  2.926028     -4.248124    
  2.927554     -4.301317    
  2.927641     -4.234373    
  2.927950     -4.189760    
  2.928037     -4.274013    
  2.928671     -4.240076    
  2.928758     -4.222170    
  2.929127     -4.194371    
  2.929213     -4.202675    
  2.929524     -4.177375    
  2.929611     -4.160646    
  2.930245     -4.265739    
  2.930332     -4.248791    
  2.930604     -4.234356    
  2.930691     -4.214692    
  2.930963     -4.203633    
  2.931050     -4.188745    
  2.934646     -4.399778    
  2.934733     -4.244507    
  2.936807     -4.203689    
  2.936894     -4.170899    
  2.937412     -4.156887    
  2.937499     -4.174429    
  2.937612     -4.158150    
  2.939332     -4.223571    
  2.939418     -4.193048    
  2.941608     -4.329538    
  2.943787     -4.228556    
  2.943874     -4.201446    
  2.945266     -4.310975    
  2.945353     -4.235262    
  2.946273     -4.219211    
  2.946360     -4.240513    
  2.946687     -4.230808    
  2.946774     -4.212198    
  2.949036     -4.243918    
  2.951287     -4.238181    
  2.951374     -4.144257    
  2.953319     -4.500000    
  2.953406     -4.476546    
  2.953750     -4.360791    
  2.953837     -4.322387    
  2.955739     -4.200903    
  2.955826     -4.229501    
  2.956162     -4.240993    
  2.956249     -4.251201    
  2.957620     -4.251075    
  2.957703     -4.238460    
  2.957790     -4.253889    
  2.959196     -4.256473    
  2.959269     -4.267581    
  2.959356     -4.281937    
  2.959520     -4.300739    
  2.959575     -4.296395    
  2.959642     -4.285360    
  2.959729     -4.266460    
  2.959839     -4.249194    
  2.959926     -4.244813    
  2.960694     -4.228303    
  2.960781     -4.180863    
  2.961122     -4.140248    
  2.961209     -4.520027    
  2.965318     -4.137008    
  2.965405     -4.643608    
  2.969227     -4.092639    
  2.969314     -4.161351    
  2.972533     -4.237301    
  2.975728     -4.087642    
  2.975815     -4.100003    
  2.976166     -4.096988    
  2.976253     -4.159504    
  2.979351     -4.205711    
  2.982423     -4.337652    
  2.982509     -4.225602    
  2.982872     -4.230527    
  2.982959     -4.155358    
  2.987037     -4.208152    
  2.991078     -4.810496    
  2.995081     -4.311726    
  2.999047     -4.058612    
  3.002978     -4.412144    
  3.006874     -4.210168    
  3.010734     -4.343192    
  3.014561     -4.050425    
  3.018354     -4.218800    
  3.022115     -4.186992    
  3.025843     -4.191987    
  3.029540     -4.174623    
  3.033205     -4.216149    
  3.036840     -4.257726    
  3.040444     -4.249366    
  3.044019     -4.228253    
  3.044106     -4.324668    
  3.046417     -4.226427    
  3.046504     -4.224620    
  3.047266     -4.260903    
  3.047353     -4.237242    
  3.050503     -4.334283    
  3.053630     -4.229217    
  3.056735     -4.319846    
  3.059819     -4.245985    
  3.062880     -4.305134    
  3.065920     -4.261070    
  3.068939     -4.407829    
  3.071937     -4.556608    
  3.072024     -4.189498    
  3.074515     -4.591365    
  3.074602     -4.133462    
  3.078033     -4.378857    
  3.081436     -4.378482    
  3.084813     -4.260232    
  3.088164     -3.836527    
  3.088251     -4.138841    
  3.089222     -4.244355    
  3.089309     -4.305291    
  3.091849     -4.339410    
  3.091936     -4.346963    
  3.095352     -4.560620    
  3.095438     -4.546141    
  3.097710     -4.356542    
  3.099969     -4.356474    
  3.100056     -4.326704    
  3.102791     -4.364796    
  3.105509     -4.396503    
  3.105596     -4.371890    
  3.108813     -4.392499    
  3.112005     -4.390219    
  3.112092     -4.362717    
  3.114687     -4.437862    
  3.114774     -4.382761    
  3.116978     -4.426399    
  3.117065     -4.463174    
  3.118223     -4.420237    
  3.118310     -4.444740    
  3.120853     -4.428875    
  3.123381     -4.520452    
  3.123468     -4.426311    
  3.125997     -4.460669    
  3.126084     -4.434066    
  3.127687     -4.426036    
  3.127774     -4.338620    
  3.129225     -4.430990    
  3.129312     -4.451065    
  3.132455     -4.450079    
  3.135577     -4.425941    
  3.135664     -4.500502    
  3.136182     -4.491949    
  3.136269     -4.447597    
  3.138696     -4.512326    
  3.141109     -4.586058    
  3.141196     -4.683663    
  3.144101     -4.452681    
  3.144188     -4.278871    
  3.144956     -4.409837    
  3.145043     -4.627857    
  3.146758     -4.594515    
  3.146845     -4.425416    
  3.147795     -4.410819    
  3.147882     -4.411842    
  3.148729     -4.437432    
  3.148816     -4.693743    
  3.150639     -4.619044    
  3.150726     -4.435376    
  3.151276     -4.380181    
  3.151363     -4.435038    
  3.153068     -4.756248    
  3.153155     -4.629588    
  3.153381     -4.557264    
  3.153434     -4.542671    
  3.153521     -4.423174    
  3.155016     -4.866418    
  3.155103     -4.592008    
  3.156074     -4.766544    
  3.156161     -4.467250    
  3.160418     -4.570427    
  3.164633     -4.610401    
  3.164720     -4.669595    
  3.165979     -4.534385    
  3.166066     -4.549475    
  3.169710     -4.574677    
  3.173324     -4.510083    
  3.176908     -4.595640    
  3.180463     -4.501970    
  3.180550     -4.538173    
  3.181960     -4.543766    
  3.182047     -4.582708    
  3.184770     -4.885113    
  3.187477     -4.925062    
  3.187564     -4.592569    
  3.188338     -4.993813    
  3.188425     -5.189205    
  3.189356     -4.770124    
  3.189443     -5.624232    
  3.192224     -4.822666    
  3.192311     -4.774909    
  3.194885     -4.998683    
  3.194972     -5.056055    
  3.196916     -4.798527    
  3.197003     -4.748287    
  3.200855     -4.639918    
  3.204674     -4.793084    
  3.204761     -4.923121    
  3.207365     -4.966826    
  3.207452     -4.848537    
  3.209994     -4.901408    
  3.212521     -5.046567    
  3.215033     -4.691356    
  3.217531     -4.769814    
  3.217618     -4.613138    
  3.218164     -5.003256    
  3.218251     -5.089049    
  3.222514     -4.824518    
  3.226736     -4.649295    
  3.230917     -4.804236    
  3.235058     -5.015937    
  3.239160     -4.597923    
  3.243224     -4.494382    
  3.247249     -4.581157    
  3.251238     -4.671597    
  3.251325     -4.663236    
  3.255235     -4.720887    
  3.259111     -4.688328    
  3.262951     -4.701245    
  3.266759     -4.635906    
  3.270533     -4.721172    
  3.274275     -4.703226    
  3.277984     -4.733019    
  3.281662     -4.704820    
  3.281749     -4.782777    
  3.285833     -4.775001    
  3.285920     -4.721418    
  3.289028     -4.762577    
  3.289115     -4.733580    
  3.292150     -4.805339    
  3.295165     -4.706798    
  3.298158     -4.894690    
  3.301132     -4.705730    
  3.301219     -4.723240    
  3.305074     -4.867436    
  3.305161     -4.842016    
  3.305985     -4.848326    
  3.306072     -4.854291    
  3.306887     -4.887624    
  3.306974     -4.881051    
  3.309850     -4.834234    
  3.309937     -4.865279    
  3.310624     -4.851101    
  3.310710     -4.872431    
  3.311825     -4.864608    
  3.311912     -4.877797    
  3.312012     -4.881011    
  3.312099     -4.887223    
  3.314648     -4.889030    
  3.317181     -4.769472    
  3.319700     -4.886650    
  3.322204     -4.929184    
  3.324695     -4.799973    
  3.327170     -4.928209    
  3.329632     -4.931349    
  3.332080     -4.954669    
  3.334514     -4.934932    
  3.336935     -4.969916    
  3.339342     -4.957779    
  3.341736     -4.972259    
  3.344117     -4.998926    
  3.346485     -5.006093    
  3.348840     -4.932345    
  3.351182     -5.011785    
  3.351269     -4.983952    
  3.355367     -4.981877    
  3.359427     -5.085896    
  3.363449     -4.988577    
  3.367434     -5.064589    
  3.367521     -5.056399    
  3.370066     -5.058529    
  3.372596     -5.072316    
  3.375111     -5.073813    
  3.377612     -5.085814    
  3.377699     -5.081368    
  3.380754     -5.079016    
  3.383787     -5.109815    
  3.386800     -5.116593    
  3.389792     -5.121162    
  3.389879     -5.120907    
  3.392466     -5.127832    
  3.395039     -5.119736    
  3.395126     -5.114389    
  3.397959     -5.129100    
  3.398046     -5.135965    
  3.398416     -5.142245    
  3.398503     -5.145154    
  3.400855     -5.166844    
  3.400942     -5.075867    
  3.402428     -5.104247    
  3.402515     -5.144938    
  3.405655     -5.176055    
  3.408773     -5.183413    
  3.411869     -5.189218    
  3.414942     -5.199118    
  3.415029     -5.203819    
  3.419186     -5.211356    
  3.423303     -5.223677    
  3.427382     -5.226406    
  3.431422     -5.224062    
  3.431509     -5.264908    
  3.434904     -5.135017    
  3.438273     -5.173181    
  3.441616     -5.305050    
  3.444934     -5.296813    
  3.445021     -5.293103    
  3.447484     -5.305424    
  3.449934     -5.315360    
  3.450021     -5.316268    
  3.452474     -5.323810    
  3.454914     -5.330414    
  3.455001     -5.333959    
  3.458672     -5.336031    
  3.462313     -5.352782    
  3.465924     -5.357390    
  3.469505     -5.398116    
  3.469592     -5.369754    
  3.469843     -5.369376    
  3.469930     -5.368993    
  3.471179     -5.372209    
  3.471266     -5.373895    
  3.474100     -5.387274    
  3.474187     -5.392878    
  3.476423     -5.357938    
  3.478648     -5.400003    
  3.480861     -5.407599    
  3.483063     -5.414476    
  3.483150     -5.410092    
  3.485959     -5.423096    
  3.488749     -5.427533    
  3.491522     -5.438735    
  3.494277     -5.456507    
  3.494364     -5.446752    
  3.496766     -5.450139    
  3.499154     -5.469946    
  3.501530     -5.496870    
  3.503893     -5.472862    
  3.506243     -5.374982    
  3.508580     -5.410737    
  3.510905     -5.492181    
  3.513217     -5.512467    
  3.513304     -5.512579    
  3.515963     -5.521121    
  3.518606     -5.528088    
  3.521233     -5.526299    
  3.523845     -5.483870    
  3.526440     -5.569003    
  3.529020     -5.536821    
  3.531585     -5.575311    
  3.534135     -5.579500    
  3.534222     -5.579615    
  3.536649     -5.586827    
  3.539062     -5.593134    
  3.541462     -5.597110    
  3.543849     -5.616720    
  3.543936     -5.606747    
  3.547053     -5.620193    
  3.550148     -5.628944    
  3.550235     -5.632382    
  3.552940     -5.634351    
  3.555627     -5.651569    
  3.555714     -5.642185    
  3.556728     -5.642737    
  3.556815     -5.646345    
  3.558846     -5.654444    
  3.558933     -5.657437    
  3.559110     -5.658097    
  3.559197     -5.653792    
  3.560851     -5.664923    
  3.560938     -5.673475    
  3.561019     -5.673565    
  3.561106     -5.673265    
  3.561368     -5.667905    
  3.561455     -5.665334    
  3.561549     -5.662724    
  3.561702     -5.659079    
  3.561789     -5.657708    
  3.561899     -5.656675    
  3.561986     -5.656436    
  3.562293     -5.657207    
  3.565681     -5.683453    
  3.565768     -5.682017    
  3.568672     -5.686128    
  3.571556     -5.696151    
  3.574422     -5.710748    
  3.577268     -5.693850    
  3.580096     -5.714764    
  3.582906     -5.734392    
  3.585698     -5.708687    
  3.588471     -5.784941    
  3.591228     -5.675089    
  3.593966     -5.791280    
  3.596688     -5.694156    
  3.599393     -5.787540    
  3.602081     -5.748920    
  3.604752     -5.805992    
  3.607407     -5.776707    
  3.610046     -5.800558    
  3.610133     -5.802179    
  3.612394     -5.939848    
  3.614642     -5.621893    
  3.616880     -5.853855    
  3.619105     -5.833388    
  3.621319     -5.860321    
  3.623523     -5.880362    
  3.625715     -5.831547    
  3.627896     -5.883756    
  3.627982     -5.882080    
  3.630428     -5.890468    
  3.632092     -5.896839    
  3.636162     -5.938272    
  3.640195     -5.776681    
  3.644191     -5.895132    
  3.644278     -5.900149    
  3.646967     -5.945495    
  3.649640     -5.939694    
  3.652297     -6.001390    
  3.654938     -5.845445    
  3.655025     -5.981727    
  3.657211     -5.929073    
  3.659385     -5.959312    
  3.659472     -5.965076    
  3.663615     -5.985759    
  3.663702     -5.988320    
  3.666466     -5.923726    
  3.669212     -5.858598    
  3.671940     -5.499092    
  3.674652     -6.116215    
  3.677347     -6.047482    
  3.680026     -6.052191    
  3.682687     -6.042876    
  3.685333     -6.069001    
  3.685420     -6.287949    
  3.688862     -5.693638    
  3.688948     -5.775623    
  3.690731     -6.073484    
  3.690818     -6.034697    
  3.691459     -6.048916    
  3.691546     -6.050195    
  3.694812     -6.046961    
  3.694898     -6.060100    
  3.695365     -6.075861    
  3.695452     -6.078697    
  3.695518     -6.080664    
  3.695605     -6.090708    
  3.698701     -6.114021    
  3.701776     -6.065203    
  3.704828     -6.114078    
  3.707860     -6.141231    
  3.710870     -6.151692    
  3.712650     -6.145549    
  3.713860     -6.152407    
  3.716830     -6.168643    
  3.719779     -6.164600    
  3.719866     -6.177600    
  3.723198     -6.191258    
  3.726504     -6.164599    
  3.729786     -6.194851    
  3.733043     -6.223640    
  3.733130     -6.255551    
  3.735507     -6.207127    
  3.737872     -6.236884    
  3.740223     -6.235800    
  3.742563     -6.251349    
  3.744889     -6.261062    
  3.747203     -6.268249    
  3.749505     -6.275402    
  3.751794     -6.282934    
  3.751881     -6.289620    
  3.755217     -6.279058    
  3.755304     -6.247825    
  3.755522     -6.241913    
  3.755609     -6.231753    
  3.758467     -6.300583    
  3.761306     -6.312460    
  3.764127     -6.317285    
  3.766929     -6.291739    
  3.769713     -6.311099    
  3.772480     -6.226392    
  3.775229     -6.325528    
  3.777961     -6.366846    
  3.778048     -6.362385    
  3.778151     -6.366798    
  3.781161     -6.374089    
  3.784252     -6.387506    
  3.787320     -6.392758    
  3.790368     -6.406537    
  3.793394     -6.413663    
  3.796399     -6.423440    
  3.799384     -6.417801    
  3.802348     -6.446866    
  3.802435     -6.445538    
  3.806009     -6.450189    
  3.806096     -6.399112    
  3.809815     -6.483879    
  3.809902     -6.469115    
  3.811377     -6.461529    
  3.811464     -6.437602    
  3.811517     -6.431481    
  3.811568     -6.426143    
  3.811655     -6.404650    
  3.814154     -6.463478    
  3.816638     -6.591798    
  3.819108     -5.795904    
  3.821564     -6.597270    
  3.821651     -6.421257    
  3.825835     -6.072122    
  3.829979     -6.374778    
  3.834084     -6.558467    
  3.838150     -6.559050    
  3.838237     -6.568036    
  3.840994     -6.564622    
  3.843735     -6.576740    
  3.846458     -6.585115    
  3.849164     -6.620269    
  3.851853     -6.508127    
  3.854526     -6.587150    
  3.857182     -6.627906    
  3.859823     -6.627200    
  3.859910     -6.630452    
  3.862754     -6.623437    
  3.865581     -6.632934    
  3.868389     -6.657127    
  3.871179     -6.654032    
  3.871266     -6.664119    
  3.873695     -6.673545    
  3.876111     -6.678915    
  3.878513     -6.688144    
  3.880902     -6.696122    
  3.880989     -6.707676    
  3.884377     -6.706267    
  3.887739     -6.698874    
  3.891076     -6.726501    
  3.894387     -6.740015    
  3.894474     -6.738409    
  3.898660     -6.754416    
  3.898747     -6.753610    
  3.902078     -6.765784    
  3.905384     -6.764745    
  3.905471     -6.742621    
  3.908472     -6.793770    
  3.908559     -6.785970    
  3.912193     -6.796015    
  3.912280     -6.795360    
  3.913068     -6.788739    
  3.913155     -6.791656    
  3.913273     -6.792945    
  3.913714     -6.797344    
  3.913769     -6.798091    
  3.913842     -6.798896    
  3.913889     -6.799380    
  3.913972     -6.800275    
  3.914081     -6.801491    
  3.914168     -6.799149    
  3.916915     -6.826202    
  3.917002     -6.769666    
  3.919240     -6.825687    
  3.921466     -6.822754    
  3.923680     -6.836519    
  3.925884     -6.827695    
  3.928076     -6.832653    
  3.930258     -6.854197    
  3.934588     -6.859592    
  3.938875     -6.881783    
  3.943121     -6.888555    
  3.947325     -6.914230    
  3.951490     -6.925337    
  3.955614     -6.920337    
  3.959700     -6.953309    
  3.963748     -6.981126    
  3.967758     -6.932006    
  3.971732     -7.012105    
  3.975669     -6.936319    
  3.979571     -7.004763    
  3.983439     -6.969651    
  3.983526     -7.022239    
  3.987126     -7.046932    
  3.990697     -7.062622    
  3.994239     -7.081539    
  3.997752     -7.031924    
  3.997838     -7.026248    
  4.000147     -7.096218    
  4.002444     -7.050854    
  4.004728     -6.996892    
  4.007001     -7.056082    
  4.009262     -7.127826    
  4.011511     -7.126236    
  4.013748     -7.138963    
  4.015974     -7.113202    
  4.018189     -7.154946    
  4.020392     -7.151396    
  4.022585     -7.162039    
  4.024766     -7.168214    
  4.029096     -7.182561    
  4.033383     -7.193413    
  4.033470     -7.107488    
  4.034774     -7.563238    
  4.034861     -6.781973    
  4.038126     -6.851036    
  4.041367     -7.088624    
  4.044585     -7.211301    
  4.047778     -7.244467    
  4.047865     -7.241140    
  4.051277     -7.252524    
  4.054632     -7.262454    
  4.057962     -7.273199    
  4.061267     -7.283200    
  4.061354     -7.282805    
  4.065579     -7.274225    
  4.069764     -7.302249    
  4.073909     -7.324365    
  4.078015     -7.335812    
  4.078102     -7.332641    
  4.080241     -7.353724    
  4.080328     -7.388878    
  4.080857     -7.341904    
  4.080944     -7.322286    
  4.081009     -7.312462    
  4.081054     -7.287766    
  4.082194     -7.283294    
  4.082281     -7.303378    
  4.084738     -7.358538    
  4.087181     -7.366307    
  4.089611     -7.371552    
  4.092028     -7.377539    
  4.094430     -7.383663    
  4.096820     -7.394718    
  4.099197     -7.392292    
  4.101560     -7.405963    
  4.101647     -7.408680    
  4.104844     -7.428979    
  4.108018     -7.247138    
  4.111169     -7.210132    
  4.114297     -7.447014    
  4.117403     -7.460659    
  4.120486     -7.472622    
  4.123548     -7.474381    
  4.126589     -7.484260    
  4.129608     -7.500581    
  4.132606     -7.504983    
  4.135584     -7.514709    
  4.138542     -7.478015    
  4.141479     -7.544589    
  4.144397     -7.539065    
  4.147296     -7.543127    
  4.150175     -7.564657    
  4.150262     -7.560755    
  4.153103     -7.568766    
  4.155926     -7.586277    
  4.156013     -7.575431    
  4.158103     -7.588206    
  4.158190     -7.593393    
  4.161727     -7.586548    
  4.161814     -7.555585    
  4.163762     -7.582403    
  4.163849     -7.582403    
  4.163959     -7.584094    
  4.164046     -7.590404    
  4.166389     -7.626051    
  4.168720     -7.639210    
  4.171039     -7.643262    
  4.173345     -7.658294    
  4.175640     -7.650301    
  4.177922     -7.663231    
  4.180192     -7.659684    
  4.182450     -7.664615    
  4.184697     -7.664777    
  4.186932     -7.677842    
  4.189156     -7.686288    
  4.191369     -7.696606    
  4.193570     -7.684308    
  4.195760     -7.709542    
  4.197939     -7.709317    
  4.200107     -7.725495    
  4.204411     -7.730701    
  4.208673     -7.728872    
  4.212894     -7.781794    
  4.217074     -7.748565    
  4.221214     -7.797674    
  4.225315     -7.790423    
  4.229377     -7.814882    
  4.233402     -7.793704    
  4.233489     -7.780349    
  4.235773     -7.836453    
  4.238044     -7.874625    
  4.240303     -7.740917    
  4.242551     -7.809137    
  4.244787     -7.872850    
  4.247012     -7.875417    
  4.249225     -7.884900    
  4.251427     -7.878196    
  4.251514     -7.883143    
  4.255198     -7.898713    
  4.258852     -7.899553    
  4.262474     -7.853652    
  4.266067     -7.941946    
  4.266154     -7.933671    
  4.268659     -7.947031    
  4.271149     -7.956184    
  4.273626     -7.412548    
  4.276088     -7.508994    
  4.278536     -7.976150    
  4.280971     -7.986784    
  4.283392     -7.744295    
  4.285800     -7.995226    
  4.288194     -8.018924    
  4.290575     -7.844646    
  4.292943     -8.014328    
  4.295299     -8.023781    
  4.297641     -8.030541    
  4.299971     -8.038033    
  4.302289     -8.044140    
  4.304595     -8.051695    
  4.306888     -8.058693    
  4.309169     -8.068831    
  4.311438     -8.059946    
  4.313695     -8.233091    
  4.315941     -8.058309    
  4.318175     -8.089053    
  4.320398     -8.099608    
  4.322610     -8.106361    
  4.324810     -8.103048    
  4.326999     -8.054569    
  4.329177     -8.117487    
  4.331345     -8.132828    
  4.335647     -8.030484    
  4.339907     -8.091069    
  4.339994     -8.162963    
  4.343342     -8.168879    
  4.346664     -8.179610    
  4.349961     -8.193366    
  4.353233     -8.177855    
  4.353320     -8.185649    
  4.356074     -8.211378    
  4.356161     -8.207564    
  4.357582     -8.214193    
  4.357669     -8.214555    
  4.357779     -8.214767    
  4.357865     -8.213968    
  4.360696     -8.231851    
  4.363507     -8.241215    
  4.366301     -8.240934    
  4.369077     -8.249881    
  4.371835     -8.263297    
  4.374576     -8.274683    
  4.377300     -8.284489    
  4.380006     -8.290640    
  4.382696     -8.290517    
  4.385369     -8.298659    
  4.388026     -8.304961    
  4.390667     -8.311681    
  4.393292     -8.320452    
  4.395901     -8.335314    
  4.398495     -8.326969    
  4.401073     -8.356343    
  4.403636     -8.337824    
  4.406183     -8.366069    
  4.408716     -8.322009    
  4.411235     -8.336382    
  4.413739     -8.392238    
  4.416228     -8.401899    
  4.418703     -8.339877    
  4.421164     -8.037517    
  4.423612     -8.421992    
  4.426045     -8.434542    
  4.428465     -8.395440    
  4.430872     -8.433974    
  4.433266     -8.451435    
  4.435646     -8.454163    
  4.438013     -8.461799    
  4.440368     -8.470773    
  4.440455     -8.461494    
  4.442834     -8.418310    
  4.445201     -8.489618    
  4.445288     -8.484180    
  4.447569     -8.492823    
  4.449839     -8.491001    
  4.452097     -8.544723    
  4.454343     -8.500248    
  4.456578     -8.520729    
  4.458801     -8.483437    
  4.461013     -8.487841    
  4.463213     -8.541075    
  4.465403     -8.545864    
  4.467581     -8.553810    
  4.471906     -8.544912    
  4.476188     -8.578822    
  4.480428     -8.557021    
  4.512937     -8.699607    
  4.513024     -8.667551    
  4.514610     -8.685251    
  4.514697     -8.683718    
  4.515945     -8.695738    
  4.516032     -8.694821    
  4.516141     -8.695037    
  4.516228     -8.693868    
  4.585469     -8.880037    
  4.585556     -8.800142    
  4.648489     -9.032342    
  4.648576     -9.075786    
  4.649548     -9.095829    
  4.649635     -9.094489    
  4.649838     -9.093946    
  4.649925     -9.093855    
  4.650035     -9.093967    
  4.650122     -9.045354    
  4.709765     -9.270725    
  4.709852     -9.245436    
  4.765753     -9.441234    
  4.765822     -9.429169    
  4.765909     -9.430320    
  4.766019     -9.432199    
  4.766106     -9.393429    
  4.818480     -9.604657    
  4.818567     -9.576884    
  4.868094     -9.718305    
  4.868152     -9.699431    
  4.868214     -9.698562    
  4.868324     -9.700939    
  4.868411     -9.482096    
  4.915089     -10.01584    
  4.915176     -9.862264    
  4.959449     -9.958957    
  4.959536     -9.982522    
  4.959642     -9.982780    
  4.959729     -9.982997    
  4.959839     -9.983272    
  4.959925     -9.978646    
  5.002021     -10.10180    
  5.002108     -10.10272    
  5.041986     -10.20888    
  5.042072     -10.23029    
  5.042428     -10.22605    
  5.042515     -10.22541    
  5.042624     -10.22455    
  5.042711     -10.17531    
  5.081038     -10.32560    
  5.081125     -10.17134    
  5.117569     -10.42397    
  5.117655     -10.43032    
  5.118005     -10.42967    
  5.118092     -10.42952    
  5.118201     -10.42955    
  5.118288     -10.43490    
  5.153462     -10.51946    
  5.153549     -10.52151    
  5.187204     -10.62355    
  5.187290     -10.62041    
  5.187529     -10.62064    
  5.187616     -10.62059    
  5.187725     -10.62058    
  5.187812     -10.60562    
  5.251180     -10.78263    
  5.251266     -10.79673    
  5.251931     -10.80121    
  5.252018     -10.80161    
  5.252095     -10.80204    
  5.252182     -10.76933    
  5.311750     -10.93149    
  5.311837     -10.97893    
  5.311944     -10.97989    
  5.312021     -10.97944    
  5.312108     -10.96880    
  5.368079     -11.09272    
  5.368165     -11.11119    
  5.420736     -11.26745    
  5.420823     -11.24365    
  5.470384     -11.36119    
  5.470471     -11.37211    
  5.517346     -11.54131    
  5.517433     -11.53122    
  5.561899     -11.65106    
  5.561985     -11.64037    
  5.604277     -11.69940    
  5.604364     -11.76727    
  5.644684     -11.87525    
  5.644771     -11.86023    
  6.101351     -13.10193    
  6.318972     -13.74890    
  6.571403     -14.50913    
  6.845929     -15.40057    
  7.133075     -16.46931    
  7.426993     -17.89427    
  7.724423     -20.64091    
  8.023641    -100.00000    
  8.323763    -100.00000    
  8.624338    -100.00000    
  8.925140    -100.00000    
