 0.6989700    -100.00000    
 0.7247828    -100.00000    
 0.7491470    -100.00000    
 0.7722168     -61.02988    
 0.7941226    -100.00000    
 0.8348744     -57.38346    
 0.8721282     -56.67578    
 0.9064373     -56.66911    
 0.9382333     -57.15372    
 0.9678594     -58.07235    
 0.9955930     -59.56872    
  1.021661    -100.00000    
  1.046253    -100.00000    
  1.069527    -100.00000    
  1.091616    -100.00000    
  1.132686    -100.00000    
  1.170205    -100.00000    
  1.204739    -100.00000    
  1.236728    -100.00000    
  1.266522    -100.00000    
  1.294403    -100.00000    
  1.320601    -100.00000    
  1.345308    -100.00000    
  1.368685    -100.00000    
  1.390867    -100.00000    
  1.390954     -74.62004    
  1.407231    -100.00000    
  1.407318     -76.40765    
  1.416604    -100.00000    
  1.416691     -56.71917    
  1.434239    -100.00000    
  1.434325     -58.28329    
  1.438732     -58.73147    
  1.438819     -58.71043    
  1.442990     -59.12896    
  1.443077     -59.27295    
  1.465932    -100.00000    
  1.466019     -61.16610    
  1.466567     -61.21345    
  1.466654     -61.39791    
  1.485460    -100.00000    
  1.485547     -63.00327    
  1.502811    -100.00000    
  1.502898     -64.16491    
  1.515152     -64.83518    
  1.515239     -64.76666    
  1.538911     -65.76345    
  1.538998     -65.47057    
  1.541754     -65.55781    
  1.541841     -65.55746    
  1.544410     -65.63679    
  1.544497     -65.63680    
  1.546755     -65.71816    
  1.546842     -65.51238    
  1.568094     -66.50230    
  1.568181     -66.20313    
  1.576102     -66.48192    
  1.576189     -66.46261    
  1.577032     -66.51524    
  1.577119     -66.51183    
  1.586189     -66.84877    
  1.586276     -66.81204    
  1.587530     -66.89283    
  1.587617     -66.90608    
  1.602078     -67.49993    
  1.602165     -67.43420    
  1.604747     -67.51714    
  1.604834     -67.61624    
  1.633100    -100.00000    
  1.633187     -68.66734    
  1.643761     -69.04773    
  1.643848     -69.07430    
  1.646889     -69.12194    
  1.646976     -69.20234    
  1.653070     -69.35210    
  1.653157     -69.43386    
  1.667964     -70.06682    
  1.668051     -70.09441    
  1.673067     -70.53696    
  1.673154     -70.40419    
  1.673452     -71.32533    
  1.673539     -70.98170    
  1.683736     -71.14905    
  1.683823    -100.00000    
  1.689301     -69.95551    
  1.689388     -69.84882    
  1.690173     -69.70467    
  1.690260     -69.70859    
  1.691919     -69.39450    
  1.692006    -100.00000    
  1.709636     -66.52649    
  1.709723     -67.45273    
  1.714846     -65.31332    
  1.714933     -65.26472    
  1.717233     -64.83108    
  1.717320     -64.79469    
  1.717576     -64.74917    
  1.717663     -64.76166    
  1.719536     -64.41850    
  1.719623     -64.42972    
  1.721805     -64.02545    
  1.721892     -64.13234    
  1.725295     -63.43948    
  1.725382    -100.00000    
  1.731154     -62.47957    
  1.731241     -62.37294    
  1.731758     -62.28401    
  1.731845     -62.26927    
  1.732294     -62.19197    
  1.732381     -62.25401    
  1.735217     -61.72273    
  1.735304    -100.00000    
  1.746841     -59.96091    
  1.746929     -59.73098    
  1.747807     -59.58458    
  1.747894    -100.00000    
  1.753972     -58.66237    
  1.754058     -58.62870    
  1.756978     -58.10929    
  1.757065    -100.00000    
  1.762907     -57.21185    
  1.762994     -57.11335    
  1.763503     -57.03150    
  1.763590     -57.05708    
  1.765957     -56.65957    
  1.766044     -56.67005    
  1.768505     -56.25760    
  1.768592    -100.00000    
  1.776113     -55.16456    
  1.776200     -55.43966    
  1.781285     -54.31520    
  1.781372     -54.23766    
  1.781946     -54.14979    
  1.782033     -54.34628    
  1.786409     -53.52025    
  1.786495     -53.47133    
  1.788161     -53.21434    
  1.788248     -53.19757    
  1.789372     -53.02719    
  1.789459     -53.06235    
  1.792246     -52.61552    
  1.792333    -100.00000    
  1.800765     -51.46084    
  1.800851    -100.00000    
  1.809708     -50.17142    
  1.809795     -50.02717    
  1.810144     -49.97698    
  1.810231     -50.07374    
  1.814042     -49.45823    
  1.814129    -100.00000    
  1.834747     -46.88960    
  1.834834     -46.66131    
  1.838907     -46.04019    
  1.838994     -45.99933    
  1.840414     -45.80799    
  1.840501     -45.81271    
  1.842703     -45.51168    
  1.842790     -45.49453    
  1.844125     -45.31646    
  1.844212    -100.00000    
  1.857265     -43.79832    
  1.857352    -100.00000    
  1.870233     -42.16237    
  1.870320     -41.97600    
  1.871306     -41.85397    
  1.871393     -41.84204    
  1.872072     -41.75891    
  1.872158     -41.75188    
  1.873424     -41.59558    
  1.873511     -42.54110    
  1.880831     -40.77336    
  1.880918     -41.06314    
  1.887368     -39.97915    
  1.887455    -100.00000    
  1.899003     -38.70230    
  1.899090     -38.92564    
  1.905821     -37.84875    
  1.905908     -37.96654    
  1.911657     -37.18048    
  1.911744     -37.12255    
  1.912227     -37.06876    
  1.912313     -37.06606    
  1.913955     -36.88246    
  1.914042    -100.00000    
  1.924238     -35.86674    
  1.924325     -35.75288    
  1.925856     -35.58724    
  1.925943     -35.57460    
  1.926709     -35.49286    
  1.926796     -35.48264    
  1.926846     -35.47733    
  1.926932     -35.46813    
  1.927461     -35.41187    
  1.927548     -35.43467    
  1.930771     -35.07668    
  1.930858     -35.07779    
  1.933873     -34.74784    
  1.933960     -34.75084    
  1.936983     -34.42269    
  1.937070     -34.40099    
  1.938051     -34.29875    
  1.938138     -34.30703    
  1.940777     -34.02640    
  1.940864    -100.00000    
  1.955697     -32.67105    
  1.955784     -32.54788    
  1.959855     -32.11982    
  1.959942     -32.12406    
  1.963545     -31.75521    
  1.963632    -100.00000    
  1.974225     -30.81238    
  1.974312     -30.70702    
  1.974387     -30.69985    
  1.974474     -30.70773    
  1.977192     -30.44596    
  1.977279    -100.00000    
  1.994212     -29.04875    
  1.994299    -100.00000    
  1.996552     -26.35832    
  1.996639     -25.66822    
  1.997939     -25.16752    
  1.998026     -24.87954    
  2.000182     -24.63826    
  2.000268     -24.41863    
  2.007421     -24.05716    
  2.007508     -24.92501    
  2.009100     -24.28083    
  2.009187     -24.02649    
  2.009352     -24.32313    
  2.009439     -24.08489    
  2.009543     -24.18433    
  2.017372     -23.26449    
  2.017459     -23.73826    
  2.026471     -23.04925    
  2.026558     -22.39688    
  2.028108    -100.00000    
  2.028195     -22.15084    
  2.061043    -100.00000    
  2.061130    -100.00000    
  2.067104    -100.00000    
  2.067191     -21.47158    
  2.068339    -100.00000    
  2.068426    -100.00000    
  2.076209    -100.00000    
  2.076296    -100.00000    
  2.097304     -21.02841    
  2.097391     -19.89398    
  2.100294    -100.00000    
  2.100380     -21.46387    
  2.101519    -100.00000    
  2.101605     -20.97525    
  2.102584     -21.05253    
  2.102671     -20.71557    
  2.104539     -20.52451    
  2.104626     -20.53288    
  2.106101     -20.48913    
  2.106187     -20.47998    
  2.111508     -20.11727    
  2.111595     -20.13784    
  2.111941     -20.16124    
  2.112028    -100.00000    
  2.124942     -19.22861    
  2.125029     -19.04451    
  2.126973     -19.25464    
  2.127060     -19.16190    
  2.127658     -19.16152    
  2.127745     -19.20057    
  2.131986     -18.85644    
  2.132073     -18.75220    
  2.137486     -18.62586    
  2.137573     -18.57664    
  2.141450     -18.31454    
  2.141537     -18.33613    
  2.141662     -18.32666    
  2.141749     -18.27956    
  2.149371     -17.89123    
  2.149458     -17.84821    
  2.154246     -17.66454    
  2.154333     -17.60842    
  2.156640     -17.44799    
  2.156727     -17.46161    
  2.156827     -17.45419    
  2.158960     -17.33229    
  2.159047     -18.32672    
  2.177604     -16.39279    
  2.177690     -16.30986    
  2.181731     -16.09277    
  2.181818     -15.94908    
  2.184198     -15.88316    
  2.184285     -15.97860    
  2.188445     -15.77301    
  2.188532     -15.74271    
  2.191911     -15.59890    
  2.191997     -15.66169    
  2.204170     -15.04590    
  2.204257     -15.07887    
  2.213352     -14.61280    
  2.213439     -14.59865    
  2.217837     -14.43634    
  2.217924     -14.43536    
  2.218030    -100.00000    
  2.218315     -14.92989    
  2.218402     -14.99492    
  2.218688     -14.97034    
  2.218775     -14.96999    
  2.225403     -14.69400    
  2.231931     -14.33397    
  2.232018     -14.38895    
  2.234695     -14.21507    
  2.234781     -14.25167    
  2.239617     -14.08532    
  2.239704     -15.22360    
  2.245345     -14.73386    
  2.245432     -14.76941    
  2.250721     -14.68731    
  2.250808     -14.94069    
  2.252069     -14.61601    
  2.252156     -14.86701    
  2.253696     -14.95864    
  2.253782     -14.50319    
  2.257177     -14.25892    
  2.260545     -14.37135    
  2.260632     -14.23725    
  2.263836     -14.44360    
  2.267016     -14.14560    
  2.267103     -14.41338    
  2.270490     -14.67416    
  2.270577     -14.61639    
  2.271628     -14.49760    
  2.271715     -13.75995    
  2.275818     -13.85356    
  2.275905     -14.09387    
  2.278364     -14.49489    
  2.280809     -14.17413    
  2.280896     -14.47603    
  2.283804     -14.31243    
  2.283891     -14.59502    
  2.284781     -14.42363    
  2.284868     -15.04375    
  2.286288     -14.48185    
  2.286375     -14.51000    
  2.286786     -14.59746    
  2.286873     -12.75602    
  2.289459     -14.73464    
  2.292031     -13.43333    
  2.294586     -13.63698    
  2.297128     -14.01552    
  2.297214     -14.15141    
  2.297982     -14.41307    
  2.298069    -100.00000    
  2.300085     -12.75603    
  2.302092     -13.60765    
  2.304090     -14.63644    
  2.306078     -13.84977    
  2.306165     -14.29970    
  2.308268     -14.06445    
  2.309316     -13.85562    
  2.310361     -13.85718    
  2.311404     -13.57952    
  2.312444     -13.62488    
  2.313482     -14.33521    
  2.314517     -14.11242    
  2.314604     -14.29933    
  2.315597     -14.03342    
  2.315684     -14.54481    
  2.316612     -14.02333    
  2.317538     -14.04897    
  2.318463     -13.57641    
  2.319385     -13.80515    
  2.320305     -13.85446    
  2.321224     -13.57234    
  2.322140     -12.90517    
  2.323055    -100.00000    
  2.323141     -13.64474    
  2.324295     -13.83522    
  2.325445     -14.30673    
  2.326592     -14.28370    
  2.327736     -14.28347    
  2.327823     -14.57639    
  2.328799    -100.00000    
  2.329773     -14.40239    
  2.330745     -15.42319    
  2.331714     -14.21359    
  2.331801     -13.99616    
  2.333101    -100.00000    
  2.333188     -13.86811    
  2.334187    -100.00000    
  2.335184    -100.00000    
  2.336179    -100.00000    
  2.337171    -100.00000    
  2.338161    -100.00000    
  2.339149    -100.00000    
  2.340135    -100.00000    
  2.341118    -100.00000    
  2.341205    -100.00000    
  2.341283    -100.00000    
  2.341370    -100.00000    
  2.341472    -100.00000    
  2.342320    -100.00000    
  2.343166    -100.00000    
  2.344011    -100.00000    
  2.344853    -100.00000    
  2.344940    -100.00000    
  2.345621    -100.00000    
  2.346301    -100.00000    
  2.346979    -100.00000    
  2.347657    -100.00000    
  2.348333    -100.00000    
  2.349009     -13.72190    
  2.349683     -13.79009    
  2.350356     -13.19509    
  2.350443     -14.02349    
  2.351331     -13.32616    
  2.352217    -100.00000    
  2.352659    -100.00000    
  2.353101    -100.00000    
  2.353542    -100.00000    
  2.353983     -14.30344    
  2.354070    -100.00000    
  2.354494    -100.00000    
  2.354917    -100.00000    
  2.355340    -100.00000    
  2.355762     -13.72719    
  2.355849    -100.00000    
  2.356283     -13.69137    
  2.356717     -13.49620    
  2.357149    -100.00000    
  2.357582    -100.00000    
  2.357669     -9.298663    
  2.362936     -8.900123    
  2.363023    -100.00000    
  2.376702     -6.679846    
  2.376789     -6.091397    
  2.381401     -6.492544    
  2.381488     -6.619501    
  2.381574     -6.568345    
  2.381660     -6.221668    
  2.384670     -5.904113    
  2.384757     -6.394959    
  2.387126     -6.244270    
  2.387213     -6.103515    
  2.396615     -5.613702    
  2.405819     -5.527634    
  2.405905     -5.112843    
  2.409345     -6.418938    
  2.409431     -6.563808    
  2.409967     -5.578507    
  2.410054     -5.880768    
  2.411501     -5.352433    
  2.411588     -4.839226    
  2.412778     -4.814981    
  2.412865     -5.103416    
  2.413098     -5.160972    
  2.413185     -5.142880    
  2.417228     -5.916230    
  2.417315     -5.228308    
  2.417448     -5.101396    
  2.417535     -5.237520    
  2.419545     -5.179616    
  2.419632     -5.102459    
  2.424108    -100.00000    
  2.424195     -5.510046    
  2.429911     -5.328089    
  2.429998     -5.061311    
  2.432147     -5.511491    
  2.432234     -5.151487    
  2.433514     -5.770400    
  2.433601     -4.888771    
  2.434762     -4.596090    
  2.434849     -4.549693    
  2.435182     -4.432228    
  2.435269     -4.672656    
  2.435570    -100.00000    
  2.435657     -4.811957    
  2.438099     -4.689912    
  2.438186     -4.569847    
  2.443115     -5.189297    
  2.443202     -8.227832    
  2.448046     -5.271516    
  2.448133     -5.283874    
  2.449372     -4.405551    
  2.449459     -4.427440    
  2.450924    -100.00000    
  2.451011     -4.615616    
  2.456026    -100.00000    
  2.456113     -6.093788    
  2.457105     -5.280742    
  2.457192     -4.894755    
  2.461170     -4.822946    
  2.461257     -5.865257    
  2.466286     -5.931703    
  2.466372     -7.728516    
  2.466976     -6.139513    
  2.467064     -6.502511    
  2.471828     -5.605505    
  2.471915    -100.00000    
  2.476442     -4.286298    
  2.476529     -7.608065    
  2.476628     -8.225332    
  2.476715     -8.913535    
  2.476977     -7.883806    
  2.477064     -5.191030    
  2.483465     -5.419641    
  2.483551     -5.173199    
  2.483824     -5.205877    
  2.483911     -5.104658    
  2.484130     -4.869469    
  2.484217     -4.832714    
  2.487220     -4.714127    
  2.490203     -4.886734    
  2.493165     -5.254430    
  2.496107     -4.920672    
  2.496194     -4.859725    
  2.500074     -5.129554    
  2.503920     -4.679572    
  2.504007     -4.606895    
  2.504069     -4.625825    
  2.504156     -4.474665    
  2.506191     -3.908331    
  2.506278     -4.565768    
  2.508598     -4.504862    
  2.510906     -3.769555    
  2.513202     -4.381258    
  2.515486     -3.775966    
  2.515573     -3.715695    
  2.515719     -3.725097    
  2.515805     -3.718412    
  2.515872     -3.715054    
  2.515959     -3.760595    
  2.516943     -4.098716    
  2.517030     -3.829289    
  2.517941     -3.909883    
  2.518028     -3.857105    
  2.521727     -4.360217    
  2.525387     -4.874848    
  2.529016     -4.637295    
  2.532615     -3.929744    
  2.532701     -4.035536    
  2.536032     -4.487012    
  2.539337     -4.283764    
  2.539424     -4.236017    
  2.543132     -4.467288    
  2.546808     -4.131939    
  2.546895     -4.684439    
  2.547329     -4.082062    
  2.547416     -4.236492    
  2.551118     -4.589217    
  2.551204     -3.987128    
  2.554808     -3.998252    
  2.558382     -4.852090    
  2.558469     -5.182358    
  2.558869     -4.821147    
  2.558956     -5.091516    
  2.561557     -4.539950    
  2.561644    -100.00000    
  2.564082     -4.404257    
  2.566507     -3.892992    
  2.568917     -3.958044    
  2.571315     -3.956282    
  2.571402     -4.137677    
  2.571490     -4.187275    
  2.571576     -4.235781    
  2.574740     -4.348586    
  2.577880     -4.388327    
  2.580998     -5.026439    
  2.584094     -4.483726    
  2.587168    -100.00000    
  2.590220     -4.520766    
  2.593250     -4.854284    
  2.596260     -4.991312    
  2.596347     -4.647619    
  2.597646     -4.879579    
  2.597733     -4.120490    
  2.602007     -4.444070    
  2.606239     -3.846630    
  2.606326     -3.525096    
  2.607237    -100.00000    
  2.607324     -4.495889    
  2.611491     -3.946296    
  2.615617     -3.876196    
  2.615704     -3.571385    
  2.619659     -4.475743    
  2.619746     -4.337712    
  2.620859     -4.606178    
  2.620946     -4.223806    
  2.621962     -4.559108    
  2.622049     -3.828838    
  2.625471     -4.265751    
  2.625557    -100.00000    
  2.626297     -3.426371    
  2.626384     -3.939542    
  2.627024     -3.926530    
  2.627111     -3.714843    
  2.630159     -4.182856    
  2.633186     -3.696672    
  2.633273     -3.717078    
  2.633585     -3.646574    
  2.633672     -3.644547    
  2.636899     -3.956352    
  2.640101     -3.699629    
  2.643280     -3.749109    
  2.646436     -3.828896    
  2.646523     -3.743924    
  2.648513     -4.046293    
  2.648600     -4.292346    
  2.650315     -3.745975    
  2.652023     -3.649016    
  2.652110     -3.659410    
  2.653758     -3.833091    
  2.653845     -3.805399    
  2.655848     -4.714298    
  2.655935     -3.827859    
  2.656856     -3.687700    
  2.656943     -3.725580    
  2.659789     -3.907977    
  2.659876     -4.015051    
  2.661711     -3.761345    
  2.661798     -3.842241    
  2.662838     -3.806367    
  2.662925     -3.708581    
  2.664525     -3.825048    
  2.666091     -4.148633    
  2.667652     -3.569024    
  2.669207     -3.639668    
  2.670756     -3.859388    
  2.672300     -3.793787    
  2.673838     -3.864191    
  2.675371     -3.886599    
  2.675458     -3.890289    
  2.676606     -3.938773    
  2.677751     -3.955793    
  2.677838     -3.953846    
  2.679282     -3.993046    
  2.680721     -4.000083    
  2.682155     -4.005257    
  2.683585     -4.013853    
  2.683672     -4.011086    
  2.684831     -3.985295    
  2.685988     -3.993226    
  2.686075     -4.004368    
  2.686520     -4.000968    
  2.686607     -4.276034    
  2.687604     -3.753651    
  2.688599     -3.944884    
  2.688686     -3.832160    
  2.689315     -3.718230    
  2.689943     -3.849478    
  2.690571     -3.730080    
  2.691198     -3.786295    
  2.691823     -3.845105    
  2.692448     -3.907467    
  2.693072     -3.937810    
  2.693695     -3.947434    
  2.694317     -4.004704    
  2.694939     -3.971423    
  2.695559     -4.127608    
  2.696179     -3.960838    
  2.696797     -3.997547    
  2.697415     -3.988080    
  2.698032     -3.999874    
  2.698648     -4.010999    
  2.698717     -4.014913    
  2.698803     -4.020660    
  2.699142     -4.026300    
  2.699229     -4.046458    
  2.700077     -4.038264    
  2.700500     -4.044948    
  2.700923     -4.059290    
  2.701345     -4.047735    
  2.701767     -4.014428    
  2.702189     -4.012675    
  2.702610     -4.020396    
  2.702697     -4.079573    
  2.706323     -3.999673    
  2.706410     -3.996477    
  2.708352     -4.062374    
  2.708438     -4.016807    
  2.709271     -4.051482    
  2.709358     -4.170254    
  2.712230     -4.010412    
  2.712317     -4.085221    
  2.714595     -4.059181    
  2.716861     -4.079508    
  2.719116     -4.067399    
  2.721359     -4.288710    
  2.721446     -4.302656    
  2.721792     -4.061707    
  2.721879     -4.073557    
  2.725135     -4.086533    
  2.728368     -4.096503    
  2.728455     -4.073557    
  2.730036     -4.223306    
  2.730123     -4.189076    
  2.733067     -4.066585    
  2.735992     -4.125942    
  2.736079     -4.106402    
  2.737059     -4.116844    
  2.737146     -4.139305    
  2.740300     -4.134123    
  2.740387     -4.144551    
  2.742690     -4.140284    
  2.744980     -4.134296    
  2.747258     -4.137148    
  2.749525     -4.154729    
  2.751779     -4.167293    
  2.754023     -4.162718    
  2.756254     -4.205108    
  2.758474     -4.177345    
  2.758561     -4.168523    
  2.759027     -4.170307    
  2.759113     -4.197883    
  2.760747     -4.158843    
  2.760833     -4.178807    
  2.763123     -4.188306    
  2.765400     -4.174235    
  2.765487     -4.179102    
  2.765755     -4.196503    
  2.765842     -4.313325    
  2.768363     -4.115665    
  2.770870     -3.973130    
  2.773363     -4.004544    
  2.775841     -4.183451    
  2.775928     -4.180376    
  2.777541     -4.199484    
  2.777628     -4.203273    
  2.780588     -4.209759    
  2.783527     -4.243150    
  2.786448     -4.215443    
  2.789348     -4.227994    
  2.789435     -4.232897    
  2.792054     -4.240693    
  2.792141     -4.238717    
  2.795962     -4.251885    
  2.796049     -4.253439    
  2.798395     -4.305543    
  2.800729     -4.142948    
  2.803050     -4.247423    
  2.805359     -4.266837    
  2.807656     -4.276443    
  2.809941     -4.298455    
  2.812213     -4.280757    
  2.814474     -4.292003    
  2.814561     -4.293417    
  2.815775     -4.289279    
  2.815862     -4.290646    
  2.819341     -4.300768    
  2.822792     -4.307687    
  2.826216     -4.310601    
  2.829613     -4.310221    
  2.829700     -4.314290    
  2.832139     -4.334815    
  2.834565     -4.314745    
  2.836978     -4.374474    
  2.839377     -4.167175    
  2.839464     -4.178529    
  2.842740     -4.300699    
  2.845992     -4.354158    
  2.846079     -4.346650    
  2.846320     -4.348030    
  2.846407     -4.348927    
  2.846929     -4.350055    
  2.847016     -4.351749    
  2.850284     -4.356335    
  2.850371     -4.357131    
  2.851107     -4.358415    
  2.851194     -4.358619    
  2.851272     -4.359863    
  2.851359     -4.361503    
  2.851605     -4.363722    
  2.851692     -4.360481    
  2.852969     -4.362093    
  2.853056     -4.409542    
  2.856721     -4.232577    
  2.856808     -4.320954    
  2.860014     -4.374447    
  2.863196     -4.373714    
  2.863283     -4.373519    
  2.866961     -4.386738    
  2.867048     -4.386784    
  2.867158     -4.387765    
  2.871477     -4.399531    
  2.871560     -4.396373    
  2.871647     -4.462707    
  2.874394     -4.376353    
  2.877123     -4.341348    
  2.877210     -4.358245    
  2.879769     -4.396863    
  2.882313     -4.402568    
  2.882400     -4.399421    
  2.882670     -4.403101    
  2.882757    -100.00000    
  2.886654     -3.723084    
  2.886741     -4.085508    
  2.889314     -4.401383    
  2.889401     -4.204202    
  2.891964     -4.390202    
  2.892051     -4.304291    
  2.893704     -4.369805    
  2.893791     -4.375129    
  2.894071     -4.387236    
  2.894158     -4.391143    
  2.895095     -4.412445    
  2.895182     -4.421817    
  2.896767     -4.422502    
  2.896854     -4.423473    
  2.897787     -4.426518    
  2.897874     -4.518527    
  2.900589     -4.408582    
  2.900676     -4.426810    
  2.902856     -4.440697    
  2.905026     -4.464571    
  2.905113     -4.458173    
  2.908098     -4.447462    
  2.908185     -4.451006    
  2.908477     -4.451313    
  2.908564     -4.451059    
  2.910090     -4.453744    
  2.910176     -4.453371    
  2.913363     -4.468183    
  2.916527     -4.454085    
  2.916614     -4.285732    
  2.916785     -4.277350    
  2.916872     -4.275451    
  2.917171     -4.286981    
  2.917258     -4.305977    
  2.919518     -4.442583    
  2.921765     -4.467237    
  2.921852     -4.464018    
  2.925029     -4.478034    
  2.925116     -4.474642    
  2.925941     -4.479234    
  2.926028     -4.478232    
  2.927554     -4.482244    
  2.927641     -4.490000    
  2.927950     -4.482837    
  2.928037     -4.475507    
  2.928671     -4.466243    
  2.928758     -4.469227    
  2.929127     -4.468185    
  2.929213     -4.468224    
  2.929524     -4.468723    
  2.929611     -4.469186    
  2.930245     -4.475941    
  2.930332     -4.475174    
  2.930644     -4.477269    
  2.930731     -4.478886    
  2.930963     -4.481129    
  2.931050     -4.481525    
  2.934646     -4.479528    
  2.934733     -4.483978    
  2.936807     -4.449491    
  2.936894     -4.444525    
  2.937412     -4.448521    
  2.937499     -4.451480    
  2.937612     -4.455941    
  2.939332     -4.452420    
  2.939418     -4.462985    
  2.941608     -4.450003    
  2.943787     -4.483560    
  2.943874     -4.483380    
  2.945266     -4.492845    
  2.945353     -4.494328    
  2.946273     -4.495940    
  2.946360     -4.496213    
  2.946687     -4.496800    
  2.946774     -4.493233    
  2.949036     -4.501187    
  2.951287     -4.493816    
  2.951374     -4.514718    
  2.953750     -4.441523    
  2.953837     -4.449354    
  2.955739     -4.487042    
  2.955826     -4.483693    
  2.956162     -4.487460    
  2.956249     -4.494508    
  2.957620     -4.501932    
  2.957703     -4.499717    
  2.957790     -4.517920    
  2.959196     -4.439621    
  2.959269     -4.452677    
  2.959356     -4.454148    
  2.959520     -4.454348    
  2.959575     -4.453952    
  2.959642     -4.454457    
  2.959729     -4.448820    
  2.959839     -4.437442    
  2.959926     -4.393225    
  2.960694     -4.363133    
  2.960781     -4.397941    
  2.961122     -4.456803    
  2.961209     -4.426920    
  2.965318     -4.798587    
  2.965405     -4.312808    
  2.969227     -4.121867    
  2.969314     -4.283605    
  2.972533     -4.527396    
  2.975728     -4.438703    
  2.975815     -4.425558    
  2.976171     -4.445053    
  2.976258     -4.677807    
  2.979351     -4.477786    
  2.982423     -4.416434    
  2.982509     -4.309232    
  2.982872     -4.299888    
  2.982959     -4.316426    
  2.986034     -4.636845    
  2.989087     -4.503904    
  2.992119     -4.369090    
  2.995130     -4.786991    
  2.998121     -4.320530    
  3.001090     -4.449222    
  3.004040     -4.517486    
  3.006970     -4.579176    
  3.009880     -4.779401    
  3.012771     -4.177649    
  3.015642     -4.636929    
  3.018495     -4.548401    
  3.021329     -4.652368    
  3.024145     -4.581780    
  3.026943     -4.642290    
  3.029723     -4.683540    
  3.032485     -4.683473    
  3.035229     -4.679752    
  3.037957     -4.312327    
  3.040667     -4.588924    
  3.043360     -4.675114    
  3.046038     -4.708306    
  3.048698     -4.691001    
  3.051342     -4.642141    
  3.053971     -4.751008    
  3.056583     -4.569508    
  3.059180     -4.704145    
  3.061762     -4.736630    
  3.064328     -4.653826    
  3.066879     -4.804899    
  3.069415     -4.613546    
  3.071937     -4.705574    
  3.072024     -4.719867    
  3.076115     -4.689363    
  3.080169     -4.701083    
  3.084185     -4.635596    
  3.088164     -4.035802    
  3.088251     -4.371705    
  3.089222     -4.517987    
  3.089309     -4.685362    
  3.091849     -4.688903    
  3.091936     -5.676327    
  3.095971     -4.252070    
  3.099969     -4.985190    
  3.100056     -4.761388    
  3.102791     -4.710807    
  3.105509     -4.799990    
  3.105596     -4.739428    
  3.108813     -4.823701    
  3.112005     -4.621739    
  3.112092     -4.821516    
  3.114687     -4.710806    
  3.114774     -4.780653    
  3.116978     -4.791496    
  3.117065     -4.863981    
  3.118223     -4.715943    
  3.118310     -4.598291    
  3.120853     -5.005549    
  3.123381     -4.607151    
  3.123468     -4.923987    
  3.125997     -4.636728    
  3.126084     -4.826399    
  3.127687     -4.680939    
  3.127774     -4.683795    
  3.131693     -4.846920    
  3.135577     -5.097010    
  3.135664     -4.606782    
  3.136182     -4.483243    
  3.136269     -4.677742    
  3.140203     -4.820820    
  3.144101     -4.764567    
  3.144188     -4.885693    
  3.144956     -4.767230    
  3.145043     -4.724543    
  3.146758     -5.045413    
  3.146845     -5.873653    
  3.147795     -4.561016    
  3.147882     -4.829755    
  3.148729     -5.542211    
  3.148816     -5.797210    
  3.150639     -4.457985    
  3.150726     -4.877046    
  3.153068     -4.874257    
  3.153155     -4.722457    
  3.153381     -4.629240    
  3.153434     -4.623145    
  3.153521     -4.617989    
  3.156074     -5.227751    
  3.156161     -4.605250    
  3.160418     -4.847154    
  3.164633     -4.939458    
  3.164720     -5.027208    
  3.167631     -4.751570    
  3.170522     -5.234397    
  3.173394     -3.925142    
  3.176248     -4.924928    
  3.179082     -5.043729    
  3.181899     -5.087728    
  3.184697     -5.140988    
  3.187477     -4.917554    
  3.187564     -4.965972    
  3.188338     -5.123784    
  3.188425     -6.048110    
  3.192224     -4.812066    
  3.192311     -4.516689    
  3.194885     -4.788002    
  3.194972     -4.882692    
  3.196916     -5.012817    
  3.197003     -5.059206    
  3.200855     -5.051389    
  3.204674     -5.075067    
  3.204761     -5.035341    
  3.207365     -5.061425    
  3.207452     -5.098914    
  3.210155     -5.008580    
  3.212841     -4.986231    
  3.215511     -4.362895    
  3.218164     -4.199102    
  3.218251     -4.573336    
  3.222514     -5.375431    
  3.226736     -5.200661    
  3.230917     -5.207279    
  3.235058     -5.018897    
  3.239160     -4.761166    
  3.243224     -5.269813    
  3.247249     -5.250150    
  3.251238     -5.314636    
  3.251325     -5.310406    
  3.254951     -5.338021    
  3.258546     -5.211645    
  3.262112     -5.321705    
  3.265649     -5.334867    
  3.269157     -5.346113    
  3.272637     -5.258726    
  3.276089     -5.335079    
  3.279515     -5.379912    
  3.282913     -5.407133    
  3.286285     -5.385168    
  3.289631     -5.398754    
  3.292952     -5.418562    
  3.296247     -5.429029    
  3.299517     -5.436245    
  3.302763     -5.448266    
  3.305985     -5.456567    
  3.306072     -5.461069    
  3.306887     -5.429335    
  3.306974     -5.418130    
  3.309850     -5.459044    
  3.309937     -5.458957    
  3.310624     -5.464160    
  3.310710     -5.466432    
  3.311825     -5.435650    
  3.311912     -5.438011    
  3.314473     -5.489508    
  3.317019     -5.516914    
  3.319550     -5.510189    
  3.322067     -5.506845    
  3.324569     -5.426571    
  3.327057     -5.467949    
  3.329531     -5.508730    
  3.331990     -5.497807    
  3.334436     -5.507683    
  3.336869     -5.518567    
  3.339287     -5.569998    
  3.341692     -5.507326    
  3.344084     -5.566065    
  3.346463     -5.511761    
  3.348829     -5.393325    
  3.351182     -5.559686    
  3.351269     -5.600469    
  3.355367     -5.513123    
  3.359427     -5.621543    
  3.363449     -5.541671    
  3.367434     -5.594002    
  3.367521     -5.622963    
  3.370368     -5.664043    
  3.373197     -5.595234    
  3.376007     -5.695245    
  3.378799     -5.494816    
  3.381574     -5.503468    
  3.384330     -5.661904    
  3.387069     -5.695437    
  3.389792     -5.703699    
  3.389879     -5.700058    
  3.392466     -5.711211    
  3.395039     -5.719457    
  3.395126     -5.718532    
  3.398416     -5.726327    
  3.398503     -5.821819    
  3.400855     -5.560345    
  3.400942     -5.403473    
  3.402428     -5.457207    
  3.402515     -5.514158    
  3.405655     -5.742905    
  3.408773     -5.727940    
  3.411869     -5.751007    
  3.414942     -5.769787    
  3.415029     -5.767909    
  3.419186     -5.779683    
  3.423303     -5.789037    
  3.427382     -5.797406    
  3.431422     -5.804220    
  3.431509     -5.811945    
  3.434904     -5.912813    
  3.438273     -5.336994    
  3.441616     -5.794005    
  3.444934     -5.860579    
  3.445021     -5.844314    
  3.447515     -5.851933    
  3.449995     -5.858144    
  3.452462     -5.861346    
  3.454914     -5.865469    
  3.455001     -5.870363    
  3.458759     -5.845627    
  3.462485     -5.882281    
  3.466179     -5.892514    
  3.469843     -5.912925    
  3.469930     -5.901618    
  3.471179     -5.905566    
  3.471266     -5.904746    
  3.474100     -5.911597    
  3.474187     -5.934697    
  3.476423     -5.847604    
  3.478648     -5.736529    
  3.480861     -5.896763    
  3.483063     -5.930181    
  3.483150     -5.930730    
  3.485959     -5.946963    
  3.488749     -5.928309    
  3.491522     -5.954504    
  3.494277     -5.962054    
  3.494364     -5.965933    
  3.496766     -5.951144    
  3.499154     -5.965728    
  3.501530     -6.002806    
  3.503893     -6.041393    
  3.506243     -5.546084    
  3.508580     -5.543749    
  3.510905     -5.967039    
  3.513217     -6.018632    
  3.513304     -6.011319    
  3.515963     -6.021399    
  3.518606     -6.025277    
  3.521233     -6.030298    
  3.523845     -6.037760    
  3.526440     -6.031743    
  3.529020     -6.026131    
  3.531585     -6.050394    
  3.534135     -6.064024    
  3.534222     -6.064374    
  3.538259     -6.050579    
  3.542258     -5.850609    
  3.546221     -5.963945    
  3.550148     -6.113224    
  3.550235     -6.096005    
  3.552940     -6.111253    
  3.555627     -6.116977    
  3.555714     -6.114974    
  3.556728     -6.121566    
  3.556815     -6.118234    
  3.558846     -6.123509    
  3.558933     -6.123842    
  3.560851     -6.125877    
  3.560938     -6.122439    
  3.561019     -6.122854    
  3.561106     -6.123527    
  3.561368     -6.125276    
  3.561455     -6.125674    
  3.561549     -6.126117    
  3.561702     -6.126839    
  3.561789     -6.127362    
  3.561899     -6.127763    
  3.561986     -6.129175    
  3.562293     -6.129181    
  3.565681     -6.201974    
  3.565768     -6.199287    
  3.568672     -6.176259    
  3.571556     -6.165761    
  3.574422     -6.130819    
  3.577268     -6.133080    
  3.580096     -6.175227    
  3.582906     -6.191551    
  3.585698     -6.148836    
  3.588471     -6.271176    
  3.591228     -6.091033    
  3.593966     -6.226783    
  3.596688     -6.268248    
  3.599393     -6.165624    
  3.602081     -6.181813    
  3.604752     -6.296577    
  3.607407     -6.367153    
  3.610046     -5.661484    
  3.610133     -5.762204    
  3.612394     -6.177901    
  3.614642     -5.940698    
  3.616880     -6.237620    
  3.619105     -6.329523    
  3.621319     -6.348317    
  3.623523     -6.301537    
  3.625715     -6.233615    
  3.627896     -6.344359    
  3.627982     -6.342999    
  3.630428     -6.367806    
  3.632092     -6.372983    
  3.636162     -6.419221    
  3.640195     -6.055415    
  3.644191     -6.397446    
  3.644278     -6.374069    
  3.646967     -6.410180    
  3.649640     -6.434920    
  3.652297     -6.317352    
  3.654938     -6.342956    
  3.655025     -6.310275    
  3.657211     -6.365949    
  3.659385     -6.223278    
  3.659472     -6.304711    
  3.663615     -6.437226    
  3.663702     -6.466812    
  3.666466     -6.188214    
  3.669212     -8.777762    
  3.671940     -5.385003    
  3.674652     -5.953642    
  3.677347     -6.526830    
  3.680026     -6.504504    
  3.682687     -6.504389    
  3.685333     -6.503980    
  3.685420     -6.827199    
  3.688862     -5.915835    
  3.688948     -6.022728    
  3.690731     -6.368848    
  3.690818     -6.338675    
  3.691459     -6.406465    
  3.691546     -6.432052    
  3.694812     -6.422066    
  3.694898     -6.450463    
  3.695365     -6.470810    
  3.695452     -6.476025    
  3.695518     -6.479270    
  3.695605     -6.490626    
  3.698701     -6.537712    
  3.701776     -6.545200    
  3.704828     -6.547669    
  3.707860     -6.559301    
  3.710870     -6.568266    
  3.712650     -6.561869    
  3.713860     -6.570487    
  3.716830     -6.578595    
  3.719779     -6.531793    
  3.719866     -6.570242    
  3.723988     -6.598777    
  3.728071     -6.609483    
  3.732116     -6.652763    
  3.736124     -6.368826    
  3.740095     -6.662677    
  3.744030     -6.653819    
  3.747929     -6.660713    
  3.751794     -6.670386    
  3.751881     -6.670610    
  3.755217     -6.678975    
  3.755304     -6.679217    
  3.755522     -6.679759    
  3.755609     -6.678950    
  3.758467     -6.692983    
  3.761306     -6.713865    
  3.764127     -6.521894    
  3.766929     -6.567770    
  3.769713     -6.656853    
  3.772480     -6.690692    
  3.775229     -6.728235    
  3.777961     -6.738430    
  3.778048     -6.737949    
  3.778151     -6.739704    
  3.781161     -6.742267    
  3.784252     -6.750837    
  3.787320     -6.757136    
  3.790368     -6.768692    
  3.793394     -6.773245    
  3.796399     -6.756242    
  3.799384     -6.791355    
  3.802348     -6.777881    
  3.802435     -6.775103    
  3.806009     -6.866893    
  3.806096     -6.790344    
  3.809815     -6.789726    
  3.809902     -6.809930    
  3.811377     -6.804461    
  3.811464     -6.801089    
  3.811517     -6.799093    
  3.811568     -6.797240    
  3.811655     -6.792797    
  3.814154     -6.833735    
  3.816638     -6.701353    
  3.819108     -5.988191    
  3.821564     -6.815524    
  3.821651     -6.718586    
  3.825835     -6.752264    
  3.829979     -6.859766    
  3.834084     -6.898298    
  3.838150     -6.902873    
  3.838237     -6.881473    
  3.840994     -6.842795    
  3.843735     -6.915958    
  3.846458     -6.925775    
  3.849164     -6.916392    
  3.851853     -6.900746    
  3.854526     -6.477921    
  3.857182     -6.836987    
  3.859823     -6.939948    
  3.859910     -6.935983    
  3.862754     -6.961119    
  3.865581     -6.973016    
  3.868389     -6.983686    
  3.871179     -6.961230    
  3.871266     -6.956696    
  3.873695     -6.988500    
  3.876111     -6.998163    
  3.878513     -7.009255    
  3.880902     -6.989205    
  3.880989     -6.848082    
  3.884377     -6.966723    
  3.887739     -7.024724    
  3.891076     -7.038071    
  3.894387     -7.045211    
  3.894474     -7.045533    
  3.897227     -7.052877    
  3.899963     -7.059954    
  3.902682     -7.067365    
  3.905384     -7.059568    
  3.905471     -7.062733    
  3.908472     -7.080840    
  3.908559     -7.081283    
  3.912193     -7.089243    
  3.912280     -7.087846    
  3.913068     -7.090261    
  3.913155     -7.090852    
  3.913273     -7.091402    
  3.913714     -7.093320    
  3.913769     -7.093456    
  3.913842     -7.093607    
  3.913889     -7.093673    
  3.913972     -7.094004    
  3.914081     -7.094590    
  3.914168     -7.166639    
  3.916915     -6.952794    
  3.917002     -6.891054    
  3.919240     -7.043266    
  3.921466     -7.135700    
  3.923680     -7.118403    
  3.925884     -7.127979    
  3.928076     -7.136368    
  3.930258     -7.145355    
  3.934588     -7.157505    
  3.938875     -7.162215    
  3.943121     -7.162558    
  3.947325     -7.192493    
  3.951490     -7.179313    
  3.955614     -7.184918    
  3.959700     -7.224128    
  3.963748     -7.259003    
  3.967758     -7.204263    
  3.971732     -7.049976    
  3.975669     -7.273274    
  3.979571     -7.250829    
  3.983439     -7.192880    
  3.983526     -7.266409    
  3.987126     -7.324823    
  3.990697     -7.296139    
  3.994239     -7.327229    
  3.997752     -7.344976    
  3.997838     -7.344401    
  4.000147     -7.360987    
  4.002444     -7.239718    
  4.004728     -7.266422    
  4.007001     -6.801075    
  4.009262     -7.226343    
  4.011511     -7.363767    
  4.013748     -7.386774    
  4.015974     -7.387239    
  4.018189     -7.377457    
  4.020392     -7.344423    
  4.022585     -7.399447    
  4.024766     -7.413654    
  4.029096     -7.423504    
  4.033383     -7.432139    
  4.033470     -7.756606    
  4.037091     -7.068813    
  4.040683     -7.169304    
  4.044245     -7.472301    
  4.047778     -7.457980    
  4.047865     -7.466410    
  4.051277     -7.488831    
  4.054632     -7.489771    
  4.057962     -7.494135    
  4.061267     -7.514135    
  4.061354     -7.519117    
  4.065579     -7.303240    
  4.069764     -7.364720    
  4.073909     -7.561164    
  4.078015     -7.556422    
  4.078102     -7.558946    
  4.080241     -7.558720    
  4.080328     -7.543310    
  4.080857     -7.543774    
  4.080944     -7.545378    
  4.081009     -7.545323    
  4.081054     -7.543776    
  4.082194     -7.550980    
  4.082281     -7.555895    
  4.084738     -7.564853    
  4.087181     -7.572155    
  4.089611     -7.582293    
  4.092028     -7.580936    
  4.094430     -7.592783    
  4.096820     -7.597806    
  4.099197     -7.596247    
  4.101560     -7.601493    
  4.101647     -7.610318    
  4.105246     -7.713989    
  4.108815     -7.244368    
  4.112355     -7.574799    
  4.115866     -7.662272    
  4.119349     -7.656500    
  4.122805     -7.658864    
  4.126233     -7.681799    
  4.129634     -7.669766    
  4.133009     -7.694699    
  4.136358     -7.690196    
  4.139681     -7.682806    
  4.142979     -7.697838    
  4.146252     -7.731493    
  4.149501     -7.737343    
  4.152725     -7.755681    
  4.155926     -7.725774    
  4.156013     -7.721952    
  4.158103     -7.742376    
  4.158190     -7.750394    
  4.161727     -7.778783    
  4.161814     -7.775565    
  4.163762     -7.781027    
  4.163849     -7.780844    
  4.163959     -7.781126    
  4.164046     -7.780640    
  4.166389     -7.801641    
  4.168720     -7.810945    
  4.171039     -7.603052    
  4.173345     -7.759539    
  4.175640     -7.802008    
  4.177922     -7.833526    
  4.180192     -7.838553    
  4.182450     -7.839333    
  4.184697     -7.839023    
  4.186932     -7.843928    
  4.189156     -7.850129    
  4.191369     -7.862305    
  4.193570     -7.853549    
  4.195760     -7.883342    
  4.197939     -7.802696    
  4.200107     -7.865572    
  4.204411     -7.901068    
  4.208673     -7.883088    
  4.212894     -7.928523    
  4.217074     -7.891803    
  4.221214     -7.940255    
  4.225315     -7.943441    
  4.229377     -7.885518    
  4.233402     -7.971148    
  4.233489     -7.966686    
  4.237698     -8.006606    
  4.241866     -7.910900    
  4.245994     -8.025140    
  4.250084     -8.008627    
  4.254135     -8.035802    
  4.258149     -8.049461    
  4.262126     -7.959050    
  4.266067     -8.082656    
  4.266154     -8.068089    
  4.269157     -8.216083    
  4.272139     -7.535879    
  4.275101     -7.449651    
  4.278043     -8.086097    
  4.280965     -8.082422    
  4.283867     -8.066303    
  4.286751     -8.150241    
  4.289615     -7.982954    
  4.292460     -8.089153    
  4.295287     -8.150361    
  4.298096     -8.158313    
  4.300886     -8.165537    
  4.303659     -8.171435    
  4.306414     -8.179290    
  4.309152     -8.172564    
  4.311873     -8.156494    
  4.314576     -8.234714    
  4.317263     -8.206576    
  4.319934     -8.226382    
  4.322588     -8.212447    
  4.325226     -8.191053    
  4.327848     -8.185961    
  4.330454     -8.238820    
  4.333045     -8.245715    
  4.335621     -8.127731    
  4.338181     -8.088802    
  4.340726     -8.150615    
  4.343256     -8.189458    
  4.345772     -8.277441    
  4.348274     -8.283184    
  4.350760     -8.296909    
  4.353233     -8.304179    
  4.353320     -8.305799    
  4.356074     -8.294040    
  4.356161     -8.299859    
  4.357582     -8.311313    
  4.357669     -8.311635    
  4.357779     -8.312377    
  4.357865     -8.313746    
  4.360696     -8.334705    
  4.363507     -8.340818    
  4.366301     -8.325663    
  4.369077     -8.350423    
  4.371835     -8.280253    
  4.374576     -8.363063    
  4.377300     -8.363299    
  4.380006     -8.382046    
  4.382696     -8.386606    
  4.385369     -8.393503    
  4.388026     -8.401754    
  4.390667     -8.402574    
  4.393292     -8.392100    
  4.395901     -8.422982    
  4.398495     -8.420301    
  4.401073     -8.445632    
  4.403636     -8.430374    
  4.406183     -8.452473    
  4.408716     -8.425293    
  4.411235     -8.413620    
  4.413739     -8.473435    
  4.416228     -8.485411    
  4.418703     -8.345666    
  4.421164     -8.156149    
  4.423612     -8.449978    
  4.426045     -8.513780    
  4.428465     -8.472471    
  4.430872     -8.512435    
  4.433266     -8.492005    
  4.435646     -8.526336    
  4.438013     -8.542887    
  4.440368     -8.549675    
  4.440455     -8.515013    
  4.442834     -8.514935    
  4.445201     -8.561813    
  4.445288     -8.561661    
  4.447569     -8.573969    
  4.449839     -8.608512    
  4.452097     -8.347997    
  4.454343     -8.481559    
  4.456578     -8.598382    
  4.458801     -8.548871    
  4.461013     -8.523056    
  4.463213     -8.599137    
  4.465403     -8.619704    
  4.467581     -8.628659    
  4.471906     -8.627405    
  4.476188     -8.649029    
  4.480428     -8.514212    
  4.512937     -8.732846    
  4.513024     -8.746035    
  4.514610     -8.752616    
  4.514697     -8.753095    
  4.515945     -8.757022    
  4.516032     -8.757000    
  4.516141     -8.757330    
  4.516228     -8.749833    
  4.585469     -8.916654    
  4.585556     -8.853192    
  4.648489     -9.063748    
  4.648576     -9.088004    
  4.649548     -9.108404    
  4.649635     -9.110596    
  4.649838     -9.114656    
  4.649925     -9.116222    
  4.650035     -9.118070    
  4.650122     -9.059163    
  4.709765     -9.265842    
  4.709852     -9.265705    
  4.765753     -9.424060    
  4.765822     -9.444916    
  4.765909     -9.445946    
  4.766019     -9.448680    
  4.766106     -9.404583    
  4.818480     -9.611148    
  4.818567     -9.559410    
  4.868094     -9.670618    
  4.868152     -9.723170    
  4.868214     -9.721999    
  4.868324     -9.721968    
  4.868411     -9.496436    
  4.915089     -10.00371    
  4.915176     -9.864055    
  4.959449     -9.958716    
  4.959536     -9.973631    
  4.959642     -9.931464    
  4.959729     -9.854606    
  4.959839     -9.819533    
  4.959925     -9.956266    
  5.002021     -10.02577    
  5.002108     -10.09858    
  5.041986     -10.20112    
  5.042072     -10.22181    
  5.042428     -10.21880    
  5.042515     -10.21805    
  5.042624     -10.21719    
  5.042711     -10.15778    
  5.081038     -10.30901    
  5.081125     -10.17616    
  5.117569     -10.42417    
  5.117655     -10.42533    
  5.118005     -10.41260    
  5.118092     -9.732983    
  5.118201     -9.473705    
  5.118288     -10.37078    
  5.153462     -10.51121    
  5.153549     -10.50542    
  5.187204     -10.60338    
  5.187290     -10.59384    
  5.187529     -10.59578    
  5.187616     -10.59657    
  5.187725     -10.59751    
  5.187812     -10.57660    
  5.251180     -10.73999    
  5.251266     -10.77773    
  5.251931     -10.78110    
  5.252018     -10.77927    
  5.252095     -10.77876    
  5.252182     -10.73963    
  5.311750     -10.89842    
  5.311837     -10.95610    
  5.311944     -10.95738    
  5.312021     -10.95695    
  5.312108     -10.94385    
  5.368079     -11.04396    
  5.368165     -11.08332    
  5.420736     -11.23835    
  5.420823     -11.20703    
  5.470384     -11.32702    
  5.470471     -11.34692    
  5.517346     -11.51092    
  5.517433     -11.48560    
  5.561899     -11.61548    
  5.561985     -11.61351    
  5.604277     -11.68892    
  5.604364     -11.73891    
  5.644684     -11.83781    
  5.644771     -11.83686    
  6.101351     -13.08713    
  6.318972     -13.73170    
  6.571403     -14.49021    
  6.845929     -15.37865    
  7.133075     -16.43704    
  7.426993     -17.82013    
  7.724423     -19.88831    
  8.023641    -100.00000    
  8.323763    -100.00000    
  8.624338    -100.00000    
  8.925140    -100.00000    
