 0.6989700    -100.00000    
 0.7247828    -100.00000    
 0.7491470    -100.00000    
 0.7722168    -100.00000    
 0.7941226    -100.00000    
 0.8348744    -100.00000    
 0.8721282    -100.00000    
 0.9064373    -100.00000    
 0.9382333     -88.63845    
 0.9678594     -86.55518    
 0.9955930     -85.98043    
  1.021661     -85.87024    
  1.046253     -86.04446    
  1.069527     -86.37504    
  1.091616     -86.80891    
  1.132686     -88.08896    
  1.170205    -100.00000    
  1.204739    -100.00000    
  1.236728    -100.00000    
  1.266522    -100.00000    
  1.294403    -100.00000    
  1.320601    -100.00000    
  1.345308    -100.00000    
  1.368685    -100.00000    
  1.390867     -84.21005    
  1.390954     -74.08884    
  1.416604    -100.00000    
  1.416691     -38.76139    
  1.442990     -38.92723    
  1.443077     -38.90275    
  1.465932     -39.23115    
  1.466019     -39.26341    
  1.485843     -39.66885    
  1.485930     -39.69403    
  1.517406     -40.53213    
  1.546755     -41.82985    
  1.546842     -41.28246    
  1.576102    -100.00000    
  1.576189    -100.00000    
  1.604747     -41.24630    
  1.604834    -100.00000    
  1.638223     -40.34014    
  1.669228     -39.12221    
  1.698166     -38.41739    
  1.725295     -38.02480    
  1.725382     -38.00488    
  1.731758     -37.94549    
  1.731845     -37.93613    
  1.759983     -37.79731    
  1.786409     -37.83520    
  1.786495     -37.83967    
  1.816265     -38.03949    
  1.844125     -38.31447    
  1.844212     -38.31352    
  1.873424     -38.66865    
  1.873511     -38.05924    
  1.905821    -100.00000    
  1.905908     -38.80470    
  1.913955    -100.00000    
  1.914042     -35.91459    
  1.926709    -100.00000    
  1.926796    -100.00000    
  1.927461    -100.00000    
  1.927548     -32.09415    
  1.962158     -29.39091    
  1.994212    -100.00000    
  1.994299    -100.00000    
  1.996552     -26.09691    
  1.996639     -25.34895    
  1.997939     -24.60441    
  1.998026     -24.55710    
  2.007421     -23.34131    
  2.007508    -100.00000    
  2.028108     -21.72343    
  2.028195     -21.37521    
  2.061043     -21.01687    
  2.061130     -20.76816    
  2.097304     -20.67814    
  2.097391     -19.59762    
  2.101519     -19.83541    
  2.101605    -100.00000    
  2.102584    -100.00000    
  2.102671    -100.00000    
  2.106101     -21.58867    
  2.106187    -100.00000    
  2.111508     -20.62224    
  2.111595    -100.00000    
  2.111941    -100.00000    
  2.112028    -100.00000    
  2.126973    -100.00000    
  2.127060    -100.00000    
  2.127658    -100.00000    
  2.127745    -100.00000    
  2.137486    -100.00000    
  2.137573     -19.68618    
  2.149371     -18.39079    
  2.149458     -18.17094    
  2.156741     -17.95129    
  2.156827     -18.09753    
  2.158960     -17.55986    
  2.159047     -16.45073    
  2.177604     -16.16331    
  2.177690     -16.29290    
  2.181731     -15.87960    
  2.181818     -15.06378    
  2.188445    -100.00000    
  2.188532     -15.59989    
  2.204170     -14.69806    
  2.204257     -14.64056    
  2.211100     -14.20114    
  2.217837     -13.93324    
  2.217924     -13.86843    
  2.218030     -14.42132    
  2.218315     -14.69720    
  2.218402     -14.69061    
  2.218688     -14.69296    
  2.218775     -14.69884    
  2.226808     -14.21442    
  2.234695     -13.74486    
  2.234781     -13.76537    
  2.239617     -13.50547    
  2.239704     -14.49048    
  2.245345     -14.24356    
  2.245432     -14.17854    
  2.250721     -13.99128    
  2.250808     -14.07771    
  2.253696     -15.16855    
  2.253782     -13.77746    
  2.257129     -13.46797    
  2.260450     -13.49021    
  2.263745     -13.96100    
  2.267016     -13.48758    
  2.267103     -13.74758    
  2.270490     -13.90143    
  2.270577     -14.00007    
  2.271628     -13.78468    
  2.271715     -13.17047    
  2.275818     -13.24874    
  2.275905     -13.27463    
  2.277893     -13.73588    
  2.279873     -13.32541    
  2.281843     -13.59153    
  2.283804     -13.64384    
  2.283891     -13.58450    
  2.286288     -14.10520    
  2.286375     -13.97961    
  2.286786     -13.70049    
  2.286873     -12.15846    
  2.289459     -13.19832    
  2.292031     -12.83489    
  2.294586     -12.70150    
  2.297128     -13.29362    
  2.297214     -13.40737    
  2.297982     -13.59320    
  2.298069    -100.00000    
  2.300085     -11.90693    
  2.302092     -13.45307    
  2.304090    -100.00000    
  2.306078     -13.18308    
  2.306165     -13.50957    
  2.308268     -13.53613    
  2.309316     -13.07690    
  2.310361     -13.47817    
  2.311404     -12.82799    
  2.312444     -12.91449    
  2.313482     -13.59174    
  2.314517     -13.21037    
  2.314604     -13.37515    
  2.315597     -13.32709    
  2.315684     -13.33271    
  2.316612     -13.34128    
  2.317538     -13.40785    
  2.318463     -12.87482    
  2.319385     -13.06341    
  2.320305     -12.80637    
  2.321224     -13.08792    
  2.322140     -12.10068    
  2.323055    -100.00000    
  2.323141     -13.08969    
  2.324295     -12.85379    
  2.325445     -13.19592    
  2.326592     -13.24019    
  2.327736     -13.28726    
  2.327823     -13.43080    
  2.328799     -13.85681    
  2.329773     -13.31747    
  2.330745     -13.86118    
  2.331714     -13.22576    
  2.331801     -12.99708    
  2.333101     -13.19938    
  2.333188     -12.77717    
  2.334187     -14.64860    
  2.335184     -14.04687    
  2.336179     -13.88026    
  2.337171     -13.11097    
  2.338161     -13.81630    
  2.339149     -13.81735    
  2.340135     -13.77240    
  2.341118     -13.55730    
  2.341205     -13.75282    
  2.341283     -13.71871    
  2.341370     -13.76345    
  2.341472     -13.68234    
  2.342320     -13.49177    
  2.343166     -14.02076    
  2.344011     -13.65001    
  2.344853     -13.49566    
  2.344940     -13.46596    
  2.345621     -13.46861    
  2.346301     -12.72312    
  2.346979     -13.31235    
  2.347657     -13.42029    
  2.348333     -13.65132    
  2.349009     -12.66338    
  2.349683     -12.84546    
  2.350356     -12.47393    
  2.350443     -13.02383    
  2.351331     -12.55878    
  2.352217    -100.00000    
  2.352659     -13.73675    
  2.353101     -12.99541    
  2.353542    -100.00000    
  2.353983     -12.83290    
  2.354070     -12.99799    
  2.354511     -13.10174    
  2.354951    -100.00000    
  2.355390    -100.00000    
  2.355830     -12.97096    
  2.356269     -12.79786    
  2.356707     -12.55920    
  2.357145     -12.93066    
  2.357582    -100.00000    
  2.357669    -100.00000    
  2.376702     -6.887008    
  2.376789     -6.414805    
  2.381401     -6.620038    
  2.381488     -6.894911    
  2.381574     -6.895341    
  2.381660     -6.546255    
  2.384670     -6.088929    
  2.384757     -6.333828    
  2.387126     -7.824402    
  2.387213     -6.657576    
  2.405819     -5.721308    
  2.405905     -5.388320    
  2.409345     -6.011174    
  2.409431    -100.00000    
  2.409967     -6.277159    
  2.410054     -5.910304    
  2.411501     -5.700898    
  2.411588     -6.170881    
  2.413098     -5.192216    
  2.413185     -5.125834    
  2.417228    -100.00000    
  2.417315     -5.729876    
  2.417448     -5.640293    
  2.417535     -5.362973    
  2.429911     -5.396635    
  2.429998     -5.328391    
  2.433514     -5.554037    
  2.433601    -100.00000    
  2.434762     -5.165195    
  2.434849     -4.892423    
  2.435570     -4.950029    
  2.435657     -4.848564    
  2.438099     -4.957147    
  2.438186     -4.863119    
  2.443115     -4.750235    
  2.443202    -100.00000    
  2.448046     -5.193999    
  2.448133     -5.189068    
  2.449372     -5.091684    
  2.449459     -4.794299    
  2.456026     -5.187868    
  2.456113     -5.623561    
  2.457105     -5.549353    
  2.457192     -5.505303    
  2.461170     -4.724138    
  2.461257     -5.493170    
  2.466286     -5.849512    
  2.466372     -6.011105    
  2.466976     -5.885471    
  2.467064     -6.238977    
  2.471828     -5.395980    
  2.471915    -100.00000    
  2.476442     -4.544595    
  2.476529     -5.191700    
  2.476628    -100.00000    
  2.476715     -7.812881    
  2.476977     -7.227327    
  2.477064     -5.069987    
  2.483465     -5.183887    
  2.483551     -4.561979    
  2.483824     -4.525024    
  2.483911     -4.518230    
  2.484130     -4.492419    
  2.484217     -4.503252    
  2.487220     -4.655838    
  2.490203     -4.937463    
  2.493165     -5.002744    
  2.496107     -5.063764    
  2.496194     -4.768981    
  2.500074     -4.946109    
  2.503920     -4.650715    
  2.504007     -4.736702    
  2.504069     -4.758790    
  2.504156     -5.115871    
  2.506191     -4.347126    
  2.506278     -4.199481    
  2.508598     -5.509771    
  2.510906     -4.413986    
  2.513202     -4.173268    
  2.515486     -4.274716    
  2.515573     -4.204781    
  2.515719     -4.125765    
  2.515805     -4.077812    
  2.515872     -4.043135    
  2.515959     -3.951364    
  2.516943     -3.872840    
  2.517030     -3.921712    
  2.517941     -4.223371    
  2.518028     -3.935062    
  2.521727     -4.814118    
  2.525387     -4.601450    
  2.529016     -5.011428    
  2.532615     -4.070697    
  2.532701     -4.136255    
  2.536032     -4.500737    
  2.539337     -4.950306    
  2.539424     -4.462216    
  2.543132     -4.827681    
  2.546808     -4.401004    
  2.546895     -4.385121    
  2.547329     -4.625867    
  2.547416     -4.718351    
  2.551118     -4.663366    
  2.551204     -4.725459    
  2.554808     -4.350532    
  2.558382     -4.433315    
  2.558469     -4.745046    
  2.558869     -4.792507    
  2.558956     -4.915862    
  2.562079     -5.258760    
  2.565180     -4.708088    
  2.568258     -4.251348    
  2.571315     -4.455439    
  2.571402     -4.568872    
  2.571490     -4.578314    
  2.571576     -4.335310    
  2.574740     -4.926795    
  2.577880     -4.629355    
  2.580998     -5.192430    
  2.584094     -4.745990    
  2.587168     -5.785489    
  2.590220     -4.739812    
  2.593250     -4.818129    
  2.596260     -5.008563    
  2.596347     -4.730571    
  2.597646     -4.829554    
  2.597733     -4.798663    
  2.600542     -4.353365    
  2.603333     -5.091408    
  2.603420     -4.718104    
  2.606239     -4.460390    
  2.606324     -4.456619    
  2.606411     -4.443344    
  2.607237     -4.175752    
  2.607324     -4.277195    
  2.610441     -4.576940    
  2.613536     -4.500682    
  2.616608     -4.062915    
  2.619659     -4.352745    
  2.619746     -4.389513    
  2.620859     -4.903661    
  2.620946     -4.554496    
  2.621962     -4.601184    
  2.622049     -4.229052    
  2.625471     -4.524590    
  2.625557     -4.589327    
  2.626297     -4.240345    
  2.626384     -4.257372    
  2.627024     -4.276311    
  2.627111     -4.123389    
  2.630159     -4.426689    
  2.633186     -4.188570    
  2.633273     -4.249204    
  2.633585     -4.265685    
  2.633672     -4.212635    
  2.636750     -4.210498    
  2.639805     -4.219529    
  2.642840     -4.177409    
  2.645853     -4.080368    
  2.645940     -3.972107    
  2.646436     -4.102837    
  2.646523     -4.025197    
  2.648513     -3.914005    
  2.648600     -4.076187    
  2.650581     -4.355387    
  2.650668     -4.255189    
  2.652023     -4.149357    
  2.652110     -4.146091    
  2.653758     -3.942730    
  2.653845     -4.030228    
  2.654514     -4.109628    
  2.654601     -4.059519    
  2.655848     -4.567486    
  2.655935     -4.262849    
  2.656856     -4.061515    
  2.656943     -3.902476    
  2.659789     -3.994047    
  2.659876     -3.945298    
  2.661632     -4.169314    
  2.661711     -4.095846    
  2.661798     -4.128215    
  2.662838     -4.059552    
  2.662925     -4.071229    
  2.664288     -3.927095    
  2.665620     -3.875737    
  2.666947     -4.054308    
  2.668270     -4.034213    
  2.668357     -3.931746    
  2.669554     -3.962872    
  2.670748     -3.916157    
  2.670835     -3.967957    
  2.671974     -4.091226    
  2.673109     -3.979484    
  2.674242     -3.947134    
  2.675371     -3.995456    
  2.675458     -4.209597    
  2.676606     -3.897203    
  2.677751     -3.939741    
  2.677838     -3.925184    
  2.679282     -3.896274    
  2.680721     -3.903428    
  2.682155     -3.906418    
  2.683585     -3.900176    
  2.683672     -3.913187    
  2.684694     -4.022655    
  2.685714     -3.895607    
  2.685801     -3.907027    
  2.685988     -3.905027    
  2.686075     -3.904684    
  2.686520     -3.908861    
  2.686607     -3.916900    
  2.687604     -3.981415    
  2.688599     -4.046022    
  2.688686     -3.972249    
  2.689315     -3.946483    
  2.689943     -4.070824    
  2.690571     -3.942398    
  2.691198     -4.034935    
  2.691823     -3.915046    
  2.692448     -3.900708    
  2.693072     -3.906383    
  2.693695     -3.921880    
  2.694317     -3.943319    
  2.694939     -3.908384    
  2.695559     -3.952296    
  2.696179     -4.097567    
  2.696797     -3.979426    
  2.697415     -3.921609    
  2.698032     -3.916824    
  2.698648     -3.920758    
  2.698717     -3.920091    
  2.698803     -3.920080    
  2.699142     -3.918967    
  2.699229     -3.916752    
  2.700077     -3.929646    
  2.700500     -3.924259    
  2.700923     -3.919838    
  2.701345     -3.921029    
  2.701767     -3.930586    
  2.702189     -3.948338    
  2.702610     -3.963215    
  2.702697     -3.960646    
  2.706323     -3.991915    
  2.706410     -3.962008    
  2.708352     -4.034581    
  2.708438     -4.166505    
  2.709271     -4.050662    
  2.709358     -4.017972    
  2.712230     -3.950476    
  2.712317     -3.934841    
  2.714595     -3.944448    
  2.716861     -3.948271    
  2.719116     -3.955246    
  2.721359     -3.948723    
  2.721446     -3.953504    
  2.721792     -3.977038    
  2.721879     -4.010899    
  2.725135     -4.049226    
  2.728368     -3.936377    
  2.728455     -3.966882    
  2.728556     -3.967666    
  2.728643     -3.959872    
  2.730036     -3.990188    
  2.730123     -4.032760    
  2.733067     -4.005378    
  2.735992     -3.989272    
  2.736079     -3.989057    
  2.737059     -3.990986    
  2.737146     -3.983643    
  2.740300     -4.007069    
  2.740387     -4.015124    
  2.744215     -4.019299    
  2.748009     -3.998497    
  2.751770     -4.006555    
  2.755499     -4.022209    
  2.755586     -4.113627    
  2.758474     -4.006771    
  2.758561     -4.014921    
  2.759027     -4.018795    
  2.759113     -4.032139    
  2.760747     -4.039121    
  2.760833     -4.030600    
  2.763123     -4.027587    
  2.765400     -4.044834    
  2.765487     -4.033201    
  2.765755     -4.033116    
  2.765842     -4.005924    
  2.768363     -4.112816    
  2.770870     -4.017427    
  2.773363     -4.125974    
  2.775841     -4.046758    
  2.775928     -4.053734    
  2.777541     -4.053413    
  2.777628     -4.062196    
  2.780082     -4.085366    
  2.782523     -4.053504    
  2.784950     -4.097621    
  2.787363     -4.081876    
  2.787450     -4.073599    
  2.789348     -4.075796    
  2.789435     -4.073488    
  2.792054     -4.076269    
  2.792141     -4.076345    
  2.795962     -4.082964    
  2.796049     -4.082952    
  2.798395     -4.089906    
  2.800729     -4.123691    
  2.803050     -4.099579    
  2.805359     -4.101851    
  2.807656     -4.093423    
  2.809941     -4.184960    
  2.812213     -4.103069    
  2.814474     -4.119024    
  2.814561     -4.119951    
  2.815775     -4.125070    
  2.815862     -4.123088    
  2.818570     -4.126321    
  2.818657     -4.125755    
  2.821422     -4.136567    
  2.824169     -4.139378    
  2.826900     -4.180564    
  2.829613     -4.144216    
  2.829700     -4.153996    
  2.832139     -4.153437    
  2.834565     -4.149616    
  2.836978     -4.625479    
  2.839377     -4.030447    
  2.839464     -4.151348    
  2.842740     -4.181040    
  2.845992     -4.182740    
  2.846054     -4.181887    
  2.846141     -4.181979    
  2.846320     -4.182116    
  2.846407     -4.182020    
  2.846929     -4.182698    
  2.847016     -4.183501    
  2.850284     -4.191255    
  2.850371     -4.192195    
  2.851107     -4.192089    
  2.851194     -4.192227    
  2.851272     -4.192208    
  2.851359     -4.192170    
  2.851605     -4.192125    
  2.851692     -4.192349    
  2.852969     -4.196681    
  2.853056     -4.214658    
  2.856721     -4.246985    
  2.856808     -4.217380    
  2.860014     -4.234542    
  2.863196     -4.220766    
  2.863283     -4.230279    
  2.866961     -4.230847    
  2.867048     -4.241057    
  2.867158     -4.234241    
  2.871477     -4.258095    
  2.871560     -4.248612    
  2.871647     -4.251280    
  2.874394     -4.323812    
  2.877123     -4.316457    
  2.877210     -4.368659    
  2.879769     -4.243915    
  2.882313     -4.267167    
  2.882400     -4.267453    
  2.882670     -4.270452    
  2.882757     -5.112300    
  2.885337     -4.724899    
  2.885423     -4.210472    
  2.886380     -4.143084    
  2.886467     -4.161785    
  2.886654     -4.177993    
  2.886741     -4.166813    
  2.889314     -4.621275    
  2.889401     -4.380538    
  2.891964     -4.244824    
  2.892051     -4.323832    
  2.893704     -4.271788    
  2.893791     -4.279664    
  2.894071     -4.280310    
  2.894158     -4.280819    
  2.895095     -4.281858    
  2.895182     -4.281358    
  2.896767     -4.285398    
  2.896854     -4.285756    
  2.897787     -4.288845    
  2.897874     -4.297440    
  2.900589     -4.364317    
  2.900676     -4.297041    
  2.902856     -4.297309    
  2.905026     -4.309007    
  2.905113     -4.349592    
  2.908098     -4.308127    
  2.908185     -4.309807    
  2.908477     -4.310460    
  2.908564     -4.310112    
  2.910090     -4.313969    
  2.910176     -4.314186    
  2.913363     -4.312336    
  2.916527     -4.424851    
  2.916614     -4.453214    
  2.916785     -4.404269    
  2.916872     -4.381995    
  2.917171     -4.340809    
  2.917258     -4.332543    
  2.919518     -4.336608    
  2.921765     -4.337850    
  2.921852     -4.339926    
  2.925029     -4.345881    
  2.925116     -4.346823    
  2.925941     -4.349441    
  2.926028     -4.349471    
  2.927554     -4.351109    
  2.927641     -4.351509    
  2.927950     -4.354008    
  2.928037     -4.353322    
  2.928671     -4.366595    
  2.928758     -4.370789    
  2.929127     -4.366821    
  2.929213     -4.364496    
  2.929524     -4.359466    
  2.929611     -4.359051    
  2.930245     -4.358227    
  2.930332     -4.358187    
  2.930604     -4.358278    
  2.930691     -4.358391    
  2.930963     -4.359607    
  2.931050     -4.359351    
  2.934646     -4.371041    
  2.934733     -4.370834    
  2.936807     -4.375311    
  2.936894     -4.373322    
  2.937412     -4.375687    
  2.937499     -4.377156    
  2.937612     -4.381419    
  2.939332     -4.377719    
  2.939418     -4.381482    
  2.941608     -4.382211    
  2.943787     -4.393792    
  2.943874     -4.390246    
  2.945266     -4.395538    
  2.945353     -4.393975    
  2.946273     -4.395025    
  2.946360     -4.395736    
  2.946687     -4.397347    
  2.946774     -4.397012    
  2.949036     -4.404584    
  2.951287     -4.408394    
  2.951374     -4.418234    
  2.953319     -4.408239    
  2.953406     -4.416529    
  2.953750     -4.478511    
  2.953837     -4.474577    
  2.955739     -4.397441    
  2.955826     -4.417123    
  2.956162     -4.426470    
  2.956249     -4.429376    
  2.957620     -4.434255    
  2.957703     -4.433184    
  2.957790     -4.422867    
  2.959196     -4.444573    
  2.959269     -4.488021    
  2.959356     -4.498091    
  2.959520     -4.497618    
  2.959575     -4.492033    
  2.959642     -4.486380    
  2.959729     -4.479130    
  2.959839     -4.469550    
  2.959926     -4.454331    
  2.960694     -4.430810    
  2.960781     -4.438239    
  2.961122     -4.362957    
  2.961209     -4.231372    
  2.965318     -4.675148    
  2.965405     -5.054245    
  2.969227     -4.180810    
  2.969314     -4.352909    
  2.972533     -4.304281    
  2.975728     -4.314330    
  2.975815     -4.375042    
  2.976166     -4.302745    
  2.976253     -4.208889    
  2.979351     -4.579094    
  2.982423     -4.333519    
  2.982509     -4.199337    
  2.982872     -4.354365    
  2.982959     -4.288558    
  2.987037     -4.326239    
  2.991078     -4.419630    
  2.995081     -4.527450    
  2.999047     -4.422011    
  3.002978     -4.442229    
  3.006874     -4.427203    
  3.010734     -4.472645    
  3.014561     -4.363235    
  3.018354     -4.400974    
  3.022115     -4.382637    
  3.025843     -4.352792    
  3.029540     -4.372594    
  3.033205     -4.416972    
  3.036840     -4.496987    
  3.040444     -4.438143    
  3.044019     -4.415811    
  3.044106     -4.514272    
  3.046417     -4.443591    
  3.046504     -4.419628    
  3.047266     -4.432956    
  3.047353     -4.440747    
  3.050503     -4.474978    
  3.053630     -4.468952    
  3.056735     -4.570453    
  3.059819     -4.481315    
  3.062880     -4.489068    
  3.065920     -4.495245    
  3.068939     -4.604960    
  3.071937     -4.472377    
  3.072024     -4.480757    
  3.074515     -4.563588    
  3.074602     -4.637354    
  3.078033     -4.546815    
  3.081436     -4.522149    
  3.084813     -4.716268    
  3.088164     -4.444806    
  3.088251     -4.582134    
  3.089222     -4.613572    
  3.089309     -4.725462    
  3.091849     -4.598611    
  3.091936     -4.675253    
  3.095352     -5.012766    
  3.095438     -4.467815    
  3.097710     -4.605942    
  3.099969     -4.678276    
  3.100056     -4.628619    
  3.102791     -4.647542    
  3.105509     -4.691854    
  3.105596     -4.724223    
  3.108813     -4.696995    
  3.112005     -4.657974    
  3.112092     -4.637481    
  3.114687     -4.761859    
  3.114774     -4.674821    
  3.116978     -4.684589    
  3.117065     -4.698071    
  3.118223     -4.783908    
  3.118310     -4.757140    
  3.120853     -4.711027    
  3.123381     -4.791613    
  3.123468     -4.743264    
  3.125997     -4.755782    
  3.126084     -4.658459    
  3.127687     -4.735706    
  3.127774     -4.710758    
  3.129225     -4.668070    
  3.129312     -4.669077    
  3.132455     -4.724418    
  3.135577     -4.883161    
  3.135664     -4.877031    
  3.136182     -4.788413    
  3.136269     -4.717196    
  3.138696     -4.954816    
  3.141109     -4.757858    
  3.141196     -4.740675    
  3.144101     -4.894440    
  3.144188     -4.766277    
  3.144956     -4.740492    
  3.145043     -4.787400    
  3.146758     -4.854470    
  3.146845     -4.906298    
  3.147795     -4.839963    
  3.147882     -4.894492    
  3.148729     -4.929408    
  3.148816     -5.161642    
  3.150639     -4.778702    
  3.150726     -4.781475    
  3.151276     -4.761740    
  3.151363     -4.758975    
  3.153068     -4.950719    
  3.153155     -4.871898    
  3.153381     -4.872664    
  3.153434     -4.881239    
  3.153521     -4.894484    
  3.155016     -4.737816    
  3.155103     -4.790821    
  3.156074     -5.059526    
  3.156161     -4.805482    
  3.160418     -4.878178    
  3.164633     -4.955076    
  3.164720     -4.896492    
  3.165979     -4.957579    
  3.166066     -4.903743    
  3.169710     -4.871912    
  3.173324     -4.800831    
  3.176908     -4.845162    
  3.180463     -4.835329    
  3.180550     -4.834734    
  3.181960     -4.845692    
  3.182047     -4.858241    
  3.184770     -4.854018    
  3.187477     -4.879907    
  3.187564     -4.846149    
  3.188338     -4.853628    
  3.188425     -4.877692    
  3.189356     -4.871405    
  3.189443    -100.00000    
  3.192224     -4.946723    
  3.192311     -4.755389    
  3.194885     -4.872104    
  3.194972     -4.922348    
  3.196916     -4.882668    
  3.197003     -4.888236    
  3.200855     -4.912677    
  3.204674     -4.912780    
  3.204761     -4.926558    
  3.207365     -4.918787    
  3.207452     -4.918507    
  3.209994     -4.965542    
  3.212521     -4.947121    
  3.215033     -5.179806    
  3.217531     -4.680668    
  3.217618     -4.857459    
  3.218164     -4.916484    
  3.218251     -4.940826    
  3.222514     -4.971563    
  3.226736     -4.981486    
  3.230917     -5.007044    
  3.235058     -5.194877    
  3.239160     -4.928274    
  3.243224     -5.078638    
  3.247249     -5.042540    
  3.251238     -5.057895    
  3.251325     -5.058241    
  3.255235     -5.073727    
  3.259111     -5.090255    
  3.262951     -5.097827    
  3.266759     -5.109705    
  3.270533     -5.127737    
  3.274275     -5.135369    
  3.277984     -5.162673    
  3.281662     -5.161323    
  3.281749     -5.160864    
  3.285833     -5.176604    
  3.285920     -5.180865    
  3.289028     -5.185122    
  3.289115     -5.185708    
  3.292150     -5.200554    
  3.295165     -5.207890    
  3.298158     -5.218333    
  3.301132     -5.228225    
  3.301219     -5.228460    
  3.305074     -5.241922    
  3.305161     -5.242158    
  3.305985     -5.244998    
  3.306072     -5.244954    
  3.306887     -5.249114    
  3.306974     -5.266859    
  3.309850     -5.253392    
  3.309937     -5.258879    
  3.310624     -5.261108    
  3.310710     -5.261206    
  3.311825     -5.265775    
  3.311912     -5.266227    
  3.312012     -5.266568    
  3.312099     -5.270879    
  3.314648     -5.249622    
  3.317181     -5.257356    
  3.319700     -5.290322    
  3.322204     -5.296998    
  3.324695     -5.333284    
  3.327170     -5.308336    
  3.329632     -5.315220    
  3.332080     -5.338396    
  3.334514     -5.329488    
  3.336935     -5.356913    
  3.339342     -5.325221    
  3.341736     -5.373050    
  3.344117     -5.359915    
  3.346485     -5.393941    
  3.348840     -5.359490    
  3.351182     -5.380625    
  3.351269     -5.377229    
  3.355367     -5.408730    
  3.359427     -5.421085    
  3.363449     -5.440244    
  3.367434     -5.429871    
  3.367521     -5.437874    
  3.370066     -5.445690    
  3.372596     -5.460125    
  3.375111     -5.464612    
  3.377612     -5.473566    
  3.377699     -5.500432    
  3.380754     -5.516384    
  3.383787     -5.497098    
  3.386800     -5.506247    
  3.389792     -5.517344    
  3.389879     -5.517437    
  3.392466     -5.525963    
  3.395039     -5.534416    
  3.395126     -5.534943    
  3.397959     -5.545485    
  3.398046     -5.545116    
  3.398416     -5.546437    
  3.398503     -5.545646    
  3.400855     -5.558493    
  3.400942     -5.651898    
  3.402428     -5.556075    
  3.402515     -5.562477    
  3.405655     -5.575099    
  3.408773     -5.593460    
  3.411869     -5.592987    
  3.414942     -5.605478    
  3.415029     -5.605995    
  3.419186     -5.620725    
  3.423303     -5.636254    
  3.427382     -5.650124    
  3.431422     -5.666119    
  3.431509     -5.666446    
  3.434904     -5.663223    
  3.438273     -5.723351    
  3.441616     -5.695573    
  3.444934     -5.713527    
  3.445021     -5.713765    
  3.447484     -5.722706    
  3.449934     -5.731453    
  3.450021     -5.731795    
  3.452474     -5.740721    
  3.454914     -5.749467    
  3.455001     -5.749264    
  3.458672     -5.764519    
  3.462313     -5.776049    
  3.465924     -5.788893    
  3.469505     -5.799647    
  3.469592     -5.802418    
  3.469843     -5.803529    
  3.469930     -5.803759    
  3.471179     -5.808891    
  3.471266     -5.808789    
  3.474100     -5.819113    
  3.474187     -5.819605    
  3.476423     -5.829891    
  3.478648     -5.832450    
  3.480861     -5.843886    
  3.483063     -5.851557    
  3.483150     -5.851978    
  3.485959     -5.861622    
  3.488749     -5.874284    
  3.491522     -5.881888    
  3.494277     -5.892482    
  3.494364     -5.893004    
  3.496766     -5.893934    
  3.499154     -5.911236    
  3.501530     -5.918565    
  3.503893     -5.929028    
  3.506243     -5.936653    
  3.508580     -5.923502    
  3.510905     -5.953702    
  3.513217     -5.961766    
  3.513304     -5.962089    
  3.515963     -5.971699    
  3.518606     -5.980766    
  3.521233     -5.993520    
  3.523845     -6.002682    
  3.526440     -6.007401    
  3.529020     -6.026786    
  3.531585     -6.029068    
  3.534135     -6.038531    
  3.534222     -6.038856    
  3.536649     -6.047803    
  3.539062     -6.058740    
  3.541462     -6.108631    
  3.543849     -6.088517    
  3.543936     -6.049372    
  3.547053     -6.090916    
  3.550148     -6.097677    
  3.550235     -6.097858    
  3.552940     -6.108003    
  3.555627     -6.117753    
  3.555714     -6.118182    
  3.556728     -6.121788    
  3.556815     -6.122412    
  3.558846     -6.129215    
  3.558933     -6.129463    
  3.559110     -6.130317    
  3.559197     -6.130775    
  3.560851     -6.137019    
  3.560938     -6.137266    
  3.561019     -6.137569    
  3.561106     -6.137903    
  3.561368     -6.138962    
  3.561455     -6.139347    
  3.561549     -6.139767    
  3.561702     -6.140396    
  3.561789     -6.140693    
  3.561899     -6.141014    
  3.561986     -6.141243    
  3.562293     -6.140949    
  3.565681     -6.122584    
  3.565768     -6.129855    
  3.568672     -6.160827    
  3.571556     -6.165926    
  3.574422     -6.183069    
  3.577268     -6.194981    
  3.580096     -6.195402    
  3.582906     -6.194757    
  3.585698     -6.225817    
  3.588471     -6.215046    
  3.591228     -6.257622    
  3.593966     -6.231166    
  3.596688     -6.247537    
  3.599393     -6.277116    
  3.602081     -6.263265    
  3.604752     -6.279903    
  3.607407     -6.320511    
  3.610046     -6.173337    
  3.610133     -6.242166    
  3.612394     -6.300093    
  3.614642     -6.345903    
  3.616880     -6.314155    
  3.619105     -6.326657    
  3.621319     -6.335093    
  3.623523     -6.346597    
  3.625715     -6.358690    
  3.627896     -6.360111    
  3.627982     -6.359762    
  3.630428     -6.368648    
  3.632092     -6.374930    
  3.636162     -6.389022    
  3.640195     -6.418281    
  3.644191     -6.423727    
  3.644278     -6.419619    
  3.646967     -6.429914    
  3.649640     -6.439968    
  3.652297     -6.445081    
  3.654938     -6.463016    
  3.655025     -6.469035    
  3.657211     -6.476519    
  3.659385     -6.523512    
  3.659472     -6.478244    
  3.663615     -6.475043    
  3.663702     -6.511030    
  3.666466     -6.504126    
  3.669212     -6.525904    
  3.671940     -6.301363    
  3.674652     -6.543166    
  3.677347     -6.542853    
  3.680026     -6.558236    
  3.682687     -6.560843    
  3.685333     -6.572013    
  3.685420     -6.571204    
  3.688862     -6.587154    
  3.688948     -6.561389    
  3.690731     -6.593461    
  3.690818     -6.590136    
  3.691459     -6.593830    
  3.691546     -6.593762    
  3.694812     -6.606249    
  3.694898     -6.607391    
  3.695365     -6.609287    
  3.695452     -6.609639    
  3.695518     -6.609893    
  3.695605     -6.610245    
  3.698701     -6.621655    
  3.701776     -6.633024    
  3.704828     -6.643282    
  3.707860     -6.655815    
  3.710870     -6.666909    
  3.712650     -6.672055    
  3.713860     -6.677498    
  3.716830     -6.691556    
  3.719779     -6.699605    
  3.719866     -6.699985    
  3.723198     -6.712346    
  3.726504     -6.724440    
  3.729786     -6.737019    
  3.733043     -6.749320    
  3.733130     -6.748543    
  3.735507     -6.768658    
  3.737872     -6.768152    
  3.740223     -6.776030    
  3.742563     -6.784750    
  3.744889     -6.793398    
  3.747203     -6.802022    
  3.749505     -6.810618    
  3.751794     -6.819129    
  3.751881     -6.819454    
  3.755217     -6.831899    
  3.755304     -6.832217    
  3.755522     -6.833026    
  3.755609     -6.833897    
  3.758467     -6.840929    
  3.761306     -6.850006    
  3.764127     -6.847577    
  3.766929     -6.861562    
  3.769713     -6.886359    
  3.772480     -6.894472    
  3.775229     -6.906223    
  3.777961     -6.916741    
  3.778048     -6.919022    
  3.778151     -6.916807    
  3.781161     -6.928351    
  3.784252     -6.940481    
  3.787320     -6.950393    
  3.790368     -6.961457    
  3.793394     -6.967914    
  3.796399     -6.977782    
  3.799384     -6.973497    
  3.802348     -7.015899    
  3.802435     -7.005236    
  3.806009     -7.019019    
  3.806096     -6.999689    
  3.809815     -7.044878    
  3.809902     -7.033278    
  3.811377     -7.038004    
  3.811464     -7.038054    
  3.811517     -7.037998    
  3.811568     -7.037907    
  3.811655     -7.037161    
  3.814154     -7.047341    
  3.816638     -7.091666    
  3.819108     -6.846355    
  3.821564     -7.117086    
  3.821651     -7.072605    
  3.825835     -7.072354    
  3.829979     -7.108687    
  3.834084     -7.123678    
  3.838150     -7.138809    
  3.838237     -7.143255    
  3.840994     -7.152252    
  3.843735     -7.159817    
  3.846458     -7.169884    
  3.849164     -7.179796    
  3.851853     -7.254060    
  3.854526     -6.969012    
  3.857182     -7.237950    
  3.859823     -7.212580    
  3.859910     -7.220120    
  3.862754     -7.230738    
  3.865581     -7.241344    
  3.868389     -7.252488    
  3.871179     -7.259581    
  3.871266     -7.254983    
  3.873695     -7.273034    
  3.876111     -7.280771    
  3.878513     -7.290057    
  3.880902     -7.297738    
  3.880989     -7.308834    
  3.884377     -7.311431    
  3.887739     -7.317339    
  3.891076     -7.337169    
  3.894387     -7.349249    
  3.894474     -7.349666    
  3.898660     -7.365261    
  3.898747     -7.365508    
  3.902078     -7.378331    
  3.905384     -7.388806    
  3.905471     -7.383808    
  3.908472     -7.404540    
  3.908559     -7.402418    
  3.912193     -7.416018    
  3.912280     -7.416180    
  3.913068     -7.418023    
  3.913155     -7.418399    
  3.913273     -7.418925    
  3.913714     -7.421452    
  3.913769     -7.421717    
  3.913842     -7.422063    
  3.913889     -7.422268    
  3.913972     -7.422625    
  3.914081     -7.423065    
  3.914168     -7.424741    
  3.916915     -7.427920    
  3.917002     -7.435882    
  3.919240     -7.434215    
  3.921466     -7.451145    
  3.923680     -7.438741    
  3.925884     -7.466313    
  3.928076     -7.474184    
  3.930258     -7.482857    
  3.934588     -7.498309    
  3.938875     -7.516070    
  3.943121     -7.531218    
  3.947325     -7.545612    
  3.951490     -7.564159    
  3.955614     -7.578410    
  3.959700     -7.591380    
  3.963748     -7.606827    
  3.967758     -7.622695    
  3.971732     -7.625663    
  3.975669     -7.650839    
  3.979571     -7.667237    
  3.983439     -7.677133    
  3.983526     -7.680830    
  3.987126     -7.694770    
  3.990697     -7.710219    
  3.994239     -7.720602    
  3.997752     -7.732858    
  3.997838     -7.730925    
  4.000147     -7.744275    
  4.002444     -7.751855    
  4.004728     -7.797185    
  4.007001     -7.481884    
  4.009262     -7.796508    
  4.011511     -7.786797    
  4.013748     -7.794717    
  4.015974     -7.802980    
  4.018189     -7.812848    
  4.020392     -7.817661    
  4.022585     -7.828205    
  4.024766     -7.835936    
  4.029096     -7.852180    
  4.033383     -7.867711    
  4.033470     -7.865679    
  4.034774     -7.881744    
  4.034861     -7.870357    
  4.038126     -7.886257    
  4.041367     -7.875480    
  4.044585     -7.911427    
  4.047778     -7.921774    
  4.047865     -7.922681    
  4.051277     -7.935558    
  4.054632     -7.947538    
  4.057962     -7.960063    
  4.061267     -7.973055    
  4.061354     -7.973922    
  4.065579     -7.957472    
  4.069764     -7.993699    
  4.073909     -8.020803    
  4.078015     -8.035348    
  4.078102     -8.041094    
  4.080241     -8.047024    
  4.080328     -8.044449    
  4.080857     -8.046384    
  4.080944     -8.046715    
  4.081009     -8.046969    
  4.081054     -8.047296    
  4.082194     -8.052303    
  4.082281     -8.051321    
  4.084738     -8.061111    
  4.087181     -8.070271    
  4.089611     -8.078992    
  4.092028     -8.088131    
  4.094430     -8.097455    
  4.096820     -8.106267    
  4.099197     -8.113461    
  4.101560     -8.123229    
  4.101647     -8.124152    
  4.104844     -8.137077    
  4.108018     -8.113225    
  4.111169     -8.107500    
  4.114297     -8.179704    
  4.117403     -8.183403    
  4.120486     -8.197534    
  4.123548     -8.205418    
  4.126589     -8.217598    
  4.129608     -8.228090    
  4.132606     -8.240081    
  4.135584     -8.250703    
  4.138542     -8.253110    
  4.141479     -8.272683    
  4.144397     -8.284130    
  4.147296     -8.293732    
  4.150175     -8.305252    
  4.150262     -8.306010    
  4.153103     -8.316820    
  4.155926     -8.327005    
  4.156013     -8.320834    
  4.158103     -8.335295    
  4.158190     -8.335537    
  4.161727     -8.349165    
  4.161814     -8.349390    
  4.163762     -8.356651    
  4.163849     -8.356988    
  4.163959     -8.357399    
  4.164046     -8.357509    
  4.166389     -8.367939    
  4.168720     -8.381884    
  4.171039     -8.341851    
  4.173345     -8.395616    
  4.175640     -8.398945    
  4.177922     -8.411356    
  4.180192     -8.417199    
  4.182450     -8.438864    
  4.184697     -8.434612    
  4.186932     -8.443193    
  4.189156     -8.451890    
  4.191369     -8.460484    
  4.193570     -8.466262    
  4.195760     -8.478294    
  4.197939     -8.472116    
  4.200107     -8.493475    
  4.204411     -8.508894    
  4.208673     -8.520711    
  4.212894     -8.543047    
  4.217074     -8.548464    
  4.221214     -8.570702    
  4.225315     -8.585183    
  4.229377     -8.589038    
  4.233402     -8.618669    
  4.233489     -8.614406    
  4.235773     -8.626366    
  4.238044     -8.634983    
  4.240303     -8.632573    
  4.242551     -8.643399    
  4.244787     -8.659319    
  4.247012     -8.667670    
  4.249225     -8.671998    
  4.251427     -8.681141    
  4.251514     -8.683859    
  4.255198     -8.697747    
  4.258852     -8.709484    
  4.262474     -8.710495    
  4.266067     -8.738585    
  4.266154     -8.737984    
  4.268659     -8.771550    
  4.271149     -8.516449    
  4.273626     -8.474799    
  4.276088     -8.638207    
  4.278536     -8.787564    
  4.280971     -8.793273    
  4.283392     -8.801611    
  4.285800     -8.810939    
  4.288194     -8.827025    
  4.290575     -8.779414    
  4.292943     -8.846694    
  4.295299     -8.845672    
  4.297641     -8.854431    
  4.299971     -8.863169    
  4.302289     -8.871917    
  4.304595     -8.879865    
  4.306888     -8.888259    
  4.309169     -8.896599    
  4.311438     -8.893274    
  4.313695     -8.913918    
  4.315941     -8.922646    
  4.318175     -8.930025    
  4.320398     -8.940238    
  4.322610     -8.943169    
  4.324810     -8.952493    
  4.326999     -8.945268    
  4.329177     -8.964846    
  4.331345     -8.976769    
  4.335647     -8.959684    
  4.339907     -8.994678    
  4.339994     -8.981445    
  4.343342     -8.996728    
  4.346664     -9.030756    
  4.349961     -9.045134    
  4.353233     -9.058622    
  4.353320     -9.060659    
  4.356074     -9.059781    
  4.356161     -9.064238    
  4.357582     -9.072937    
  4.357669     -9.072605    
  4.357779     -9.073031    
  4.357865     -9.073114    
  4.360696     -9.086483    
  4.363507     -9.097228    
  4.366301     -9.097783    
  4.369077     -9.116990    
  4.371835     -9.097587    
  4.374576     -9.141265    
  4.377300     -9.141314    
  4.380006     -9.156039    
  4.382696     -9.164101    
  4.385369     -9.173659    
  4.388026     -9.183606    
  4.390667     -9.192040    
  4.393292     -9.194333    
  4.395901     -9.213582    
  4.398495     -9.217700    
  4.401073     -9.233706    
  4.403636     -9.235648    
  4.406183     -9.250034    
  4.408716     -9.260420    
  4.411235     -9.247323    
  4.413739     -9.278910    
  4.416228     -9.288168    
  4.418703     -9.302992    
  4.421164     -9.142299    
  4.423612     -9.326676    
  4.426045     -9.323284    
  4.428465     -9.315777    
  4.430872     -9.341544    
  4.433266     -9.331394    
  4.435646     -9.355069    
  4.438013     -9.364531    
  4.440368     -9.372896    
  4.440455     -9.373041    
  4.442834     -9.363934    
  4.445201     -9.393217    
  4.445288     -9.391065    
  4.447569     -9.399878    
  4.449839     -9.417324    
  4.452097     -9.291807    
  4.454343     -9.407117    
  4.456578     -9.432545    
  4.458801     -9.427970    
  4.461013     -9.414541    
  4.463213     -9.455715    
  4.465403     -9.462692    
  4.467581     -9.472033    
  4.471906     -9.482211    
  4.476188     -9.501278    
  4.480428     -9.458989    
  4.512937     -9.625086    
  4.513024     -9.631091    
  4.514610     -9.636684    
  4.514697     -9.636976    
  4.515945     -9.641424    
  4.516032     -9.641773    
  4.516141     -9.642207    
  4.516228     -9.639747    
  4.585469     -9.875912    
  4.585556     -9.853290    
  4.648489     -10.08134    
  4.648576     -10.07685    
  4.649548     -10.09131    
  4.649635     -10.09520    
  4.649838     -10.09926    
  4.649925     -10.10068    
  4.650035     -10.10234    
  4.650122     -10.07002    
  4.709765     -10.28146    
  4.709852     -10.30186    
  4.765753     -10.48633    
  4.765822     -10.50304    
  4.765909     -10.50363    
  4.766019     -10.50465    
  4.766106     -10.48556    
  4.818480     -10.68167    
  4.818567     -10.65692    
  4.868094     -10.80094    
  4.868152     -10.84085    
  4.868214     -10.84096    
  4.868324     -10.84194    
  4.868411     -10.68865    
  4.915089     -11.07026    
  4.915176     -10.99659    
  4.959449     -11.12509    
  4.959536     -11.13637    
  4.959642     -11.13437    
  4.959729     -11.13274    
  4.959839     -11.12991    
  4.959925     -11.12126    
  5.002021     -11.21726    
  5.002108     -11.27224    
  5.041986     -11.39596    
  5.042072     -11.40293    
  5.042428     -11.40280    
  5.042515     -11.40290    
  5.042624     -11.40302    
  5.042711     -11.37306    
  5.081038     -11.51735    
  5.081125     -11.44569    
  5.117569     -11.62883    
  5.117655     -11.63807    
  5.118005     -11.63610    
  5.118092     -11.62547    
  5.118201     -11.61056    
  5.118288     -11.53528    
  5.153462     -11.78886    
  5.153549     -11.74163    
  5.187204     -11.85096    
  5.187290     -11.83939    
  5.187529     -11.84211    
  5.187616     -11.84298    
  5.187725     -11.84399    
  5.187812     -11.83326    
  5.251180     -12.00222    
  5.251266     -12.03996    
  5.251931     -12.04350    
  5.252018     -12.04451    
  5.252095     -12.04509    
  5.252182     -12.02377    
  5.311750     -12.18559    
  5.311837     -12.23675    
  5.311944     -12.23807    
  5.312021     -12.23891    
  5.312108     -12.23389    
  5.368079     -12.33980    
  5.368165     -12.38243    
  5.420736     -12.54818    
  5.420823     -12.52396    
  5.470384     -12.64185    
  5.470471     -12.67693    
  5.517346     -12.83712    
  5.517433     -12.80673    
  5.561899     -12.95608    
  5.561985     -12.95606    
  5.604277     -13.04242    
  5.604364     -13.08748    
  5.644684     -13.18227    
  5.644771     -13.19494    
  6.101351     -14.48700    
  6.318972     -15.10531    
  6.571403     -15.82224    
  6.845929     -16.60524    
  7.133075     -17.42762    
  7.426993     -18.28211    
  7.724423     -19.17417    
  8.023641     -20.14062    
  8.323763     -21.27990    
  8.624338     -22.98871    
  8.925140    -100.00000    
