 0.6989700    -100.00000    
 0.7247828    -100.00000    
 0.7491470    -100.00000    
 0.7722168    -100.00000    
 0.7941226    -100.00000    
 0.8348744    -100.00000    
 0.8721282     -116.8947    
 0.9064373     -114.7719    
 0.9382333     -114.4073    
 0.9678594     -114.4434    
 0.9955930     -114.9805    
  1.021661     -115.5914    
  1.046253     -116.6323    
  1.069527     -117.3026    
  1.091616     -118.0645    
  1.132686     -119.1328    
  1.170205    -100.00000    
  1.204739    -100.00000    
  1.236728    -100.00000    
  1.266522    -100.00000    
  1.294403    -100.00000    
  1.320601     -111.7237    
  1.345308    -100.00000    
  1.368685    -100.00000    
  1.390867    -100.00000    
  1.390954     -105.3409    
  1.416604    -100.00000    
  1.416691     -83.83814    
  1.442990    -100.00000    
  1.443077     -77.74645    
  1.465932    -100.00000    
  1.466019     -78.95895    
  1.485843    -100.00000    
  1.485930     -80.18100    
  1.517406    -100.00000    
  1.546755     -82.65330    
  1.546842     -82.03118    
  1.576102     -83.32331    
  1.576189    -100.00000    
  1.604747     -79.60099    
  1.604834    -100.00000    
  1.638223    -100.00000    
  1.669228    -100.00000    
  1.698166    -100.00000    
  1.725295     -59.50052    
  1.725382     -60.10316    
  1.731758     -58.23005    
  1.731845    -100.00000    
  1.759983    -100.00000    
  1.786409     -51.45109    
  1.786495    -100.00000    
  1.816265    -100.00000    
  1.844125     -45.34868    
  1.844212     -42.68664    
  1.873424    -100.00000    
  1.873511     -39.04945    
  1.905821    -100.00000    
  1.905908    -100.00000    
  1.913955    -100.00000    
  1.914042     -37.29989    
  1.926709    -100.00000    
  1.926796    -100.00000    
  1.927461    -100.00000    
  1.927548     -33.82948    
  1.962158     -31.57689    
  1.994212    -100.00000    
  1.994299    -100.00000    
  1.996552    -100.00000    
  1.996639    -100.00000    
  1.997939    -100.00000    
  1.998026    -100.00000    
  2.007421    -100.00000    
  2.007508     -28.89066    
  2.028108    -100.00000    
  2.028195     -26.55662    
  2.061043    -100.00000    
  2.061130     -24.35021    
  2.097304    -100.00000    
  2.097391    -100.00000    
  2.101519    -100.00000    
  2.101605    -100.00000    
  2.102584    -100.00000    
  2.102671    -100.00000    
  2.106101    -100.00000    
  2.106187    -100.00000    
  2.111508    -100.00000    
  2.111595    -100.00000    
  2.111941    -100.00000    
  2.112028    -100.00000    
  2.126973    -100.00000    
  2.127060    -100.00000    
  2.127658    -100.00000    
  2.127745    -100.00000    
  2.137486    -100.00000    
  2.137573    -100.00000    
  2.149371    -100.00000    
  2.149458    -100.00000    
  2.156741    -100.00000    
  2.156827    -100.00000    
  2.158960    -100.00000    
  2.159047    -100.00000    
  2.177604    -100.00000    
  2.177690    -100.00000    
  2.181731    -100.00000    
  2.181818    -100.00000    
  2.188445    -100.00000    
  2.188532    -100.00000    
  2.204170    -100.00000    
  2.204257    -100.00000    
  2.211100    -100.00000    
  2.217837    -100.00000    
  2.217924    -100.00000    
  2.218030    -100.00000    
  2.218315    -100.00000    
  2.218402    -100.00000    
  2.218688    -100.00000    
  2.218775    -100.00000    
  2.226808    -100.00000    
  2.234695    -100.00000    
  2.234781    -100.00000    
  2.239617    -100.00000    
  2.239704    -100.00000    
  2.245345    -100.00000    
  2.245432    -100.00000    
  2.250721    -100.00000    
  2.250808    -100.00000    
  2.253696    -100.00000    
  2.253782    -100.00000    
  2.257129    -100.00000    
  2.260450    -100.00000    
  2.263745    -100.00000    
  2.267016    -100.00000    
  2.267103    -100.00000    
  2.270490    -100.00000    
  2.270577    -100.00000    
  2.271628    -100.00000    
  2.271715    -100.00000    
  2.275818    -100.00000    
  2.275905    -100.00000    
  2.277893    -100.00000    
  2.279873    -100.00000    
  2.281843    -100.00000    
  2.283804    -100.00000    
  2.283891    -100.00000    
  2.286288    -100.00000    
  2.286375    -100.00000    
  2.286786    -100.00000    
  2.286873    -100.00000    
  2.289459    -100.00000    
  2.292031    -100.00000    
  2.294586    -100.00000    
  2.297128    -100.00000    
  2.297214    -100.00000    
  2.297982    -100.00000    
  2.298069    -100.00000    
  2.300085    -100.00000    
  2.302092    -100.00000    
  2.304090    -100.00000    
  2.306078    -100.00000    
  2.306165    -100.00000    
  2.308268    -100.00000    
  2.309316    -100.00000    
  2.310361    -100.00000    
  2.311404    -100.00000    
  2.312444    -100.00000    
  2.313482    -100.00000    
  2.314517    -100.00000    
  2.314604    -100.00000    
  2.315597    -100.00000    
  2.315684    -100.00000    
  2.316612    -100.00000    
  2.317538    -100.00000    
  2.318463    -100.00000    
  2.319385    -100.00000    
  2.320305    -100.00000    
  2.321224    -100.00000    
  2.322140    -100.00000    
  2.323055    -100.00000    
  2.323141    -100.00000    
  2.324295    -100.00000    
  2.325445    -100.00000    
  2.326592    -100.00000    
  2.327736    -100.00000    
  2.327823    -100.00000    
  2.328799    -100.00000    
  2.329773    -100.00000    
  2.330745    -100.00000    
  2.331714    -100.00000    
  2.331801    -100.00000    
  2.333101    -100.00000    
  2.333188    -100.00000    
  2.334187    -100.00000    
  2.335184    -100.00000    
  2.336179    -100.00000    
  2.337171    -100.00000    
  2.338161    -100.00000    
  2.339149    -100.00000    
  2.340135    -100.00000    
  2.341118    -100.00000    
  2.341205    -100.00000    
  2.341283    -100.00000    
  2.341370    -100.00000    
  2.341472    -100.00000    
  2.342320    -100.00000    
  2.343166    -100.00000    
  2.344011    -100.00000    
  2.344853    -100.00000    
  2.344940    -100.00000    
  2.345621    -100.00000    
  2.346301    -100.00000    
  2.346979    -100.00000    
  2.347657    -100.00000    
  2.348333    -100.00000    
  2.349009    -100.00000    
  2.349683    -100.00000    
  2.350356    -100.00000    
  2.350443    -100.00000    
  2.351331    -100.00000    
  2.352217    -100.00000    
  2.352659    -100.00000    
  2.353101    -100.00000    
  2.353542    -100.00000    
  2.353983    -100.00000    
  2.354070    -100.00000    
  2.354511    -100.00000    
  2.354951    -100.00000    
  2.355390    -100.00000    
  2.355830    -100.00000    
  2.356269    -100.00000    
  2.356707    -100.00000    
  2.357145    -100.00000    
  2.357582    -100.00000    
  2.357669    -100.00000    
  2.376702     -10.48870    
  2.376789     -10.37109    
  2.381401     -10.14252    
  2.381488     -10.23508    
  2.381574     -10.22363    
  2.381660     -10.27162    
  2.384670     -10.23629    
  2.384757     -10.83556    
  2.387126     -10.21636    
  2.387213     -10.85964    
  2.405819     -9.827081    
  2.405905     -9.696879    
  2.409345     -10.66584    
  2.409431     -9.840939    
  2.409967     -9.800253    
  2.410054     -10.18895    
  2.411501     -9.954815    
  2.411588     -9.862550    
  2.413098     -9.720391    
  2.413185     -9.801492    
  2.417228     -9.743229    
  2.417315     -8.895090    
  2.417448     -8.364265    
  2.417535     -7.922856    
  2.429911     -9.476081    
  2.429998     -8.076358    
  2.433514     -8.338425    
  2.433601     -7.728344    
  2.434762     -7.408159    
  2.434849     -7.049837    
  2.435570    -100.00000    
  2.435657     -8.080170    
  2.438099     -7.704416    
  2.438186     -7.974970    
  2.443115     -7.610366    
  2.443202     -7.458997    
  2.448046     -7.283382    
  2.448133     -7.266092    
  2.449372     -7.344655    
  2.449459     -7.837924    
  2.456026     -6.900312    
  2.456113    -100.00000    
  2.457105     -7.368911    
  2.457192     -6.860725    
  2.461170     -6.883361    
  2.461257     -7.143763    
  2.466286     -6.928254    
  2.466372    -100.00000    
  2.466976     -7.234976    
  2.467064    -100.00000    
  2.471828     -6.477130    
  2.471915     -6.644197    
  2.476442     -6.454966    
  2.476529    -100.00000    
  2.476628     -12.01067    
  2.476715     -12.76761    
  2.476977     -11.70801    
  2.477064     -6.517891    
  2.483465    -100.00000    
  2.483551     -6.948041    
  2.483824     -6.943021    
  2.483911     -6.930478    
  2.484130     -6.922683    
  2.484217     -6.563041    
  2.487220     -6.549842    
  2.490203     -6.776234    
  2.493165     -7.064009    
  2.496107     -6.430613    
  2.496194     -6.487463    
  2.500074     -6.294004    
  2.503920     -6.484080    
  2.504007     -6.764109    
  2.504069     -6.645647    
  2.504156     -6.112030    
  2.506191     -6.078010    
  2.506278     -6.257886    
  2.508598     -6.408926    
  2.510906     -7.487234    
  2.513202     -5.748498    
  2.515486     -6.253551    
  2.515573     -5.817309    
  2.515719     -5.778455    
  2.515805     -5.804664    
  2.515872     -5.849608    
  2.515959     -6.408823    
  2.516943     -5.602021    
  2.517030     -5.899657    
  2.517941     -6.665640    
  2.518028     -5.819183    
  2.521727     -6.071841    
  2.525387     -6.055932    
  2.529016     -6.020368    
  2.532615     -6.047855    
  2.532701     -6.281045    
  2.536032     -5.880537    
  2.539337     -6.042165    
  2.539424     -5.862709    
  2.543132     -6.100698    
  2.546808     -6.268606    
  2.546895     -6.069841    
  2.547329     -5.810684    
  2.547416     -5.706577    
  2.551118     -5.839945    
  2.551204     -5.593950    
  2.554808     -5.631314    
  2.558382     -5.659540    
  2.558469     -6.022917    
  2.558869     -6.043217    
  2.558956     -6.351483    
  2.562079     -6.506246    
  2.565180     -5.679399    
  2.568258     -5.349620    
  2.571315     -5.655014    
  2.571402     -5.431110    
  2.571490     -5.563852    
  2.571576     -5.714657    
  2.574740     -5.963046    
  2.577880     -5.752515    
  2.580998     -6.111722    
  2.584094     -5.878979    
  2.587168    -100.00000    
  2.590220     -5.869663    
  2.593250     -6.001055    
  2.596260     -6.061117    
  2.596347     -5.835555    
  2.597646     -6.024026    
  2.597733     -5.683998    
  2.600542     -5.367361    
  2.603333     -6.438170    
  2.603420     -6.008637    
  2.606239     -5.143656    
  2.606324     -4.963946    
  2.606411     -4.723303    
  2.607237     -6.369552    
  2.607324     -5.528059    
  2.610441     -5.205449    
  2.613536     -5.434076    
  2.616608     -4.659027    
  2.619659    -100.00000    
  2.619746     -5.471695    
  2.620859     -5.901561    
  2.620946     -5.493764    
  2.621962     -5.785390    
  2.622049     -5.213448    
  2.625471     -5.495927    
  2.625557    -100.00000    
  2.626297     -4.841871    
  2.626384     -5.061159    
  2.627024     -5.397523    
  2.627111     -5.128871    
  2.630159     -5.373032    
  2.633186     -5.175153    
  2.633273     -5.168656    
  2.633585     -4.946180    
  2.633672     -4.798418    
  2.636750     -5.266722    
  2.639805     -4.716773    
  2.642840     -4.694936    
  2.645853     -4.536729    
  2.645940     -4.607955    
  2.646436     -4.303380    
  2.646523     -4.143724    
  2.648513     -4.919014    
  2.648600     -4.746731    
  2.650581     -4.916667    
  2.650668     -4.943241    
  2.652023     -4.472874    
  2.652110     -4.179055    
  2.653758     -4.834429    
  2.653845     -4.361735    
  2.654514     -4.400001    
  2.654601     -4.577742    
  2.655848    -100.00000    
  2.655935     -5.195581    
  2.656856     -4.054979    
  2.656943     -4.226398    
  2.659789     -4.428902    
  2.659876     -4.853875    
  2.661632     -5.455052    
  2.661711     -5.401493    
  2.661798     -5.042895    
  2.662838     -4.966358    
  2.662925     -4.074874    
  2.664288     -4.184404    
  2.665620     -3.943235    
  2.666947     -4.605219    
  2.668270     -4.459494    
  2.668357     -4.157704    
  2.669554     -4.468526    
  2.670748     -4.928262    
  2.670835     -5.006377    
  2.671974     -5.257770    
  2.673109     -4.868051    
  2.674242     -4.536800    
  2.675371     -4.399155    
  2.675458    -100.00000    
  2.676606     -4.050060    
  2.677751    -100.00000    
  2.677838     -4.003690    
  2.679282     -4.593531    
  2.680721     -4.978332    
  2.682155     -4.368214    
  2.683585     -4.666820    
  2.683672     -4.904296    
  2.684694     -4.189530    
  2.685714     -5.310743    
  2.685801     -4.512957    
  2.685988     -5.005739    
  2.686075    -100.00000    
  2.686520     -4.786348    
  2.686607     -4.448864    
  2.687604     -4.823261    
  2.688599     -4.813868    
  2.688686     -4.540232    
  2.689315     -4.610371    
  2.689943     -4.672196    
  2.690571     -4.181398    
  2.691198     -4.072322    
  2.691823     -4.044136    
  2.692448    -100.00000    
  2.693072     -4.127591    
  2.693695     -4.091987    
  2.694317     -4.870023    
  2.694939     -4.146489    
  2.695559     -4.358223    
  2.696179     -4.272820    
  2.696797     -4.502518    
  2.697415     -4.056931    
  2.698032     -4.437100    
  2.698648     -3.959207    
  2.698717     -4.352286    
  2.698803     -4.997224    
  2.699142     -4.692813    
  2.699229     -4.289530    
  2.700077     -4.036507    
  2.700500     -4.342739    
  2.700923     -5.921614    
  2.701345     -4.791395    
  2.701767     -4.078413    
  2.702189     -4.052985    
  2.702610     -4.491660    
  2.702697     -5.009969    
  2.706323     -4.362710    
  2.706410     -4.270609    
  2.708352     -4.202531    
  2.708438     -4.028386    
  2.709271     -4.719992    
  2.709358     -4.195125    
  2.712230     -4.092970    
  2.712317     -4.699743    
  2.714595     -4.336532    
  2.716861     -4.560771    
  2.719116     -4.019651    
  2.721359    -100.00000    
  2.721446    -100.00000    
  2.721792     -5.617461    
  2.721879     -4.794502    
  2.725135     -4.782568    
  2.728368     -4.459091    
  2.728455     -4.634353    
  2.728556     -4.780478    
  2.728643     -4.998793    
  2.730036     -5.861629    
  2.730123     -6.051504    
  2.733067     -4.911284    
  2.735992     -4.909468    
  2.736079     -4.516687    
  2.737059     -4.425273    
  2.737146     -5.757715    
  2.740300     -4.486885    
  2.740387     -5.744484    
  2.744215     -4.573068    
  2.748009     -4.174767    
  2.751770     -4.357176    
  2.755499     -4.436296    
  2.755586     -4.261786    
  2.758474     -4.121835    
  2.758561     -4.118483    
  2.759027     -4.085750    
  2.759113    -100.00000    
  2.760747     -4.040875    
  2.760833     -4.505350    
  2.763123     -4.624916    
  2.765400     -4.293154    
  2.765487     -4.348606    
  2.765755     -4.980827    
  2.765842     -5.274572    
  2.768363     -4.397967    
  2.770870     -4.119625    
  2.773363     -4.300073    
  2.775841     -4.197992    
  2.775928     -4.521340    
  2.777541     -4.587494    
  2.777628     -4.206486    
  2.780082     -4.453715    
  2.782523     -4.195618    
  2.784950     -4.856703    
  2.787363     -4.381879    
  2.787450     -4.801883    
  2.789348     -3.856538    
  2.789435     -4.071147    
  2.792054     -4.159799    
  2.792141     -4.089385    
  2.795962     -3.869153    
  2.796049     -4.070427    
  2.798395     -4.161594    
  2.800729     -4.326754    
  2.803050     -4.183934    
  2.805359     -4.177466    
  2.807656     -3.842355    
  2.809941     -4.251509    
  2.812213     -3.921820    
  2.814474     -4.188287    
  2.814561     -3.882927    
  2.815775     -3.995045    
  2.815862     -4.139956    
  2.818570     -3.901680    
  2.818657     -3.950491    
  2.821422     -4.128028    
  2.824169     -4.148403    
  2.826900     -3.967004    
  2.829613     -3.840584    
  2.829700     -4.005764    
  2.832139     -4.095691    
  2.834565     -3.977313    
  2.836978     -4.681401    
  2.839377     -3.969914    
  2.839464     -4.066450    
  2.842740     -3.958425    
  2.845992     -3.869350    
  2.846054     -3.971813    
  2.846141     -3.984443    
  2.846320     -4.004376    
  2.846407     -4.010136    
  2.846929     -4.079173    
  2.847016     -4.108833    
  2.850284     -4.122394    
  2.850371     -4.132737    
  2.851107     -4.084435    
  2.851194     -4.136807    
  2.851272     -4.160224    
  2.851359     -4.155814    
  2.851605     -4.102222    
  2.851692     -4.082246    
  2.852969     -4.098360    
  2.853056     -4.089258    
  2.856721     -4.183016    
  2.856808     -4.192316    
  2.860014     -4.121169    
  2.863196     -4.155023    
  2.863283     -4.169273    
  2.866961     -4.194340    
  2.867048     -4.194027    
  2.867158     -4.196715    
  2.871477     -4.227835    
  2.871560     -4.225344    
  2.871647     -4.339500    
  2.874394     -4.238495    
  2.877123     -4.269149    
  2.877210     -4.201655    
  2.879769     -4.239576    
  2.882313     -4.201005    
  2.882400     -4.156810    
  2.882670     -4.600402    
  2.882757    -100.00000    
  2.885337     -3.852724    
  2.885423     -3.728469    
  2.886380     -3.819837    
  2.886467     -3.852785    
  2.886654     -3.892860    
  2.886741     -4.164316    
  2.889314     -4.687844    
  2.889401     -4.195806    
  2.891964     -3.994942    
  2.892051     -3.977858    
  2.893704     -3.940855    
  2.893791     -3.960526    
  2.894071     -3.979801    
  2.894158     -3.986610    
  2.895095     -4.095513    
  2.895182     -4.110304    
  2.896767     -4.205213    
  2.896854     -4.229131    
  2.897787     -4.234943    
  2.897874     -4.261477    
  2.900589     -4.279767    
  2.900676     -4.239986    
  2.902856     -4.240169    
  2.905026     -4.248243    
  2.905113     -4.288318    
  2.908098     -4.251506    
  2.908185     -4.257458    
  2.908477     -4.257058    
  2.908564     -4.257015    
  2.910090     -4.259918    
  2.910176     -4.260895    
  2.913363     -4.264699    
  2.916527     -4.388413    
  2.916614     -4.104683    
  2.916785     -4.087010    
  2.916872     -4.086838    
  2.917171     -4.105461    
  2.917258     -4.147290    
  2.919518     -4.268429    
  2.921765     -4.275482    
  2.921852     -4.267923    
  2.925029     -4.282919    
  2.925116     -4.296717    
  2.925941     -4.281928    
  2.926028     -4.281902    
  2.927554     -4.278003    
  2.927641     -4.279777    
  2.927950     -4.284626    
  2.928037     -4.288263    
  2.928671     -4.293008    
  2.928758     -4.284780    
  2.929127     -4.288541    
  2.929213     -4.291014    
  2.929524     -4.285097    
  2.929611     -4.283132    
  2.930245     -4.292136    
  2.930332     -4.285775    
  2.930604     -4.299580    
  2.930691     -4.295887    
  2.930963     -4.286078    
  2.931050     -4.288915    
  2.934646     -4.293503    
  2.934733     -4.284280    
  2.936807     -4.292948    
  2.936894     -4.289562    
  2.937412     -4.290167    
  2.937499     -4.289863    
  2.937612     -4.287838    
  2.939332     -4.298902    
  2.939418     -4.327253    
  2.941608     -4.251358    
  2.943787     -4.284554    
  2.943874     -4.284764    
  2.945266     -4.297203    
  2.945353     -4.298405    
  2.946273     -4.305033    
  2.946360     -4.305835    
  2.946687     -4.301555    
  2.946774     -4.289100    
  2.949036     -4.300801    
  2.951287     -4.320429    
  2.951374     -4.267124    
  2.953319     -4.458375    
  2.953406     -4.351237    
  2.953750     -4.271269    
  2.953837     -4.246973    
  2.955739     -4.308972    
  2.955826     -4.314825    
  2.956162     -4.315944    
  2.956249     -4.318362    
  2.957620     -4.321906    
  2.957703     -4.316814    
  2.957790     -4.305513    
  2.959196     -4.362051    
  2.959269     -4.331560    
  2.959356     -4.323944    
  2.959520     -4.321139    
  2.959575     -4.323243    
  2.959642     -4.325559    
  2.959729     -4.328443    
  2.959839     -4.329664    
  2.959926     -4.315899    
  2.960694     -4.245084    
  2.960781     -4.252333    
  2.961122     -4.271678    
  2.961209     -4.358298    
  2.965318     -4.419293    
  2.965405     -4.376906    
  2.969227     -4.038877    
  2.969314     -4.201591    
  2.972533     -4.364695    
  2.975728     -4.227745    
  2.975815     -4.219507    
  2.976166     -4.233084    
  2.976253     -4.366949    
  2.979351     -4.386000    
  2.982423     -4.295372    
  2.982509     -4.245741    
  2.982872     -4.213387    
  2.982959     -4.213898    
  2.987037     -4.392823    
  2.991078     -4.502196    
  2.995081     -4.369269    
  2.999047     -4.156949    
  3.002978     -4.353715    
  3.006874     -4.326115    
  3.010734     -4.445301    
  3.014561     -4.190160    
  3.018354     -4.397960    
  3.022115     -4.407705    
  3.025843     -4.426298    
  3.029540     -4.434116    
  3.033205     -4.492191    
  3.036840     -4.298888    
  3.040444     -4.481859    
  3.044019     -4.446800    
  3.044106     -4.467027    
  3.046417     -4.435216    
  3.046504     -4.528556    
  3.047266     -4.477787    
  3.047353     -4.482539    
  3.050503     -4.420351    
  3.053630     -4.530768    
  3.056735     -4.458228    
  3.059819     -4.507615    
  3.062880     -4.502233    
  3.065920     -4.494659    
  3.068939     -4.642519    
  3.071937     -4.544740    
  3.072024     -4.385819    
  3.074515     -4.510070    
  3.074602     -4.232531    
  3.078033     -4.487600    
  3.081436     -4.403718    
  3.084813     -4.362052    
  3.088164     -3.950905    
  3.088251     -4.231098    
  3.089222     -4.507698    
  3.089309     -4.456297    
  3.091849     -4.624930    
  3.091936     -4.711161    
  3.095352     -4.484837    
  3.095438     -4.339513    
  3.097710     -4.551589    
  3.099969     -4.512441    
  3.100056     -4.543317    
  3.102791     -4.592784    
  3.105509     -4.608459    
  3.105596     -4.583884    
  3.108813     -4.630820    
  3.112005     -4.546998    
  3.112092     -4.579289    
  3.114687     -4.613533    
  3.114774     -4.627970    
  3.116978     -4.703246    
  3.117065     -4.582292    
  3.118223     -4.661116    
  3.118310     -4.580272    
  3.120853     -4.767255    
  3.123381     -4.547457    
  3.123468     -4.660763    
  3.125997     -4.559114    
  3.126084     -4.589985    
  3.127687     -4.617458    
  3.127774     -4.502666    
  3.129225     -4.702956    
  3.129312     -4.564645    
  3.132455     -4.690987    
  3.135577     -4.820292    
  3.135664     -4.764150    
  3.136182     -4.550175    
  3.136269     -4.448101    
  3.138696     -5.039108    
  3.141109     -4.543057    
  3.141196     -4.768410    
  3.144101     -4.642521    
  3.144188     -4.570106    
  3.144956     -4.850921    
  3.145043     -4.818274    
  3.146758     -4.678586    
  3.146845     -4.818001    
  3.147795     -4.563710    
  3.147882     -4.544878    
  3.148729     -5.054902    
  3.148816     -5.378173    
  3.150639     -4.474311    
  3.150726     -4.543132    
  3.151276     -4.721270    
  3.151363     -4.667969    
  3.153068     -4.809179    
  3.153155     -4.600478    
  3.153381     -4.581771    
  3.153434     -4.568946    
  3.153521     -4.566949    
  3.155016     -4.754839    
  3.155103     -4.686480    
  3.156074     -4.878742    
  3.156161     -4.488048    
  3.160418     -4.738596    
  3.164633     -4.675188    
  3.164720     -4.713511    
  3.165979     -4.771004    
  3.166066     -4.653804    
  3.169710     -4.803787    
  3.173324     -4.161042    
  3.176908     -4.716887    
  3.180463     -4.621992    
  3.180550     -4.711798    
  3.181960     -4.681234    
  3.182047     -4.762516    
  3.184770     -4.919981    
  3.187477     -4.737334    
  3.187564     -4.385982    
  3.188338    -100.00000    
  3.188425     -5.072051    
  3.189356     -4.773398    
  3.189443    -100.00000    
  3.192224     -4.642448    
  3.192311     -4.797430    
  3.194885     -4.890120    
  3.194972     -5.377884    
  3.196916     -4.546143    
  3.197003     -4.675098    
  3.200855     -4.617716    
  3.204674     -4.795048    
  3.204761     -4.860347    
  3.207365     -4.849865    
  3.207452     -4.748412    
  3.209994     -4.835456    
  3.212521     -4.924863    
  3.215033     -4.660956    
  3.217531     -4.571622    
  3.217618     -4.559836    
  3.218164     -5.561105    
  3.218251     -5.091697    
  3.222514     -4.785709    
  3.226736     -4.626565    
  3.230917     -4.728885    
  3.235058     -4.978417    
  3.239160     -4.561869    
  3.243224     -4.580608    
  3.247249     -4.693827    
  3.251238     -4.949868    
  3.251325     -4.884932    
  3.255235     -4.849205    
  3.259111     -4.822785    
  3.262951     -4.784206    
  3.266759     -4.844926    
  3.270533     -4.881033    
  3.274275     -4.855977    
  3.277984     -4.919576    
  3.281662     -5.036670    
  3.281749     -5.009725    
  3.285833     -5.123217    
  3.285920     -5.062208    
  3.289028     -5.036232    
  3.289115     -5.064420    
  3.292150     -5.058837    
  3.295165     -5.046037    
  3.298158     -5.099112    
  3.301132     -5.057714    
  3.301219     -5.091886    
  3.305074     -5.173449    
  3.305161     -5.164957    
  3.305985     -5.176021    
  3.306072     -5.177029    
  3.306887     -5.176208    
  3.306974     -5.129831    
  3.309850     -5.144338    
  3.309937     -5.164260    
  3.310624     -5.172640    
  3.310710     -5.175754    
  3.311825     -5.190655    
  3.311912     -5.184417    
  3.312012     -5.183783    
  3.312099     -5.194114    
  3.314648     -5.185852    
  3.317181     -5.027537    
  3.319700     -5.194468    
  3.322204     -5.244987    
  3.324695     -5.041877    
  3.327170     -5.206604    
  3.329632     -5.237052    
  3.332080     -5.236169    
  3.334514     -5.236862    
  3.336935     -5.258956    
  3.339342     -5.286374    
  3.341736     -5.258794    
  3.344117     -5.284171    
  3.346485     -5.309961    
  3.348840     -5.059317    
  3.351182     -5.304970    
  3.351269     -5.302101    
  3.355367     -5.269192    
  3.359427     -5.326458    
  3.363449     -5.286162    
  3.367434     -5.340413    
  3.367521     -5.365655    
  3.370066     -5.375897    
  3.372596     -5.381025    
  3.375111     -5.383846    
  3.377612     -5.396352    
  3.377699     -5.368687    
  3.380754     -5.293603    
  3.383787     -5.399603    
  3.386800     -5.425676    
  3.389792     -5.426968    
  3.389879     -5.435312    
  3.392466     -5.434637    
  3.395039     -5.440610    
  3.395126     -5.433578    
  3.397959     -5.447330    
  3.398046     -5.450382    
  3.398416     -5.453569    
  3.398503     -5.473393    
  3.400855     -5.430481    
  3.400942     -5.245788    
  3.402428     -5.286282    
  3.402515     -5.352525    
  3.405655     -5.489580    
  3.408773     -5.471642    
  3.411869     -5.491047    
  3.414942     -5.504652    
  3.415029     -5.506880    
  3.419186     -5.518807    
  3.423303     -5.522807    
  3.427382     -5.531858    
  3.431422     -5.536448    
  3.431509     -5.601552    
  3.434904     -5.463882    
  3.438273     -5.246580    
  3.441616     -5.616753    
  3.444934     -5.601284    
  3.445021     -5.594824    
  3.447484     -5.603632    
  3.449934     -5.609926    
  3.450021     -5.614052    
  3.452474     -5.617966    
  3.454914     -5.624317    
  3.455001     -5.628576    
  3.458672     -5.623620    
  3.462313     -5.645984    
  3.465924     -5.645768    
  3.469505     -5.671278    
  3.469592     -5.657852    
  3.469843     -5.659869    
  3.469930     -5.661056    
  3.471179     -5.663693    
  3.471266     -5.658080    
  3.474100     -5.675209    
  3.474187     -5.666058    
  3.476423     -5.655955    
  3.478648     -5.654177    
  3.480861     -5.696173    
  3.483063     -5.700029    
  3.483150     -5.696660    
  3.485959     -5.713438    
  3.488749     -5.693444    
  3.491522     -5.725121    
  3.494277     -5.736136    
  3.494364     -5.733907    
  3.496766     -5.699977    
  3.499154     -5.739148    
  3.501530     -5.777331    
  3.503893     -5.765433    
  3.506243     -5.497858    
  3.508580     -5.477011    
  3.510905     -5.781374    
  3.513217     -5.793700    
  3.513304     -5.791914    
  3.515963     -5.801075    
  3.518606     -5.803807    
  3.521233     -5.817162    
  3.523845     -5.798728    
  3.526440     -5.826166    
  3.529020     -5.732400    
  3.531585     -5.845200    
  3.534135     -5.855174    
  3.534222     -5.855158    
  3.536649     -5.860295    
  3.539062     -5.864073    
  3.541462     -5.904393    
  3.543849     -5.608383    
  3.543936     -5.729285    
  3.547053     -5.898458    
  3.550148     -5.900298    
  3.550235     -5.901207    
  3.552940     -5.905014    
  3.555627     -5.911432    
  3.555714     -5.910047    
  3.556728     -5.912343    
  3.556815     -5.913915    
  3.558846     -5.922263    
  3.558933     -5.921467    
  3.559110     -5.920549    
  3.559197     -5.918778    
  3.560851     -5.931419    
  3.560938     -5.925194    
  3.561019     -5.923820    
  3.561106     -5.922919    
  3.561368     -5.922754    
  3.561455     -5.923104    
  3.561549     -5.923531    
  3.561702     -5.924567    
  3.561789     -5.924924    
  3.561899     -5.925077    
  3.561986     -5.925717    
  3.562293     -5.923771    
  3.565681     -5.966297    
  3.565768     -5.968981    
  3.568672     -5.959649    
  3.571556     -5.957291    
  3.574422     -5.974601    
  3.577268     -5.894878    
  3.580096     -5.973803    
  3.582906     -5.989069    
  3.585698     -5.963799    
  3.588471     -6.057306    
  3.591228     -5.919786    
  3.593966     -6.043241    
  3.596688     -5.996441    
  3.599393     -6.011475    
  3.602081     -5.994202    
  3.604752     -6.081555    
  3.607407     -6.096766    
  3.610046     -5.788306    
  3.610133     -5.856331    
  3.612394     -6.239049    
  3.614642     -5.796796    
  3.616880     -6.073475    
  3.619105     -6.121464    
  3.621319     -6.135628    
  3.623523     -6.124410    
  3.625715     -6.042647    
  3.627896     -6.149986    
  3.627982     -6.149901    
  3.630428     -6.162188    
  3.632092     -6.166167    
  3.636162     -6.210883    
  3.640195     -5.953532    
  3.644191     -6.160915    
  3.644278     -6.170075    
  3.646967     -6.207085    
  3.649640     -6.222794    
  3.652297     -6.154708    
  3.654938     -6.150172    
  3.655025     -6.208096    
  3.657211     -6.111122    
  3.659385     -6.067733    
  3.659472     -6.152257    
  3.663615     -6.221595    
  3.663702     -6.241699    
  3.666466     -5.921946    
  3.669212     -5.895631    
  3.671940     -5.406520    
  3.674652     -6.006235    
  3.677347     -6.328549    
  3.680026     -6.302568    
  3.682687     -6.305889    
  3.685333     -6.315150    
  3.685420     -6.567840    
  3.688862     -5.854723    
  3.688948     -5.942713    
  3.690731     -6.255898    
  3.690818     -6.222497    
  3.691459     -6.265883    
  3.691546     -6.281345    
  3.694812     -6.323031    
  3.694898     -6.329569    
  3.695365     -6.335654    
  3.695452     -6.336121    
  3.695518     -6.336763    
  3.695605     -6.339248    
  3.698701     -6.353468    
  3.701776     -6.342107    
  3.704828     -6.351670    
  3.707860     -6.380733    
  3.710870     -6.391779    
  3.712650     -6.383429    
  3.713860     -6.390790    
  3.716830     -6.407469    
  3.719779     -6.378124    
  3.719866     -6.406264    
  3.723198     -6.422551    
  3.726504     -6.397155    
  3.729786     -6.425549    
  3.733043     -6.460042    
  3.733130     -6.532749    
  3.735507     -6.255246    
  3.737872     -6.462399    
  3.740223     -6.474593    
  3.742563     -6.482733    
  3.744889     -6.488146    
  3.747203     -6.494430    
  3.749505     -6.500781    
  3.751794     -6.507390    
  3.751881     -6.516244    
  3.755217     -6.494948    
  3.755304     -6.489376    
  3.755522     -6.491460    
  3.755609     -6.489503    
  3.758467     -6.529215    
  3.761306     -6.534576    
  3.764127     -6.515584    
  3.766929     -6.498555    
  3.769713     -6.491480    
  3.772480     -6.469916    
  3.775229     -6.568560    
  3.777961     -6.583736    
  3.778048     -6.579250    
  3.778151     -6.583536    
  3.781161     -6.587969    
  3.784252     -6.598274    
  3.787320     -6.606186    
  3.790368     -6.619238    
  3.793394     -6.618418    
  3.796399     -6.607379    
  3.799384     -6.611892    
  3.802348     -6.640641    
  3.802435     -6.643745    
  3.806009     -6.672516    
  3.806096     -6.605968    
  3.809815     -6.665414    
  3.809902     -6.696820    
  3.811377     -6.564619    
  3.811464     -6.558460    
  3.811517     -6.557798    
  3.811568     -6.557480    
  3.811655     -6.551800    
  3.814154     -6.672276    
  3.816638     -6.683449    
  3.819108     -5.951929    
  3.821564     -6.736044    
  3.821651     -6.665835    
  3.825835     -6.005082    
  3.829979     -6.470392    
  3.834084     -6.792082    
  3.838150     -6.759496    
  3.838237     -6.762214    
  3.840994     -6.728323    
  3.843735     -6.774531    
  3.846458     -6.784770    
  3.849164     -6.792003    
  3.851853     -6.754771    
  3.854526     -6.599098    
  3.857182     -6.768860    
  3.859823     -6.813031    
  3.859910     -6.814934    
  3.862754     -6.822144    
  3.865581     -6.832761    
  3.868389     -6.845691    
  3.871179     -6.847770    
  3.871266     -6.843445    
  3.873695     -6.860622    
  3.876111     -6.866877    
  3.878513     -6.874042    
  3.880902     -6.877713    
  3.880989     -6.813879    
  3.884377     -6.867496    
  3.887739     -6.885311    
  3.891076     -6.908975    
  3.894387     -6.918632    
  3.894474     -6.917509    
  3.898660     -6.932184    
  3.898747     -6.931805    
  3.902078     -6.942375    
  3.905384     -6.939849    
  3.905471     -6.932580    
  3.908472     -6.960875    
  3.908559     -6.957719    
  3.912193     -6.969247    
  3.912280     -6.966434    
  3.913068     -6.967875    
  3.913155     -6.968797    
  3.913273     -6.969438    
  3.913714     -6.972220    
  3.913769     -6.972554    
  3.913842     -6.972943    
  3.913889     -6.973173    
  3.913972     -6.973677    
  3.914081     -6.974451    
  3.914168     -7.002927    
  3.916915     -6.925797    
  3.917002     -6.819758    
  3.919240     -6.963128    
  3.921466     -7.014311    
  3.923680     -6.985028    
  3.925884     -7.002278    
  3.928076     -7.008368    
  3.930258     -7.026674    
  3.934588     -7.032957    
  3.938875     -7.047606    
  3.943121     -7.050283    
  3.947325     -7.077555    
  3.951490     -7.083157    
  3.955614     -7.079482    
  3.959700     -7.114489    
  3.963748     -7.142590    
  3.967758     -7.087625    
  3.971732     -7.031429    
  3.975669     -7.148471    
  3.979571     -7.154576    
  3.983439     -7.102461    
  3.983526     -7.171493    
  3.987126     -7.210434    
  3.990697     -7.201336    
  3.994239     -7.229718    
  3.997752     -7.195148    
  3.997838     -7.206773    
  4.000147     -7.245014    
  4.002444     -7.173888    
  4.004728     -7.166898    
  4.007001     -6.932705    
  4.009262     -7.209437    
  4.011511     -7.278366    
  4.013748     -7.282833    
  4.015974     -7.275561    
  4.018189     -7.294379    
  4.020392     -7.263649    
  4.022585     -7.301871    
  4.024766     -7.312383    
  4.029096     -7.324573    
  4.033383     -7.332790    
  4.033470     -7.244743    
  4.034774     -7.724748    
  4.034861     -6.924756    
  4.038126     -7.010097    
  4.041367     -7.186607    
  4.044585     -7.368749    
  4.047778     -7.379744    
  4.047865     -7.377770    
  4.051277     -7.391458    
  4.054632     -7.399767    
  4.057962     -7.408842    
  4.061267     -7.418856    
  4.061354     -7.420289    
  4.065579     -7.297270    
  4.069764     -7.338367    
  4.073909     -7.464888    
  4.078015     -7.465571    
  4.078102     -7.466093    
  4.080241     -7.480353    
  4.080328     -7.460798    
  4.080857     -7.443160    
  4.080944     -7.447866    
  4.081009     -7.448410    
  4.081054     -7.449635    
  4.082194     -7.445172    
  4.082281     -7.450568    
  4.084738     -7.477480    
  4.087181     -7.489708    
  4.089611     -7.497480    
  4.092028     -7.496584    
  4.094430     -7.510504    
  4.096820     -7.514169    
  4.099197     -7.515730    
  4.101560     -7.520306    
  4.101647     -7.528805    
  4.104844     -7.548737    
  4.108018     -7.335521    
  4.111169     -7.320175    
  4.114297     -7.568566    
  4.117403     -7.582851    
  4.120486     -7.579011    
  4.123548     -7.586956    
  4.126589     -7.600404    
  4.129608     -7.602017    
  4.132606     -7.616748    
  4.135584     -7.625544    
  4.138542     -7.591038    
  4.141479     -7.627516    
  4.144397     -7.650968    
  4.147296     -7.652318    
  4.150175     -7.666897    
  4.150262     -7.667571    
  4.153103     -7.680439    
  4.155926     -7.673883    
  4.156013     -7.658784    
  4.158103     -7.688768    
  4.158190     -7.690834    
  4.161727     -7.694829    
  4.161814     -7.688201    
  4.163762     -7.704514    
  4.163849     -7.704406    
  4.163959     -7.705076    
  4.164046     -7.705003    
  4.166389     -7.728403    
  4.168720     -7.757823    
  4.171039     -7.610760    
  4.173345     -7.738575    
  4.175640     -7.737346    
  4.177922     -7.765041    
  4.180192     -7.762065    
  4.182450     -7.769061    
  4.184697     -7.768892    
  4.186932     -7.776710    
  4.189156     -7.784241    
  4.191369     -7.794989    
  4.193570     -7.786068    
  4.195760     -7.813379    
  4.197939     -7.769107    
  4.200107     -7.811091    
  4.204411     -7.830362    
  4.208673     -7.822731    
  4.212894     -7.867687    
  4.217074     -7.840784    
  4.221214     -7.884414    
  4.225315     -7.879899    
  4.229377     -7.865702    
  4.233402     -7.892706    
  4.233489     -7.889869    
  4.235773     -7.923876    
  4.238044     -7.956752    
  4.240303     -7.837805    
  4.242551     -7.886671    
  4.244787     -7.953817    
  4.247012     -7.959728    
  4.249225     -7.961326    
  4.251427     -7.958240    
  4.251514     -7.967046    
  4.255198     -7.979403    
  4.258852     -7.978299    
  4.262474     -7.928851    
  4.266067     -8.024146    
  4.266154     -8.013195    
  4.268659     -8.085163    
  4.271149     -7.755522    
  4.273626     -7.440194    
  4.276088     -7.644995    
  4.278536     -8.035305    
  4.280971     -8.034643    
  4.283392     -7.899698    
  4.285800     -8.059813    
  4.288194     -8.086981    
  4.290575     -7.920793    
  4.292943     -8.080950    
  4.295299     -8.097919    
  4.297641     -8.105165    
  4.299971     -8.111541    
  4.302289     -8.116581    
  4.304595     -8.124013    
  4.306888     -8.130471    
  4.309169     -8.137677    
  4.311438     -8.103437    
  4.313695     -8.250911    
  4.315941     -8.138093    
  4.318175     -8.159899    
  4.320398     -8.166512    
  4.322610     -8.169443    
  4.324810     -8.158884    
  4.326999     -8.125269    
  4.329177     -8.172676    
  4.331345     -8.198656    
  4.335647     -8.086631    
  4.339907     -8.157566    
  4.339994     -8.189139    
  4.343342     -8.178525    
  4.346664     -8.241489    
  4.349961     -8.252821    
  4.353233     -8.256127    
  4.353320     -8.259635    
  4.356074     -8.261805    
  4.356161     -8.262413    
  4.357582     -8.272078    
  4.357669     -8.272134    
  4.357779     -8.272603    
  4.357865     -8.273432    
  4.360696     -8.289857    
  4.363507     -8.301724    
  4.366301     -8.288453    
  4.369077     -8.312526    
  4.371835     -8.277953    
  4.374576     -8.325744    
  4.377300     -8.333941    
  4.380006     -8.344717    
  4.382696     -8.344915    
  4.385369     -8.355073    
  4.388026     -8.363042    
  4.390667     -8.368316    
  4.393292     -8.362423    
  4.395901     -8.386037    
  4.398495     -8.383605    
  4.401073     -8.408788    
  4.403636     -8.394232    
  4.406183     -8.416384    
  4.408716     -8.381366    
  4.411235     -8.378310    
  4.413739     -8.441014    
  4.416228     -8.447521    
  4.418703     -8.365147    
  4.421164     -8.120520    
  4.423612     -8.443230    
  4.426045     -8.480258    
  4.428465     -8.445615    
  4.430872     -8.484337    
  4.433266     -8.475762    
  4.435646     -8.498416    
  4.438013     -8.510501    
  4.440368     -8.517650    
  4.440455     -8.494398    
  4.442834     -8.480455    
  4.445201     -8.530608    
  4.445288     -8.529273    
  4.447569     -8.540961    
  4.449839     -8.552293    
  4.452097     -8.460708    
  4.454343     -8.501427    
  4.456578     -8.572048    
  4.458801     -8.526558    
  4.461013     -8.520391    
  4.463213     -8.575098    
  4.465403     -8.590747    
  4.467581     -8.594817    
  4.471906     -8.594324    
  4.476188     -8.618626    
  4.480428     -8.538004    
  4.512937     -8.723010    
  4.513024     -8.716999    
  4.514610     -8.726443    
  4.514697     -8.726923    
  4.515945     -8.730027    
  4.516032     -8.730610    
  4.516141     -8.731525    
  4.516228     -8.731287    
  4.585469     -8.907877    
  4.585556     -8.843175    
  4.648489     -9.065145    
  4.648576     -9.090523    
  4.649548     -9.105698    
  4.649635     -9.108014    
  4.649838     -9.111320    
  4.649925     -9.112611    
  4.650035     -9.114319    
  4.650122     -9.069504    
  4.709765     -9.288574    
  4.709852     -9.272080    
  4.765753     -9.453521    
  4.765822     -9.451804    
  4.765909     -9.452428    
  4.766019     -9.454717    
  4.766106     -9.418405    
  4.818480     -9.627903    
  4.818567     -9.590859    
  4.868094     -9.719997    
  4.868152     -9.732507    
  4.868214     -9.732326    
  4.868324     -9.732831    
  4.868411     -9.519999    
  4.915089     -10.02956    
  4.915176     -9.886395    
  4.959449     -9.985920    
  4.959536     -10.00609    
  4.959642     -10.00397    
  4.959729     -9.997153    
  4.959839     -9.980986    
  4.959925     -9.995055    
  5.002021     -10.10782    
  5.002108     -10.12565    
  5.041986     -10.23272    
  5.042072     -10.25406    
  5.042428     -10.25125    
  5.042515     -10.25045    
  5.042624     -10.24949    
  5.042711     -10.19302    
  5.081038     -10.34374    
  5.081125     -10.20689    
  5.117569     -10.45995    
  5.117655     -10.45218    
  5.118005     -10.44953    
  5.118092     -10.44482    
  5.118201     -10.40550    
  5.118288     -10.41261    
  5.153462     -10.55493    
  5.153549     -10.54059    
  5.187204     -10.63901    
  5.187290     -10.63314    
  5.187529     -10.63385    
  5.187616     -10.63413    
  5.187725     -10.63450    
  5.187812     -10.62008    
  5.251180     -10.79009    
  5.251266     -10.80478    
  5.251931     -10.80821    
  5.252018     -10.80849    
  5.252095     -10.80877    
  5.252182     -10.77975    
  5.311750     -10.94193    
  5.311837     -10.99005    
  5.311944     -10.99180    
  5.312021     -10.99189    
  5.312108     -10.97863    
  5.368079     -11.09591    
  5.368165     -11.11770    
  5.420736     -11.27052    
  5.420823     -11.24604    
  5.470384     -11.36228    
  5.470471     -11.37676    
  5.517346     -11.53756    
  5.517433     -11.52679    
  5.561899     -11.64646    
  5.561985     -11.63897    
  5.604277     -11.70109    
  5.604364     -11.76176    
  5.644684     -11.86696    
  5.644771     -11.85406    
  6.101351     -13.08180    
  6.318972     -13.72388    
  6.571403     -14.47308    
  6.845929     -15.34133    
  7.133075     -16.36216    
  7.426993     -17.66664    
  7.724423     -19.57847    
  8.023641    -100.00000    
  8.323763    -100.00000    
  8.624338    -100.00000    
  8.925140    -100.00000    
