 0.6989700     -96.30699    
 0.7304748    -100.00000    
 0.7598479    -100.00000    
 0.7873596    -100.00000    
 0.8132319    -100.00000    
 0.8376491    -100.00000    
 0.8607663    -100.00000    
 0.9036074    -100.00000    
 0.9425994    -100.00000    
 0.9783771    -100.00000    
  1.011430    -100.00000    
  1.042145     -92.42115    
  1.042232     -91.49129    
  1.060679     -91.22245    
  1.060766     -90.49041    
  1.080039     -90.18635    
  1.080126     -89.40477    
  1.098980     -89.30375    
  1.099067     -88.48864    
  1.116489     -88.51117    
  1.116576     -87.88969    
  1.132827     -88.01225    
  1.132914     -87.43218    
  1.147337     -87.59150    
  1.147424     -87.19711    
  1.153100     -87.05563    
  1.153187     -87.00380    
  1.190309     -86.78374    
  1.224506     -87.02602    
  1.224593    -100.00000    
  1.258242    -100.00000    
  1.258328     -87.09895    
  1.281053    -100.00000    
  1.281140    -100.00000    
  1.305129     -92.15328    
  1.305216    -100.00000    
  1.326885     -88.42553    
  1.326972    -100.00000    
  1.346664     -84.78373    
  1.346750     -81.74660    
  1.362515    -100.00000    
  1.362602     -77.03597    
  1.403133    -100.00000    
  1.403220     -75.79087    
  1.407231     -75.77244    
  1.407318    -100.00000    
  1.434239     -72.62774    
  1.434325     -72.41011    
  1.438732     -71.62474    
  1.438819    -100.00000    
  1.466567     -67.29901    
  1.466654    -100.00000    
  1.485460     -64.10843    
  1.485547    -100.00000    
  1.499940    -100.00000    
  1.500027    -100.00000    
  1.502811     -26.40101    
  1.502898     -26.25718    
  1.515152     -26.56137    
  1.515239     -26.57906    
  1.538911     -27.27647    
  1.538998     -27.16804    
  1.541754     -27.24468    
  1.541841     -27.24708    
  1.544410     -27.31955    
  1.544497     -27.32198    
  1.546755     -27.38653    
  1.546842     -27.12423    
  1.568094     -27.73765    
  1.568181     -27.69545    
  1.576102     -27.95040    
  1.576189     -27.94104    
  1.577032     -27.96812    
  1.577119     -27.98137    
  1.586189     -28.28389    
  1.586276     -28.26887    
  1.587530     -28.31028    
  1.587617     -28.33830    
  1.602078     -28.85955    
  1.602165     -28.74686    
  1.604747     -29.09228    
  1.604834     -26.05879    
  1.629405    -100.00000    
  1.629492     -29.69130    
  1.633100     -29.79706    
  1.633187     -29.81177    
  1.643761     -30.06217    
  1.643848     -30.04298    
  1.646889     -30.09023    
  1.646976     -30.09454    
  1.653070     -30.15177    
  1.653157     -30.17512    
  1.667964     -30.09889    
  1.668051     -30.07770    
  1.673067     -29.99169    
  1.673154     -29.98623    
  1.673452     -29.98058    
  1.673539     -30.00820    
  1.683736     -29.74129    
  1.683823     -29.73006    
  1.689301     -29.55020    
  1.689388     -29.54005    
  1.690173     -29.51190    
  1.690260     -29.50995    
  1.691919     -29.44979    
  1.692006     -29.97328    
  1.709636     -28.76179    
  1.709723     -28.69380    
  1.714748     -28.41618    
  1.714835     -28.39781    
  1.714933     -28.39674    
  1.717233     -28.26179    
  1.717320     -28.25313    
  1.717576     -28.23843    
  1.717663     -28.23587    
  1.719536     -28.11928    
  1.719623     -28.11656    
  1.721805     -27.97290    
  1.721892    -100.00000    
  1.725295     -27.23591    
  1.725382     -26.42134    
  1.731154     -26.16207    
  1.731241     -25.81370    
  1.731758     -25.97462    
  1.731845     -25.53075    
  1.732294     -25.61986    
  1.732381    -100.00000    
  1.735217     -25.70127    
  1.735304     -26.20169    
  1.744878     -25.86669    
  1.744965     -26.34194    
  1.746841     -26.18773    
  1.746929     -26.68490    
  1.747807     -26.38354    
  1.747894     -27.56436    
  1.753972     -25.33018    
  1.754058    -100.00000    
  1.755714     -25.96981    
  1.755801     -25.75645    
  1.756978    -100.00000    
  1.757065     -25.78903    
  1.762907     -26.31078    
  1.762994    -100.00000    
  1.763503     -25.74096    
  1.763590     -26.40183    
  1.765957     -26.90386    
  1.766044     -26.27315    
  1.768505     -27.13423    
  1.768592     -26.12092    
  1.776113     -26.43265    
  1.776200     -26.35863    
  1.776785     -26.60132    
  1.776872     -25.86635    
  1.781285     -27.07802    
  1.781372     -25.96039    
  1.781946    -100.00000    
  1.782033     -26.45292    
  1.786409     -25.86640    
  1.786495     -25.83061    
  1.788161    -100.00000    
  1.788248     -26.92071    
  1.789372     -26.12177    
  1.789459     -25.79290    
  1.792246     -26.70867    
  1.792333     -26.19641    
  1.800765     -26.78273    
  1.800851     -27.08827    
  1.806960     -26.85942    
  1.807047     -25.90286    
  1.809708    -100.00000    
  1.809795     -26.42155    
  1.810144     -26.42467    
  1.810231     -26.00249    
  1.814042     -26.10796    
  1.814129    -100.00000    
  1.834747     -24.44502    
  1.834834     -24.21063    
  1.836557     -24.05966    
  1.836644     -24.08551    
  1.840414     -23.71404    
  1.840501     -23.69309    
  1.842149     -23.53562    
  1.842236     -23.52412    
  1.842703     -23.48032    
  1.842790     -23.47550    
  1.844125     -23.34958    
  1.844212    -100.00000    
  1.859614     -22.05234    
  1.859700     -21.88776    
  1.861079     -21.75772    
  1.861166     -21.74759    
  1.861837     -21.68463    
  1.861924     -21.82961    
  1.868320     -21.12250    
  1.868407     -21.07675    
  1.870233     -20.90484    
  1.870320     -20.89375    
  1.871306     -20.80174    
  1.871393     -20.79305    
  1.872072     -20.72992    
  1.872158     -20.72415    
  1.873424     -20.60603    
  1.873511     -20.59943    
  1.874931     -20.46694    
  1.875018     -20.56624    
  1.880831     -19.95692    
  1.880918     -20.05940    
  1.887368     -19.36540    
  1.887455     -19.41519    
  1.893213     -18.82834    
  1.893300     -18.88116    
  1.899003     -18.30858    
  1.899090     -18.39813    
  1.905503     -17.73914    
  1.905590     -17.69090    
  1.905821     -17.67069    
  1.905908     -17.78414    
  1.912227     -17.14919    
  1.912313     -17.10724    
  1.913955     -16.96359    
  1.914042     -17.20625    
  1.924238     -16.02253    
  1.924325     -16.04886    
  1.925856     -16.02705    
  1.925943     -16.02562    
  1.926709     -16.00615    
  1.926796     -16.02670    
  1.926846     -16.02771    
  1.926932     -16.02630    
  1.927461     -16.04311    
  1.927548     -16.10559    
  1.930771     -15.92894    
  1.930858     -16.07120    
  1.936983     -15.32434    
  1.937070     -15.37719    
  1.941974     -15.05862    
  1.942061    -100.00000    
  1.953068     -14.14630    
  1.953155     -14.04016    
  1.955697     -13.85454    
  1.955784     -13.87551    
  1.959855     -13.53361    
  1.959942     -13.53415    
  1.963545     -13.22355    
  1.963632     -13.54688    
  1.972680     -12.52601    
  1.972767     -12.46721    
  1.974225     -12.33547    
  1.974312    -100.00000    
  1.992052     -11.05214    
  1.992139     -10.88505    
  1.992517     -10.85463    
  1.992604     -10.84452    
  1.994212     -10.71869    
  1.994299     -10.70147    
  1.994360     -10.69757    
  1.994447     -10.70309    
  1.996552     -10.53622    
  1.996639     -10.55196    
  1.997939     -10.71640    
  1.998026     -10.82443    
  2.002574     -10.77748    
  2.002661     -10.70035    
  2.004835     -10.49822    
  2.004922     -10.51238    
  2.005591     -10.42972    
  2.005678     -10.44966    
  2.007421     -10.42549    
  2.007508     -10.45935    
  2.009100     -10.76300    
  2.009187     -10.79009    
  2.019860     -10.70519    
  2.019947     -10.68385    
  2.028108     -10.56929    
  2.028195     -10.49134    
  2.031137     -10.47970    
  2.031224     -10.85091    
  2.035128     -10.36647    
  2.035214     -10.04838    
  2.036803     -10.15838    
  2.036890     -9.094619    
  2.053379     -8.121759    
  2.053466     -8.294749    
  2.061043     -7.858565    
  2.061130     -8.425520    
  2.074002     -7.489887    
  2.074089     -7.394038    
  2.076824    -100.00000    
  2.076911     -7.963581    
  2.077530     -7.698435    
  2.077617     -7.352331    
  2.081631     -6.714427    
  2.081718     -7.106262    
  2.090954     -6.794578    
  2.091041     -6.819990    
  2.095978     -6.542011    
  2.096065     -6.006818    
  2.097304     -6.415715    
  2.097391     -6.492620    
  2.100528    -100.00000    
  2.100615     -7.652174    
  2.101519     -6.759207    
  2.101605     -6.216851    
  2.105611     -6.988280    
  2.105698     -6.832168    
  2.105825     -6.802693    
  2.105912     -6.801820    
  2.106101     -6.788396    
  2.106187     -6.634341    
  2.107298     -6.884503    
  2.107385     -6.568292    
  2.107898     -7.159563    
  2.107985     -7.016748    
  2.111508     -6.200594    
  2.111595     -6.199215    
  2.111941     -6.040345    
  2.112028     -6.208344    
  2.119223     -6.769199    
  2.119310     -6.453665    
  2.124245     -6.262870    
  2.124332     -5.988821    
  2.125725     -6.523825    
  2.125812    -100.00000    
  2.129084     -5.351470    
  2.129171     -5.172974    
  2.130872     -5.229526    
  2.130959     -5.568850    
  2.137486    -100.00000    
  2.137573     -6.104541    
  2.138137     -6.067182    
  2.138224     -6.094607    
  2.141651    -100.00000    
  2.141738     -6.688070    
  2.145467     -6.857216    
  2.145554     -5.539054    
  2.150309    -100.00000    
  2.150396     -6.268769    
  2.150525     -6.039982    
  2.156741     -6.649455    
  2.156827     -6.249971    
  2.158942     -5.634410    
  2.159028     -5.571508    
  2.168071     -5.744190    
  2.168158     -6.388865    
  2.171576     -5.947531    
  2.171663     -5.651668    
  2.177604     -6.311878    
  2.177690     -7.798626    
  2.181731     -6.786142    
  2.181818     -6.029222    
  2.188445     -5.683314    
  2.188532     -6.374984    
  2.189637     -6.383255    
  2.189724     -6.379707    
  2.191670     -6.108354    
  2.191757     -7.269397    
  2.197200     -5.420999    
  2.197287     -5.607662    
  2.204684     -5.455249    
  2.204771     -5.272538    
  2.209411     -5.094112    
  2.209498     -5.367612    
  2.217445     -6.056940    
  2.217532     -6.199321    
  2.217837     -6.192582    
  2.217924     -6.097623    
  2.218030     -5.986891    
  2.218315     -5.761955    
  2.218402     -5.646882    
  2.218688     -6.877870    
  2.218775     -6.960259    
  2.218819     -6.960432    
  2.218906     -7.340633    
  2.221924     -6.134287    
  2.222011     -5.702325    
  2.223758     -5.415996    
  2.223844     -7.441172    
  2.229272     -5.656890    
  2.234632     -5.989738    
  2.234695     -5.635241    
  2.234781     -5.802163    
  2.236772    -100.00000    
  2.236859     -6.111097    
  2.239617     -6.608968    
  2.239704     -5.705486    
  2.245345     -5.325033    
  2.245432     -6.251167    
  2.250721     -5.424383    
  2.250808     -5.106487    
  2.255019     -4.972247    
  2.259191     -5.825209    
  2.259278     -5.150728    
  2.262529     -5.562010    
  2.265757     -5.559615    
  2.265844     -5.162223    
  2.267016     -5.726054    
  2.267103    -100.00000    
  2.270490     -5.171699    
  2.270577     -5.228612    
  2.271628     -6.197662    
  2.271715     -5.484901    
  2.273319     -5.166684    
  2.273406     -5.087637    
  2.275710     -5.581616    
  2.275797     -5.060832    
  2.278993     -5.303281    
  2.279080     -4.908743    
  2.281369     -4.595325    
  2.281456     -4.595079    
  2.282921     -4.683433    
  2.283008     -4.749679    
  2.283804     -5.443863    
  2.283891     -4.948037    
  2.285091     -5.265024    
  2.285178    -100.00000    
  2.286288     -5.369258    
  2.286375     -5.186731    
  2.287075     -4.727392    
  2.287162     -4.533955    
  2.289257     -4.915354    
  2.291343     -5.600365    
  2.291430     -4.880222    
  2.293524     -5.835154    
  2.295609     -4.760919    
  2.295696     -5.191504    
  2.297982     -4.318490    
  2.298069     -4.259117    
  2.299703     -4.450021    
  2.301330     -4.351389    
  2.301417     -4.191829    
  2.302809     -5.103431    
  2.304196     -4.382679    
  2.305579     -4.483646    
  2.306958     -4.916801    
  2.307045     -5.233437    
  2.308274     -5.266092    
  2.308361     -4.670637    
  2.309467     -4.516128    
  2.310569     -4.879176    
  2.311669     -4.348360    
  2.312767     -4.250138    
  2.312854     -4.367388    
  2.313586     -4.621595    
  2.313673     -4.546799    
  2.314517     -4.451175    
  2.314604     -4.448093    
  2.314729     -4.722593    
  2.314817    -100.00000    
  2.315855     -4.927245    
  2.316891     -7.036843    
  2.317924     -5.136970    
  2.318955     -4.679975    
  2.319984     -4.745101    
  2.321010     -4.087547    
  2.322033     -4.049980    
  2.323055     -4.294784    
  2.323141     -4.239002    
  2.324207     -4.313883    
  2.324294     -4.269830    
  2.325648     -4.322037    
  2.325735     -4.241740    
  2.326516    -100.00000    
  2.327296     -5.602883    
  2.328074     -5.102631    
  2.328850     -4.586335    
  2.329626     -4.364135    
  2.330400     -4.818242    
  2.331172     -5.051741    
  2.331944     -4.118593    
  2.332031     -4.039152    
  2.333101    -100.00000    
  2.333188     -5.632635    
  2.333638     -4.673385    
  2.333725     -4.557169    
  2.334874     -4.133739    
  2.336020     -4.250712    
  2.337163     -4.001749    
  2.338303     -4.252752    
  2.338390     -4.361332    
  2.339301     -4.364354    
  2.339388     -4.345349    
  2.340254     -4.321844    
  2.341118     -4.282074    
  2.341191     -4.256272    
  2.341278     -4.242212    
  2.341370     -4.229420    
  2.341472     -4.207013    
  2.342517     -4.077529    
  2.342604     -4.011658    
  2.343168     -4.663390    
  2.343730     -4.946997    
  2.344292     -4.634747    
  2.344853     -4.498860    
  2.344940     -4.470853    
  2.345929     -4.094951    
  2.346916     -4.088927    
  2.347408     -4.137807    
  2.347900    -100.00000    
  2.348391     -5.522662    
  2.348882     -4.929171    
  2.348969     -4.988229    
  2.349663     -4.550738    
  2.350356     -4.491475    
  2.350443     -4.378560    
  2.351314     -4.676518    
  2.352184     -4.568958    
  2.352270     -4.642454    
  2.352846     -4.363152    
  2.353421     -4.193237    
  2.353508     -4.144153    
  2.353983     -4.170494    
  2.354070     -4.152667    
  2.354841     -4.185999    
  2.355610     -4.261341    
  2.356378     -4.140600    
  2.357144     -4.060234    
  2.357189     -4.061608    
  2.357276     -4.079599    
  2.357498     -4.225842    
  2.357582     -4.291840    
  2.357669     -4.347553    
  2.357776     -4.390080    
  2.357863     -3.945601    
  2.368963     -4.886847    
  2.369050     -4.789992    
  2.373546     -4.085336    
  2.373633     -4.579653    
  2.374597     -4.039153    
  2.374684     -4.343250    
  2.376702     -3.792906    
  2.376789     -4.140038    
  2.381401     -4.127677    
  2.381488     -4.071990    
  2.381574     -4.020107    
  2.381660     -3.918678    
  2.383081     -3.516130    
  2.383168     -3.575842    
  2.387126     -5.029232    
  2.387213     -4.147239    
  2.387778     -4.127488    
  2.387865     -4.433998    
  2.397727     -3.738393    
  2.397814     -3.510790    
  2.403706     -3.748657    
  2.403793     -3.509787    
  2.409345     -4.050971    
  2.409431     -4.558719    
  2.409967     -4.152448    
  2.410054     -4.149071    
  2.411603     -3.637254    
  2.411690     -3.526943    
  2.413098     -3.372078    
  2.413185     -3.328160    
  2.415338     -4.436313    
  2.415425     -3.733385    
  2.422480     -3.478781    
  2.422566     -3.441983    
  2.428391     -3.537389    
  2.428478     -3.420317    
  2.429013     -3.419977    
  2.429100     -3.423444    
  2.429782     -3.410618    
  2.429869     -3.359352    
  2.434375     -3.557065    
  2.434462     -3.676809    
  2.434951     -3.934178    
  2.435038     -3.925422    
  2.435570     -3.746978    
  2.435657     -3.612086    
  2.437397     -3.677328    
  2.437484     -3.737705    
  2.438099     -3.800260    
  2.438186     -3.670891    
  2.441087     -3.840761    
  2.441174     -3.967395    
  2.443115     -3.430212    
  2.443202     -3.605128    
  2.446825     -3.924270    
  2.446912    -100.00000    
  2.447958     -3.784144    
  2.448045     -3.749805    
  2.448892     -3.591278    
  2.448979     -3.820132    
  2.454772     -3.629058    
  2.454858     -3.482582    
  2.461170     -3.767882    
  2.461257     -4.337092    
  2.463251     -4.083950    
  2.463338     -3.974178    
  2.464476     -3.587288    
  2.464562     -3.550552    
  2.465051     -3.511418    
  2.465138     -3.585583    
  2.467492     -3.794999    
  2.467579     -3.594041    
  2.467685     -3.563497    
  2.467772     -3.541552    
  2.469909     -3.534007    
  2.469996     -3.492633    
  2.471129     -3.543910    
  2.471216     -3.567732    
  2.471342     -3.592500    
  2.471828     -3.612741    
  2.471915     -3.519472    
  2.473553     -3.869582    
  2.473640     -3.953141    
  2.473908     -3.950529    
  2.473994     -3.877087    
  2.476442     -3.615671    
  2.476529     -3.572880    
  2.476628     -3.567178    
  2.476715     -3.571535    
  2.479546     -3.612418    
  2.479633     -3.637681    
  2.481199     -3.552281    
  2.481286     -3.524568    
  2.482813     -5.020159    
  2.482900     -7.435819    
  2.483465     -4.138764    
  2.483551     -4.029753    
  2.483824     -3.838260    
  2.483911     -3.793808    
  2.484517     -3.526427    
  2.484589     -3.501197    
  2.484656     -3.480697    
  2.484743     -3.375618    
  2.487037     -3.292998    
  2.487124     -3.531613    
  2.491399     -3.585718    
  2.491443     -3.552354    
  2.491530     -3.546812    
  2.492836     -3.532708    
  2.492923     -3.513472    
  2.493799     -3.592920    
  2.493886     -3.659800    
  2.495735    -100.00000    
  2.495822     -4.381315    
  2.497233     -3.621641    
  2.497320     -3.603313    
  2.497678     -3.499360    
  2.497765     -3.467760    
  2.498024     -3.418639    
  2.498111     -3.408046    
  2.500649     -3.517775    
  2.500736     -3.497495    
  2.503920     -3.887005    
  2.504007     -3.829399    
  2.504069     -3.801264    
  2.504156     -3.670859    
  2.506445     -3.642605    
  2.506532     -3.635686    
  2.506598     -3.631219    
  2.506685     -3.625691    
  2.507046     -3.611878    
  2.507133     -3.589027    
  2.509451     -3.587792    
  2.511756     -3.574339    
  2.511843     -3.586361    
  2.512347     -3.641683    
  2.512434     -3.652139    
  2.512876     -3.670429    
  2.512963     -3.650226    
  2.514176     -3.697510    
  2.514263     -3.724734    
  2.515719     -3.773950    
  2.515805     -3.749542    
  2.515872     -3.737612    
  2.515959     -3.719806    
  2.516021     -3.706892    
  2.516107     -3.683060    
  2.516706     -3.621239    
  2.516793     -3.617363    
  2.517769     -3.666493    
  2.517856     -3.669975    
  2.517941     -3.671086    
  2.518028     -3.662784    
  2.519341     -3.610514    
  2.519428     -3.588385    
  2.521612     -3.773801    
  2.523785     -3.651949    
  2.523871     -3.627884    
  2.524535     -3.659835    
  2.524622     -3.730574    
  2.526468     -3.783725    
  2.526555     -3.679289    
  2.528500     -3.858033    
  2.528587     -3.764928    
  2.530010     -3.719534    
  2.530097     -3.752708    
  2.532615     -3.811064    
  2.532701     -3.668476    
  2.535293     -3.742972    
  2.535380     -3.764309    
  2.536082     -3.818483    
  2.536169     -3.674509    
  2.539337     -3.900780    
  2.539424     -3.966600    
  2.543132     -3.694721    
  2.546808     -3.697952    
  2.546895     -3.677550    
  2.547076     -3.670618    
  2.547163     -3.668441    
  2.547436     -3.666127    
  2.547523     -3.664052    
  2.551049     -3.776494    
  2.551136     -3.749703    
  2.551316     -3.744791    
  2.551403     -3.739858    
  2.551597     -3.727104    
  2.551684     -3.617882    
  2.555292    -100.00000    
  2.558869     -3.526584    
  2.558956     -3.574717    
  2.561154     -3.751054    
  2.561240     -3.760558    
  2.564817    -100.00000    
  2.564904     -3.934099    
  2.567815     -3.618681    
  2.570708     -3.876938    
  2.570794     -3.857500    
  2.571315     -3.815206    
  2.571402     -3.813750    
  2.571490     -3.810145    
  2.571576     -3.807904    
  2.572470     -3.749232    
  2.572557     -3.751984    
  2.572668     -3.744456    
  2.573820     -3.782602    
  2.573907     -3.753635    
  2.577456     -3.841879    
  2.580976     -3.776519    
  2.581063     -3.780312    
  2.582797     -3.815206    
  2.582884     -3.816337    
  2.583821     -3.799344    
  2.583908     -4.048888    
  2.586262     -4.292157    
  2.586349     -3.681383    
  2.588885     -3.547508    
  2.588972     -3.728040    
  2.590598     -3.736773    
  2.590685     -3.720449    
  2.593225     -3.793923    
  2.595750     -3.842171    
  2.595837     -3.839530    
  2.596260     -3.838462    
  2.596347     -3.842269    
  2.597094     -3.831198    
  2.597181     -3.829503    
  2.600152     -3.864950    
  2.600239     -3.868292    
  2.600921     -3.856976    
  2.601008     -3.787675    
  2.604043     -4.336452    
  2.607057     -3.905173    
  2.607144     -3.783578    
  2.607237     -3.766530    
  2.607324     -3.755370    
  2.607391     -3.749381    
  2.607478     -3.743999    
  2.607654     -3.739274    
  2.607741     -3.738742    
  2.607898     -3.739535    
  2.607985     -3.729173    
  2.609811     -3.884776    
  2.609898     -3.854069    
  2.612121     -3.941928    
  2.614332     -3.829058    
  2.614419     -3.845403    
  2.616177     -3.888239    
  2.616264     -3.928174    
  2.617793     -3.839346    
  2.617880     -3.836607    
  2.620859    -100.00000    
  2.620946     -4.640733    
  2.620996     -4.610747    
  2.621083     -4.363488    
  2.623324     -3.861422    
  2.623411     -3.991208    
  2.626937     -3.763153    
  2.630435     -3.805128    
  2.630522     -3.851238    
  2.634210     -3.905540    
  2.634297     -3.901001    
  2.634349     -3.901282    
  2.634435     -3.917121    
  2.636215     -3.964007    
  2.636302     -3.818722    
  2.639339     -5.575913    
  2.642355     -3.791149    
  2.642442     -3.835311    
  2.642737     -3.843386    
  2.642824     -3.848470    
  2.644205     -3.925202    
  2.644292     -4.008417    
  2.645853     -4.691741    
  2.645940     -4.257369    
  2.648315     -3.912371    
  2.648402     -3.911753    
  2.649502     -3.946103    
  2.649589     -3.949948    
  2.650015     -3.958060    
  2.650101     -3.959053    
  2.650189     -3.963673    
  2.651836     -3.986776    
  2.653477     -4.247264    
  2.653564     -4.154102    
  2.653758     -4.101258    
  2.653845     -3.965533    
  2.656371     -3.975397    
  2.656458     -4.232658    
  2.658575     -4.519164    
  2.660682     -3.845088    
  2.660769     -3.929664    
  2.662838     -4.007081    
  2.662925     -3.985820    
  2.664361     -4.031006    
  2.664448     -4.052657    
  2.665319     -4.050905    
  2.665406     -4.035814    
  2.667645     -4.008529    
  2.669873     -5.011924    
  2.669960     -4.388356    
  2.670100     -4.322977    
  2.670187     -4.286077    
  2.670748     -4.076224    
  2.670835     -3.977661    
  2.671918     -4.456657    
  2.672999     -4.086595    
  2.674077     -3.948035    
  2.675152     -3.969088    
  2.675239     -3.971940    
  2.676365     -3.953709    
  2.676452     -3.956870    
  2.676824     -3.963040    
  2.676911     -3.964491    
  2.677193     -3.971779    
  2.677280     -3.973271    
  2.678402     -4.026790    
  2.679522     -4.023439    
  2.680638     -4.027939    
  2.681752     -4.036352    
  2.681839     -3.963846    
  2.682994     -4.644006    
  2.684147     -5.188391    
  2.684233     -4.918118    
  2.684319     -4.835825    
  2.684406     -4.760646    
  2.684479     -4.702352    
  2.684566     -4.726081    
  2.685988     -3.998065    
  2.686075     -3.915688    
  2.687061     -3.905219    
  2.688046     -3.937736    
  2.688133     -3.948040    
  2.688542     -3.997909    
  2.688629     -4.010554    
  2.689258     -4.201953    
  2.689886     -4.196796    
  2.690513     -4.102989    
  2.691139     -4.043042    
  2.691764     -3.963712    
  2.692389     -3.969823    
  2.693012     -4.001060    
  2.693635     -4.050160    
  2.693722     -4.054849    
  2.693817     -4.059893    
  2.693904     -4.065938    
  2.694490     -4.066195    
  2.695075     -4.074691    
  2.695162     -4.077462    
  2.695331     -4.081589    
  2.695418     -4.084862    
  2.696036     -4.088471    
  2.696123     -4.083068    
  2.697045     -4.087668    
  2.697132     -4.092902    
  2.697891     -4.114842    
  2.698648     -4.137975    
  2.698717     -4.180716    
  2.698803     -4.231952    
  2.699272     -4.378946    
  2.699740     -4.306101    
  2.700207     -4.130384    
  2.700674     -4.052316    
  2.701140     -4.057929    
  2.701606     -4.054078    
  2.702072     -4.080229    
  2.702537     -4.116649    
  2.702610     -4.116743    
  2.702697     -4.077553    
  2.706154     -4.150831    
  2.706241     -4.130430    
  2.706323     -4.122296    
  2.706410     -4.104841    
  2.707308     -4.111296    
  2.707395     -4.121429    
  2.707629     -4.125958    
  2.707716     -4.127490    
  2.708280     -4.128213    
  2.708366     -4.120944    
  2.709271     -4.191066    
  2.709358     -4.197249    
  2.709449     -4.202019    
  2.709536     -4.205963    
  2.709681     -4.210566    
  2.709768     -4.211861    
  2.709828     -4.212139    
  2.709915     -4.211403    
  2.709960     -4.210483    
  2.710047     -4.162475    
  2.712970     -4.093103    
  2.715874     -4.088421    
  2.715961     -4.097954    
  2.716395     -4.115430    
  2.716481     -4.129559    
  2.716568     -4.423945    
  2.718816     -4.140657    
  2.718903     -3.990729    
  2.720712     -4.174872    
  2.720799     -4.100314    
  2.721478     -4.128421    
  2.721565     -4.099480    
  2.724957     -4.172894    
  2.725044     -4.181922    
  2.728146     -4.132842    
  2.728233     -4.163129    
  2.730036     -4.148339    
  2.730123     -4.215310    
  2.733842     -4.193828    
  2.733929     -4.417200    
  2.735898     -5.261122    
  2.735985     -4.215126    
  2.737825     -4.039092    
  2.737912     -4.077201    
  2.738167     -4.073945    
  2.738254     -4.047042    
  2.740540     -4.160509    
  2.742815     -4.171924    
  2.742902     -4.790846    
  2.746826     -4.264711    
  2.746913     -4.066205    
  2.748474     -4.096089    
  2.748561     -4.188087    
  2.751001     -4.960406    
  2.753428     -4.064426    
  2.753515     -4.101656    
  2.754509     -4.129564    
  2.754596     -4.141498    
  2.754850     -4.156535    
  2.754937     -4.161373    
  2.755499     -4.185758    
  2.755586     -4.188598    
  2.755686     -4.191916    
  2.755773     -4.194457    
  2.755894     -4.438036    
  2.758286    -100.00000    
  2.758373     -4.666594    
  2.758471     -4.613166    
  2.758558     -4.571328    
  2.759027     -4.366141    
  2.759113     -4.324711    
  2.759911     -4.075555    
  2.759981     -4.083255    
  2.760067     -4.055628    
  2.763464     -4.266767    
  2.763551     -4.222660    
  2.766689     -4.281227    
  2.766776     -4.242713    
  2.768842     -4.255622    
  2.768929     -4.257028    
  2.771196     -4.277065    
  2.771283     -4.262806    
  2.772541     -4.313633    
  2.772628     -4.279890    
  2.775737     -4.300224    
  2.778824     -4.321665    
  2.778910     -4.249544    
  2.781421     -4.440953    
  2.781508     -4.506566    
  2.782300     -4.447749    
  2.782387     -4.377340    
  2.783749     -4.259074    
  2.783836     -4.401906    
  2.786316     -4.866856    
  2.786403     -4.307484    
  2.787363     -4.259321    
  2.787450     -4.257713    
  2.787507     -4.253804    
  2.787594     -4.209825    
  2.790506     -4.244844    
  2.793400     -4.338555    
  2.796274     -4.294189    
  2.799129     -4.757834    
  2.799216    -100.00000    
  2.799738     -6.762987    
  2.799825     -6.055376    
  2.800228     -5.347874    
  2.800315     -5.647488    
  2.801475     -4.523386    
  2.801562     -4.237575    
  2.805189     -4.274460    
  2.805276     -4.269770    
  2.807759     -4.818191    
  2.810229     -4.258051    
  2.810316     -4.325137    
  2.813524     -4.432936    
  2.813611     -4.405254    
  2.816430     -4.414820    
  2.816517     -4.417803    
  2.817018     -4.423906    
  2.817105     -4.432069    
  2.819648     -4.423082    
  2.822177     -4.463300    
  2.822264     -4.490648    
  2.823371     -4.486326    
  2.823458     -4.415648    
  2.826003     -4.435063    
  2.826090     -4.438582    
  2.829167     -4.458171    
  2.829254     -4.458792    
  2.829613     -4.461205    
  2.829700     -4.459655    
  2.832781     -4.469556    
  2.832867     -4.470914    
  2.832995     -4.471422    
  2.833082     -4.521261    
  2.836249     -4.534625    
  2.836336     -4.444785    
  2.840558     -4.441809    
  2.840645     -4.476961    
  2.842706     -4.494949    
  2.842793     -4.496472    
  2.843374     -4.500971    
  2.843461     -4.501489    
  2.843577     -4.502271    
  2.843663     -4.502853    
  2.843854     -4.504169    
  2.843941     -4.504300    
  2.844722     -4.513174    
  2.844809     -4.517332    
  2.845992     -4.538563    
  2.846054     -4.527938    
  2.846141     -4.522770    
  2.846320     -4.511388    
  2.846407     -4.502695    
  2.848847     -4.529595    
  2.851272     -4.537936    
  2.851359     -4.534140    
  2.851605     -4.534786    
  2.851692     -4.534471    
  2.853657     -4.542499    
  2.853744     -4.544669    
  2.856721     -4.548178    
  2.856808     -4.551292    
  2.859953     -4.567762    
  2.863077     -4.548862    
  2.863164     -4.575506    
  2.864011     -4.598045    
  2.864097     -4.595698    
  2.864929     -4.599493    
  2.865016     -4.588024    
  2.868335     -4.561245    
  2.868422     -4.590000    
  2.870319     -4.599390    
  2.870406     -4.599774    
  2.871746     -4.605709    
  2.871833     -4.556397    
  2.875793     -4.692175    
  2.879716     -4.589716    
  2.879803     -4.619887    
  2.880314     -4.611291    
  2.880401     -4.961651    
  2.882313    -100.00000    
  2.882400     -5.155096    
  2.882670     -4.973920    
  2.882757     -4.777348    
  2.885337     -4.360539    
  2.885423     -4.463595    
  2.885708     -4.474831    
  2.885795     -4.475631    
  2.886380     -4.509877    
  2.886467     -4.522678    
  2.887555     -4.621903    
  2.887642     -4.601107    
  2.890684     -5.136526    
  2.893704     -4.438414    
  2.893791     -4.532284    
  2.894071     -4.547987    
  2.894158     -4.555938    
  2.895095     -4.618827    
  2.895182     -4.517937    
  2.897787     -5.859514    
  2.897874     -5.036987    
  2.901032     -4.515062    
  2.904168     -4.662662    
  2.904255     -4.684232    
  2.908003     -4.623270    
  2.908090     -4.688471    
  2.908185     -4.691598    
  2.908477     -4.696907    
  2.908564     -4.697718    
  2.909361     -4.717988    
  2.909448     -4.718003    
  2.910383     -4.705641    
  2.910470     -4.711031    
  2.911970     -4.727613    
  2.912057     -4.730130    
  2.914427     -4.742137    
  2.916785     -4.749740    
  2.916872     -4.749720    
  2.917171     -4.751431    
  2.917258     -4.751906    
  2.920236     -4.761444    
  2.920323     -4.761878    
  2.920418     -4.762258    
  2.922032     -4.767324    
  2.922118     -4.766430    
  2.925029     -4.778634    
  2.925116     -4.778894    
  2.925353     -4.779449    
  2.925440     -4.779726    
  2.925683     -4.780751    
  2.925770     -4.781250    
  2.925849     -4.781738    
  2.925936     -4.786823    
  2.927554     -4.792260    
  2.927641     -4.782920    
  2.927759     -4.782737    
  2.927950     -4.783658    
  2.928037     -4.785266    
  2.929127     -4.784863    
  2.929213     -4.784993    
  2.929524     -4.787463    
  2.929611     -4.788377    
  2.929967     -4.790750    
  2.930054     -4.790710    
  2.930245     -4.790841    
  2.930332     -4.790947    
  2.930644     -4.792209    
  2.930731     -4.792965    
  2.931247     -4.794126    
  2.931334     -4.793670    
  2.932296     -4.793136    
  2.932383     -4.793583    
  2.933595     -4.799118    
  2.933682     -4.798070    
  2.934646     -4.804143    
  2.934733     -4.804400    
  2.934790     -4.804451    
  2.934877     -4.803842    
  2.935353     -4.802167    
  2.935440     -4.803461    
  2.939117     -4.823523    
  2.939204     -4.824563    
  2.941487     -4.831639    
  2.943758     -4.838922    
  2.943845     -4.841523    
  2.945191     -4.842569    
  2.945278     -4.844248    
  2.946273     -4.846301    
  2.946360     -4.843666    
  2.946687     -4.845058    
  2.946774     -4.849383    
  2.950137     -4.850759    
  2.950224     -4.854070    
  2.950637     -4.859902    
  2.950724     -4.861095    
  2.950770     -4.861649    
  2.950857     -4.863209    
  2.951287     -4.863190    
  2.951374     -4.862310    
  2.951710     -4.863893    
  2.951797     -4.865731    
  2.952601     -4.867450    
  2.952688     -4.867246    
  2.952960     -4.868331    
  2.953047     -4.868697    
  2.953319     -4.869605    
  2.953406     -4.869338    
  2.953990     -4.870151    
  2.954077     -4.871623    
  2.955685     -4.875080    
  2.955739     -4.874691    
  2.955826     -4.874785    
  2.956162     -4.875928    
  2.956249     -4.876504    
  2.956346     -4.877193    
  2.956433     -4.877825    
  2.956797     -4.880421    
  2.956884     -4.880886    
  2.956929     -4.881077    
  2.957016     -4.880833    
  2.958490     -4.884447    
  2.958577     -4.884683    
  2.958723     -4.884741    
  2.958810     -4.884658    
  2.959196     -4.885615    
  2.959283     -4.886139    
  2.959385     -4.886652    
  2.959471     -4.887088    
  2.959520     -4.887324    
  2.959575     -4.887589    
  2.959642     -4.887911    
  2.959686     -4.888064    
  2.959837     -4.889463    
  2.959916     -4.891341    
  2.960003     -4.861903    
  2.960694     -5.233256    
  2.960781     -5.347156    
  2.961122     -5.391243    
  2.961209     -5.193738    
  2.964884     -4.810824    
  2.968529     -4.915984    
  2.972144     -4.919817    
  2.975728     -4.931171    
  2.975815     -4.900960    
  2.976171     -4.906393    
  2.976258     -4.971109    
  2.979351     -4.644701    
  2.982423     -4.826086    
  2.982509     -4.839549    
  2.982872     -4.857080    
  2.982959     -4.876946    
  2.985659     -4.945756    
  2.988343     -4.949448    
  2.991011     -5.089701    
  2.993662     -4.956606    
  2.996297     -4.991130    
  2.998916     -5.002357    
  3.001519     -4.974723    
  3.004107     -5.010460    
  3.004194     -5.022520    
  3.008392     -5.007181    
  3.008479     -5.025069    
  3.011906     -4.978136    
  3.015307    -100.00000    
  3.018681     -4.792485    
  3.022029     -5.057322    
  3.022116     -5.027616    
  3.024662     -5.085545    
  3.024749     -5.067643    
  3.025489     -5.072015    
  3.025575     -5.051354    
  3.029666     -5.057243    
  3.033719     -5.116804    
  3.037734     -5.058393    
  3.041713     -5.090200    
  3.041799     -5.097004    
  3.044755     -5.288666    
  3.047691     -4.940907    
  3.050607     -5.133896    
  3.053504     -5.155183    
  3.053591     -5.181282    
  3.056619     -5.079874    
  3.056706     -5.079155    
  3.059529     -5.250559    
  3.059616     -5.166777    
  3.061712     -5.156539    
  3.061799     -5.158921    
  3.061872     -5.159512    
  3.061959     -5.159955    
  3.062143     -5.163906    
  3.062230     -5.160100    
  3.062919     -5.270281    
  3.063006     -5.268949    
  3.065043     -5.195458    
  3.065130     -5.186592    
  3.067491     -5.233158    
  3.067578     -5.279794    
  3.070186     -5.018360    
  3.072777     -5.091605    
  3.072864     -5.158038    
  3.074321     -5.201973    
  3.074408     -5.202279    
  3.077271     -5.252792    
  3.080115     -5.192132    
  3.082941     -5.200392    
  3.085748     -5.239022    
  3.085835     -5.171447    
  3.089403     -5.182432    
  3.092941     -5.280353    
  3.093028     -5.180250    
  3.093732     -5.220713    
  3.093819     -5.241956    
  3.096155     -5.313428    
  3.096242     -5.316958    
  3.099391     -5.344308    
  3.099477     -5.347463    
  3.103182     -5.350124    
  3.106856     -5.362158    
  3.106943     -5.367254    
  3.110832     -5.358637    
  3.114687     -5.400349    
  3.114774     -5.398494    
  3.115819     -5.394903    
  3.115905     -5.399319    
  3.116258     -5.401522    
  3.116345     -5.403254    
  3.120500     -5.424209    
  3.124616     -5.415228    
  3.124703     -5.459102    
  3.125997     -5.448370    
  3.126084     -5.440506    
  3.127687     -5.426728    
  3.127774     -5.422476    
  3.131268     -5.457463    
  3.131355     -5.454275    
  3.135066     -5.381073    
  3.138745     -6.556010    
  3.138832     -5.456543    
  3.141211     -5.168820    
  3.143577     -5.428643    
  3.143664     -5.424965    
  3.145869     -5.489997    
  3.145956     -5.486424    
  3.146758     -5.499109    
  3.146845     -5.499879    
  3.146975     -5.504534    
  3.149747     -5.523668    
  3.149834     -5.521814    
  3.151287     -5.525104    
  3.151374     -5.530150    
  3.153068     -5.526015    
  3.153155     -5.529203    
  3.153248     -5.529549    
  3.153335     -5.529793    
  3.153381     -5.529902    
  3.153425     -5.530010    
  3.153479     -5.530123    
  3.153656     -5.530862    
  3.153744     -5.538419    
  3.156590     -5.544110    
  3.159418     -5.540308    
  3.159505     -5.545391    
  3.162077     -5.564627    
  3.164633     -5.571329    
  3.164720     -5.573211    
  3.164846     -5.573928    
  3.164933     -5.575191    
  3.168315     -5.588964    
  3.171670     -5.600513    
  3.171756     -5.601762    
  3.173303     -5.605903    
  3.173390     -5.606131    
  3.173578     -5.606591    
  3.173665     -5.606713    
  3.174167     -5.608265    
  3.174254     -5.609639    
  3.176868     -5.615808    
  3.179466     -5.626220    
  3.179553     -5.625996    
  3.183542     -5.642893    
  3.187494     -5.656587    
  3.187581     -5.656500    
  3.188338     -5.660057    
  3.188425     -5.544863    
  3.189886     -6.715153    
  3.189973    -100.00000    
  3.191119     -6.686112    
  3.191206     -6.049379    
  3.191899     -5.334656    
  3.191986     -5.292206    
  3.192224     -5.196888    
  3.192311     -5.056845    
  3.194885     -4.989369    
  3.194972     -5.117579    
  3.196916     -5.408548    
  3.197003     -5.412520    
  3.200094     -5.609357    
  3.203162     -5.694483    
  3.203250     -5.642431    
  3.207365     -5.709315    
  3.207452     -5.715281    
  3.209135     -5.730329    
  3.209222     -5.731328    
  3.209715     -5.734319    
  3.209802     -5.738027    
  3.214086     -5.855907    
  3.218329     -5.233423    
  3.218415     -5.258565    
  3.221174     -5.629435    
  3.223916     -5.743479    
  3.226640     -5.786882    
  3.229347     -5.762364    
  3.229434     -5.758704    
  3.231857     -5.804228    
  3.234265     -5.817537    
  3.234352     -5.814224    
  3.236049     -5.827681    
  3.236136     -5.828270    
  3.236180     -5.828430    
  3.236267     -5.828750    
  3.236442     -5.829305    
  3.236529     -5.826583    
  3.239749     -5.834063    
  3.242945     -5.842921    
  3.246117     -5.862798    
  3.249267     -5.873599    
  3.252393     -5.888230    
  3.255498     -5.897017    
  3.258580     -5.896747    
  3.261641     -5.921013    
  3.261728     -5.910942    
  3.263462     -5.916478    
  3.263549     -5.915369    
  3.266414     -5.936084    
  3.266501     -5.939349    
  3.268891     -5.938029    
  3.271268     -5.948371    
  3.271355     -5.947957    
  3.271415     -5.948226    
  3.271502     -5.952750    
  3.273253     -5.949789    
  3.273340     -5.947885    
  3.276754     -5.975706    
  3.276841     -5.984169    
  3.279706     -5.975898    
  3.279793     -5.968208    
  3.283538     -5.975723    
  3.283625     -5.985589    
  3.287537     -6.011559    
  3.291415     -6.027277    
  3.291501     -6.026348    
  3.292656     -6.029920    
  3.292743     -6.030408    
  3.293247     -6.032731    
  3.293334     -6.033616    
  3.294670     -6.037517    
  3.294757     -6.037654    
  3.295898     -6.042272    
  3.295985     -6.042436    
  3.296762     -6.044727    
  3.296849     -6.046461    
  3.299310     -6.051337    
  3.301756     -6.057109    
  3.304188     -6.071667    
  3.306608     -6.078659    
  3.306694     -6.076641    
  3.309364     -6.081647    
  3.309451     -6.079749    
  3.310624     -6.086614    
  3.310710     -6.088408    
  3.310941     -6.090026    
  3.311027     -6.090440    
  3.311327     -6.092020    
  3.311414     -6.092520    
  3.311634     -6.093678    
  3.311721     -6.094070    
  3.311774     -6.094306    
  3.311825     -6.094525    
  3.311868     -6.094737    
  3.312020     -6.095341    
  3.312107     -6.101073    
  3.314456     -6.093911    
  3.316790     -5.887701    
  3.319111     -6.110351    
  3.321421     -6.100832    
  3.323718     -6.134354    
  3.326003     -6.076701    
  3.328276     -6.122949    
  3.330537     -6.158768    
  3.332786     -6.163256    
  3.335024     -6.180238    
  3.337251     -6.187723    
  3.339466     -6.196161    
  3.341670     -6.207527    
  3.343862     -6.202991    
  3.346044     -6.213108    
  3.348215     -6.233528    
  3.352524     -6.228053    
  3.356791     -6.253115    
  3.361016     -6.246043    
  3.365201     -6.285662    
  3.369346     -6.266770    
  3.373451     -6.244360    
  3.377518     -6.334768    
  3.381548     -6.341822    
  3.381635     -6.342439    
  3.382086     -6.355869    
  3.382173     -6.334804    
  3.385882     -6.187761    
  3.385969     -6.287109    
  3.388254     -6.348482    
  3.390528     -6.381958    
  3.392789     -6.390490    
  3.395039     -6.400209    
  3.395126     -6.399719    
  3.397731     -6.411172    
  3.400321     -6.414564    
  3.400408     -6.409490    
  3.400855     -6.401261    
  3.400942     -6.411921    
  3.403535     -6.367774    
  3.403595     -6.324113    
  3.403681     -6.316631    
  3.404126     -6.218922    
  3.404213     -6.114834    
  3.406921     -6.025491    
  3.409611     -6.402261    
  3.412285     -6.449032    
  3.414942     -6.452734    
  3.415029     -6.422487    
  3.419274     -6.427403    
  3.419361     -6.457541    
  3.422642     -6.499332    
  3.425897     -6.512746    
  3.429128     -6.525022    
  3.432336     -6.495609    
  3.435520     -6.454799    
  3.438681     -6.492763    
  3.441819     -6.481873    
  3.444934     -6.577185    
  3.445021     -6.609466    
  3.445916     -6.614593    
  3.446003     -6.405544    
  3.448640     -6.283383    
  3.451262     -6.573449    
  3.453868     -6.555857    
  3.456458     -6.621796    
  3.459033     -6.632691    
  3.461593     -6.644696    
  3.464137     -6.658741    
  3.466667     -6.382574    
  3.466754     -6.379215    
  3.469201     -6.576675    
  3.471635     -6.665686    
  3.474055     -6.683915    
  3.476462     -6.695044    
  3.478855     -6.706017    
  3.481235     -6.712370    
  3.483602     -6.723851    
  3.485957     -6.731270    
  3.486044     -6.730909    
  3.486320     -6.729848    
  3.486406     -6.715364    
  3.490359     -6.712497    
  3.494277     -6.758690    
  3.494364     -6.758790    
  3.497260     -6.782585    
  3.500138     -6.688872    
  3.502997     -6.775225    
  3.505837     -6.756863    
  3.505924     -6.732520    
  3.506039     -6.667333    
  3.508509     -6.554192    
  3.510965     -6.722041    
  3.513408     -6.811593    
  3.515836     -6.820692    
  3.515923     -6.821245    
  3.518242     -6.841457    
  3.520548     -6.857695    
  3.522842     -6.864890    
  3.525125     -6.872548    
  3.527395     -6.879557    
  3.529653     -6.887904    
  3.531900     -6.894074    
  3.534135     -6.865835    
  3.534222     -6.900571    
  3.536814     -6.786059    
  3.539391     -6.897452    
  3.541953     -6.931237    
  3.544500     -6.943770    
  3.544586     -6.943241    
  3.545154     -6.945961    
  3.545241     -6.946410    
  3.547861     -6.956678    
  3.550465     -6.965620    
  3.553054     -6.975009    
  3.555627     -6.983676    
  3.555714     -6.983756    
  3.557696     -6.991212    
  3.557783     -6.991564    
  3.558846     -6.995789    
  3.558933     -6.997067    
  3.561019     -7.002930    
  3.561106     -7.002990    
  3.561702     -7.005537    
  3.561789     -7.006040    
  3.561901     -7.006668    
  3.561988     -7.007212    
  3.562293     -7.010334    
  3.565681     -7.017499    
  3.565768     -7.006385    
  3.568654     -6.853536    
  3.568741     -6.907554    
  3.571793     -7.017303    
  3.574823     -7.044513    
  3.577833     -7.064635    
  3.580822     -7.066318    
  3.583790     -6.998459    
  3.586739     -6.950368    
  3.589667     -7.081152    
  3.592576     -7.120966    
  3.595465     -7.109341    
  3.598336     -7.119329    
  3.601187     -7.147116    
  3.604020     -7.154789    
  3.606835     -7.175981    
  3.609631     -7.169718    
  3.612409     -7.188265    
  3.615170     -7.200489    
  3.615257     -7.233898    
  3.619356     -7.125019    
  3.623416     -7.241224    
  3.627438     -7.201977    
  3.630428     -7.231952    
  3.631423     -7.255376    
  3.631510     -7.255464    
  3.632293     -7.261063    
  3.632379     -7.261900    
  3.634714     -7.274449    
  3.637036     -7.283786    
  3.639346     -7.289677    
  3.641643     -7.270743    
  3.643929     -7.296407    
  3.646202     -7.312729    
  3.648464     -7.326623    
  3.650714     -7.330034    
  3.650801     -7.249533    
  3.654040     -7.232472    
  3.657255     -7.349555    
  3.660447     -7.342319    
  3.663615     -7.361015    
  3.663702     -7.365650    
  3.666918     -7.407474    
  3.670110     -7.335729    
  3.670197     -7.213135    
  3.672574     -6.665262    
  3.674939     -6.479193    
  3.677290     -7.435227    
  3.679629     -7.310674    
  3.681956     -7.368651    
  3.684270     -7.424484    
  3.686572     -7.453706    
  3.688862     -7.440249    
  3.688948     -7.444442    
  3.691459     -7.413015    
  3.691546     -7.448224    
  3.695795     -7.501817    
  3.695882     -7.495983    
  3.699760     -7.513443    
  3.703605     -7.526025    
  3.707416     -7.536080    
  3.711193     -7.566728    
  3.712650     -7.540706    
  3.714938     -7.560679    
  3.718651     -7.576114    
  3.722333     -7.615615    
  3.725983     -7.481543    
  3.726071     -7.556847    
  3.729627     -7.624927    
  3.733155     -7.632050    
  3.736655     -7.529052    
  3.740126     -7.454469    
  3.740213     -7.451196    
  3.740628     -7.495948    
  3.740715     -7.527952    
  3.743507     -7.656318    
  3.746281     -7.691585    
  3.749037     -7.568477    
  3.751777     -7.544013    
  3.751863     -7.566091    
  3.753882     -7.679491    
  3.753969     -7.677028    
  3.754658     -7.694641    
  3.754745     -7.695183    
  3.755217     -7.701385    
  3.755304     -7.702269    
  3.755522     -7.704383    
  3.755609     -7.705166    
  3.755717     -7.706125    
  3.755803     -7.707742    
  3.758983     -7.729382    
  3.762140     -8.114567    
  3.765273     -6.762821    
  3.768385     -8.455624    
  3.771474     -7.415689    
  3.774541     -7.718574    
  3.777587     -7.784125    
  3.778151     -7.786304    
  3.780612     -7.803855    
  3.783615     -7.813791    
  3.786599     -7.826225    
  3.789561     -7.836006    
  3.792504     -7.853798    
  3.795427     -7.831887    
  3.798330     -7.865606    
  3.801214     -7.878532    
  3.804079     -7.888055    
  3.804166     -7.888655    
  3.806878     -7.895317    
  3.809572     -7.911885    
  3.809659     -7.901263    
  3.812666     -7.918036    
  3.815653     -7.933161    
  3.818618     -7.748832    
  3.821564     -7.732510    
  3.821651     -7.827556    
  3.825835     -7.969341    
  3.829979     -7.967705    
  3.834084     -8.003920    
  3.838150     -8.013279    
  3.838237     -8.012738    
  3.842494     -8.005226    
  3.846710     -8.098516    
  3.850885     -7.729360    
  3.855020     -8.076443    
  3.859117     -8.055497    
  3.863175     -8.098578    
  3.867196     -8.120460    
  3.871179     -8.134613    
  3.871266     -8.135446    
  3.873943     -8.135846    
  3.876604     -8.152662    
  3.879249     -8.165223    
  3.881877     -8.146074    
  3.884490     -8.221514    
  3.887087     -7.712410    
  3.889668     -7.615119    
  3.892234     -8.014686    
  3.892321     -8.012865    
  3.894387     -8.154738    
  3.894474     -8.158247    
  3.897753     -8.172717    
  3.901007     -8.230607    
  3.901094     -8.228749    
  3.904208     -8.247504    
  3.904295     -8.249255    
  3.906505     -8.259178    
  3.908704     -8.266158    
  3.910891     -8.272547    
  3.913068     -8.279931    
  3.913155     -8.281638    
  3.913273     -8.282660    
  3.913769     -8.284739    
  3.913856     -8.284804    
  3.913972     -8.293180    
  3.916915     -8.266674    
  3.917002     -8.248127    
  3.920996     -8.251933    
  3.924953     -8.326771    
  3.928874     -8.341016    
  3.932760     -8.352651    
  3.936612     -8.366091    
  3.940430     -8.374947    
  3.944215     -8.389541    
  3.947967     -8.391598    
  3.948054     -8.391666    
  3.950352     -8.338522    
  3.952638     -8.396485    
  3.954912     -8.415007    
  3.957174     -8.432982    
  3.959425     -8.439737    
  3.961663     -8.449456    
  3.963891     -8.454548    
  3.966107     -8.461953    
  3.968311     -8.462802    
  3.970505     -8.480184    
  3.972688     -8.371355    
  3.974859     -8.340388    
  3.979170     -8.517404    
  3.983439     -8.515298    
  3.983526     -8.517928    
  3.986294     -8.530038    
  3.989045     -8.545452    
  3.991778     -8.550718    
  3.994495     -8.549753    
  3.997194     -8.565881    
  3.999877     -8.585263    
  4.002544     -8.595255    
  4.005194     -8.515273    
  4.007828     -7.910511    
  4.010446     -8.181950    
  4.013048     -8.510529    
  4.015635     -8.595300    
  4.018207     -8.627150    
  4.020764     -8.628765    
  4.023305     -8.637951    
  4.025832     -8.540634    
  4.025919     -8.571793    
  4.029064     -8.677910    
  4.032186     -8.664893    
  4.035287     -8.713815    
  4.038365     -8.715905    
  4.038452     -8.718664    
  4.040802     -8.697392    
  4.043140     -8.696789    
  4.045465     -8.720938    
  4.047778     -8.740363    
  4.047865     -8.745628    
  4.051161     -8.764696    
  4.054403     -8.774851    
  4.057621     -8.786793    
  4.060815     -8.797941    
  4.063986     -8.831844    
  4.067134     -8.618604    
  4.070259     -8.599673    
  4.073362     -8.813986    
  4.073449     -9.622045    
  4.075844     -8.268214    
  4.078226     -8.287064    
  4.080595     -8.607467    
  4.082951     -8.794813    
  4.085294     -8.850123    
  4.087625     -8.869052    
  4.089943     -8.885050    
  4.092249     -8.897557    
  4.094543     -8.905228    
  4.096824     -8.912456    
  4.099094     -8.923106    
  4.101352     -8.926069    
  4.103599     -8.934224    
  4.105833     -8.942637    
  4.108057     -8.961582    
  4.110269     -8.862800    
  4.112469     -8.836861    
  4.114659     -8.937322    
  4.116838     -8.975003    
  4.119006     -8.989942    
  4.123309     -8.997503    
  4.127570     -9.015299    
  4.131790     -9.022612    
  4.135969     -9.041661    
  4.140109     -9.065391    
  4.144209     -9.047992    
  4.144296     -9.036302    
  4.147238     -8.797473    
  4.147324     -8.854836    
  4.151647     -9.097989    
  4.155926     -9.103783    
  4.156013     -9.446802    
  4.158880     -8.705848    
  4.161727     -9.289440    
  4.161814     -8.982292    
  4.163762     -9.095321    
  4.163849     -9.091662    
  4.167436     -9.144854    
  4.170993     -9.114521    
  4.174521     -8.961735    
  4.178021     -9.166876    
  4.181494     -9.199773    
  4.184938     -9.215585    
  4.188355     -9.226239    
  4.191746     -9.237776    
  4.195110     -9.245888    
  4.198449     -9.232360    
  4.201762     -9.203532    
  4.205050     -9.276435    
  4.208313     -9.291137    
  4.211552     -9.296093    
  4.214767     -9.306409    
  4.217959     -9.317500    
  4.221127     -9.328129    
  4.224272     -9.340809    
  4.227394     -9.344639    
  4.230494     -9.321678    
  4.233573     -9.279918    
  4.236629     -9.296537    
  4.239665     -9.139699    
  4.242679     -8.726052    
  4.245672     -9.866094    
  4.248645     -9.221265    
  4.251598     -9.393954    
  4.254530     -9.439530    
  4.257443     -9.371433    
  4.260337     -9.411317    
  4.263212     -9.432456    
  4.266067     -9.479468    
  4.266154     -9.478230    
  4.269157     -9.593291    
  4.272139     -9.024827    
  4.275101     -9.133483    
  4.278043     -9.133886    
  4.280965     -9.465801    
  4.283867     -9.513807    
  4.286751     -9.543645    
  4.289615     -9.544387    
  4.292460     -9.546435    
  4.295287     -9.559932    
  4.298096     -9.580442    
  4.300886     -9.595469    
  4.303659     -9.603186    
  4.306414     -9.610796    
  4.309152     -9.625522    
  4.311873     -9.587957    
  4.314576     -9.593461    
  4.317263     -9.724900    
  4.319934     -9.857513    
  4.322588     -9.637036    
  4.325226     -9.659790    
  4.327848     -9.669347    
  4.330454     -9.668250    
  4.333045     -9.691589    
  4.335621     -9.704737    
  4.338181     -9.658295    
  4.340726     -9.572206    
  4.343256     -9.612915    
  4.345772     -9.603649    
  4.348274     -9.709192    
  4.350760     -9.740600    
  4.353233     -9.757435    
  4.353320     -9.758321    
  4.356074     -9.762619    
  4.356161     -9.765925    
  4.357582     -9.762359    
  4.357669     -9.766175    
  4.360507     -9.777361    
  4.363326     -9.780090    
  4.366127     -9.789886    
  4.368910     -9.800460    
  4.371675     -9.823977    
  4.374422     -9.712699    
  4.377153     -9.802696    
  4.379866     -9.825482    
  4.382563     -10.46627    
  4.385243     -9.351693    
  4.387906     -9.537847    
  4.390553     -9.292134    
  4.393185     -10.02593    
  4.395800     -9.724720    
  4.398400     -9.847393    
  4.400984     -9.893603    
  4.403553     -9.916221    
  4.406107     -9.927950    
  4.408646     -9.933900    
  4.411170     -9.919500    
  4.413679     -9.941133    
  4.416174     -9.943301    
  4.418655     -9.944662    
  4.421122     -9.934101    
  4.423575     -9.838433    
  4.426014     -9.960603    
  4.428439     -9.984267    
  4.430851     -9.999041    
  4.433250     -9.977606    
  4.435636     -9.992887    
  4.438008     -10.00221    
  4.440368     -10.02073    
  4.440455     -10.01892    
  4.442913     -10.03440    
  4.445357     -10.04907    
  4.447787     -10.05827    
  4.450204     -10.17333    
  4.452608     -9.786119    
  4.454999     -9.866751    
  4.457376     -9.954563    
  4.459740     -10.06683    
  4.462092     -10.02740    
  4.464431     -10.03795    
  4.466757     -10.09951    
  4.469071     -10.11896    
  4.471373     -10.11592    
  4.473663     -10.13113    
  4.475940     -10.14218    
  4.478206     -9.989450    
  4.512937     -10.12410    
  4.513024     -10.27769    
  4.514610     -10.28528    
  4.514697     -10.28934    
  4.515945     -10.28720    
  4.516032     -10.17113    
  4.585469     -10.50576    
  4.585556     -10.45640    
  4.648489     -10.56156    
  4.648576     -10.65071    
  4.649548     -10.66077    
  4.649635     -10.66070    
  4.649838     -10.66180    
  4.649925     -10.60140    
  4.709765     -10.78075    
  4.709852     -10.84071    
  4.765753     -10.87824    
  4.765822     -11.01107    
  4.765909     -10.98544    
  4.818480     -11.16881    
  4.818567     -11.10372    
  4.868094     -11.17620    
  4.868152     -11.30227    
  4.868214     -11.22090    
  4.915089     -11.47240    
  4.915176     -11.44932    
  4.959449     -11.56693    
  4.959536     -11.57130    
  4.959642     -11.56763    
  4.959729     -11.53601    
  5.002021     -11.54274    
  5.002108     -11.69501    
  5.041986     -11.81330    
  5.042072     -11.82568    
  5.042428     -11.83320    
  5.042515     -11.79916    
  5.081038     -11.90311    
  5.081125     -11.89407    
  5.117569     -12.02202    
  5.117655     -12.04675    
  5.118005     -12.04076    
  5.118092     -11.80753    
  5.153462     -12.25683    
  5.153549     -12.12089    
  5.187204     -12.23571    
  5.187290     -12.22047    
  5.187529     -12.22210    
  5.187616     -12.21644    
  5.251180     -12.32054    
  5.251266     -12.39707    
  5.251931     -12.39976    
  5.252018     -12.39597    
  5.311750     -12.53981    
  5.311837     -12.57365    
  5.311944     -12.54637    
  5.712950     -13.63982    
  5.917833     -14.19492    
  6.161415     -14.84883    
  6.430595     -15.58509    
  6.714779     -16.36272    
  7.007134     -17.16001    
  7.303761     -17.97768    
  7.602573     -18.82400    
  7.902489     -19.71683    
  8.202961     -20.68836    
  8.503712     -21.83646    
  8.804602     -23.58732    
  9.105563    -100.00000    
  9.406558    -100.00000    
  9.707570    -100.00000    
