 0.6989700     -89.59607    
 0.7304748     -89.12544    
 0.7598479     -88.92014    
 0.7873596     -88.91544    
 0.8132319     -89.05505    
 0.8376491     -89.38142    
 0.8607663    -100.00000    
 0.9036074     -88.06508    
 0.9425994     -87.17960    
 0.9783771    -100.00000    
  1.011430    -100.00000    
  1.042145     -82.87319    
  1.042232    -100.00000    
  1.060679     -81.54861    
  1.060766    -100.00000    
  1.080039     -80.63498    
  1.080126    -100.00000    
  1.098980     -79.55002    
  1.099067     -79.66881    
  1.116489     -78.82186    
  1.116576     -78.79918    
  1.132827     -78.17262    
  1.132914     -78.02989    
  1.147337     -77.73096    
  1.147424     -77.42121    
  1.153100     -77.33300    
  1.153187     -77.64235    
  1.190309     -76.74675    
  1.224506     -76.10322    
  1.224593     -74.83437    
  1.258242     -75.04085    
  1.258328     -71.59344    
  1.281053     -71.22099    
  1.281140     -69.92833    
  1.305129    -100.00000    
  1.305216     -69.98239    
  1.326885    -100.00000    
  1.326972     -69.97943    
  1.346664     -70.22515    
  1.346750     -70.22929    
  1.362515    -100.00000    
  1.362602     -70.59794    
  1.403133    -100.00000    
  1.403220     -69.83790    
  1.407231     -69.78079    
  1.407318    -100.00000    
  1.434239     -68.35261    
  1.434325     -68.02319    
  1.438732     -67.60582    
  1.438819    -100.00000    
  1.466567     -63.34016    
  1.466654    -100.00000    
  1.485460     -60.20130    
  1.485547    -100.00000    
  1.499940    -100.00000    
  1.500027     -22.66611    
  1.502811     -22.64697    
  1.502898     -22.72714    
  1.515152     -22.99036    
  1.515239     -23.00761    
  1.538911     -23.55982    
  1.538998     -23.49257    
  1.541754     -23.54959    
  1.541841     -23.55154    
  1.544410     -23.60367    
  1.544497     -23.60559    
  1.546755     -23.65089    
  1.546842     -23.51329    
  1.568094     -23.90450    
  1.568181     -23.86487    
  1.576102     -23.97218    
  1.576189     -23.97058    
  1.577032     -23.98098    
  1.577119     -23.98439    
  1.586189     -24.09023    
  1.586276     -24.08874    
  1.587530     -24.10240    
  1.587617     -24.10657    
  1.602078     -24.25590    
  1.602165     -24.18098    
  1.604747     -24.54185    
  1.604834     -24.23215    
  1.629405     -24.57127    
  1.629492     -24.52369    
  1.633100     -24.55868    
  1.633187     -24.56104    
  1.643761     -24.65790    
  1.643848     -24.65671    
  1.646889     -24.68159    
  1.646976     -24.68295    
  1.653070     -24.72630    
  1.653157     -24.73422    
  1.667964     -24.77832    
  1.668051     -24.76988    
  1.673067     -24.75293    
  1.673154     -24.75133    
  1.673452     -24.74863    
  1.673539    -100.00000    
  1.683736     -23.09045    
  1.683823    -100.00000    
  1.689301     -23.02613    
  1.689388     -22.97393    
  1.690173     -23.18277    
  1.690260     -23.06589    
  1.691919     -23.27678    
  1.692006    -100.00000    
  1.709636     -20.78443    
  1.709723     -21.02298    
  1.714748     -21.44919    
  1.714835     -21.53085    
  1.714933     -20.58097    
  1.717233     -20.63763    
  1.717320     -20.87692    
  1.717576     -20.97592    
  1.717663     -21.09678    
  1.719536    -100.00000    
  1.719623    -100.00000    
  1.721805     -20.79383    
  1.721892     -21.42927    
  1.725295     -20.05577    
  1.725382     -19.12506    
  1.731154     -18.35808    
  1.731241     -18.33197    
  1.731758     -18.14079    
  1.731845     -18.05256    
  1.732294     -18.15616    
  1.732381     -18.33764    
  1.735217     -18.12296    
  1.735304     -18.31289    
  1.744878     -17.92124    
  1.744965     -17.98745    
  1.746841     -18.30418    
  1.746929     -18.23653    
  1.747807     -18.30070    
  1.747894     -18.00476    
  1.753972     -17.63531    
  1.754058     -17.27256    
  1.755714     -17.72573    
  1.755801     -17.77040    
  1.756978     -18.13566    
  1.757065     -17.83621    
  1.762907     -17.83840    
  1.762994     -17.93979    
  1.763503     -17.99457    
  1.763590     -18.13330    
  1.765957     -18.37363    
  1.766044     -18.36445    
  1.768505     -18.16559    
  1.768592     -18.06664    
  1.776113     -17.91358    
  1.776200     -18.33736    
  1.776785     -18.03500    
  1.776872     -17.67011    
  1.781285     -17.84729    
  1.781372     -17.93798    
  1.781946     -18.23697    
  1.782033     -18.39203    
  1.786409     -17.40424    
  1.786495     -17.42382    
  1.788161     -17.88772    
  1.788248     -18.00753    
  1.789372     -17.87206    
  1.789459     -17.50268    
  1.792246     -17.57152    
  1.792333     -17.68896    
  1.800765     -18.01514    
  1.800851     -18.73121    
  1.806960     -19.25498    
  1.807047     -19.51337    
  1.809708     -18.74785    
  1.809795     -18.94530    
  1.810144     -18.78668    
  1.810231     -18.44584    
  1.814042    -100.00000    
  1.814129     -19.70672    
  1.834747     -19.66951    
  1.834834     -19.55075    
  1.836557    -100.00000    
  1.836644    -100.00000    
  1.838907    -100.00000    
  1.838994    -100.00000    
  1.840414     -20.51359    
  1.840501    -100.00000    
  1.842149    -100.00000    
  1.842236    -100.00000    
  1.842703     -20.47600    
  1.842790    -100.00000    
  1.844125    -100.00000    
  1.844212     -20.40636    
  1.857265    -100.00000    
  1.857352    -100.00000    
  1.859614    -100.00000    
  1.859700    -100.00000    
  1.861079    -100.00000    
  1.861166    -100.00000    
  1.861837    -100.00000    
  1.861924    -100.00000    
  1.868320    -100.00000    
  1.868407    -100.00000    
  1.870233    -100.00000    
  1.870320    -100.00000    
  1.871306    -100.00000    
  1.871393    -100.00000    
  1.872072    -100.00000    
  1.872158    -100.00000    
  1.873424    -100.00000    
  1.873511    -100.00000    
  1.874931    -100.00000    
  1.875018    -100.00000    
  1.880831    -100.00000    
  1.880918    -100.00000    
  1.887368    -100.00000    
  1.887455    -100.00000    
  1.893213     -17.66605    
  1.893300    -100.00000    
  1.899003     -15.64537    
  1.899090     -16.15135    
  1.905503     -14.76261    
  1.905590     -14.68673    
  1.905821     -14.65910    
  1.905908     -14.86324    
  1.911657     -14.02563    
  1.911744     -13.96586    
  1.912227     -13.91223    
  1.912313     -13.90991    
  1.913955     -13.72376    
  1.914042     -13.59105    
  1.924238     -12.88504    
  1.924325     -12.94500    
  1.925856     -13.03971    
  1.925943     -13.02506    
  1.926709     -13.05706    
  1.926796     -13.16762    
  1.926846     -13.17963    
  1.926932     -13.19255    
  1.927461     -13.39028    
  1.927548     -13.93045    
  1.930771     -13.38423    
  1.930858    -100.00000    
  1.933873     -12.76425    
  1.933960     -12.38394    
  1.936983     -12.90611    
  1.937070     -12.64812    
  1.938051     -12.70384    
  1.938138     -13.06421    
  1.940777     -14.06610    
  1.940864     -14.21976    
  1.941974     -12.78038    
  1.942061    -100.00000    
  1.953068     -11.77523    
  1.953155     -11.35342    
  1.955697     -11.24131    
  1.955784     -11.29477    
  1.959855     -11.29786    
  1.959942     -11.21490    
  1.963545     -10.94108    
  1.963632     -11.28413    
  1.972680     -10.63698    
  1.972767     -11.18758    
  1.974225     -10.37462    
  1.974312     -10.41183    
  1.974387     -10.40008    
  1.974474     -10.39011    
  1.977192     -10.09393    
  1.977279    -100.00000    
  1.992052     -8.983188    
  1.992139     -8.814403    
  1.992517     -8.773120    
  1.992604     -8.780821    
  1.994212     -8.658796    
  1.994299     -8.628579    
  1.994360     -8.622025    
  1.994447     -8.614726    
  1.996552     -8.437288    
  1.996639     -8.484343    
  1.997939     -8.826528    
  1.998026    -100.00000    
  2.000182     -8.818013    
  2.000268     -8.969621    
  2.002574     -8.602884    
  2.002661     -8.583685    
  2.004835     -8.376231    
  2.004922     -8.393436    
  2.005591     -8.315045    
  2.005678     -8.336445    
  2.007421     -8.319584    
  2.007508     -8.374088    
  2.009100     -8.758638    
  2.009187     -8.702200    
  2.009352     -8.711847    
  2.009439     -8.721036    
  2.009543     -8.631820    
  2.017372     -8.524371    
  2.017459     -8.313886    
  2.019860     -8.986636    
  2.019947     -8.616418    
  2.026471     -8.427692    
  2.026558     -8.486488    
  2.028108     -8.208277    
  2.028195     -8.303854    
  2.031137     -8.200900    
  2.031224     -9.058557    
  2.035128     -7.547466    
  2.035214     -7.557446    
  2.036803     -8.119142    
  2.036890     -4.422450    
  2.045213     -5.390696    
  2.053379     -6.202321    
  2.053466    -100.00000    
  2.061043     -4.496731    
  2.061130     -4.414088    
  2.067104    -100.00000    
  2.067191     -6.009559    
  2.068339     -5.830057    
  2.068426     -5.595902    
  2.074002     -4.913163    
  2.074089     -4.974361    
  2.076209     -6.503672    
  2.076296    -100.00000    
  2.076824     -5.734610    
  2.076911     -6.225352    
  2.077530     -5.519377    
  2.077617     -5.295328    
  2.081631     -4.929613    
  2.081718     -5.228916    
  2.090954     -4.710713    
  2.091041    -100.00000    
  2.095978     -3.907028    
  2.096065     -4.619784    
  2.097304     -3.866207    
  2.097391     -4.158277    
  2.100294     -4.180915    
  2.100380     -4.051694    
  2.100528     -3.911536    
  2.100615     -3.705223    
  2.101519     -3.513384    
  2.101605     -3.695156    
  2.104539     -4.224200    
  2.104626    -100.00000    
  2.105611     -4.306150    
  2.105698     -4.098580    
  2.105825     -4.262805    
  2.105912     -4.481611    
  2.106101     -4.691061    
  2.106187     -4.561741    
  2.107298     -4.375613    
  2.107385     -4.015881    
  2.107898    -100.00000    
  2.107985     -4.338336    
  2.111508     -3.921621    
  2.111595     -3.905193    
  2.111941     -3.682424    
  2.112028     -4.160986    
  2.119223    -100.00000    
  2.119310     -4.318366    
  2.124245     -4.669114    
  2.124332     -4.050223    
  2.124942     -4.701195    
  2.125029     -4.519467    
  2.125725     -4.627327    
  2.125812     -4.608201    
  2.126973     -4.284214    
  2.127060     -3.949158    
  2.127658     -4.192837    
  2.127745     -3.733915    
  2.129084     -3.680861    
  2.129171     -3.540008    
  2.130872     -3.635068    
  2.130959     -3.365571    
  2.131986    -100.00000    
  2.132073     -4.515549    
  2.137486     -4.708280    
  2.137573     -4.616367    
  2.138137     -4.577510    
  2.138224     -4.040512    
  2.141450     -4.690057    
  2.141537     -4.769675    
  2.141651     -4.820588    
  2.141738    -100.00000    
  2.145467     -3.956293    
  2.145554     -4.335623    
  2.150309     -5.561536    
  2.150396     -4.792419    
  2.150525     -4.716937    
  2.154246     -4.706781    
  2.154333     -4.340396    
  2.156640    -100.00000    
  2.156727     -4.690464    
  2.156827     -4.516839    
  2.158942     -4.093896    
  2.159028     -4.295747    
  2.168071     -4.910712    
  2.168158     -5.012190    
  2.171576     -4.774398    
  2.171663     -4.474027    
  2.177604     -5.110015    
  2.177690     -5.794846    
  2.181731     -5.690709    
  2.181818     -5.029177    
  2.184198     -4.485959    
  2.184285     -4.620545    
  2.188445     -4.896820    
  2.188532     -5.560496    
  2.189637     -5.588026    
  2.189724     -5.562975    
  2.191670     -5.133146    
  2.191757     -4.911058    
  2.191911     -4.815361    
  2.191997     -5.020757    
  2.197200     -4.524319    
  2.197287     -4.907917    
  2.204684     -4.516045    
  2.204771     -4.493739    
  2.209411     -4.685245    
  2.209498     -4.602470    
  2.213352     -5.476877    
  2.213439     -4.686725    
  2.217445     -4.981265    
  2.217532     -5.131312    
  2.217837     -5.223034    
  2.217924     -5.017797    
  2.218030     -4.946695    
  2.218315     -4.818970    
  2.218402     -4.719376    
  2.218688     -6.110691    
  2.218775     -5.942646    
  2.218819     -5.981086    
  2.218906     -6.001302    
  2.221924     -5.412855    
  2.222011     -4.915417    
  2.223758     -4.479878    
  2.223844    -100.00000    
  2.231931     -4.604631    
  2.232018     -4.974001    
  2.234632     -5.005124    
  2.234695     -4.808379    
  2.234781     -5.105330    
  2.236772    -100.00000    
  2.236859     -4.695042    
  2.239617    -100.00000    
  2.239704     -4.613886    
  2.245345     -4.730894    
  2.245432     -5.658615    
  2.250721     -4.640347    
  2.250808     -4.557706    
  2.252069     -4.550815    
  2.252156     -4.332406    
  2.255687     -4.530078    
  2.259191     -4.363857    
  2.259278     -4.253648    
  2.260545     -5.335710    
  2.260632     -4.683541    
  2.263202     -4.463896    
  2.265757     -5.133577    
  2.265844     -4.240343    
  2.267016     -5.324647    
  2.267103    -100.00000    
  2.270490     -4.070633    
  2.270577     -4.849517    
  2.271628     -5.313152    
  2.271715     -4.665413    
  2.273319     -4.445180    
  2.273406     -4.422443    
  2.275710     -4.876516    
  2.275797     -4.262740    
  2.278993     -4.517577    
  2.279080     -4.159629    
  2.280809     -4.193626    
  2.280896     -4.144310    
  2.281369     -4.140946    
  2.281456     -4.166156    
  2.282921     -4.296783    
  2.283008     -4.426166    
  2.283804     -4.821926    
  2.283891     -4.349392    
  2.284781     -4.190893    
  2.284868     -4.402405    
  2.285091    -100.00000    
  2.285178    -100.00000    
  2.286288     -4.159156    
  2.286375     -3.994704    
  2.287075     -3.995306    
  2.287162     -4.145194    
  2.289257     -4.512082    
  2.291343     -4.741755    
  2.291430     -4.349175    
  2.293524     -4.718899    
  2.295609     -4.195268    
  2.295696     -4.496668    
  2.297128     -3.897032    
  2.297214     -3.966013    
  2.297982     -3.889362    
  2.298069     -3.881362    
  2.299703     -4.203307    
  2.301330     -4.083906    
  2.301417     -4.140265    
  2.302809     -4.479244    
  2.304196     -4.241246    
  2.305579     -4.070923    
  2.306958     -4.058661    
  2.307045     -4.726010    
  2.308274     -4.497504    
  2.308361     -4.195885    
  2.309467     -4.269925    
  2.310569     -4.007587    
  2.311669     -4.304938    
  2.312767     -4.462861    
  2.312854     -4.307512    
  2.313586     -3.920518    
  2.313673     -4.033599    
  2.314517     -5.146156    
  2.314604     -4.266830    
  2.314729     -4.534451    
  2.314817     -5.740786    
  2.315597     -4.788977    
  2.315684     -4.216833    
  2.316612     -4.123691    
  2.317538     -4.469670    
  2.318463     -3.836632    
  2.319385     -4.031942    
  2.320305     -3.958842    
  2.321224     -4.165113    
  2.322140     -4.037834    
  2.323055     -3.945662    
  2.323141     -4.087332    
  2.324207     -4.457766    
  2.324294     -4.039738    
  2.325648     -4.270929    
  2.325735     -4.197264    
  2.326487     -5.856693    
  2.327238     -4.932110    
  2.327987     -4.412965    
  2.328735     -4.053091    
  2.329482     -3.959310    
  2.330227     -4.200432    
  2.330971     -3.967624    
  2.331714     -3.736345    
  2.331801     -3.711481    
  2.331944     -3.705142    
  2.332031     -3.676150    
  2.333101    -100.00000    
  2.333188     -4.617194    
  2.333638     -4.055187    
  2.333725     -4.007383    
  2.334874     -4.131387    
  2.336020     -3.839704    
  2.337163     -4.023166    
  2.338303     -4.996239    
  2.338390     -4.008656    
  2.339301     -3.771454    
  2.339388     -4.331313    
  2.340254     -3.985422    
  2.341118     -3.876987    
  2.341191     -3.895968    
  2.341278     -3.914123    
  2.341370     -3.928572    
  2.341472     -3.885655    
  2.342517     -3.896378    
  2.342604     -4.109904    
  2.343168     -4.238255    
  2.343730     -4.023248    
  2.344292     -4.100834    
  2.344853     -3.789573    
  2.344940     -3.709992    
  2.345929     -4.199634    
  2.346916     -3.991613    
  2.347408     -3.919158    
  2.347900    -100.00000    
  2.348391     -4.692124    
  2.348882     -4.285327    
  2.348969     -4.406067    
  2.349663     -4.159718    
  2.350356     -4.148270    
  2.350443     -4.249593    
  2.351314     -4.441109    
  2.352184     -3.939144    
  2.352270     -3.926862    
  2.352846     -3.652832    
  2.353421     -3.951736    
  2.353508     -4.005834    
  2.353983     -4.348067    
  2.354070     -4.076419    
  2.354494     -3.733248    
  2.354917     -3.642011    
  2.355340     -3.858988    
  2.355762     -3.717434    
  2.355849     -3.755900    
  2.356497     -3.732688    
  2.357144     -3.576100    
  2.357189     -3.636644    
  2.357276     -3.662474    
  2.357498     -3.693893    
  2.357582     -3.744005    
  2.357669     -3.803492    
  2.357776     -3.824243    
  2.357863     -3.702120    
  2.362936     -3.831839    
  2.363023     -4.109860    
  2.368963     -4.062274    
  2.369050     -4.037936    
  2.373546     -3.627433    
  2.373633     -3.637318    
  2.374597     -3.640964    
  2.374684     -3.936464    
  2.376702     -3.707661    
  2.376789     -3.846424    
  2.381401     -3.754771    
  2.381488     -3.584472    
  2.381574     -3.543501    
  2.381660     -3.545987    
  2.383081     -3.591568    
  2.383168     -3.539938    
  2.387126     -4.351598    
  2.387213     -3.578843    
  2.387778     -3.888821    
  2.387865     -3.963776    
  2.397727     -3.527712    
  2.397814     -3.704697    
  2.403706     -3.662115    
  2.403793     -3.621040    
  2.409345     -3.994170    
  2.409431     -4.318604    
  2.409967     -3.878182    
  2.410054     -3.795597    
  2.411603     -3.465520    
  2.411690     -3.432628    
  2.412778     -3.476625    
  2.412865     -3.515610    
  2.413098     -3.567002    
  2.413185     -3.620551    
  2.415338     -4.223972    
  2.415425     -3.731272    
  2.419545     -3.562456    
  2.419632     -3.786860    
  2.422480     -3.528311    
  2.422566     -3.539249    
  2.424108     -3.708164    
  2.424195     -3.708438    
  2.428391     -3.638650    
  2.428478     -3.664652    
  2.429013     -3.621381    
  2.429100     -3.602159    
  2.429782     -3.587025    
  2.429869     -3.662974    
  2.432147     -3.764626    
  2.432234     -3.948414    
  2.434375     -3.888271    
  2.434462     -3.641992    
  2.434951     -3.555325    
  2.435038     -3.558381    
  2.435182     -3.555834    
  2.435269     -3.554378    
  2.435570     -3.590219    
  2.435657     -3.642386    
  2.437397     -3.606369    
  2.437484     -3.628811    
  2.438099     -3.686148    
  2.438186     -3.844529    
  2.441087     -3.584874    
  2.441174     -3.500525    
  2.443115     -4.297656    
  2.443202     -4.018336    
  2.446825     -3.569247    
  2.446912     -3.573219    
  2.447958     -4.198347    
  2.448045     -4.280582    
  2.448133     -4.262304    
  2.448892     -4.076325    
  2.448979     -3.951776    
  2.450924     -3.730718    
  2.451011     -3.742470    
  2.454772     -3.463010    
  2.454858     -3.551957    
  2.456026     -3.606760    
  2.456113     -3.753238    
  2.461170     -3.744082    
  2.461257     -4.932010    
  2.463251     -3.601975    
  2.463338     -3.702020    
  2.464476     -3.835509    
  2.464562     -3.857706    
  2.465051     -3.935345    
  2.465138     -3.939119    
  2.466286     -3.517623    
  2.466372     -3.445454    
  2.467492     -3.528672    
  2.467579     -3.568034    
  2.467685     -3.577488    
  2.467772     -3.556948    
  2.469909     -3.578772    
  2.469996     -3.634887    
  2.471129     -3.740431    
  2.471216     -3.730946    
  2.471342     -3.754253    
  2.471828     -3.908503    
  2.471915     -3.841842    
  2.473553     -3.828151    
  2.473640     -3.781281    
  2.473908     -3.752675    
  2.473994     -3.714457    
  2.476442     -3.638749    
  2.476529     -3.615944    
  2.476628     -3.610211    
  2.476715     -3.661988    
  2.479546     -3.760921    
  2.479633     -3.742825    
  2.481199     -3.830658    
  2.481286     -3.592262    
  2.482813    -100.00000    
  2.482900     -5.444231    
  2.483465     -3.768479    
  2.483551     -3.699715    
  2.483824     -3.537443    
  2.483911     -3.486077    
  2.484517     -3.360113    
  2.484589     -3.365562    
  2.484656     -3.362611    
  2.484743     -3.319275    
  2.487037     -3.683894    
  2.487124     -3.414119    
  2.491399     -3.601957    
  2.491443     -3.609539    
  2.491530     -3.606175    
  2.492836     -3.790010    
  2.492923     -3.707617    
  2.493799     -3.644673    
  2.493886     -3.827284    
  2.495735    -100.00000    
  2.495822     -3.843999    
  2.497233     -3.437250    
  2.497320     -3.476117    
  2.497678     -3.470873    
  2.497765     -3.465504    
  2.498024     -3.444877    
  2.498111     -3.409442    
  2.500649     -3.649443    
  2.500736     -3.755051    
  2.503920     -3.726002    
  2.504007     -3.637250    
  2.504069     -3.635222    
  2.504156     -3.649803    
  2.506445     -3.722568    
  2.506532     -3.746612    
  2.506598     -3.754969    
  2.506685     -3.765960    
  2.507046     -3.799286    
  2.507133     -3.857068    
  2.509451     -3.753990    
  2.511756     -3.855729    
  2.511843     -3.863312    
  2.512347     -3.859804    
  2.512434     -3.865352    
  2.512876     -3.862599    
  2.512963     -3.851875    
  2.514176     -3.972650    
  2.514263     -3.907054    
  2.515719     -3.720285    
  2.515805     -3.724931    
  2.515872     -3.723577    
  2.515959     -3.723270    
  2.516021     -3.723863    
  2.516107     -3.727562    
  2.516706     -3.729917    
  2.516793     -3.720369    
  2.517769     -3.711828    
  2.517856     -3.720307    
  2.517941     -3.722015    
  2.518028     -3.678691    
  2.519341     -3.882055    
  2.519428     -3.947274    
  2.521612     -3.737165    
  2.523785     -3.918485    
  2.523871     -3.975951    
  2.524535     -3.858223    
  2.524622     -3.754833    
  2.526468     -3.769268    
  2.526555     -3.828962    
  2.528500     -3.827509    
  2.528587     -3.857860    
  2.530010     -4.262061    
  2.530097     -3.955548    
  2.532615     -3.672563    
  2.532701     -3.775983    
  2.535293     -3.899073    
  2.535380     -3.843218    
  2.536082     -3.853369    
  2.536169     -4.058710    
  2.539337     -3.939500    
  2.539424     -3.849325    
  2.543132     -3.789496    
  2.546808     -3.744341    
  2.546895     -3.770634    
  2.547076     -3.782882    
  2.547163     -3.788160    
  2.547329     -3.795640    
  2.547416     -3.799281    
  2.547523     -3.780468    
  2.551049     -3.931045    
  2.551118     -3.902792    
  2.551204     -3.891246    
  2.551316     -3.876037    
  2.551403     -3.863033    
  2.551597     -3.850820    
  2.551684     -4.018197    
  2.555046     -4.524772    
  2.558382     -3.542459    
  2.558469     -3.623021    
  2.558869     -3.646444    
  2.558956     -3.612987    
  2.561154     -4.224140    
  2.561240     -4.017600    
  2.561557     -3.922140    
  2.561644     -3.906312    
  2.564817     -3.941689    
  2.564904     -3.760344    
  2.567815     -3.813351    
  2.570708     -3.774890    
  2.570794     -3.698790    
  2.571315     -3.722424    
  2.571402     -3.734609    
  2.571490     -3.742577    
  2.571576     -3.749405    
  2.572470     -3.806917    
  2.572557     -3.808255    
  2.572668     -3.794384    
  2.573820     -3.809039    
  2.573907     -3.958340    
  2.577456     -3.893910    
  2.580976     -4.020624    
  2.581063     -4.015432    
  2.582797     -3.858127    
  2.582884     -3.867062    
  2.583821     -3.913577    
  2.583908     -4.682907    
  2.586262     -3.771753    
  2.586349     -3.546889    
  2.588885     -3.532210    
  2.588972     -3.598448    
  2.590598     -3.679433    
  2.590685     -3.706400    
  2.593225     -3.856956    
  2.595750     -3.830343    
  2.595837     -3.862874    
  2.596260     -3.891469    
  2.596347     -3.898839    
  2.597094     -3.893006    
  2.597181     -3.903061    
  2.597646     -3.902973    
  2.597733     -3.885881    
  2.600152     -3.838203    
  2.600239     -3.844776    
  2.600921     -3.913921    
  2.601008     -3.859933    
  2.604043     -4.798531    
  2.607057     -3.657802    
  2.607144     -3.732103    
  2.607237     -3.737629    
  2.607324     -3.743165    
  2.607391     -3.747540    
  2.607478     -3.752791    
  2.607654     -3.756719    
  2.607741     -3.757880    
  2.607898     -3.765962    
  2.607985     -3.799673    
  2.609811     -3.832153    
  2.609898     -3.928157    
  2.612121     -3.864254    
  2.614332     -3.836172    
  2.614419     -3.911828    
  2.615617     -3.845821    
  2.615704     -3.839404    
  2.616177     -3.854457    
  2.616264     -3.846520    
  2.617793     -4.020975    
  2.617880     -4.298789    
  2.620859     -4.399605    
  2.620946     -3.844014    
  2.620996     -3.837348    
  2.621083     -3.902432    
  2.623324     -4.228899    
  2.623411     -3.873340    
  2.625471     -3.765065    
  2.625557     -3.731677    
  2.626297     -3.623356    
  2.626384     -3.545631    
  2.628414     -3.884015    
  2.630435     -3.756215    
  2.630522     -3.768948    
  2.633186     -3.935129    
  2.633273     -3.959431    
  2.634210     -3.990962    
  2.634297     -4.016488    
  2.634349     -4.029524    
  2.634435     -4.107430    
  2.636215     -4.127530    
  2.636302     -4.116996    
  2.639339     -4.378749    
  2.642355     -3.760132    
  2.642442     -3.862260    
  2.642737     -3.889895    
  2.642824     -3.827412    
  2.644205     -4.190749    
  2.644292     -4.576627    
  2.645853     -4.144579    
  2.645940     -4.163367    
  2.646436     -4.030541    
  2.646523     -3.890999    
  2.648315     -3.826995    
  2.648402     -3.867868    
  2.649502     -3.955063    
  2.649589     -3.965731    
  2.650015     -3.982826    
  2.650101     -3.985072    
  2.650189     -3.950734    
  2.652023     -4.324517    
  2.652110     -4.082222    
  2.653477     -3.870574    
  2.653564     -3.882907    
  2.653758     -3.876107    
  2.653845     -3.868063    
  2.656371     -4.645233    
  2.656458    -100.00000    
  2.658575     -3.796408    
  2.660682     -3.817928    
  2.660769     -3.859902    
  2.662838     -4.042494    
  2.662925     -4.012766    
  2.664361     -3.962145    
  2.664448     -3.997518    
  2.665319     -4.046592    
  2.665406     -4.011757    
  2.667645     -4.603772    
  2.669873     -4.025384    
  2.669960     -3.909379    
  2.670100     -3.869928    
  2.670187     -3.840329    
  2.670748     -3.780146    
  2.670835     -3.781114    
  2.671918     -3.927664    
  2.672999     -3.992348    
  2.674077     -3.983499    
  2.675152     -3.967116    
  2.675239     -3.932352    
  2.676365     -4.018878    
  2.676452     -4.040816    
  2.676824     -4.077500    
  2.676911     -4.086113    
  2.677193     -4.110182    
  2.677280     -4.112408    
  2.678402     -4.134728    
  2.679522     -4.143617    
  2.680638     -4.133685    
  2.681752     -4.208905    
  2.681839     -4.103763    
  2.682994     -5.191173    
  2.684147     -4.388575    
  2.684233     -4.146050    
  2.684319     -4.118862    
  2.684406     -4.100924    
  2.684479     -4.090128    
  2.684566     -4.072041    
  2.685988     -4.060102    
  2.686075     -4.062867    
  2.687061     -4.039654    
  2.688046     -4.033286    
  2.688133     -4.030296    
  2.688542     -4.063244    
  2.688629     -4.071876    
  2.689258     -4.054699    
  2.689886     -4.057676    
  2.690513     -4.104864    
  2.691139     -4.136054    
  2.691764     -4.139922    
  2.692389     -4.144059    
  2.693012     -4.156704    
  2.693635     -4.147570    
  2.693722     -4.142615    
  2.693817     -4.142242    
  2.693904     -4.143163    
  2.694490     -4.171848    
  2.695075     -4.198600    
  2.695162     -4.203732    
  2.695331     -4.213226    
  2.695418     -4.219076    
  2.696036     -4.237582    
  2.696123     -4.239997    
  2.697045     -4.214756    
  2.697132     -4.115320    
  2.697891     -4.824441    
  2.698648     -4.349434    
  2.698717     -4.326973    
  2.698803     -4.317692    
  2.699272     -4.183933    
  2.699740     -4.040499    
  2.700207     -3.934124    
  2.700674     -3.910037    
  2.701140     -3.936527    
  2.701606     -3.947575    
  2.702072     -3.946619    
  2.702537     -3.992620    
  2.702610     -4.001785    
  2.702697     -4.050238    
  2.706154     -4.150572    
  2.706241     -4.131286    
  2.706323     -4.135434    
  2.706410     -4.129927    
  2.707308     -4.270665    
  2.707395     -4.269091    
  2.707629     -4.331325    
  2.707716     -4.416974    
  2.708280     -4.430194    
  2.708366     -4.402586    
  2.709271     -4.155408    
  2.709358     -4.147802    
  2.709449     -4.136549    
  2.709536     -4.126294    
  2.709681     -4.110574    
  2.709768     -4.102358    
  2.709828     -4.097329    
  2.709915     -4.091571    
  2.709960     -4.089334    
  2.710047     -4.058690    
  2.712970     -4.206613    
  2.715874     -4.235731    
  2.715961     -4.832290    
  2.716395     -4.722997    
  2.716481     -4.634741    
  2.716568     -4.434647    
  2.718816     -4.102655    
  2.718903     -4.038408    
  2.720712     -4.014186    
  2.720799     -4.030157    
  2.721478     -4.053416    
  2.721565     -4.061734    
  2.721792     -4.082293    
  2.721879     -4.094743    
  2.724957     -4.250132    
  2.725044     -4.237849    
  2.728146     -4.231318    
  2.728233     -4.231488    
  2.730036     -4.438604    
  2.730123     -4.326508    
  2.733842     -4.176277    
  2.733929     -4.267029    
  2.735898     -4.269002    
  2.735985     -4.255624    
  2.737825     -4.219609    
  2.737912     -4.227650    
  2.738167     -4.240445    
  2.738254     -4.277341    
  2.740300     -4.348136    
  2.740387     -4.403304    
  2.742815     -4.315771    
  2.742902     -4.828880    
  2.746826     -4.192569    
  2.746913     -4.222337    
  2.748474     -4.318523    
  2.748561     -4.748815    
  2.751001     -4.416571    
  2.753428     -3.973819    
  2.753515     -4.043450    
  2.754509     -4.149593    
  2.754596     -4.143079    
  2.754850     -4.153706    
  2.754937     -4.157405    
  2.755499     -4.194628    
  2.755586     -4.202132    
  2.755686     -4.209261    
  2.755773     -4.214835    
  2.755894     -4.722757    
  2.758286     -4.453303    
  2.758373     -4.195913    
  2.758471     -4.184346    
  2.758558     -4.174660    
  2.759027     -4.186855    
  2.759113     -4.204051    
  2.759911     -4.150791    
  2.759981     -4.132110    
  2.760067     -4.115705    
  2.760747     -4.156125    
  2.760833     -4.190484    
  2.763464     -4.348978    
  2.763551     -4.354515    
  2.766689     -4.386426    
  2.766776     -4.400815    
  2.768842     -4.464025    
  2.768929     -4.424069    
  2.771196     -4.485490    
  2.771283     -4.418593    
  2.772541     -4.417250    
  2.772628     -4.489840    
  2.775841     -4.530046    
  2.775928     -4.466904    
  2.777541     -4.423412    
  2.777628     -4.469061    
  2.778824     -4.424780    
  2.778910     -4.454993    
  2.781421     -4.496905    
  2.781508     -4.457789    
  2.782300     -4.454704    
  2.782387     -4.427515    
  2.783749     -4.385351    
  2.783836     -4.497931    
  2.786316     -4.522214    
  2.786403     -4.479902    
  2.787363     -4.441224    
  2.787450     -4.448521    
  2.787507     -4.449162    
  2.787594     -4.450381    
  2.790506     -4.498025    
  2.793400     -4.535800    
  2.796274     -4.501583    
  2.799129     -4.893631    
  2.799216    -100.00000    
  2.799738     -5.879810    
  2.799825     -5.218537    
  2.800228     -4.538119    
  2.800315     -4.412996    
  2.801475     -4.202704    
  2.801562     -4.221726    
  2.805189     -4.371748    
  2.805276     -4.457136    
  2.807759     -4.560587    
  2.810229     -4.362500    
  2.810316     -4.409179    
  2.813524     -4.561228    
  2.813611     -4.550325    
  2.814474     -4.590079    
  2.814561     -4.601855    
  2.816430     -4.555855    
  2.816517     -4.560730    
  2.817018     -4.497001    
  2.817105     -4.504452    
  2.819648     -4.672772    
  2.822177     -4.660092    
  2.822264     -4.624112    
  2.823371     -4.557521    
  2.823458     -4.565478    
  2.826003     -4.637878    
  2.826090     -4.592205    
  2.829167     -4.679754    
  2.829254     -4.662165    
  2.829613     -4.664686    
  2.829700     -4.609058    
  2.832781     -4.584326    
  2.832867     -4.639252    
  2.832995     -4.645798    
  2.833082     -4.676510    
  2.836249     -4.591591    
  2.836336     -4.490264    
  2.839377     -4.468596    
  2.839464     -4.525730    
  2.840558     -4.542753    
  2.840645     -4.570531    
  2.842706     -4.627911    
  2.842793     -4.577067    
  2.843374     -4.597548    
  2.843461     -4.604431    
  2.843577     -4.608298    
  2.843663     -4.608584    
  2.843854     -4.600642    
  2.843941     -4.614898    
  2.844722     -4.498622    
  2.844809     -4.463207    
  2.845992     -4.581998    
  2.846054     -4.576565    
  2.846141     -4.578632    
  2.846320     -4.585214    
  2.846407     -4.589718    
  2.846929     -4.631411    
  2.847016     -4.647688    
  2.850284     -4.698244    
  2.850371     -4.667618    
  2.851272     -4.690993    
  2.851359     -4.695930    
  2.851605     -4.704159    
  2.851692     -4.713567    
  2.853657     -4.696422    
  2.853744     -4.682397    
  2.856721     -4.749526    
  2.856808     -4.699349    
  2.859953     -4.804397    
  2.863077     -4.741267    
  2.863164     -4.724884    
  2.864011     -4.733723    
  2.864097     -4.744169    
  2.864929     -4.695883    
  2.865016     -4.616554    
  2.868335     -4.710384    
  2.868422     -4.748500    
  2.870319     -4.792119    
  2.870406     -4.807953    
  2.871477     -4.819801    
  2.871560     -4.816508    
  2.871647     -4.817381    
  2.871746     -4.818877    
  2.871833     -4.833864    
  2.875793     -4.856485    
  2.879716     -4.860768    
  2.879803     -4.862840    
  2.880314     -4.870695    
  2.880401     -5.379451    
  2.882313     -5.272228    
  2.882400     -4.873677    
  2.882670     -4.813989    
  2.882757     -4.759544    
  2.885337     -4.749963    
  2.885423     -4.771205    
  2.885708     -4.774937    
  2.885795     -4.774310    
  2.886380     -4.784246    
  2.886467     -4.789072    
  2.887555     -4.853576    
  2.887642     -5.285104    
  2.891964     -4.399818    
  2.892051     -4.362552    
  2.893704     -4.574207    
  2.893791     -4.585849    
  2.894071     -4.610166    
  2.894158     -4.605569    
  2.895095     -4.662131    
  2.895182     -4.653013    
  2.897787     -5.138245    
  2.897874     -4.831210    
  2.900589     -4.863461    
  2.900676     -4.870974    
  2.904168     -4.856371    
  2.904255     -4.809499    
  2.905026     -4.720391    
  2.905113     -4.663032    
  2.908003     -4.774610    
  2.908090     -4.813255    
  2.908185     -4.818137    
  2.908477     -4.825916    
  2.908564     -4.827646    
  2.909361     -4.835431    
  2.909448     -4.832508    
  2.910383     -4.860682    
  2.910470     -4.870870    
  2.911970     -4.931687    
  2.912057     -4.925029    
  2.914427     -4.960714    
  2.916785     -4.964905    
  2.916872     -4.979031    
  2.917171     -4.978440    
  2.917258     -4.974253    
  2.920236     -4.992578    
  2.920323     -4.990690    
  2.920418     -4.985658    
  2.922032     -4.994853    
  2.922118     -5.003367    
  2.925029     -4.950236    
  2.925116     -4.953492    
  2.925353     -4.955088    
  2.925440     -4.956371    
  2.925683     -4.958717    
  2.925770     -4.959194    
  2.925849     -4.959449    
  2.925936     -4.967716    
  2.927554     -4.922458    
  2.927641     -4.922199    
  2.927759     -4.925164    
  2.927950     -4.932746    
  2.928037     -4.942058    
  2.929127     -4.965684    
  2.929213     -4.962276    
  2.929524     -4.967630    
  2.929611     -4.968877    
  2.929967     -4.977173    
  2.930054     -4.979998    
  2.930245     -4.986581    
  2.930332     -4.989869    
  2.930644     -4.999112    
  2.930731     -5.002986    
  2.931247     -4.995401    
  2.931334     -4.982955    
  2.932296     -5.001872    
  2.932383     -5.006127    
  2.933595     -4.961506    
  2.933682     -4.943660    
  2.934646     -4.927875    
  2.934733     -4.942314    
  2.934790     -4.944437    
  2.934877     -4.950537    
  2.935353     -4.949565    
  2.935440     -4.912370    
  2.939117     -5.063912    
  2.939204     -5.057017    
  2.939332     -5.055909    
  2.939418     -5.075530    
  2.943758     -4.976841    
  2.943845     -4.964379    
  2.945191     -4.988795    
  2.945278     -4.951035    
  2.946273     -4.959241    
  2.946360     -4.966939    
  2.946687     -4.962077    
  2.946774     -4.942179    
  2.950137     -4.907467    
  2.950224     -4.894477    
  2.950637     -4.887147    
  2.950724     -4.891393    
  2.950770     -4.892708    
  2.950857     -4.895520    
  2.951287     -4.913010    
  2.951374     -4.916290    
  2.951710     -4.927340    
  2.951797     -4.929659    
  2.952601     -4.939387    
  2.952688     -4.941065    
  2.952960     -4.937992    
  2.953047     -4.935685    
  2.953319     -4.936230    
  2.953406     -4.939786    
  2.953990     -4.969765    
  2.954077     -4.987034    
  2.955685     -4.993848    
  2.955739     -4.985912    
  2.955826     -4.984210    
  2.956162     -4.987372    
  2.956249     -4.990956    
  2.956346     -4.993840    
  2.956433     -4.995924    
  2.956797     -4.998647    
  2.956884     -4.998614    
  2.956929     -4.998926    
  2.957016     -5.008432    
  2.958490     -5.037332    
  2.958577     -5.010061    
  2.958723     -4.987688    
  2.958810     -4.967831    
  2.959196     -4.871024    
  2.959283     -4.860460    
  2.959385     -4.852454    
  2.959471     -4.851261    
  2.959520     -4.855468    
  2.959575     -4.870070    
  2.959642     -4.921065    
  2.959686     -4.990089    
  2.959837     -5.361615    
  2.959916     -5.476262    
  2.960003     -5.601280    
  2.960694     -5.224979    
  2.960781     -5.107945    
  2.961122     -4.963808    
  2.961209     -4.852428    
  2.964884     -4.923031    
  2.968529     -5.091110    
  2.972144     -5.063493    
  2.975728     -4.976925    
  2.975815     -4.974268    
  2.976166     -4.998451    
  2.976253     -5.017907    
  2.979351     -4.773748    
  2.982423     -4.977932    
  2.982509     -4.972146    
  2.982872     -4.967438    
  2.982959     -4.957075    
  2.985659     -5.086945    
  2.988343     -5.366543    
  2.991011     -4.765818    
  2.993662     -5.010584    
  2.996297     -5.092614    
  2.998916     -5.155226    
  3.001519     -5.158844    
  3.004107     -5.203039    
  3.004194     -5.197857    
  3.008392     -5.248036    
  3.008479     -5.278208    
  3.011906     -5.246487    
  3.015307     -4.488765    
  3.018681     -3.963643    
  3.022029     -4.685094    
  3.022116     -4.589664    
  3.024662     -5.113424    
  3.024749     -5.017851    
  3.025489     -5.044096    
  3.025575     -5.009869    
  3.029666     -5.487724    
  3.033719     -5.171809    
  3.037734     -5.090535    
  3.041713     -5.266260    
  3.041799     -5.250088    
  3.044755     -5.406476    
  3.047691     -4.947126    
  3.050607     -5.196710    
  3.053504     -5.304422    
  3.053591     -5.307293    
  3.056619     -4.854598    
  3.056706     -4.933053    
  3.059529     -5.189583    
  3.059616     -5.192127    
  3.061712     -5.313467    
  3.061799     -5.333323    
  3.061872     -5.338037    
  3.061959     -5.342996    
  3.062143     -5.351000    
  3.062230     -5.370834    
  3.062919     -5.492112    
  3.063006     -5.413455    
  3.064123     -5.390780    
  3.064210     -5.410545    
  3.065043     -5.417212    
  3.065130     -5.436819    
  3.067491     -5.485680    
  3.067578     -5.464197    
  3.069763     -4.993396    
  3.071937     -4.963519    
  3.072024     -5.091945    
  3.072777     -5.107773    
  3.072864     -5.131817    
  3.074321     -5.275564    
  3.074408     -5.279317    
  3.077271     -5.440027    
  3.080115     -5.384738    
  3.082941     -5.437163    
  3.085748     -5.322415    
  3.085835     -5.207008    
  3.088853     -5.230009    
  3.091849     -5.408560    
  3.091936     -5.339131    
  3.092941     -5.305843    
  3.093028     -5.332526    
  3.093732     -5.383245    
  3.093819     -5.359996    
  3.095352     -5.469539    
  3.095438     -5.481483    
  3.096155     -5.511017    
  3.096242     -5.543160    
  3.099391     -5.591199    
  3.099477     -5.538717    
  3.099969     -5.578632    
  3.100056     -5.570610    
  3.103469     -5.609199    
  3.106856     -5.624164    
  3.106943     -5.615000    
  3.109481     -5.600225    
  3.112005     -5.431463    
  3.112092     -5.469421    
  3.114687     -5.588024    
  3.114774     -5.567674    
  3.115819     -5.603600    
  3.115905     -5.605900    
  3.116258     -5.615383    
  3.116345     -5.621386    
  3.118223     -5.638424    
  3.118310     -5.645223    
  3.121475     -5.619770    
  3.124616     -5.648549    
  3.124703     -5.677882    
  3.125997     -5.640221    
  3.126084     -5.657679    
  3.127687     -5.674257    
  3.127774     -5.674138    
  3.131268     -5.693301    
  3.131355     -5.658608    
  3.133775     -5.505239    
  3.136182     -5.558506    
  3.136269     -5.820544    
  3.138745     -5.519788    
  3.138832     -5.451509    
  3.141211     -5.508572    
  3.143577     -5.604464    
  3.143664     -5.614442    
  3.145869     -5.686490    
  3.145956     -5.685796    
  3.146758     -5.709047    
  3.146845     -5.709824    
  3.146975     -5.719658    
  3.149747     -5.753130    
  3.149834     -5.746281    
  3.151287     -5.759793    
  3.151374     -5.764066    
  3.153068     -5.766508    
  3.153155     -5.762108    
  3.153248     -5.760793    
  3.153335     -5.759364    
  3.153381     -5.758519    
  3.153425     -5.757752    
  3.153479     -5.756894    
  3.153656     -5.752579    
  3.153744     -5.739577    
  3.156074     -5.739952    
  3.156161     -5.747539    
  3.159418     -5.755517    
  3.159505     -5.766936    
  3.162077     -5.791904    
  3.164633     -5.813240    
  3.164720     -5.814621    
  3.164846     -5.815626    
  3.164933     -5.816661    
  3.168315     -5.834116    
  3.171670     -5.827706    
  3.171756     -5.827954    
  3.173303     -5.839784    
  3.173390     -5.838814    
  3.173578     -5.839467    
  3.173665     -5.839771    
  3.174167     -5.842064    
  3.174254     -5.841827    
  3.176868     -5.847962    
  3.179466     -5.862505    
  3.179553     -5.860126    
  3.181960     -5.857287    
  3.182047     -5.867533    
  3.184779     -5.868991    
  3.187494     -5.885016    
  3.187581     -5.885985    
  3.188338     -5.890024    
  3.188425     -5.774348    
  3.189886     -7.018870    
  3.189973    -100.00000    
  3.191119     -5.929486    
  3.191206     -5.315850    
  3.191899     -4.919404    
  3.191986     -4.907770    
  3.192224     -4.864733    
  3.192311     -4.817892    
  3.194885     -4.849037    
  3.194972     -4.885594    
  3.196916     -5.244171    
  3.197003     -5.263780    
  3.200094     -5.736675    
  3.203162     -5.726032    
  3.203250     -5.684121    
  3.207365     -5.887340    
  3.207452     -5.897852    
  3.209135     -5.948635    
  3.209222     -5.948156    
  3.209715     -5.957133    
  3.209802     -5.968496    
  3.214003     -6.013267    
  3.218164     -5.172822    
  3.218251     -5.254664    
  3.218329     -5.255145    
  3.218415     -5.221062    
  3.221174     -5.574266    
  3.223916     -5.834596    
  3.226640     -5.913818    
  3.229347     -5.956956    
  3.229434     -5.967223    
  3.231857     -5.988411    
  3.234265     -6.004252    
  3.234352     -6.014331    
  3.236049     -5.969387    
  3.236136     -5.972170    
  3.236180     -5.971154    
  3.236267     -5.969558    
  3.236442     -5.969748    
  3.236529     -5.975698    
  3.239749     -5.965485    
  3.242945     -6.016629    
  3.246117     -6.057854    
  3.249267     -6.057090    
  3.252393     -6.082448    
  3.255498     -6.049318    
  3.258580     -6.065948    
  3.261641     -6.105735    
  3.261728     -6.105693    
  3.263462     -6.111773    
  3.263549     -6.118752    
  3.266414     -6.091782    
  3.266501     -6.092958    
  3.268891     -6.112923    
  3.271268     -6.102742    
  3.271355     -6.091574    
  3.271415     -6.091800    
  3.271502     -6.088707    
  3.273253     -6.095995    
  3.273340     -6.102187    
  3.276754     -6.130559    
  3.276841     -6.119678    
  3.279706     -6.075951    
  3.279793     -6.068766    
  3.283538     -6.102243    
  3.283625     -6.124331    
  3.287537     -6.169044    
  3.291415     -6.192968    
  3.291501     -6.193243    
  3.292656     -6.200029    
  3.292743     -6.199965    
  3.293247     -6.201658    
  3.293334     -6.196154    
  3.294670     -6.209147    
  3.294757     -6.205134    
  3.295898     -6.203887    
  3.295985     -6.205267    
  3.296762     -6.204332    
  3.296849     -6.193656    
  3.299310     -6.230240    
  3.301756     -6.175657    
  3.304188     -6.221983    
  3.306608     -6.222814    
  3.306694     -6.219780    
  3.309364     -6.219380    
  3.309451     -6.223847    
  3.310624     -6.231852    
  3.310710     -6.231268    
  3.310941     -6.232466    
  3.311027     -6.231948    
  3.311327     -6.242000    
  3.311414     -6.255365    
  3.311634     -6.283736    
  3.311721     -6.286648    
  3.311774     -6.287515    
  3.311825     -6.287152    
  3.311868     -6.286694    
  3.312020     -6.275715    
  3.312107     -6.338525    
  3.314456     -5.990986    
  3.316790     -5.828666    
  3.319111     -6.015252    
  3.321421     -6.100719    
  3.323718     -6.195468    
  3.326003     -6.141582    
  3.328276     -6.218527    
  3.330537     -6.277643    
  3.332786     -6.303618    
  3.335024     -6.329555    
  3.337251     -6.328529    
  3.339466     -6.350259    
  3.341670     -6.363083    
  3.343862     -6.370688    
  3.346044     -6.371600    
  3.348215     -6.290575    
  3.352524     -6.266342    
  3.356791     -6.288684    
  3.361016     -6.340416    
  3.365201     -6.408665    
  3.369346     -6.335070    
  3.373451     -6.287797    
  3.377518     -6.449567    
  3.381548     -6.437538    
  3.381635     -6.460290    
  3.382086     -6.434041    
  3.382173     -6.360233    
  3.385882     -6.290043    
  3.385969     -6.358086    
  3.388254     -6.406576    
  3.390528     -6.491574    
  3.392789     -6.532107    
  3.395039     -6.545281    
  3.395126     -6.543146    
  3.397959     -6.550461    
  3.398046     -6.565866    
  3.400321     -6.503138    
  3.400408     -6.475367    
  3.400855     -6.461798    
  3.400942     -6.564281    
  3.403535     -6.254840    
  3.403595     -6.058214    
  3.403681     -6.018637    
  3.404126     -5.967300    
  3.404213     -5.950901    
  3.406921     -5.940773    
  3.409611     -6.315297    
  3.412285     -6.489724    
  3.414942     -6.487247    
  3.415029     -6.436197    
  3.419274     -6.488676    
  3.419361     -6.529437    
  3.422408     -6.601134    
  3.425434     -6.623050    
  3.428438     -6.642227    
  3.431422     -6.648461    
  3.431509     -6.633177    
  3.434904     -6.583988    
  3.438273     -6.475672    
  3.441616     -6.517805    
  3.444934     -6.616663    
  3.445021     -6.279848    
  3.445916     -6.698443    
  3.446003     -6.704412    
  3.448248     -6.513671    
  3.450481     -6.499211    
  3.452703     -6.579124    
  3.454914     -6.682424    
  3.455001     -6.673683    
  3.457947     -6.731135    
  3.460873     -6.758077    
  3.463780     -6.678810    
  3.466667     -6.335875    
  3.466754     -6.360477    
  3.469505     -6.546354    
  3.469592     -6.555229    
  3.471179     -6.649861    
  3.471266     -6.660907    
  3.474100     -6.759523    
  3.474187     -6.754974    
  3.477159     -6.780889    
  3.480112     -6.809078    
  3.483044     -6.814262    
  3.485957     -6.818830    
  3.486044     -6.816764    
  3.486320     -6.815815    
  3.486406     -6.812009    
  3.490359     -6.824070    
  3.494277     -6.839182    
  3.494364     -6.848628    
  3.497260     -6.811772    
  3.500138     -6.760536    
  3.502997     -6.875744    
  3.505837     -6.706289    
  3.505924     -6.599377    
  3.506039     -6.571634    
  3.508509     -6.510185    
  3.510965     -6.678790    
  3.513408     -6.816082    
  3.515836     -6.873417    
  3.515923     -6.874054    
  3.518242     -6.905950    
  3.520548     -6.922728    
  3.522842     -6.929788    
  3.525125     -6.935795    
  3.527395     -6.939886    
  3.529653     -6.932092    
  3.531900     -6.939628    
  3.534135     -6.957835    
  3.534222     -6.952735    
  3.536814     -6.636178    
  3.539391     -6.797604    
  3.541953     -6.912443    
  3.544500     -6.981628    
  3.544586     -6.973720    
  3.545154     -6.979512    
  3.545241     -6.981865    
  3.547861     -7.004516    
  3.550465     -7.008696    
  3.553054     -7.015335    
  3.555627     -7.020499    
  3.555714     -7.019911    
  3.557696     -7.025991    
  3.557783     -7.025836    
  3.558846     -7.028601    
  3.558933     -7.030402    
  3.561019     -7.032367    
  3.561106     -7.030442    
  3.561702     -7.030541    
  3.561789     -7.032032    
  3.561901     -7.033381    
  3.561988     -7.034264    
  3.562293     -7.072386    
  3.565681     -7.028091    
  3.565768     -6.929351    
  3.568654     -6.853307    
  3.568741     -6.869066    
  3.571441     -6.994985    
  3.574124     -7.036665    
  3.576791     -7.092695    
  3.579441     -7.129675    
  3.582076     -7.410857    
  3.584694     -6.011241    
  3.587297     -6.815492    
  3.589884     -6.709752    
  3.592456     -7.026076    
  3.595013     -7.070590    
  3.597555     -7.114551    
  3.600082     -7.156597    
  3.602595     -7.175666    
  3.605093     -7.177730    
  3.607577     -7.184520    
  3.610046     -7.190467    
  3.610133     -7.193008    
  3.612659     -7.202463    
  3.615170     -7.198480    
  3.615257     -7.192935    
  3.619356     -7.215497    
  3.623416     -7.238384    
  3.627438     -7.177470    
  3.630428     -7.215753    
  3.631423     -7.235782    
  3.631510     -7.236380    
  3.632293     -7.240217    
  3.632379     -7.246363    
  3.634714     -7.274317    
  3.637036     -7.278442    
  3.639346     -7.249777    
  3.641643     -7.254291    
  3.643929     -7.288390    
  3.646202     -7.300810    
  3.648464     -7.308476    
  3.650714     -7.335010    
  3.650801     -7.263819    
  3.654938     -7.162293    
  3.655025     -7.220098    
  3.659341     -7.280959    
  3.663615     -7.332940    
  3.663702     -7.342376    
  3.666918     -7.446771    
  3.670110     -7.112467    
  3.670197     -7.028281    
  3.672574     -6.401164    
  3.674939     -6.550434    
  3.677290     -6.893309    
  3.679629     -7.195552    
  3.681956     -7.328337    
  3.684270     -7.384144    
  3.686572     -7.405444    
  3.688862     -7.366988    
  3.688948     -7.344834    
  3.691459     -7.378344    
  3.691546     -7.395831    
  3.695795     -7.457454    
  3.695882     -7.447746    
  3.699760     -7.475174    
  3.703605     -7.485685    
  3.707416     -7.496779    
  3.711193     -7.495689    
  3.712650     -7.501410    
  3.714938     -7.505045    
  3.718651     -7.522491    
  3.722333     -7.543045    
  3.725983     -7.285813    
  3.726071     -7.360978    
  3.729627     -7.530014    
  3.733155     -7.516419    
  3.736655     -7.369144    
  3.740126     -7.340771    
  3.740213     -7.362408    
  3.740628     -7.379038    
  3.740715     -7.390390    
  3.743507     -7.541555    
  3.746281     -7.588478    
  3.749037     -7.610170    
  3.751777     -7.617115    
  3.751863     -7.620224    
  3.753882     -7.621287    
  3.753969     -7.623430    
  3.754658     -7.627830    
  3.754745     -7.627971    
  3.755217     -7.629516    
  3.755304     -7.629948    
  3.755522     -7.630368    
  3.755609     -7.630947    
  3.755717     -7.631402    
  3.755803     -7.631729    
  3.758983     -7.657782    
  3.762140     -8.654915    
  3.765273     -6.915605    
  3.768385     -7.499054    
  3.771474     -7.439260    
  3.774541     -7.608844    
  3.777587     -7.683811    
  3.778151     -7.688841    
  3.780612     -7.717709    
  3.783615     -7.726157    
  3.786599     -7.728827    
  3.789561     -7.744915    
  3.792504     -7.718605    
  3.795427     -7.690494    
  3.798330     -7.755898    
  3.801214     -7.766310    
  3.804079     -7.777909    
  3.804166     -7.777781    
  3.806878     -7.786543    
  3.809572     -7.790297    
  3.809659     -7.792548    
  3.812666     -7.793977    
  3.815653     -7.817023    
  3.818618     -7.497986    
  3.821564     -7.551069    
  3.821651     -7.622053    
  3.825835     -7.799407    
  3.829979     -7.844304    
  3.834084     -7.874858    
  3.838150     -7.886917    
  3.838237     -7.857901    
  3.842494     -7.872618    
  3.846710     -7.896535    
  3.850885     -7.580617    
  3.855020     -7.870990    
  3.859117     -7.890866    
  3.863175     -7.951768    
  3.867196     -7.972098    
  3.871179     -7.981504    
  3.871266     -7.981015    
  3.873943     -7.990825    
  3.876604     -7.982294    
  3.879249     -8.011877    
  3.881877     -7.955908    
  3.884490     -8.150066    
  3.887087     -7.387721    
  3.889668     -7.400819    
  3.892234     -7.677503    
  3.892321     -7.708456    
  3.894387     -7.883912    
  3.894474     -7.899946    
  3.897753     -7.962155    
  3.901007     -8.045401    
  3.901094     -8.044789    
  3.904208     -8.075244    
  3.904295     -8.073038    
  3.906505     -8.076058    
  3.908704     -8.085394    
  3.910891     -8.090790    
  3.913068     -8.089350    
  3.913155     -8.088771    
  3.913273     -8.090003    
  3.913769     -8.094559    
  3.913856     -8.095215    
  3.913972     -8.126967    
  3.916915     -8.017997    
  3.917002     -8.027063    
  3.920996     -8.068894    
  3.924953     -8.136145    
  3.928874     -8.153640    
  3.932760     -8.162839    
  3.936612     -8.174918    
  3.940430     -8.170636    
  3.944215     -8.192671    
  3.947967     -8.163429    
  3.948054     -8.151623    
  3.950352     -8.148391    
  3.952638     -8.177797    
  3.954912     -8.203202    
  3.957174     -8.221376    
  3.959425     -8.225453    
  3.961663     -8.231125    
  3.963891     -8.243115    
  3.966107     -8.232591    
  3.968311     -8.242973    
  3.970505     -8.210463    
  3.972688     -8.129705    
  3.974859     -8.145763    
  3.979170     -8.264970    
  3.983439     -8.292815    
  3.983526     -8.287111    
  3.986294     -8.304699    
  3.989045     -8.322949    
  3.991778     -8.316391    
  3.994495     -8.319762    
  3.997194     -8.337202    
  3.999877     -8.355031    
  4.002544     -8.375825    
  4.005194     -7.790402    
  4.007828     -8.024334    
  4.010446     -7.787506    
  4.013048     -8.112869    
  4.015635     -8.295040    
  4.018207     -8.323595    
  4.020764     -8.357929    
  4.023305     -8.359440    
  4.025832     -8.319200    
  4.025919     -8.332659    
  4.029064     -8.404213    
  4.032186     -8.316914    
  4.035287     -8.414259    
  4.038365     -8.455451    
  4.038452     -8.434741    
  4.040802     -8.418383    
  4.043140     -8.434796    
  4.045465     -8.457636    
  4.047778     -8.474209    
  4.047865     -8.477575    
  4.051161     -8.494991    
  4.054403     -8.509843    
  4.057621     -8.509438    
  4.060815     -8.529949    
  4.063986     -8.560341    
  4.067134     -8.289708    
  4.070259     -8.257222    
  4.073362     -8.511072    
  4.073449     -9.049855    
  4.075844     -7.923672    
  4.078226     -7.964722    
  4.080595     -8.260222    
  4.082951     -8.453561    
  4.085294     -8.532697    
  4.087625     -8.568017    
  4.089943     -8.596615    
  4.092249     -8.604049    
  4.094543     -8.610981    
  4.096824     -8.619797    
  4.099094     -8.624662    
  4.101352     -8.631232    
  4.103599     -8.636316    
  4.105833     -8.637301    
  4.108057     -8.591922    
  4.110269     -8.589746    
  4.112469     -8.595341    
  4.114659     -8.637138    
  4.116838     -8.663932    
  4.119006     -8.674643    
  4.123309     -8.689152    
  4.127570     -8.703665    
  4.131790     -8.704440    
  4.135969     -8.728651    
  4.140109     -8.738881    
  4.144209     -8.710302    
  4.144296     -8.613162    
  4.147238     -8.546931    
  4.147324     -8.558777    
  4.151647     -8.740061    
  4.155926     -8.760939    
  4.156013     -8.768342    
  4.158880     -8.627962    
  4.161727     -8.760266    
  4.161814     -8.758002    
  4.163762     -8.761059    
  4.163849     -8.769014    
  4.167436     -8.799753    
  4.170993     -8.659306    
  4.174521     -8.747070    
  4.178021     -8.820011    
  4.181494     -8.856787    
  4.184938     -8.869300    
  4.188355     -8.877366    
  4.191746     -8.886896    
  4.195110     -8.894661    
  4.198449     -8.867879    
  4.201762     -8.892616    
  4.205050     -8.919009    
  4.208313     -8.925256    
  4.211552     -8.930191    
  4.214767     -8.942768    
  4.217959     -8.954722    
  4.221127     -8.958556    
  4.224272     -8.970107    
  4.227394     -8.968444    
  4.230494     -8.935594    
  4.233573     -8.960081    
  4.236629     -8.849384    
  4.239665     -8.831242    
  4.242679     -8.507107    
  4.245672     -8.843227    
  4.248645     -8.975346    
  4.251598     -9.003220    
  4.254530     -9.046310    
  4.257443     -8.998736    
  4.260337     -9.007312    
  4.263212     -9.058026    
  4.266067     -9.085862    
  4.266154     -9.088607    
  4.269157     -8.984197    
  4.272139     -8.586119    
  4.275101     -8.596564    
  4.278043     -8.785913    
  4.280965     -9.035368    
  4.283867     -9.084078    
  4.286751     -9.131863    
  4.289615     -9.127399    
  4.292460     -9.146367    
  4.295287     -9.164511    
  4.298096     -9.172604    
  4.300886     -9.187122    
  4.303659     -9.185223    
  4.306414     -9.203689    
  4.309152     -9.188257    
  4.311873     -9.197710    
  4.314576     -9.204681    
  4.317263     -9.276297    
  4.319934     -9.347897    
  4.322588     -9.252793    
  4.325226     -9.245325    
  4.327848     -9.246372    
  4.330454     -9.262818    
  4.333045     -9.259327    
  4.335621     -9.250930    
  4.338181     -9.272289    
  4.340726     -9.231061    
  4.343256     -9.158493    
  4.345772     -9.209399    
  4.348274     -9.272211    
  4.350760     -9.305473    
  4.353233     -9.317909    
  4.353320     -9.319968    
  4.356074     -9.318015    
  4.356161     -9.321592    
  4.357582     -9.324425    
  4.357669     -9.328734    
  4.360507     -9.343194    
  4.363326     -9.348527    
  4.366127     -9.352971    
  4.368910     -9.358181    
  4.371675     -9.363817    
  4.374422     -9.321061    
  4.377153     -9.353003    
  4.379866     -9.385842    
  4.382563     -9.848267    
  4.385243     -8.902281    
  4.387906     -9.394917    
  4.390553     -8.960756    
  4.393185     -9.279756    
  4.395800     -9.358075    
  4.398400     -9.385432    
  4.400984     -9.428105    
  4.403553     -9.453613    
  4.406107     -9.465621    
  4.408646     -9.463575    
  4.411170     -9.466907    
  4.413679     -9.468824    
  4.416174     -9.492786    
  4.418655     -9.476230    
  4.421122     -9.491071    
  4.423575     -9.419999    
  4.426014     -9.488106    
  4.428439     -9.511197    
  4.430851     -9.521174    
  4.433250     -9.508220    
  4.435636     -9.526013    
  4.438008     -9.540092    
  4.440368     -9.552576    
  4.440455     -9.547483    
  4.442913     -9.560047    
  4.445357     -9.569690    
  4.447787     -9.580112    
  4.450204     -9.540409    
  4.452608     -9.534869    
  4.454999     -9.388918    
  4.457376     -9.442942    
  4.459740     -9.545499    
  4.462092     -9.568366    
  4.464431     -9.581584    
  4.466757     -9.613538    
  4.469071     -9.621215    
  4.471373     -9.629304    
  4.473663     -9.642629    
  4.475940     -9.650206    
  4.478206     -9.497531    
  4.512937     -9.657002    
  4.513024     -9.775312    
  4.514610     -9.779335    
  4.514697     -9.824667    
  4.515945     -9.707984    
  4.516032     -9.686577    
  4.585469     -9.963517    
  4.585556     -9.932578    
  4.648489     -10.04061    
  4.648576     -10.09599    
  4.649548     -10.10410    
  4.649635     -10.10415    
  4.649838     -10.10635    
  4.649925     -10.06951    
  4.709765     -10.21987    
  4.709852     -10.27121    
  4.765753     -10.35076    
  4.765822     -10.43273    
  4.765909     -10.40969    
  4.818480     -10.58772    
  4.818567     -10.53556    
  4.868094     -10.62241    
  4.868152     -10.70515    
  4.868214     -10.65062    
  4.915089     -10.86386    
  4.915176     -10.85135    
  4.959449     -10.96381    
  4.959536     -10.93834    
  4.959642     -10.84158    
  4.959729     -10.93121    
  5.002021     -10.98429    
  5.002108     -11.08899    
  5.041986     -11.20451    
  5.042072     -11.21560    
  5.042428     -11.22211    
  5.042515     -11.19086    
  5.081038     -11.28943    
  5.081125     -11.28579    
  5.117569     -11.41182    
  5.117655     -11.44739    
  5.118005     -11.37945    
  5.118092     -11.25000    
  5.153462     -11.59741    
  5.153549     -11.50850    
  5.187204     -11.62446    
  5.187290     -11.60041    
  5.187529     -11.60206    
  5.187616     -11.59633    
  5.251180     -11.72600    
  5.251266     -11.78613    
  5.251931     -11.78795    
  5.252018     -11.78249    
  5.311750     -11.92997    
  5.311837     -11.95979    
  5.311944     -11.93287    
  5.712950     -13.08341    
  5.917833     -13.68603    
  6.161415     -14.35171    
  6.430595     -15.09111    
  6.714779     -15.91875    
  7.007134     -16.80479    
  7.303761     -17.77125    
  7.602573     -18.92284    
  7.902489     -20.32587    
  8.202961    -100.00000    
  8.503712    -100.00000    
  8.804602    -100.00000    
  9.105563     -27.52332    
  9.406558     -28.65465    
  9.707570    -100.00000    
