 0.6989700     -91.37383    
 0.7304748    -100.00000    
 0.7598479    -100.00000    
 0.7873596    -100.00000    
 0.8132319    -100.00000    
 0.8376491    -100.00000    
 0.8607663    -100.00000    
 0.9036074    -100.00000    
 0.9425994     -85.06912    
 0.9783771     -84.07089    
  1.011430    -100.00000    
  1.042145     -82.21553    
  1.042232     -81.49414    
  1.060679     -82.28617    
  1.060766     -81.33423    
  1.080039     -82.13127    
  1.080126     -81.17513    
  1.098980     -82.03230    
  1.099067     -81.05844    
  1.116489    -100.00000    
  1.116576     -81.07173    
  1.132827    -100.00000    
  1.132914     -81.21788    
  1.147337     -81.92841    
  1.147424     -81.36103    
  1.153100     -81.40805    
  1.153187     -81.38721    
  1.190309     -81.84130    
  1.224506    -100.00000    
  1.224593    -100.00000    
  1.258242     -80.55994    
  1.258328    -100.00000    
  1.281053     -73.42382    
  1.281140    -100.00000    
  1.305129     -71.91103    
  1.305216     -70.49521    
  1.326885    -100.00000    
  1.326972    -100.00000    
  1.346664     -68.91282    
  1.346750     -66.71497    
  1.362515    -100.00000    
  1.362602     -64.75469    
  1.403133    -100.00000    
  1.403220     -63.97349    
  1.407231    -100.00000    
  1.407318    -100.00000    
  1.434239     -62.59581    
  1.434325     -62.43771    
  1.438732     -61.44906    
  1.438819    -100.00000    
  1.466567     -57.60860    
  1.466654    -100.00000    
  1.485460     -54.82858    
  1.485547    -100.00000    
  1.499940    -100.00000    
  1.500027    -100.00000    
  1.502811     -18.61378    
  1.502898     -18.61260    
  1.515152     -18.62261    
  1.515239     -18.61612    
  1.538911     -18.67982    
  1.538998     -18.68659    
  1.541754     -18.69914    
  1.541841     -18.69959    
  1.544410     -18.71230    
  1.544497     -18.71279    
  1.546755     -18.72484    
  1.546842     -18.68573    
  1.568094     -18.82763    
  1.568181     -18.83510    
  1.576102     -18.90923    
  1.576189     -18.91035    
  1.577032     -18.91886    
  1.577119     -18.91964    
  1.586189     -19.01891    
  1.586276     -19.01993    
  1.587530     -19.03481    
  1.587617     -19.03705    
  1.602078     -19.22833    
  1.602165     -19.16120    
  1.604747     -19.50448    
  1.604834     -19.40636    
  1.629405     -19.59280    
  1.629492     -19.68040    
  1.633100     -19.74867    
  1.633187     -19.75411    
  1.643761     -19.96599    
  1.643848     -19.96176    
  1.646889     -20.02449    
  1.646976     -20.02771    
  1.653070     -20.15656    
  1.653157     -20.16792    
  1.667964     -20.49148    
  1.668051     -20.47322    
  1.673067     -20.56295    
  1.673154     -20.56102    
  1.673452     -20.56544    
  1.673539     -20.58385    
  1.683736     -20.62904    
  1.683823     -20.61754    
  1.689301     -20.50611    
  1.689388     -20.49284    
  1.690173     -20.46771    
  1.690260     -20.46624    
  1.691919     -20.40510    
  1.692006    -100.00000    
  1.709636     -19.36807    
  1.709723     -19.26668    
  1.714748     -18.73448    
  1.714835     -18.69261    
  1.714933     -18.69651    
  1.717233     -18.46081    
  1.717320     -18.44342    
  1.717576     -18.41753    
  1.717663     -18.41743    
  1.719536     -18.22250    
  1.719623     -18.22032    
  1.721805     -17.98913    
  1.721892     -18.00952    
  1.725295     -17.63245    
  1.725382     -18.00329    
  1.731154    -100.00000    
  1.731241     -18.78799    
  1.731758     -18.73181    
  1.731845     -18.64918    
  1.732294     -18.80028    
  1.732381     -19.17784    
  1.735217     -19.16934    
  1.735304     -19.35748    
  1.744878     -19.00647    
  1.744965     -19.07935    
  1.746841     -19.43110    
  1.746929     -19.32757    
  1.747807     -19.42553    
  1.747894     -19.13266    
  1.753972     -18.68022    
  1.754058     -18.39656    
  1.755714     -19.11614    
  1.755801     -18.78534    
  1.756978     -19.46309    
  1.757065     -18.93252    
  1.762907     -18.91996    
  1.762994     -19.56875    
  1.763503     -19.15276    
  1.763590     -19.19673    
  1.765957     -19.50825    
  1.766044     -19.43779    
  1.768505     -19.25855    
  1.768592     -19.13752    
  1.776113     -19.00816    
  1.776200     -19.23991    
  1.776785     -19.19693    
  1.776872     -18.77318    
  1.781285     -18.96783    
  1.781372     -19.00374    
  1.781946     -19.18836    
  1.782033     -19.54383    
  1.786409     -18.51468    
  1.786495     -18.53285    
  1.788161     -18.94110    
  1.788248     -19.00954    
  1.789372     -18.97981    
  1.789459     -18.63058    
  1.792246     -18.62625    
  1.792333     -18.76707    
  1.800765     -18.99795    
  1.800851     -19.79472    
  1.806960     -19.64311    
  1.807047     -18.89289    
  1.809708    -100.00000    
  1.809795     -19.45937    
  1.810144     -19.65062    
  1.810231     -18.97428    
  1.814042     -19.02964    
  1.814129    -100.00000    
  1.834747     -18.31529    
  1.834834     -18.01117    
  1.836557     -18.53047    
  1.836644     -18.60843    
  1.840414     -18.23446    
  1.840501     -18.12304    
  1.842149     -18.18748    
  1.842236     -18.23441    
  1.842703     -17.89058    
  1.842790     -17.92482    
  1.844125     -17.99863    
  1.844212    -100.00000    
  1.859614     -16.85402    
  1.859700     -16.69892    
  1.861079     -16.58047    
  1.861166     -16.57044    
  1.861837     -16.51275    
  1.861924     -16.61688    
  1.868320     -15.98072    
  1.868407     -15.93873    
  1.870233     -15.77888    
  1.870320     -15.76861    
  1.871306     -15.68305    
  1.871393     -15.67499    
  1.872072     -15.61618    
  1.872158     -15.61100    
  1.873424     -15.50045    
  1.873511     -15.49327    
  1.874931     -15.37057    
  1.875018     -15.44727    
  1.880831     -14.89655    
  1.880918    -100.00000    
  1.887368     -13.93417    
  1.887455     -14.25883    
  1.893213     -13.79991    
  1.893300     -13.78116    
  1.899003     -13.37207    
  1.899090     -13.43667    
  1.905503     -12.86069    
  1.905590     -12.81177    
  1.905821     -12.78716    
  1.905908     -12.88049    
  1.912227     -12.30266    
  1.912313     -12.26554    
  1.913955     -12.14146    
  1.914042     -11.53595    
  1.924238     -10.20971    
  1.924325     -10.27228    
  1.925856     -10.31544    
  1.925943     -10.30889    
  1.926709     -10.32424    
  1.926796     -10.36585    
  1.926846     -10.37039    
  1.926932     -10.37377    
  1.927461     -10.45437    
  1.927548     -10.60438    
  1.930771     -10.64093    
  1.930858     -10.83135    
  1.936983     -9.869499    
  1.937070     -9.999491    
  1.941974     -10.38099    
  1.942061    -100.00000    
  1.953068     -9.226596    
  1.953155     -7.760597    
  1.955697     -8.091710    
  1.955784     -8.462646    
  1.959855     -7.266372    
  1.959942     -7.815434    
  1.963545     -7.537538    
  1.963632     -7.410760    
  1.972680     -7.664765    
  1.972767    -100.00000    
  1.974225     -7.124820    
  1.974312     -7.269026    
  1.992052     -7.138473    
  1.992139     -8.814729    
  1.992517     -7.978273    
  1.992604     -7.875321    
  1.994212     -6.940207    
  1.994299     -6.584750    
  1.994360     -6.535614    
  1.994447    -100.00000    
  1.996552     -5.492473    
  1.996639     -5.027421    
  1.997939     -5.010032    
  1.998026    -100.00000    
  2.002574     -5.471021    
  2.002661     -5.263795    
  2.004835     -5.304786    
  2.004922     -5.805131    
  2.005591     -5.779255    
  2.005678     -5.975393    
  2.007421    -100.00000    
  2.007508     -6.701234    
  2.009100     -5.786485    
  2.009187     -5.835815    
  2.019860     -5.680269    
  2.019947     -5.828595    
  2.028108     -5.031281    
  2.028195     -5.793578    
  2.031137     -5.551645    
  2.031224     -4.989821    
  2.035128     -4.901577    
  2.035214     -4.335837    
  2.036803     -5.353552    
  2.036890     -4.171711    
  2.045213     -5.381579    
  2.053379     -4.840928    
  2.053466     -4.467028    
  2.061043     -4.185750    
  2.061130     -4.128663    
  2.074002     -5.260831    
  2.074089     -4.384929    
  2.076824    -100.00000    
  2.076911     -5.487753    
  2.077530     -4.868879    
  2.077617     -4.559758    
  2.081631     -4.396892    
  2.081718     -4.273655    
  2.090954     -4.481468    
  2.091041     -4.213419    
  2.095978     -3.718995    
  2.096065     -3.874916    
  2.097304     -3.530052    
  2.097391     -3.765576    
  2.100528     -3.817442    
  2.100615     -3.497520    
  2.101519     -3.388285    
  2.101605     -3.433985    
  2.105611     -3.736124    
  2.105698     -3.600963    
  2.105825     -3.596911    
  2.105912     -3.604800    
  2.106101     -3.731803    
  2.106187     -4.026546    
  2.107298     -3.955019    
  2.107385     -3.847087    
  2.107898     -3.891190    
  2.107985     -3.683678    
  2.111508     -3.908307    
  2.111595     -3.894881    
  2.111941     -3.774409    
  2.112028     -3.898899    
  2.119223    -100.00000    
  2.119310     -4.388378    
  2.124245     -4.356321    
  2.124332     -3.924915    
  2.125725     -3.888558    
  2.125812     -5.354924    
  2.129084     -3.401118    
  2.129171     -3.643992    
  2.130872     -3.425746    
  2.130959     -3.595910    
  2.137486    -100.00000    
  2.137573     -4.276933    
  2.138137     -4.181395    
  2.138224     -3.691417    
  2.141651     -4.061015    
  2.141738    -100.00000    
  2.145467     -3.554639    
  2.145554     -3.998471    
  2.150309    -100.00000    
  2.150396     -4.724474    
  2.150525     -4.718613    
  2.156741     -4.547096    
  2.156827     -4.489039    
  2.158942     -3.907026    
  2.159028     -4.034622    
  2.168071     -5.262649    
  2.168158     -4.836169    
  2.171576     -4.437890    
  2.171663     -4.296082    
  2.177604     -4.686112    
  2.177690     -5.066927    
  2.181731     -5.028846    
  2.181818     -4.411312    
  2.188445     -4.499879    
  2.188532     -4.655684    
  2.189637     -4.925328    
  2.189724     -4.816454    
  2.191670     -5.045589    
  2.191757     -4.739342    
  2.197200     -4.402482    
  2.197287     -4.547595    
  2.204684     -4.368938    
  2.204771     -4.272605    
  2.209411     -4.538585    
  2.209498     -4.498628    
  2.217445     -4.342000    
  2.217532     -4.494370    
  2.217837     -4.391723    
  2.217924     -4.397405    
  2.218030     -4.479197    
  2.218315     -4.467044    
  2.218402     -4.380123    
  2.218688     -4.631968    
  2.218775     -4.724991    
  2.218819     -4.746394    
  2.218906     -4.582831    
  2.221924     -4.929434    
  2.222011     -4.536437    
  2.223758     -4.198207    
  2.223844    -100.00000    
  2.229272     -4.261879    
  2.234632     -4.561536    
  2.234695     -4.273550    
  2.234781     -4.234282    
  2.236772    -100.00000    
  2.236859     -4.414598    
  2.239617     -4.795207    
  2.239704     -4.171340    
  2.245345     -4.337388    
  2.245432     -4.624407    
  2.250721     -4.293928    
  2.250808     -4.372364    
  2.255019     -4.128096    
  2.259191     -4.071224    
  2.259278     -4.078412    
  2.262529     -4.222501    
  2.265757     -4.412530    
  2.265844     -4.080376    
  2.267016     -4.034133    
  2.267103     -5.706335    
  2.270490     -3.789932    
  2.270577     -4.450461    
  2.271628     -4.943222    
  2.271715     -4.367819    
  2.273319     -4.214220    
  2.273406     -4.034395    
  2.275710     -4.093879    
  2.275797     -3.960842    
  2.278993     -4.107757    
  2.279080     -3.984803    
  2.281369     -4.012055    
  2.281456     -4.030687    
  2.282921     -4.107885    
  2.283008     -4.190851    
  2.283804     -4.454740    
  2.283891     -4.061725    
  2.285091     -4.269121    
  2.285178    -100.00000    
  2.286288     -4.303933    
  2.286375     -4.117602    
  2.287075     -3.949954    
  2.287162     -4.027630    
  2.289257     -4.522934    
  2.291343     -3.942905    
  2.291430     -4.185679    
  2.293524     -4.157440    
  2.295609     -4.203563    
  2.295696     -4.206231    
  2.297982     -3.778802    
  2.298069     -3.818968    
  2.299703     -4.043399    
  2.301330     -4.026706    
  2.301417     -4.049919    
  2.302809     -4.227662    
  2.304196     -4.180149    
  2.305579     -3.971569    
  2.306958     -3.923518    
  2.307045     -4.004859    
  2.308274     -4.703276    
  2.308361     -4.335556    
  2.309467     -4.138458    
  2.310569     -3.958765    
  2.311669     -4.235260    
  2.312767     -4.310653    
  2.312854     -4.178596    
  2.313586     -3.900583    
  2.313673     -3.880843    
  2.314517     -4.476461    
  2.314604     -4.078281    
  2.314729     -4.047611    
  2.314817     -4.240802    
  2.315855     -4.164141    
  2.316891     -3.835729    
  2.317924     -3.940329    
  2.318955     -3.774953    
  2.319984     -4.300739    
  2.321010     -4.155905    
  2.322033     -4.320361    
  2.323055     -3.956005    
  2.323141     -3.942614    
  2.324207     -4.829793    
  2.324294     -4.196093    
  2.325648     -4.205508    
  2.325735     -4.125367    
  2.326516     -4.372667    
  2.327296     -4.442012    
  2.328074     -4.076398    
  2.328850     -3.911861    
  2.329626     -3.814639    
  2.330400     -3.867128    
  2.331172     -3.861926    
  2.331944     -3.770574    
  2.332031     -3.691806    
  2.333101    -100.00000    
  2.333188     -4.503342    
  2.333638     -4.165450    
  2.333725     -4.053523    
  2.334874     -4.315544    
  2.336020     -3.961032    
  2.337163     -3.909355    
  2.338303    -100.00000    
  2.338390     -4.221540    
  2.339301     -3.705593    
  2.339388     -4.067380    
  2.340254     -3.997104    
  2.341118     -3.883616    
  2.341191     -3.868101    
  2.341278     -3.865616    
  2.341370     -3.861714    
  2.341472     -3.821281    
  2.342517     -3.882944    
  2.342604     -4.224333    
  2.343168     -4.242294    
  2.343730     -4.100008    
  2.344292     -4.088712    
  2.344853     -3.890702    
  2.344940     -3.753304    
  2.345929     -4.131309    
  2.346916     -4.046055    
  2.347408     -3.984014    
  2.347900     -4.486272    
  2.348391     -4.209650    
  2.348882     -4.137682    
  2.348969     -4.230578    
  2.349663     -4.123267    
  2.350356     -4.019343    
  2.350443     -4.188067    
  2.351314     -4.622244    
  2.352184     -3.772220    
  2.352270     -3.752117    
  2.352846     -3.613674    
  2.353421     -3.722838    
  2.353508     -3.805234    
  2.353983     -4.122940    
  2.354070     -3.863484    
  2.354841     -3.785147    
  2.355610     -3.665409    
  2.356378     -3.637952    
  2.357144     -3.659467    
  2.357189     -3.651661    
  2.357276     -3.645218    
  2.357498     -3.625672    
  2.357582     -3.621473    
  2.357669     -3.619252    
  2.357776     -3.618339    
  2.357863     -3.804904    
  2.368963     -3.742143    
  2.369050     -4.009882    
  2.373546     -3.592671    
  2.373633     -3.718944    
  2.374597     -3.667308    
  2.374684     -3.730848    
  2.376702     -3.900312    
  2.376789     -3.913848    
  2.381401     -3.683347    
  2.381488     -3.699464    
  2.381574     -3.693635    
  2.381660     -3.615296    
  2.383081     -3.693956    
  2.383168     -3.695435    
  2.387126     -3.942313    
  2.387213     -3.829420    
  2.387778     -3.793472    
  2.387865     -4.032346    
  2.397727     -3.602309    
  2.397814     -3.730782    
  2.403706     -3.746671    
  2.403793     -3.623249    
  2.409345     -3.928649    
  2.409431     -4.098490    
  2.409967     -3.918817    
  2.410054     -3.880576    
  2.411603     -3.609238    
  2.411690     -3.528107    
  2.413098     -3.437505    
  2.413185     -3.464205    
  2.415338     -4.030201    
  2.415425     -3.784382    
  2.422480     -3.590013    
  2.422566     -3.532398    
  2.428391     -3.669302    
  2.428478     -3.631303    
  2.429013     -3.719638    
  2.429100     -3.731144    
  2.429782     -3.633457    
  2.429869     -3.521260    
  2.434375     -4.253576    
  2.434462     -3.937208    
  2.434951     -3.740850    
  2.435038     -3.687245    
  2.435570     -3.576764    
  2.435657     -3.592662    
  2.437397     -3.738620    
  2.437484     -3.729714    
  2.438099     -3.682555    
  2.438186     -3.817041    
  2.441087     -3.731561    
  2.441174     -3.572876    
  2.443115     -3.998390    
  2.443202     -4.090417    
  2.446825     -3.637513    
  2.446912     -3.529529    
  2.447958     -3.819500    
  2.448045     -4.222404    
  2.448892     -4.275546    
  2.448979     -4.035083    
  2.454772     -3.518133    
  2.454858     -3.563725    
  2.461170     -3.897048    
  2.461257     -3.802510    
  2.463251     -3.964886    
  2.463338     -3.800403    
  2.464476     -3.755559    
  2.464562     -3.792274    
  2.465051     -3.897146    
  2.465138     -4.031684    
  2.467492     -3.511851    
  2.467579     -3.490305    
  2.467685     -3.491706    
  2.467772     -3.597296    
  2.469909     -3.652281    
  2.469996     -3.620427    
  2.471129     -3.710020    
  2.471216     -3.714868    
  2.471342     -3.731541    
  2.471828     -3.778250    
  2.471915     -3.802273    
  2.473553     -3.770007    
  2.473640     -3.747869    
  2.473908     -3.736216    
  2.473994     -3.693807    
  2.476442     -3.649478    
  2.476529     -3.682044    
  2.476628     -3.692346    
  2.476715     -3.665267    
  2.479546     -3.786128    
  2.479633     -3.663719    
  2.481199     -3.746011    
  2.481286     -3.725447    
  2.482813     -4.523249    
  2.482900     -5.032308    
  2.483465     -4.177576    
  2.483551     -4.108521    
  2.483824     -3.951430    
  2.483911     -3.916063    
  2.484517     -3.658350    
  2.484589     -3.630508    
  2.484656     -3.608729    
  2.484743     -3.473370    
  2.487037     -3.839537    
  2.487124     -3.637649    
  2.491399     -3.611092    
  2.491443     -3.710681    
  2.491530     -3.680699    
  2.492836     -3.697009    
  2.492923     -3.710374    
  2.493799     -3.856137    
  2.493886     -3.770472    
  2.495735    -100.00000    
  2.495822     -4.396396    
  2.497233     -3.629651    
  2.497320     -3.581831    
  2.497678     -3.519778    
  2.497765     -3.520482    
  2.498024     -3.523713    
  2.498111     -3.530826    
  2.500649     -3.604247    
  2.500736     -3.714298    
  2.503920     -3.883326    
  2.504007     -3.842892    
  2.504069     -3.842532    
  2.504156     -3.756420    
  2.506445     -3.734132    
  2.506532     -3.718621    
  2.506598     -3.716384    
  2.506685     -3.712203    
  2.507046     -3.723497    
  2.507133     -3.785714    
  2.509451     -3.737666    
  2.511756     -3.711937    
  2.511843     -3.732024    
  2.512347     -3.766649    
  2.512434     -3.780405    
  2.512876     -3.793489    
  2.512963     -3.758340    
  2.514176     -3.762481    
  2.514263     -3.893023    
  2.515719     -3.808439    
  2.515805     -3.715307    
  2.515872     -3.704753    
  2.515959     -3.694179    
  2.516021     -3.688440    
  2.516107     -3.678962    
  2.516706     -3.667192    
  2.516793     -3.671789    
  2.517769     -3.682524    
  2.517856     -3.677927    
  2.517941     -3.675537    
  2.518028     -3.656800    
  2.519341     -3.693179    
  2.519428     -3.809986    
  2.521612     -3.794483    
  2.523785     -3.801836    
  2.523871     -3.790732    
  2.524535     -3.817757    
  2.524622     -3.856363    
  2.526468     -3.663957    
  2.526555     -3.764547    
  2.528500     -3.848074    
  2.528587     -3.742692    
  2.530010     -4.232161    
  2.530097     -4.054388    
  2.532615     -3.732988    
  2.532701     -3.699853    
  2.535293     -3.988388    
  2.535380     -3.954980    
  2.536082     -3.850661    
  2.536169     -3.988138    
  2.539337     -4.043478    
  2.539424     -3.850968    
  2.543132     -3.781029    
  2.546808     -3.759492    
  2.546895     -3.759370    
  2.547076     -3.755011    
  2.547163     -3.752420    
  2.547436     -3.747051    
  2.547523     -3.747825    
  2.551049     -3.810750    
  2.551136     -3.923740    
  2.551316     -3.940412    
  2.551403     -3.944692    
  2.551597     -3.938576    
  2.551684     -3.811588    
  2.555292     -4.552394    
  2.558869     -3.563734    
  2.558956     -3.604916    
  2.561154     -4.041957    
  2.561240     -4.145768    
  2.564817     -3.937100    
  2.564904     -3.749986    
  2.567815     -3.773043    
  2.570708     -4.032276    
  2.570794     -3.811444    
  2.571315     -3.767709    
  2.571402     -3.770091    
  2.571490     -3.769322    
  2.571576     -3.773710    
  2.572470     -3.763606    
  2.572557     -3.763975    
  2.572668     -3.766874    
  2.573820     -3.812593    
  2.573907     -3.791337    
  2.577456     -3.997410    
  2.580976     -3.816672    
  2.581063     -3.950710    
  2.582797     -3.880998    
  2.582884     -3.869860    
  2.583821     -3.862016    
  2.583908     -3.949388    
  2.586262     -4.443040    
  2.586349     -3.868471    
  2.588885     -3.639347    
  2.588972     -3.746038    
  2.590598     -3.816816    
  2.590685     -3.752502    
  2.593225     -3.915016    
  2.595750     -3.842930    
  2.595837     -3.837764    
  2.596260     -3.844848    
  2.596347     -3.849041    
  2.597094     -3.836926    
  2.597181     -3.856144    
  2.600152     -3.869140    
  2.600239     -3.855435    
  2.600921     -3.829982    
  2.601008     -3.789705    
  2.604043     -5.606756    
  2.607057     -3.691527    
  2.607144     -3.662735    
  2.607237     -3.663210    
  2.607324     -3.665453    
  2.607391     -3.668081    
  2.607478     -3.672684    
  2.607654     -3.691424    
  2.607741     -3.704386    
  2.607898     -3.726962    
  2.607985     -3.745037    
  2.609811     -3.854810    
  2.609898     -3.802951    
  2.612121     -4.021408    
  2.614332     -3.742524    
  2.614419     -3.865301    
  2.616177     -3.934793    
  2.616264     -3.852222    
  2.617793     -3.885248    
  2.617880     -4.165662    
  2.620859     -4.349340    
  2.620946     -3.826281    
  2.620996     -3.818069    
  2.621083     -3.832917    
  2.623324     -4.192259    
  2.623411     -3.967142    
  2.626937     -3.776466    
  2.630435     -3.983003    
  2.630522     -3.819055    
  2.634210     -3.977588    
  2.634297     -3.965284    
  2.634349     -3.967310    
  2.634435     -3.936951    
  2.636215     -4.135720    
  2.636302     -4.038271    
  2.639339     -4.982103    
  2.642355     -3.671607    
  2.642442     -3.797578    
  2.642737     -3.813763    
  2.642824     -3.781564    
  2.644205     -3.980810    
  2.644292     -4.516533    
  2.645853     -4.150347    
  2.645940     -4.061117    
  2.648315     -3.800826    
  2.648402     -3.833472    
  2.649502     -3.928917    
  2.649589     -3.934942    
  2.650015     -3.974318    
  2.650101     -3.977987    
  2.650189     -3.960648    
  2.651836     -4.096546    
  2.653477     -3.993166    
  2.653564     -3.991899    
  2.653758     -3.975512    
  2.653845     -3.885186    
  2.656371     -4.393264    
  2.656458    -100.00000    
  2.658575     -3.958408    
  2.660682     -3.807487    
  2.660769     -3.871596    
  2.662838     -4.013238    
  2.662925     -4.011750    
  2.664361     -4.066772    
  2.664448     -4.048304    
  2.665319     -4.041474    
  2.665406     -4.007408    
  2.667645     -4.401106    
  2.669873     -4.347881    
  2.669960     -4.157308    
  2.670100     -4.092310    
  2.670187     -4.048091    
  2.670748     -3.886061    
  2.670835     -3.868251    
  2.671918     -3.942633    
  2.672999     -3.992227    
  2.674077     -4.106371    
  2.675152     -4.085550    
  2.675239     -4.068718    
  2.676365     -4.080518    
  2.676452     -4.080035    
  2.676824     -4.083432    
  2.676911     -4.083790    
  2.677193     -4.084560    
  2.677280     -4.084009    
  2.678402     -4.101506    
  2.679522     -4.127508    
  2.680638     -4.109394    
  2.681752     -4.119244    
  2.681839     -4.060144    
  2.682994     -4.694969    
  2.684147     -4.633782    
  2.684233     -4.291872    
  2.684319     -4.222702    
  2.684406     -4.171629    
  2.684479     -4.139316    
  2.684566     -4.081980    
  2.685988     -4.010885    
  2.686075     -4.014009    
  2.687061     -4.041498    
  2.688046     -4.014199    
  2.688133     -4.020969    
  2.688542     -4.028859    
  2.688629     -4.032045    
  2.689258     -4.049088    
  2.689886     -4.067626    
  2.690513     -4.095187    
  2.691139     -4.104116    
  2.691764     -4.120285    
  2.692389     -4.119493    
  2.693012     -4.120331    
  2.693635     -4.128425    
  2.693722     -4.128440    
  2.693817     -4.128599    
  2.693904     -4.127981    
  2.694490     -4.134237    
  2.695075     -4.147360    
  2.695162     -4.149247    
  2.695331     -4.152294    
  2.695418     -4.155103    
  2.696036     -4.148631    
  2.696123     -4.148098    
  2.697045     -4.168791    
  2.697132     -4.133860    
  2.697891     -4.305255    
  2.698648     -4.531115    
  2.698717     -4.450164    
  2.698803     -4.434151    
  2.699272     -4.279825    
  2.699740     -4.130229    
  2.700207     -4.022955    
  2.700674     -3.968825    
  2.701140     -3.952715    
  2.701606     -3.958296    
  2.702072     -4.002264    
  2.702537     -4.052193    
  2.702610     -4.056597    
  2.702697     -4.076431    
  2.706154     -4.210306    
  2.706241     -4.195389    
  2.706323     -4.197277    
  2.706410     -4.201631    
  2.707308     -4.198814    
  2.707395     -4.204564    
  2.707629     -4.224842    
  2.707716     -4.247186    
  2.708280     -4.293087    
  2.708366     -4.289142    
  2.709271     -4.250083    
  2.709358     -4.236060    
  2.709449     -4.223863    
  2.709536     -4.209087    
  2.709681     -4.175731    
  2.709768     -4.152085    
  2.709828     -4.135552    
  2.709915     -4.112642    
  2.709960     -4.101523    
  2.710047     -4.032010    
  2.712970     -4.166199    
  2.715874     -4.190466    
  2.715961     -4.261601    
  2.716395     -4.758629    
  2.716481     -4.685697    
  2.716568     -4.835340    
  2.718816     -4.065245    
  2.718903     -4.133092    
  2.720712     -3.999838    
  2.720799     -3.980726    
  2.721478     -4.089309    
  2.721565     -4.078555    
  2.724957     -4.251426    
  2.725044     -4.236913    
  2.728146     -4.194175    
  2.728233     -4.218106    
  2.730036     -4.244692    
  2.730123     -4.285331    
  2.733842     -4.151063    
  2.733929     -4.210893    
  2.735898     -4.289438    
  2.735985     -4.269550    
  2.737825     -4.230369    
  2.737912     -4.244002    
  2.738167     -4.252294    
  2.738254     -4.256749    
  2.740540     -4.306443    
  2.742815     -4.257717    
  2.742902     -4.748343    
  2.746826     -4.164618    
  2.746913     -4.129390    
  2.748474     -4.177413    
  2.748561     -4.513497    
  2.751001     -4.775068    
  2.753428     -3.992309    
  2.753515     -4.088852    
  2.754509     -4.151451    
  2.754596     -4.154432    
  2.754850     -4.176564    
  2.754937     -4.186364    
  2.755499     -4.226846    
  2.755586     -4.230965    
  2.755686     -4.237008    
  2.755773     -4.242030    
  2.755894     -4.613312    
  2.758286     -4.597439    
  2.758373     -4.242463    
  2.758471     -4.224821    
  2.758558     -4.210741    
  2.759027     -4.182869    
  2.759113     -4.180185    
  2.759911     -4.184810    
  2.759981     -4.184194    
  2.760067     -4.154084    
  2.763464     -4.330338    
  2.763551     -4.279413    
  2.766689     -4.404348    
  2.766776     -4.364146    
  2.768842     -4.344941    
  2.768929     -4.364470    
  2.771196     -4.378006    
  2.771283     -4.380976    
  2.772541     -4.412627    
  2.772628     -4.387090    
  2.775737     -4.398123    
  2.778824     -4.422625    
  2.778910     -4.394760    
  2.781421     -4.434151    
  2.781508     -4.472887    
  2.782300     -4.417847    
  2.782387     -4.345524    
  2.783749     -4.386486    
  2.783836     -4.347628    
  2.786316     -4.399231    
  2.786403     -4.424495    
  2.787363     -4.457341    
  2.787450     -4.448298    
  2.787507     -4.444854    
  2.787594     -4.403999    
  2.790506     -4.431416    
  2.793400     -4.442106    
  2.796274     -4.369768    
  2.799129     -4.653113    
  2.799216    -100.00000    
  2.799738     -5.747971    
  2.799825     -5.394397    
  2.800228     -4.832521    
  2.800315     -4.622664    
  2.801475     -4.223572    
  2.801562     -4.247024    
  2.805189     -4.359284    
  2.805276     -4.369509    
  2.807759     -4.741942    
  2.810229     -4.336260    
  2.810316     -4.384948    
  2.813524     -4.557750    
  2.813611     -4.527186    
  2.816430     -4.539949    
  2.816517     -4.525003    
  2.817018     -4.516169    
  2.817105     -4.517735    
  2.819648     -4.567037    
  2.822177     -4.559821    
  2.822264     -4.590762    
  2.823371     -4.600673    
  2.823458     -4.534459    
  2.826003     -4.574310    
  2.826090     -4.569483    
  2.829167     -4.560877    
  2.829254     -4.574663    
  2.829613     -4.578373    
  2.829700     -4.595707    
  2.832781     -4.547736    
  2.832867     -4.566945    
  2.832995     -4.572490    
  2.833082     -4.582938    
  2.836249     -4.580846    
  2.836336     -4.597391    
  2.840558     -4.544855    
  2.840645     -4.586178    
  2.842706     -4.617836    
  2.842793     -4.631465    
  2.843374     -4.629784    
  2.843461     -4.621363    
  2.843577     -4.615450    
  2.843663     -4.611612    
  2.843854     -4.608666    
  2.843941     -4.610472    
  2.844722     -4.618040    
  2.844809     -4.604299    
  2.845992     -4.612712    
  2.846054     -4.617157    
  2.846141     -4.617535    
  2.846320     -4.618328    
  2.846407     -4.622060    
  2.848847     -4.637363    
  2.851272     -4.644312    
  2.851359     -4.654102    
  2.851605     -4.654035    
  2.851692     -4.628912    
  2.853657     -4.658827    
  2.853744     -4.644277    
  2.856721     -4.669431    
  2.856808     -4.677742    
  2.859953     -4.688764    
  2.863077     -4.702673    
  2.863164     -4.699948    
  2.864011     -4.694022    
  2.864097     -4.694907    
  2.864929     -4.703788    
  2.865016     -4.703614    
  2.868335     -4.683258    
  2.868422     -4.715258    
  2.870319     -4.720285    
  2.870406     -4.719421    
  2.871746     -4.736641    
  2.871833     -4.728997    
  2.875793     -4.750013    
  2.879716     -4.767410    
  2.879803     -4.760841    
  2.880314     -4.759375    
  2.880401     -5.028423    
  2.882313     -5.621816    
  2.882400     -4.866229    
  2.882670     -4.760997    
  2.882757     -4.694600    
  2.885337     -4.633421    
  2.885423     -4.651833    
  2.885708     -4.657842    
  2.885795     -4.659291    
  2.886380     -4.692303    
  2.886467     -4.701099    
  2.887555     -4.748868    
  2.887642     -4.792031    
  2.890684     -4.762781    
  2.893704     -4.589535    
  2.893791     -4.669427    
  2.894071     -4.686834    
  2.894158     -4.697440    
  2.895095     -4.761663    
  2.895182     -4.772727    
  2.897787     -4.809156    
  2.897874     -4.811434    
  2.901032     -4.822429    
  2.904168     -4.833360    
  2.904255     -4.853222    
  2.908003     -4.781376    
  2.908090     -4.829537    
  2.908185     -4.832397    
  2.908477     -4.836244    
  2.908564     -4.836432    
  2.909361     -4.846615    
  2.909448     -4.842151    
  2.910383     -4.837190    
  2.910470     -4.845365    
  2.911970     -4.858701    
  2.912057     -4.849909    
  2.914427     -4.899397    
  2.916785     -4.881293    
  2.916872     -4.887416    
  2.917171     -4.891231    
  2.917258     -4.894382    
  2.920236     -4.891577    
  2.920323     -4.891006    
  2.920418     -4.898813    
  2.922032     -4.891716    
  2.922118     -4.897993    
  2.925029     -4.905831    
  2.925116     -4.890951    
  2.925353     -4.894186    
  2.925440     -4.896389    
  2.925683     -4.901790    
  2.925770     -4.903268    
  2.925849     -4.904388    
  2.925936     -4.908586    
  2.927554     -4.917104    
  2.927641     -4.909664    
  2.927759     -4.910895    
  2.927950     -4.914233    
  2.928037     -4.918717    
  2.929127     -4.918794    
  2.929213     -4.918980    
  2.929524     -4.920250    
  2.929611     -4.920755    
  2.929967     -4.919729    
  2.930054     -4.918171    
  2.930245     -4.916616    
  2.930332     -4.916559    
  2.930644     -4.921271    
  2.930731     -4.923840    
  2.931247     -4.930838    
  2.931334     -4.932029    
  2.932296     -4.934680    
  2.932383     -4.934863    
  2.933595     -4.929229    
  2.933682     -4.928168    
  2.934646     -4.919722    
  2.934733     -4.912482    
  2.934790     -4.909278    
  2.934877     -4.901987    
  2.935353     -4.903076    
  2.935440     -4.928959    
  2.939117     -4.977204    
  2.939204     -4.965528    
  2.941487     -4.976148    
  2.943758     -4.960522    
  2.943845     -4.955831    
  2.945191     -4.924518    
  2.945278     -4.945369    
  2.946273     -4.972930    
  2.946360     -4.971454    
  2.946687     -4.967974    
  2.946774     -4.961820    
  2.950137     -4.942487    
  2.950224     -4.959715    
  2.950637     -4.954370    
  2.950724     -4.951596    
  2.950770     -4.949979    
  2.950857     -4.944149    
  2.951287     -4.920409    
  2.951374     -4.922560    
  2.951710     -4.933463    
  2.951797     -4.940266    
  2.952601     -4.960864    
  2.952688     -4.960331    
  2.952960     -4.967555    
  2.953047     -4.970459    
  2.953319     -4.979365    
  2.953406     -4.980457    
  2.953990     -5.004639    
  2.954077     -5.034226    
  2.955685     -5.019370    
  2.955739     -5.017561    
  2.955826     -5.016679    
  2.956162     -5.011793    
  2.956249     -5.010358    
  2.956346     -5.008791    
  2.956433     -5.007533    
  2.956797     -5.003637    
  2.956884     -5.002859    
  2.956929     -5.002468    
  2.957016     -4.992521    
  2.958490     -4.992471    
  2.958577     -4.993028    
  2.958723     -4.987074    
  2.958810     -4.982011    
  2.959196     -4.968318    
  2.959283     -4.968754    
  2.959385     -4.969725    
  2.959471     -4.972333    
  2.959520     -4.974599    
  2.959575     -4.978243    
  2.959642     -4.986334    
  2.959686     -4.991989    
  2.959837     -5.059963    
  2.959916     -5.128940    
  2.960003     -5.326545    
  2.960694     -5.607196    
  2.960781     -5.440890    
  2.961122     -5.237665    
  2.961209     -4.977202    
  2.964884     -4.937867    
  2.968529     -5.070697    
  2.972144     -5.050217    
  2.975728     -5.023395    
  2.975815     -5.022191    
  2.976171     -5.029287    
  2.976258     -5.057359    
  2.979351     -4.974103    
  2.982423     -5.048118    
  2.982509     -5.059700    
  2.982872     -5.069327    
  2.982959     -5.094894    
  2.985659     -5.091469    
  2.988343     -5.341739    
  2.991011     -4.983908    
  2.993662     -5.083008    
  2.996297     -5.133535    
  2.998916     -5.183341    
  3.001519     -5.119453    
  3.004107     -5.168868    
  3.004194     -5.175164    
  3.008392     -5.185469    
  3.008479     -5.189078    
  3.011906     -5.149752    
  3.015307     -5.483686    
  3.018681     -4.539647    
  3.022029     -5.135976    
  3.022116     -5.074615    
  3.024662     -5.221133    
  3.024749     -5.203889    
  3.025489     -5.221220    
  3.025575     -5.223949    
  3.029666     -5.228532    
  3.033719     -5.269346    
  3.037734     -5.241142    
  3.041713     -5.272669    
  3.041799     -5.295287    
  3.044755     -5.387314    
  3.047691     -5.147511    
  3.050607     -5.334338    
  3.053504     -5.323586    
  3.053591     -5.399908    
  3.056619     -5.068583    
  3.056706     -5.082657    
  3.059529     -5.344371    
  3.059616     -5.323834    
  3.061712     -5.365877    
  3.061799     -5.361670    
  3.061872     -5.362504    
  3.061959     -5.363499    
  3.062143     -5.365629    
  3.062230     -5.366783    
  3.062919     -5.381584    
  3.063006     -5.377439    
  3.065043     -5.384179    
  3.065130     -5.381888    
  3.067491     -5.402877    
  3.067578     -5.436251    
  3.070186     -5.217328    
  3.072777     -5.274815    
  3.072864     -5.315270    
  3.074321     -5.398847    
  3.074408     -5.396588    
  3.077271     -5.436928    
  3.080115     -5.421558    
  3.082941     -5.424963    
  3.085748     -5.417169    
  3.085835     -5.400488    
  3.089403     -5.385332    
  3.092941     -5.476951    
  3.093028     -5.408217    
  3.093732     -5.421142    
  3.093819     -5.433792    
  3.096155     -5.504804    
  3.096242     -5.501854    
  3.099391     -5.518729    
  3.099477     -5.518443    
  3.103182     -5.533064    
  3.106856     -5.542472    
  3.106943     -5.535890    
  3.110832     -5.532963    
  3.114687     -5.553951    
  3.114774     -5.558006    
  3.115819     -5.569128    
  3.115905     -5.571008    
  3.116258     -5.571855    
  3.116345     -5.570833    
  3.120500     -5.599368    
  3.124616     -5.594409    
  3.124703     -5.599376    
  3.125997     -5.604979    
  3.126084     -5.607675    
  3.127687     -5.618129    
  3.127774     -5.617984    
  3.131268     -5.631334    
  3.131355     -5.629241    
  3.135066     -5.611098    
  3.138745     -5.658461    
  3.138832     -5.560502    
  3.141211     -5.559304    
  3.143577     -5.615728    
  3.143664     -5.625515    
  3.145869     -5.670885    
  3.145956     -5.668033    
  3.146758     -5.679966    
  3.146845     -5.680481    
  3.146975     -5.683549    
  3.149747     -5.697778    
  3.149834     -5.695088    
  3.151287     -5.700412    
  3.151374     -5.701473    
  3.153068     -5.708938    
  3.153155     -5.709245    
  3.153248     -5.709596    
  3.153335     -5.709901    
  3.153381     -5.710054    
  3.153425     -5.710198    
  3.153479     -5.710368    
  3.153656     -5.710858    
  3.153744     -5.706802    
  3.156590     -5.713126    
  3.159418     -5.722819    
  3.159505     -5.724754    
  3.162077     -5.739906    
  3.164633     -5.750292    
  3.164720     -5.749817    
  3.164846     -5.750441    
  3.164933     -5.751127    
  3.168315     -5.763461    
  3.171670     -5.786290    
  3.171756     -5.776158    
  3.173303     -5.783117    
  3.173390     -5.781344    
  3.173578     -5.781960    
  3.173665     -5.782281    
  3.174167     -5.785395    
  3.174254     -5.788540    
  3.176868     -5.796477    
  3.179466     -5.807664    
  3.179553     -5.805989    
  3.183542     -5.823022    
  3.187494     -5.834097    
  3.187581     -5.832719    
  3.188338     -5.836400    
  3.188425     -5.729053    
  3.189886     -6.526158    
  3.189973    -100.00000    
  3.191119     -6.523454    
  3.191206     -6.046759    
  3.191899     -5.529138    
  3.191986     -5.495388    
  3.192224     -5.410520    
  3.192311     -5.267804    
  3.194885     -5.236906    
  3.194972     -5.361798    
  3.196916     -5.617311    
  3.197003     -5.629435    
  3.200094     -5.806939    
  3.203162     -5.873991    
  3.203250     -5.846677    
  3.207365     -5.888890    
  3.207452     -5.896334    
  3.209135     -5.913453    
  3.209222     -5.912574    
  3.209715     -5.914585    
  3.209802     -5.918233    
  3.214086     -5.988929    
  3.218329     -5.447954    
  3.218415     -5.485551    
  3.221174     -5.820001    
  3.223916     -5.931792    
  3.226640     -5.959128    
  3.229347     -5.965475    
  3.229434     -5.966273    
  3.231857     -5.974997    
  3.234265     -5.984764    
  3.234352     -5.989208    
  3.236049     -5.992715    
  3.236136     -5.993610    
  3.236180     -5.993924    
  3.236267     -5.994616    
  3.236442     -5.996182    
  3.236529     -5.998070    
  3.239749     -6.002732    
  3.242945     -6.019448    
  3.246117     -6.039331    
  3.249267     -6.056435    
  3.252393     -6.069976    
  3.255498     -6.079548    
  3.258580     -6.080802    
  3.261641     -6.104740    
  3.261728     -6.103402    
  3.263462     -6.103751    
  3.263549     -6.109376    
  3.266414     -6.111771    
  3.266501     -6.109519    
  3.268891     -6.122563    
  3.271268     -6.125271    
  3.271355     -6.127355    
  3.271415     -6.127666    
  3.271502     -6.131771    
  3.273253     -6.131344    
  3.273340     -6.135090    
  3.276754     -6.154937    
  3.276841     -6.150204    
  3.279706     -6.143832    
  3.279793     -6.153523    
  3.283538     -6.155268    
  3.283625     -6.168419    
  3.287537     -6.193976    
  3.291415     -6.208548    
  3.291501     -6.211347    
  3.292656     -6.214371    
  3.292743     -6.214813    
  3.293247     -6.216753    
  3.293334     -6.215704    
  3.294670     -6.217952    
  3.294757     -6.228611    
  3.295898     -6.247834    
  3.295985     -6.233327    
  3.296762     -6.221960    
  3.296849     -6.222241    
  3.299310     -6.249683    
  3.301756     -6.225266    
  3.304188     -6.253094    
  3.306608     -6.267539    
  3.306694     -6.268474    
  3.309364     -6.267192    
  3.309451     -6.270675    
  3.310624     -6.273077    
  3.310710     -6.275179    
  3.310941     -6.276688    
  3.311027     -6.276968    
  3.311327     -6.278633    
  3.311414     -6.280601    
  3.311634     -6.288666    
  3.311721     -6.292750    
  3.311774     -6.294997    
  3.311825     -6.296929    
  3.311868     -6.298477    
  3.312020     -6.302131    
  3.312107     -6.325019    
  3.314456     -6.184457    
  3.316790     -6.015159    
  3.319111     -6.224161    
  3.321421     -6.254534    
  3.323718     -6.307919    
  3.326003     -6.272014    
  3.328276     -6.299379    
  3.330537     -6.336976    
  3.332786     -6.350649    
  3.335024     -6.367998    
  3.337251     -6.354865    
  3.339466     -6.374498    
  3.341670     -6.394692    
  3.343862     -6.392195    
  3.346044     -6.398395    
  3.348215     -6.418348    
  3.352524     -6.257885    
  3.356791     -6.396309    
  3.361016     -6.425746    
  3.365201     -6.473977    
  3.369346     -6.457461    
  3.373451     -6.439005    
  3.377518     -6.517189    
  3.381548     -6.537252    
  3.381635     -6.526398    
  3.382086     -6.538590    
  3.382173     -6.529836    
  3.385882     -6.431718    
  3.385969     -6.501678    
  3.388254     -6.519454    
  3.390528     -6.563142    
  3.392789     -6.572677    
  3.395039     -6.580080    
  3.395126     -6.580200    
  3.397731     -6.592398    
  3.400321     -6.592970    
  3.400408     -6.586318    
  3.400855     -6.580523    
  3.400942     -6.597448    
  3.403535     -6.569336    
  3.403595     -6.522463    
  3.403681     -6.516932    
  3.404126     -6.433911    
  3.404213     -6.330779    
  3.406921     -6.254687    
  3.409611     -6.584113    
  3.412285     -6.629442    
  3.414942     -6.626792    
  3.415029     -6.607053    
  3.419274     -6.613277    
  3.419361     -6.633785    
  3.422642     -6.679125    
  3.425897     -6.692274    
  3.429128     -6.704208    
  3.432336     -6.711640    
  3.435520     -6.690817    
  3.438681     -6.700690    
  3.441819     -6.690720    
  3.444934     -6.754956    
  3.445021     -6.698011    
  3.445916     -6.820921    
  3.446003     -6.763782    
  3.448640     -6.650000    
  3.451262     -6.739276    
  3.453868     -6.771833    
  3.456458     -6.810339    
  3.459033     -6.810646    
  3.461593     -6.822818    
  3.464137     -6.815270    
  3.466667     -6.630360    
  3.466754     -6.637881    
  3.469201     -6.771003    
  3.471635     -6.837111    
  3.474055     -6.860111    
  3.476462     -6.866431    
  3.478855     -6.881205    
  3.481235     -6.889872    
  3.483602     -6.898600    
  3.485957     -6.906666    
  3.486044     -6.906207    
  3.486320     -6.907241    
  3.486406     -6.906987    
  3.490359     -6.920291    
  3.494277     -6.937098    
  3.494364     -6.939682    
  3.497260     -6.936979    
  3.500138     -6.899171    
  3.502997     -6.971483    
  3.505837     -6.935648    
  3.505924     -6.923123    
  3.506039     -6.880183    
  3.508509     -6.835697    
  3.510965     -6.918903    
  3.513408     -6.989393    
  3.515836     -7.009817    
  3.515923     -7.009582    
  3.518242     -7.022436    
  3.520548     -7.030921    
  3.522842     -7.037223    
  3.525125     -7.046641    
  3.527395     -7.055332    
  3.529653     -7.060967    
  3.531900     -7.071734    
  3.534135     -7.077987    
  3.534222     -7.108263    
  3.536814     -6.912866    
  3.539391     -7.024323    
  3.541953     -7.100052    
  3.544500     -7.117018    
  3.544586     -7.116644    
  3.545154     -7.119125    
  3.545241     -7.120025    
  3.547861     -7.130714    
  3.550465     -7.137777    
  3.553054     -7.148753    
  3.555627     -7.157727    
  3.555714     -7.158046    
  3.557696     -7.165022    
  3.557783     -7.165446    
  3.558846     -7.169240    
  3.558933     -7.169509    
  3.561019     -7.174450    
  3.561106     -7.175384    
  3.561702     -7.177670    
  3.561789     -7.177862    
  3.561901     -7.178107    
  3.561988     -7.178231    
  3.562293     -7.185772    
  3.565681     -7.193452    
  3.565768     -7.168289    
  3.568654     -7.086909    
  3.568741     -7.107039    
  3.571793     -7.189468    
  3.574823     -7.214660    
  3.577833     -7.233632    
  3.580822     -7.103346    
  3.583790     -6.873016    
  3.586739     -6.209714    
  3.589667     -7.039771    
  3.592576     -7.768514    
  3.595465     -7.193515    
  3.598336     -7.285219    
  3.601187     -7.317477    
  3.604020     -7.324585    
  3.606835     -7.340734    
  3.609631     -7.342157    
  3.612409     -7.354564    
  3.615170     -7.366613    
  3.615257     -7.370366    
  3.619356     -7.374420    
  3.623416     -7.397249    
  3.627438     -7.386492    
  3.630428     -7.397212    
  3.631423     -7.419654    
  3.631510     -7.418690    
  3.632293     -7.420475    
  3.632379     -7.420537    
  3.634714     -7.436326    
  3.637036     -7.449227    
  3.639346     -7.449756    
  3.641643     -7.438909    
  3.643929     -7.458793    
  3.646202     -7.473665    
  3.648464     -7.482747    
  3.650714     -7.529665    
  3.650801     -7.526803    
  3.654040     -7.407072    
  3.657255     -7.490183    
  3.660447     -7.517291    
  3.663615     -7.518001    
  3.663702     -7.531092    
  3.666918     -7.565626    
  3.670110     -7.491107    
  3.670197     -7.818705    
  3.672574     -6.811835    
  3.674939     -6.969899    
  3.677290     -7.387592    
  3.679629     -7.492320    
  3.681956     -7.562466    
  3.684270     -7.598969    
  3.686572     -7.609288    
  3.688862     -7.608221    
  3.688948     -7.630167    
  3.691459     -7.579021    
  3.691546     -7.601557    
  3.695795     -7.649408    
  3.695882     -7.647851    
  3.699760     -7.666135    
  3.703605     -7.677689    
  3.707416     -7.692234    
  3.711193     -7.699968    
  3.712650     -7.706686    
  3.714938     -7.716158    
  3.718651     -7.723803    
  3.722333     -7.761788    
  3.725983     -7.531539    
  3.726071     -7.626581    
  3.729627     -7.771221    
  3.733155     -7.766488    
  3.736655     -7.699050    
  3.740126     -7.669964    
  3.740213     -7.654801    
  3.740628     -7.676689    
  3.740715     -7.695671    
  3.743507     -7.803222    
  3.746281     -7.820151    
  3.749037     -7.836322    
  3.751777     -7.841539    
  3.751863     -7.842039    
  3.753882     -7.851479    
  3.753969     -7.850750    
  3.754658     -7.852598    
  3.754745     -7.852750    
  3.755217     -7.854204    
  3.755304     -7.854614    
  3.755522     -7.855421    
  3.755609     -7.855709    
  3.755717     -7.856053    
  3.755803     -7.857164    
  3.758983     -7.868053    
  3.762140     -7.964774    
  3.765273     -7.509977    
  3.768385     -7.612562    
  3.771474     -7.842497    
  3.774541     -7.910185    
  3.777587     -7.926468    
  3.778151     -7.930051    
  3.780612     -7.937566    
  3.783615     -7.946955    
  3.786599     -7.956335    
  3.789561     -7.968595    
  3.792504     -7.971150    
  3.795427     -7.943345    
  3.798330     -7.993371    
  3.801214     -8.003472    
  3.804079     -8.014038    
  3.804166     -8.014021    
  3.806878     -8.025009    
  3.809572     -8.041165    
  3.809659     -8.031470    
  3.812666     -8.039158    
  3.815653     -8.064405    
  3.818618     -7.918347    
  3.821564     -7.899314    
  3.821651     -7.974049    
  3.825835     -8.084672    
  3.829979     -8.098836    
  3.834084     -8.123604    
  3.838150     -8.135283    
  3.838237     -8.132460    
  3.842494     -8.132321    
  3.846710     -8.183691    
  3.850885     -7.948300    
  3.855020     -8.179856    
  3.859117     -8.183066    
  3.863175     -8.209207    
  3.867196     -8.231637    
  3.871179     -8.242802    
  3.871266     -8.246372    
  3.873943     -8.253094    
  3.876604     -8.262955    
  3.879249     -8.277755    
  3.881877     -8.261099    
  3.884490     -8.251130    
  3.887087     -8.092755    
  3.889668     -7.703172    
  3.892234     -8.055891    
  3.892321     -8.057827    
  3.894387     -8.250551    
  3.894474     -8.254108    
  3.897753     -8.292509    
  3.901007     -8.331261    
  3.901094     -8.331431    
  3.904208     -8.356962    
  3.904295     -8.355558    
  3.906505     -8.361103    
  3.908704     -8.371399    
  3.910891     -8.377082    
  3.913068     -8.382357    
  3.913155     -8.380913    
  3.913273     -8.377177    
  3.913769     -8.372105    
  3.913856     -8.374218    
  3.913972     -8.389934    
  3.916915     -8.367402    
  3.917002     -8.368816    
  3.920996     -8.364552    
  3.924953     -8.420718    
  3.928874     -8.437601    
  3.932760     -8.448212    
  3.936612     -8.461398    
  3.940430     -8.470978    
  3.944215     -8.480225    
  3.947967     -8.491058    
  3.948054     -8.500939    
  3.950352     -8.458753    
  3.952638     -8.488318    
  3.954912     -8.511923    
  3.957174     -8.523025    
  3.959425     -8.532344    
  3.961663     -8.539575    
  3.963891     -8.546123    
  3.966107     -8.550471    
  3.968311     -8.555794    
  3.970505     -8.556799    
  3.972688     -8.519630    
  3.974859     -8.480792    
  3.979170     -8.593767    
  3.983439     -8.604291    
  3.983526     -8.604620    
  3.986294     -8.622646    
  3.989045     -8.629743    
  3.991778     -8.633700    
  3.994495     -8.639365    
  3.997194     -8.646517    
  3.999877     -8.662960    
  4.002544     -8.685781    
  4.005194     -8.531191    
  4.007828     -8.210015    
  4.010446     -8.402407    
  4.013048     -8.621304    
  4.015635     -8.683258    
  4.018207     -8.705381    
  4.020764     -8.714999    
  4.023305     -8.735647    
  4.025832     -8.674332    
  4.025919     -8.680041    
  4.029064     -8.754516    
  4.032186     -8.629318    
  4.035287     -8.749159    
  4.038365     -8.788896    
  4.038452     -8.782487    
  4.040802     -8.783773    
  4.043140     -8.779217    
  4.045465     -8.792282    
  4.047778     -8.820290    
  4.047865     -8.818215    
  4.051161     -8.829666    
  4.054403     -8.844751    
  4.057621     -8.849731    
  4.060815     -8.860022    
  4.063986     -8.890144    
  4.067134     -8.768432    
  4.070259     -8.607853    
  4.073362     -8.861470    
  4.073449     -9.118332    
  4.075844     -8.537439    
  4.078226     -8.411242    
  4.080595     -8.750796    
  4.082951     -8.871495    
  4.085294     -8.912186    
  4.087625     -8.934163    
  4.089943     -8.947634    
  4.092249     -8.958316    
  4.094543     -8.964379    
  4.096824     -8.972392    
  4.099094     -8.975417    
  4.101352     -8.981995    
  4.103599     -8.994353    
  4.105833     -9.002363    
  4.108057     -9.017853    
  4.110269     -8.949950    
  4.112469     -8.950128    
  4.114659     -9.000379    
  4.116838     -9.031225    
  4.119006     -9.040413    
  4.123309     -9.054432    
  4.127570     -9.069231    
  4.131790     -9.072872    
  4.135969     -9.096584    
  4.140109     -9.110624    
  4.144209     -9.110449    
  4.144296     -9.118390    
  4.147238     -8.957954    
  4.147324     -8.979196    
  4.151647     -9.137962    
  4.155926     -9.152955    
  4.156013     -9.229634    
  4.158880     -9.021873    
  4.161727     -9.155264    
  4.161814     -9.119002    
  4.163762     -9.156375    
  4.163849     -9.159502    
  4.167436     -9.183737    
  4.170993     -9.110920    
  4.174521     -9.092862    
  4.178021     -9.217437    
  4.181494     -9.239445    
  4.184938     -9.252208    
  4.188355     -9.264467    
  4.191746     -9.274083    
  4.195110     -9.288650    
  4.198449     -9.271059    
  4.201762     -9.282766    
  4.205050     -9.313419    
  4.208313     -9.324075    
  4.211552     -9.332204    
  4.214767     -9.337824    
  4.217959     -9.350114    
  4.221127     -9.363647    
  4.224272     -9.371723    
  4.227394     -9.380489    
  4.230494     -9.359864    
  4.233573     -9.366993    
  4.236629     -9.465718    
  4.239665     -9.030593    
  4.242679     -9.118878    
  4.245672     -9.376772    
  4.248645     -9.426184    
  4.251598     -9.445709    
  4.254530     -9.469774    
  4.257443     -9.439014    
  4.260337     -9.445035    
  4.263212     -9.471680    
  4.266067     -9.501792    
  4.266154     -9.503978    
  4.269157     -9.634516    
  4.272139     -9.073258    
  4.275101     -9.091561    
  4.278043     -9.320978    
  4.280965     -9.494687    
  4.283867     -9.539737    
  4.286751     -9.564029    
  4.289615     -9.568860    
  4.292460     -9.578058    
  4.295287     -9.580090    
  4.298096     -9.598458    
  4.300886     -9.612098    
  4.303659     -9.625055    
  4.306414     -9.627494    
  4.309152     -9.630850    
  4.311873     -9.624610    
  4.314576     -9.628984    
  4.317263     -9.707062    
  4.319934     -9.788485    
  4.322588     -9.667557    
  4.325226     -9.684712    
  4.327848     -9.690883    
  4.330454     -9.701175    
  4.333045     -9.704970    
  4.335621     -9.719577    
  4.338181     -9.685452    
  4.340726     -9.655945    
  4.343256     -9.640122    
  4.345772     -9.689749    
  4.348274     -9.736630    
  4.350760     -9.758112    
  4.353233     -9.772642    
  4.353320     -9.769200    
  4.356074     -9.766555    
  4.356161     -9.771677    
  4.357582     -9.781522    
  4.357669     -9.778630    
  4.360507     -9.791189    
  4.363326     -9.802411    
  4.366127     -9.799088    
  4.368910     -9.813338    
  4.371675     -9.827005    
  4.374422     -9.780125    
  4.377153     -9.803568    
  4.379866     -9.839599    
  4.382563     -10.05200    
  4.385243     -9.568925    
  4.387906     -9.739976    
  4.390553     -9.438741    
  4.393185     -9.778647    
  4.395800     -9.801846    
  4.398400     -9.870136    
  4.400984     -9.902936    
  4.403553     -9.921464    
  4.406107     -9.929876    
  4.408646     -9.934089    
  4.411170     -9.934703    
  4.413679     -9.945512    
  4.416174     -9.947109    
  4.418655     -9.955188    
  4.421122     -9.952211    
  4.423575     -9.903580    
  4.426014     -9.963420    
  4.428439     -9.985510    
  4.430851     -9.997385    
  4.433250     -9.991572    
  4.435636     -9.998551    
  4.438008     -10.00399    
  4.440368     -10.02792    
  4.440455     -10.02560    
  4.442913     -10.03236    
  4.445357     -10.03649    
  4.447787     -10.06010    
  4.450204     -10.08439    
  4.452608     -9.895970    
  4.454999     -9.938407    
  4.457376     -9.996766    
  4.459740     -10.03702    
  4.462092     -10.04331    
  4.464431     -10.05565    
  4.466757     -10.09706    
  4.469071     -10.11500    
  4.471373     -10.11479    
  4.473663     -10.12830    
  4.475940     -10.14384    
  4.478206     -10.00100    
  4.512937     -10.15143    
  4.513024     -10.27200    
  4.514610     -10.27942    
  4.514697     -10.27728    
  4.515945     -10.35301    
  4.516032     -10.20486    
  4.585469     -10.47232    
  4.585556     -10.44740    
  4.648489     -10.58158    
  4.648576     -10.62444    
  4.649548     -10.62577    
  4.649635     -10.62850    
  4.649838     -10.63212    
  4.649925     -10.60744    
  4.709765     -10.78478    
  4.709852     -10.81877    
  4.765753     -10.90350    
  4.765822     -10.98715    
  4.765909     -10.96382    
  4.818480     -11.14555    
  4.818567     -11.09886    
  4.868094     -11.18338    
  4.868152     -11.27124    
  4.868214     -11.21595    
  4.915089     -11.42734    
  4.915176     -11.41597    
  4.959449     -11.53263    
  4.959536     -11.53353    
  4.959642     -11.50003    
  4.959729     -11.51873    
  5.002021     -11.53920    
  5.002108     -11.65794    
  5.041986     -11.77552    
  5.042072     -11.78705    
  5.042428     -11.79416    
  5.042515     -11.76487    
  5.081038     -11.86559    
  5.081125     -11.86442    
  5.117569     -11.98303    
  5.117655     -12.00896    
  5.118005     -11.99311    
  5.118092     -11.84067    
  5.153462     -12.15185    
  5.153549     -12.08228    
  5.187204     -12.19787    
  5.187290     -12.18492    
  5.187529     -12.18442    
  5.187616     -12.17641    
  5.251180     -12.30452    
  5.251266     -12.35726    
  5.251931     -12.36232    
  5.252018     -12.36003    
  5.311750     -12.51317    
  5.311837     -12.54060    
  5.311944     -12.51618    
  5.712950     -13.62570    
  5.917833     -14.19524    
  6.161415     -14.85740    
  6.430595     -15.59380    
  6.714779     -16.36954    
  7.007134     -17.17783    
  7.303761     -18.01581    
  7.602573     -18.89186    
  7.902489     -19.83606    
  8.202961     -20.93200    
  8.503712     -22.47950    
  8.804602    -100.00000    
  9.105563    -100.00000    
  9.406558    -100.00000    
  9.707570    -100.00000    
