 0.6989700     -73.42264    
 0.7304748    -100.00000    
 0.7598479    -100.00000    
 0.7873596    -100.00000    
 0.8132319    -100.00000    
 0.8376491     -77.70820    
 0.8607663    -100.00000    
 0.9036074     -73.92689    
 0.9425994     -72.80951    
 0.9783771     -72.51326    
  1.011430    -100.00000    
  1.042145     -66.28160    
  1.042232    -100.00000    
  1.060679     -62.84834    
  1.060766    -100.00000    
  1.080039     -59.66867    
  1.080126    -100.00000    
  1.098980     -56.76873    
  1.099067    -100.00000    
  1.116489     -54.24540    
  1.116576    -100.00000    
  1.132827     -52.05071    
  1.132914    -100.00000    
  1.147337     -50.22484    
  1.147424     -50.17934    
  1.153100     -49.29184    
  1.153187    -100.00000    
  1.190309    -100.00000    
  1.224506     -40.73703    
  1.224593    -100.00000    
  1.258242     -35.92139    
  1.258328    -100.00000    
  1.281053     -32.89531    
  1.281140    -100.00000    
  1.305129     -30.00037    
  1.305216    -100.00000    
  1.326885     -27.52365    
  1.326972    -100.00000    
  1.346664     -25.42103    
  1.346750    -100.00000    
  1.362515     -23.72210    
  1.362602    -100.00000    
  1.403133     -20.14442    
  1.403220     -19.76055    
  1.407231     -19.39279    
  1.407318    -100.00000    
  1.434239     -17.32765    
  1.434325     -17.08924    
  1.438732     -16.70648    
  1.438819    -100.00000    
  1.466567     -14.74153    
  1.466654    -100.00000    
  1.485460     -13.22710    
  1.485547    -100.00000    
  1.499940     -12.13985    
  1.500027     -10.49959    
  1.502811     -9.890188    
  1.502898     -10.01655    
  1.515152    -100.00000    
  1.515239    -100.00000    
  1.538911     -12.10309    
  1.538998     -14.62190    
  1.541754     -14.87182    
  1.541841     -14.82196    
  1.544410     -14.90261    
  1.544497     -14.90840    
  1.546755     -14.97353    
  1.546842     -15.20426    
  1.568094     -14.62932    
  1.568181     -14.58488    
  1.576102     -14.16393    
  1.576189     -14.13133    
  1.577032     -14.08549    
  1.577119     -14.18919    
  1.586189     -13.61911    
  1.586276     -13.57608    
  1.587530     -13.50829    
  1.587617     -14.32677    
  1.602078     -12.73585    
  1.602165    -100.00000    
  1.604747     -9.819148    
  1.604834     -7.015148    
  1.629405    -100.00000    
  1.629492     -11.15104    
  1.633100     -10.18138    
  1.633187     -10.56648    
  1.643761    -100.00000    
  1.643848     -12.03699    
  1.646889     -11.74312    
  1.646976     -11.78150    
  1.653070     -11.47031    
  1.653157     -11.83315    
  1.667964     -10.76470    
  1.668051     -10.71054    
  1.673067     -10.45660    
  1.673154     -10.44667    
  1.673452     -10.45575    
  1.673539     -10.55833    
  1.683736     -10.52716    
  1.683823     -10.45546    
  1.689301     -10.25733    
  1.689388     -10.24078    
  1.690173     -10.20255    
  1.690260     -10.20022    
  1.691919     -10.12463    
  1.692006     -10.64677    
  1.709636     -9.396269    
  1.709723     -9.333071    
  1.714748     -9.105003    
  1.714835     -9.077403    
  1.714933     -9.048336    
  1.717233     -9.043805    
  1.717320     -9.035003    
  1.717576     -9.037278    
  1.717663     -9.039839    
  1.719536     -9.142119    
  1.719623     -9.136083    
  1.721805     -9.141387    
  1.721892     -9.174225    
  1.725295     -9.100414    
  1.725382     -8.820062    
  1.731154     -8.636966    
  1.731241     -8.769384    
  1.731758     -8.707083    
  1.731845     -8.730826    
  1.732294     -8.642596    
  1.732381     -8.375797    
  1.735217     -8.413550    
  1.735304     -8.502242    
  1.744878     -8.186369    
  1.744965     -8.317213    
  1.746841     -8.044283    
  1.746929    -100.00000    
  1.747807     -6.523357    
  1.747894     -7.111417    
  1.753972    -100.00000    
  1.754058     -9.287179    
  1.755714     -7.609122    
  1.755801     -7.569205    
  1.756978     -8.440703    
  1.757065     -7.806196    
  1.762907     -7.954816    
  1.762994     -8.045666    
  1.763503     -7.863592    
  1.763590    -100.00000    
  1.765957     -6.868998    
  1.766044     -6.667229    
  1.768505    -100.00000    
  1.768592     -6.604917    
  1.776113     -7.561450    
  1.776200     -7.509620    
  1.776785     -6.867374    
  1.776872     -7.067705    
  1.781285     -7.059669    
  1.781372     -7.104966    
  1.781946     -6.346785    
  1.782033     -6.616919    
  1.786409    -100.00000    
  1.786495     -8.096381    
  1.788161     -7.901775    
  1.788248     -7.964968    
  1.789372     -7.123692    
  1.789459     -7.460787    
  1.792246     -8.088036    
  1.792333     -8.648348    
  1.800765     -6.978849    
  1.800851     -6.172474    
  1.806960     -6.893933    
  1.807047     -7.329220    
  1.809708     -5.911122    
  1.809795     -6.115279    
  1.810144     -6.117603    
  1.810231     -6.082976    
  1.814042    -100.00000    
  1.814129     -5.711574    
  1.834747    -100.00000    
  1.834834     -9.081632    
  1.836557     -7.164625    
  1.836644     -7.315407    
  1.840414    -100.00000    
  1.840501    -100.00000    
  1.842149     -6.820790    
  1.842236     -6.688944    
  1.842703     -6.469188    
  1.842790     -6.453676    
  1.844125     -7.791934    
  1.844212    -100.00000    
  1.859614     -6.399581    
  1.859700     -7.385571    
  1.861079     -7.242639    
  1.861166     -7.416450    
  1.861837     -7.180400    
  1.861924     -7.475961    
  1.868320     -7.656950    
  1.868407     -7.596360    
  1.870233     -7.444887    
  1.870320     -7.509522    
  1.871306     -7.385586    
  1.871393     -7.265942    
  1.872072     -8.656878    
  1.872158     -8.255506    
  1.873424     -7.791763    
  1.873511     -7.706268    
  1.874931     -7.258323    
  1.875018     -7.488021    
  1.880831     -6.958812    
  1.880918     -7.240798    
  1.887368     -6.930556    
  1.887455     -6.583869    
  1.893213     -6.964200    
  1.893300     -6.872688    
  1.899003     -6.136292    
  1.899090     -6.243806    
  1.905503     -5.638567    
  1.905590     -5.925396    
  1.905821     -5.951214    
  1.905908     -5.771856    
  1.912227     -5.996614    
  1.912313     -6.682799    
  1.913955     -5.732868    
  1.914042     -5.991090    
  1.924238     -5.569201    
  1.924325     -7.120181    
  1.925856     -6.489341    
  1.925943     -6.400440    
  1.926709     -6.378987    
  1.926796     -6.256499    
  1.926846     -6.236757    
  1.926932     -6.201778    
  1.927461     -6.114007    
  1.927548     -6.191163    
  1.930771     -5.199100    
  1.930858     -5.985218    
  1.936983     -6.073485    
  1.937070     -5.351197    
  1.941974     -5.423410    
  1.942061     -5.242535    
  1.953068     -5.298576    
  1.953155     -5.198088    
  1.955697    -100.00000    
  1.955784     -5.555713    
  1.959855     -5.383342    
  1.959942     -5.444089    
  1.963545     -5.321758    
  1.963632     -5.485930    
  1.972680     -5.696645    
  1.972767     -5.965814    
  1.974225     -5.498067    
  1.974312     -5.823452    
  1.983272     -4.919063    
  1.992052     -5.047509    
  1.992139     -5.467174    
  1.992517     -5.481098    
  1.992604     -5.520594    
  1.994212     -4.766558    
  1.994299     -4.652117    
  1.994360     -4.658740    
  1.994447    -100.00000    
  1.996552     -3.889152    
  1.996639     -3.815418    
  1.997939     -3.797256    
  1.998026     -5.028282    
  2.002574     -4.302599    
  2.002661     -3.886540    
  2.004835     -4.434044    
  2.004922     -4.465199    
  2.005591     -4.537069    
  2.005678     -4.705723    
  2.007421    -100.00000    
  2.007508    -100.00000    
  2.009100     -4.742784    
  2.009187     -4.784450    
  2.019860     -4.765657    
  2.019947     -4.732519    
  2.028108     -4.236651    
  2.028195     -4.457688    
  2.031137     -3.903872    
  2.031224     -3.664585    
  2.035128     -3.698292    
  2.035214     -3.778061    
  2.036803     -3.803144    
  2.036890     -3.621635    
  2.045213     -3.610839    
  2.053379     -3.570381    
  2.053466     -3.552796    
  2.061043     -3.540951    
  2.061130     -3.931210    
  2.074002     -3.525768    
  2.074089     -3.308677    
  2.076824     -3.367343    
  2.076911     -3.507818    
  2.077530     -3.773836    
  2.077617     -3.674276    
  2.081631     -3.596941    
  2.081718     -3.590489    
  2.090954     -3.513214    
  2.091041     -3.313048    
  2.095978     -3.424052    
  2.096065     -3.216179    
  2.097304     -3.251873    
  2.097391     -3.508191    
  2.100528     -3.304687    
  2.100615     -3.226245    
  2.101519     -3.223968    
  2.101605     -3.302579    
  2.105611     -3.381373    
  2.105698     -3.349840    
  2.105825     -3.337086    
  2.105912     -3.327305    
  2.106101     -3.305263    
  2.106187     -3.271885    
  2.107298     -3.396720    
  2.107385     -3.397736    
  2.107898     -3.428832    
  2.107985     -3.483973    
  2.111508     -3.439998    
  2.111595     -3.419560    
  2.111941     -3.362834    
  2.112028     -3.532841    
  2.119223     -3.597227    
  2.119310     -3.273182    
  2.124245     -3.555894    
  2.124332     -3.458028    
  2.125725     -3.367752    
  2.125812     -3.520915    
  2.129084     -3.291584    
  2.129171     -3.347866    
  2.130872     -3.363188    
  2.130959     -3.343211    
  2.137486     -3.568169    
  2.137573     -3.381055    
  2.138137     -3.421042    
  2.138224     -3.392118    
  2.141651     -3.320691    
  2.141738     -3.307265    
  2.145467     -3.516194    
  2.145554     -3.801788    
  2.150309    -100.00000    
  2.150396     -5.157866    
  2.150525    -100.00000    
  2.156741     -3.631143    
  2.156827     -3.708525    
  2.158942     -3.645349    
  2.159028     -3.701192    
  2.168071    -100.00000    
  2.168158     -4.159592    
  2.171576     -3.823148    
  2.171663     -3.951619    
  2.177604     -3.923170    
  2.177690     -5.061894    
  2.181731     -4.132809    
  2.181818     -3.951958    
  2.188445     -4.205938    
  2.188532     -3.897746    
  2.189637     -3.631956    
  2.189724     -3.822096    
  2.191670    -100.00000    
  2.191757     -4.321419    
  2.197200     -4.148503    
  2.197287     -4.211373    
  2.204684     -3.982548    
  2.204771     -3.996027    
  2.209411     -3.983846    
  2.209498     -3.976979    
  2.217445     -3.796708    
  2.217532     -4.284250    
  2.217837     -4.092497    
  2.217924     -4.051607    
  2.218030     -3.991895    
  2.218315     -3.970754    
  2.218402     -4.586789    
  2.218688     -5.765369    
  2.218775     -5.086391    
  2.218819     -5.037128    
  2.218906     -4.146139    
  2.221924     -4.290131    
  2.222011     -4.034583    
  2.223758     -3.625219    
  2.223844     -4.138733    
  2.229272     -3.684808    
  2.234632    -100.00000    
  2.234695     -4.934988    
  2.234781     -4.698309    
  2.236772     -4.099673    
  2.236859     -4.043551    
  2.239617     -4.054474    
  2.239704     -4.037803    
  2.245345     -4.095480    
  2.245432     -4.000471    
  2.250721     -4.297629    
  2.250808     -4.596470    
  2.255019     -3.960753    
  2.259191     -3.958111    
  2.259278     -4.114296    
  2.262529     -4.139963    
  2.265757     -4.060186    
  2.265844     -4.102106    
  2.267016     -5.620361    
  2.267103     -4.602364    
  2.270490     -3.675312    
  2.270577     -4.137341    
  2.271628     -4.129832    
  2.271715     -4.012010    
  2.273319     -3.847186    
  2.273406     -3.933839    
  2.275710     -4.246230    
  2.275797     -3.957473    
  2.278993     -3.945977    
  2.279080     -3.880694    
  2.281369     -4.075313    
  2.281456     -3.943473    
  2.282921     -3.955855    
  2.283008     -4.047944    
  2.283804     -4.042373    
  2.283891     -3.991907    
  2.285091     -3.987382    
  2.285178     -4.017364    
  2.286288     -3.959544    
  2.286375     -4.042307    
  2.287075     -3.916578    
  2.287162     -3.949297    
  2.289257     -4.103917    
  2.291343     -3.946275    
  2.291430     -4.334288    
  2.293524     -4.000287    
  2.295609     -3.983660    
  2.295696     -3.939370    
  2.297982     -3.968990    
  2.298069     -4.011266    
  2.299703     -4.099924    
  2.301330     -4.103051    
  2.301417     -4.207689    
  2.302809     -4.093310    
  2.304196     -4.062310    
  2.305579     -3.880976    
  2.306958     -3.886705    
  2.307045     -3.923285    
  2.308274     -4.483474    
  2.308361     -4.191017    
  2.309467     -4.036902    
  2.310569     -3.829041    
  2.311669     -4.174669    
  2.312767     -4.011361    
  2.312854     -3.915830    
  2.313586     -3.867171    
  2.313673     -3.927615    
  2.314517     -3.920619    
  2.314604     -3.917286    
  2.314729     -3.918465    
  2.314817     -3.908167    
  2.315855     -3.794053    
  2.316891     -3.942966    
  2.317924     -3.898693    
  2.318955     -3.804531    
  2.319984     -4.273745    
  2.321010     -4.316715    
  2.322033     -4.215747    
  2.323055     -3.900293    
  2.323141     -4.102064    
  2.324207     -4.676016    
  2.324294     -4.117455    
  2.325648     -4.083385    
  2.325735     -3.886538    
  2.326516     -4.461671    
  2.327296     -4.049192    
  2.328074     -3.847150    
  2.328850     -3.716093    
  2.329626     -3.587822    
  2.330400     -3.804529    
  2.331172     -3.769458    
  2.331944     -3.664007    
  2.332031     -3.674359    
  2.333101     -4.347427    
  2.333188     -4.066853    
  2.333638     -4.056468    
  2.333725     -3.952496    
  2.334874     -4.477543    
  2.336020     -3.917962    
  2.337163     -3.813104    
  2.338303     -3.826157    
  2.338390     -3.685185    
  2.339301     -3.716735    
  2.339388     -3.849426    
  2.340254     -3.927069    
  2.341118     -3.891820    
  2.341191     -3.931316    
  2.341278     -3.935436    
  2.341370     -3.938776    
  2.341472     -3.865186    
  2.342517     -4.146157    
  2.342604     -4.792629    
  2.343168     -4.446957    
  2.343730     -4.122279    
  2.344292     -3.944489    
  2.344853     -3.773589    
  2.344940     -3.687390    
  2.345929     -4.102594    
  2.346916     -4.074352    
  2.347408     -3.932798    
  2.347900     -3.859061    
  2.348391     -3.956070    
  2.348882     -3.920676    
  2.348969     -3.871479    
  2.349663     -3.794082    
  2.350356     -4.123363    
  2.350443     -3.994874    
  2.351314     -3.852370    
  2.352184     -3.716773    
  2.352270     -3.674594    
  2.352846     -3.664581    
  2.353421     -3.757034    
  2.353508     -3.699244    
  2.353983     -3.673474    
  2.354070     -3.661876    
  2.354841     -3.696998    
  2.355610     -3.575244    
  2.356378     -3.626580    
  2.357144     -3.683740    
  2.357189     -3.670100    
  2.357276     -3.658624    
  2.357498     -3.640936    
  2.357582     -3.644128    
  2.357669     -3.648216    
  2.357776     -3.657349    
  2.357863     -3.964695    
  2.368963     -3.699603    
  2.369050     -4.032248    
  2.373546     -3.622794    
  2.373633     -3.756371    
  2.374597     -3.910198    
  2.374684     -4.159311    
  2.376702     -3.783576    
  2.376789     -3.832338    
  2.381401     -3.685640    
  2.381488     -3.709836    
  2.381574     -3.697639    
  2.381660     -3.648079    
  2.383081     -3.730981    
  2.383168     -3.748875    
  2.387126     -3.752128    
  2.387213     -3.820848    
  2.387778     -3.846129    
  2.387865     -3.915137    
  2.397727     -3.604415    
  2.397814     -3.808508    
  2.403706     -3.718392    
  2.403793     -3.794359    
  2.409345     -3.757052    
  2.409431     -3.698510    
  2.409967     -3.671567    
  2.410054     -3.637020    
  2.411603     -3.921164    
  2.411690     -3.707156    
  2.413098     -3.479375    
  2.413185     -3.629812    
  2.415338     -3.933773    
  2.415425     -3.854288    
  2.422480     -3.637870    
  2.422566     -3.599536    
  2.428391     -3.806392    
  2.428478     -3.795608    
  2.429013     -3.844346    
  2.429100     -3.817864    
  2.429782     -3.704530    
  2.429869     -3.648522    
  2.434375     -4.152309    
  2.434462     -3.867865    
  2.434951     -3.694448    
  2.435038     -3.656844    
  2.435570     -3.560860    
  2.435657     -3.543233    
  2.437397     -3.736562    
  2.437484     -3.669247    
  2.438099     -3.690619    
  2.438186     -3.826862    
  2.441087     -3.606636    
  2.441174     -3.670333    
  2.443115     -4.098905    
  2.443202     -3.938727    
  2.446825     -3.705492    
  2.446912     -3.594358    
  2.447958     -4.065693    
  2.448045     -4.236738    
  2.448892     -4.119342    
  2.448979     -3.745389    
  2.454772     -3.566308    
  2.454858     -3.667937    
  2.461170     -3.866465    
  2.461257     -3.635279    
  2.463251     -3.781257    
  2.463338     -3.870319    
  2.464476     -3.824085    
  2.464562     -3.881550    
  2.465051     -3.813521    
  2.465138     -3.824036    
  2.467492     -3.522008    
  2.467579     -3.596532    
  2.467685     -3.625129    
  2.467772     -3.788026    
  2.469909     -3.694663    
  2.469996     -3.675953    
  2.471129     -3.854449    
  2.471216     -3.906929    
  2.471342     -3.935252    
  2.471828     -3.992137    
  2.471915     -4.164302    
  2.473553     -3.703570    
  2.473640     -3.707548    
  2.473908     -3.719373    
  2.473994     -3.692365    
  2.476442     -3.735673    
  2.476529     -3.771480    
  2.476628     -3.779643    
  2.476715     -3.727592    
  2.479546     -3.951544    
  2.479633     -3.816725    
  2.481199     -4.018948    
  2.481286     -3.958566    
  2.482813     -3.902804    
  2.482900     -4.324980    
  2.483465     -4.203633    
  2.483551     -4.136779    
  2.483824     -4.009977    
  2.483911     -3.992136    
  2.484517     -3.904788    
  2.484589     -3.890074    
  2.484656     -3.879226    
  2.484743     -3.832533    
  2.487037     -4.036536    
  2.487124     -3.713257    
  2.491399     -3.765264    
  2.491443     -3.842322    
  2.491530     -3.791049    
  2.492836     -3.888229    
  2.492923     -3.939938    
  2.493799     -3.990638    
  2.493886     -3.794654    
  2.495735     -4.631886    
  2.495822     -4.193371    
  2.497233     -3.791736    
  2.497320     -3.793835    
  2.497678     -3.784017    
  2.497765     -3.790852    
  2.498024     -3.823527    
  2.498111     -3.754188    
  2.500649     -3.729769    
  2.500736     -4.110538    
  2.503920     -3.821078    
  2.504007     -3.917443    
  2.504069     -3.908629    
  2.504156     -3.781196    
  2.506445     -3.813713    
  2.506532     -3.794695    
  2.506598     -3.792730    
  2.506685     -3.787858    
  2.507046     -3.834253    
  2.507133     -3.986653    
  2.509451     -3.824962    
  2.511756     -3.840705    
  2.511843     -3.900517    
  2.512347     -4.001940    
  2.512434     -3.999630    
  2.512876     -3.918091    
  2.512963     -3.852658    
  2.514176     -3.806698    
  2.514263     -4.020253    
  2.515719     -3.889818    
  2.515805     -3.801344    
  2.515872     -3.788817    
  2.515959     -3.775004    
  2.516021     -3.766753    
  2.516107     -3.752038    
  2.516706     -3.728930    
  2.516793     -3.734855    
  2.517769     -3.753135    
  2.517856     -3.751623    
  2.517941     -3.750838    
  2.518028     -3.727425    
  2.519341     -3.796045    
  2.519428     -4.022590    
  2.521612     -3.852301    
  2.523785     -3.893943    
  2.523871     -3.822930    
  2.524535     -3.817628    
  2.524622     -3.843011    
  2.526468     -3.767487    
  2.526555     -3.842726    
  2.528500     -4.087108    
  2.528587     -4.146762    
  2.530010     -4.047995    
  2.530097     -3.835495    
  2.532615     -3.882400    
  2.532701     -3.836332    
  2.535293     -4.148076    
  2.535380     -3.985037    
  2.536082     -4.018674    
  2.536169     -4.365884    
  2.539337     -3.882368    
  2.539424     -3.826902    
  2.543132     -3.944082    
  2.546808     -3.859888    
  2.546895     -3.881482    
  2.547076     -3.871299    
  2.547163     -3.865394    
  2.547436     -3.851509    
  2.547523     -3.810060    
  2.551049     -3.956142    
  2.551136     -4.098742    
  2.551316     -4.089613    
  2.551403     -4.090424    
  2.551597     -4.084916    
  2.551684     -3.906992    
  2.555292     -4.289476    
  2.558869     -3.730960    
  2.558956     -3.744213    
  2.561154     -4.327257    
  2.561240     -4.005815    
  2.564817     -3.898886    
  2.564904     -3.917712    
  2.567815     -4.387457    
  2.570708     -3.951056    
  2.570794     -3.805434    
  2.571315     -3.763830    
  2.571402     -3.771917    
  2.571490     -3.775676    
  2.571576     -3.785799    
  2.572470     -3.806004    
  2.572557     -3.806665    
  2.572668     -3.781627    
  2.573820     -4.048052    
  2.573907     -4.052406    
  2.577456     -4.006407    
  2.580976     -3.952906    
  2.581063     -4.296774    
  2.582797     -3.924424    
  2.582884     -3.974126    
  2.583821     -3.943418    
  2.583908     -3.910775    
  2.586262     -4.709977    
  2.586349     -4.193411    
  2.588885     -3.803766    
  2.588972     -3.970494    
  2.590598     -3.989820    
  2.590685     -3.882359    
  2.593225     -4.050626    
  2.595750     -3.931081    
  2.595837     -3.940626    
  2.596260     -3.948396    
  2.596347     -3.952695    
  2.597094     -3.945569    
  2.597181     -3.953587    
  2.600152     -3.955813    
  2.600239     -3.935784    
  2.600921     -3.954113    
  2.601008     -3.992140    
  2.604043     -4.548536    
  2.607057     -3.783915    
  2.607144     -3.848571    
  2.607237     -3.845750    
  2.607324     -3.845662    
  2.607391     -3.846145    
  2.607478     -3.847454    
  2.607654     -3.865370    
  2.607741     -3.879984    
  2.607898     -3.897486    
  2.607985     -3.891446    
  2.609811     -3.911783    
  2.609898     -3.957580    
  2.612121     -3.995555    
  2.614332     -3.917492    
  2.614419     -4.021838    
  2.616177     -4.003959    
  2.616264     -3.970381    
  2.617793     -4.037346    
  2.617880     -4.275652    
  2.620859     -3.987909    
  2.620946     -3.969491    
  2.620996     -3.969349    
  2.621083     -4.088882    
  2.623324     -4.142421    
  2.623411     -3.970877    
  2.626937     -4.010947    
  2.630435     -4.026275    
  2.630522     -3.991417    
  2.634210     -4.062493    
  2.634297     -4.073097    
  2.634349     -4.075658    
  2.634435     -4.084110    
  2.636215     -4.376548    
  2.636302     -4.081617    
  2.639339     -4.264361    
  2.642355     -3.933688    
  2.642442     -3.972042    
  2.642737     -3.972409    
  2.642824     -3.973419    
  2.644205     -4.075712    
  2.644292     -4.079528    
  2.645853     -4.113509    
  2.645940     -4.103143    
  2.648315     -4.042334    
  2.648402     -4.062070    
  2.649502     -4.083318    
  2.649589     -4.090501    
  2.650015     -4.106904    
  2.650101     -4.107565    
  2.650189     -4.113502    
  2.651836     -4.107043    
  2.653477     -4.058396    
  2.653564     -4.099514    
  2.653758     -4.104394    
  2.653845     -4.066567    
  2.656371     -4.305975    
  2.656458     -4.551103    
  2.658575     -3.961891    
  2.660682     -4.067062    
  2.660769     -4.071881    
  2.662838     -4.132852    
  2.662925     -4.134337    
  2.664361     -4.185354    
  2.664448     -4.167774    
  2.665319     -4.156677    
  2.665406     -4.066055    
  2.667645     -4.895721    
  2.669873     -4.379340    
  2.669960     -4.251856    
  2.670100     -4.201605    
  2.670187     -4.171479    
  2.670748     -4.002364    
  2.670835     -3.982849    
  2.671918     -4.064728    
  2.672999     -4.096988    
  2.674077     -4.244572    
  2.675152     -4.127786    
  2.675239     -4.142085    
  2.676365     -4.178230    
  2.676452     -4.179765    
  2.676824     -4.183820    
  2.676911     -4.184269    
  2.677193     -4.185020    
  2.677280     -4.185254    
  2.678402     -4.202065    
  2.679522     -4.246260    
  2.680638     -4.233725    
  2.681752     -4.214264    
  2.681839     -4.222558    
  2.682994     -4.236294    
  2.684147     -4.268720    
  2.684233     -4.266838    
  2.684319     -4.263681    
  2.684406     -4.260091    
  2.684479     -4.257210    
  2.684566     -4.246541    
  2.685988     -4.269193    
  2.686075     -4.254588    
  2.687061     -4.292131    
  2.688046     -4.250032    
  2.688133     -4.256508    
  2.688542     -4.248318    
  2.688629     -4.245499    
  2.689258     -4.236165    
  2.689886     -4.234157    
  2.690513     -4.248821    
  2.691139     -4.253828    
  2.691764     -4.254012    
  2.692389     -4.251837    
  2.693012     -4.246300    
  2.693635     -4.249446    
  2.693722     -4.250488    
  2.693817     -4.251044    
  2.693904     -4.250937    
  2.694490     -4.254273    
  2.695075     -4.262097    
  2.695162     -4.263901    
  2.695331     -4.266180    
  2.695418     -4.268182    
  2.696036     -4.264768    
  2.696123     -4.261818    
  2.697045     -4.278481    
  2.697132     -4.281125    
  2.697891     -4.295928    
  2.698648     -4.320081    
  2.698717     -4.329442    
  2.698803     -4.332365    
  2.699272     -4.324857    
  2.699740     -4.314661    
  2.700207     -4.275289    
  2.700674     -4.199986    
  2.701140     -4.199925    
  2.701606     -4.203754    
  2.702072     -4.222388    
  2.702537     -4.255128    
  2.702610     -4.257315    
  2.702697     -4.251417    
  2.706154     -4.333953    
  2.706241     -4.345435    
  2.706323     -4.345748    
  2.706410     -4.349215    
  2.707308     -4.305925    
  2.707395     -4.311268    
  2.707629     -4.337619    
  2.707716     -4.343340    
  2.708280     -4.336723    
  2.708366     -4.339514    
  2.709271     -4.307673    
  2.709358     -4.299306    
  2.709449     -4.294183    
  2.709536     -4.289222    
  2.709681     -4.280550    
  2.709768     -4.275072    
  2.709828     -4.271212    
  2.709915     -4.265776    
  2.709960     -4.263098    
  2.710047     -4.248237    
  2.712970     -4.283570    
  2.715874     -4.313959    
  2.715961     -4.316184    
  2.716395     -4.315356    
  2.716481     -4.311085    
  2.716568     -4.310393    
  2.718816     -4.389868    
  2.718903     -4.289900    
  2.720712     -4.242547    
  2.720799     -4.246169    
  2.721478     -4.283486    
  2.721565     -4.269991    
  2.724957     -4.365059    
  2.725044     -4.349363    
  2.728146     -4.354341    
  2.728233     -4.362542    
  2.730036     -4.355830    
  2.730123     -4.377395    
  2.733842     -4.382960    
  2.733929     -4.391544    
  2.735898     -4.440298    
  2.735985     -4.406917    
  2.737825     -4.363938    
  2.737912     -4.370467    
  2.738167     -4.374087    
  2.738254     -4.377510    
  2.740540     -4.430695    
  2.742815     -4.382524    
  2.742902     -4.389727    
  2.746826     -4.436909    
  2.746913     -4.417156    
  2.748474     -4.403373    
  2.748561     -4.597160    
  2.751001     -5.170560    
  2.753428     -4.219013    
  2.753515     -4.278650    
  2.754509     -4.329394    
  2.754596     -4.342357    
  2.754850     -4.357329    
  2.754937     -4.361010    
  2.755499     -4.382851    
  2.755586     -4.386610    
  2.755686     -4.390643    
  2.755773     -4.394097    
  2.755894     -4.402019    
  2.758286     -4.441624    
  2.758373     -4.425437    
  2.758471     -4.425054    
  2.758558     -4.423664    
  2.759027     -4.435171    
  2.759113     -4.442036    
  2.759911     -4.452397    
  2.759981     -4.445809    
  2.760067     -4.424418    
  2.763464     -4.513284    
  2.763551     -4.468726    
  2.766689     -4.551485    
  2.766776     -4.504535    
  2.768842     -4.473829    
  2.768929     -4.491117    
  2.771196     -4.511704    
  2.771283     -4.529569    
  2.772541     -4.537992    
  2.772628     -4.523945    
  2.775737     -4.523334    
  2.778824     -4.568867    
  2.778910     -4.531943    
  2.781421     -4.550003    
  2.781508     -4.595621    
  2.782300     -4.588724    
  2.782387     -4.537514    
  2.783749     -4.523145    
  2.783836     -4.525824    
  2.786316     -4.546657    
  2.786403     -4.550644    
  2.787363     -4.604772    
  2.787450     -4.601865    
  2.787507     -4.600021    
  2.787594     -4.554331    
  2.790506     -4.574906    
  2.793400     -4.581300    
  2.796274     -4.577520    
  2.799129     -4.589256    
  2.799216     -4.603015    
  2.799738     -4.612471    
  2.799825     -4.627079    
  2.800228     -4.664640    
  2.800315     -4.656280    
  2.801475     -4.598190    
  2.801562     -4.637331    
  2.805189     -4.638080    
  2.805276     -4.674105    
  2.807759     -4.701708    
  2.810229     -4.637914    
  2.810316     -4.627837    
  2.813524     -4.687534    
  2.813611     -4.688483    
  2.816430     -4.696396    
  2.816517     -4.675705    
  2.817018     -4.660729    
  2.817105     -4.651447    
  2.819648     -4.721374    
  2.822177     -4.676166    
  2.822264     -4.699939    
  2.823371     -4.759590    
  2.823458     -4.686440    
  2.826003     -4.716613    
  2.826090     -4.710800    
  2.829167     -4.695373    
  2.829254     -4.706354    
  2.829613     -4.709430    
  2.829700     -4.737468    
  2.832781     -4.676889    
  2.832867     -4.696960    
  2.832995     -4.702160    
  2.833082     -4.714231    
  2.836249     -4.733067    
  2.836336     -4.769145    
  2.840558     -4.733096    
  2.840645     -4.742222    
  2.842706     -4.771150    
  2.842793     -4.795846    
  2.843374     -4.780187    
  2.843461     -4.768483    
  2.843577     -4.761261    
  2.843663     -4.756711    
  2.843854     -4.750687    
  2.843941     -4.750242    
  2.844722     -4.744509    
  2.844809     -4.724529    
  2.845992     -4.753558    
  2.846054     -4.759902    
  2.846141     -4.761769    
  2.846320     -4.764770    
  2.846407     -4.773820    
  2.848847     -4.784373    
  2.851272     -4.786460    
  2.851359     -4.788317    
  2.851605     -4.786401    
  2.851692     -4.760124    
  2.853657     -4.788765    
  2.853744     -4.805329    
  2.856721     -4.809380    
  2.856808     -4.815900    
  2.859953     -4.821005    
  2.863077     -4.837425    
  2.863164     -4.834377    
  2.864011     -4.831548    
  2.864097     -4.829699    
  2.864929     -4.829536    
  2.865016     -4.863546    
  2.868335     -4.833132    
  2.868422     -4.848797    
  2.870319     -4.854394    
  2.870406     -4.853849    
  2.871746     -4.870981    
  2.871833     -4.864056    
  2.875793     -4.879462    
  2.879716     -4.897934    
  2.879803     -4.896445    
  2.880314     -4.894949    
  2.880401     -4.894748    
  2.882313     -4.903130    
  2.882400     -4.906012    
  2.882670     -4.906905    
  2.882757     -4.909228    
  2.885337     -4.914048    
  2.885423     -4.912173    
  2.885708     -4.913222    
  2.885795     -4.913113    
  2.886380     -4.924193    
  2.886467     -4.928054    
  2.887555     -4.923001    
  2.887642     -5.250537    
  2.890684     -4.936463    
  2.893704     -4.696449    
  2.893791     -4.798501    
  2.894071     -4.825763    
  2.894158     -4.836130    
  2.895095     -4.892842    
  2.895182     -4.904089    
  2.897787     -4.959500    
  2.897874     -4.945212    
  2.901032     -4.960656    
  2.904168     -4.988156    
  2.904255     -5.027614    
  2.908003     -4.981407    
  2.908090     -4.990581    
  2.908185     -4.991478    
  2.908477     -4.994423    
  2.908564     -4.994581    
  2.909361     -5.009391    
  2.909448     -5.008489    
  2.910383     -4.998219    
  2.910470     -5.001808    
  2.911970     -5.006676    
  2.912057     -5.004670    
  2.914427     -5.034429    
  2.916785     -5.019154    
  2.916872     -5.024575    
  2.917171     -5.027088    
  2.917258     -5.031416    
  2.920236     -5.029883    
  2.920323     -5.028184    
  2.920418     -5.037466    
  2.922032     -5.039481    
  2.922118     -5.039549    
  2.925029     -5.046269    
  2.925116     -5.041095    
  2.925353     -5.043155    
  2.925440     -5.043934    
  2.925683     -5.045381    
  2.925770     -5.045892    
  2.925849     -5.046503    
  2.925936     -5.051943    
  2.927554     -5.068453    
  2.927641     -5.057699    
  2.927759     -5.057367    
  2.927950     -5.057958    
  2.928037     -5.058961    
  2.929127     -5.061893    
  2.929213     -5.062889    
  2.929524     -5.064815    
  2.929611     -5.065359    
  2.929967     -5.066739    
  2.930054     -5.066931    
  2.930245     -5.067512    
  2.930332     -5.067812    
  2.930644     -5.069082    
  2.930731     -5.069455    
  2.931247     -5.072542    
  2.931334     -5.073225    
  2.932296     -5.077892    
  2.932383     -5.078073    
  2.933595     -5.069256    
  2.933682     -5.069540    
  2.934646     -5.068579    
  2.934733     -5.062542    
  2.934790     -5.060312    
  2.934877     -5.055597    
  2.935353     -5.053979    
  2.935440     -5.070042    
  2.939117     -5.115659    
  2.939204     -5.104381    
  2.941487     -5.117203    
  2.943758     -5.101582    
  2.943845     -5.103914    
  2.945191     -5.086804    
  2.945278     -5.097289    
  2.946273     -5.111245    
  2.946360     -5.111398    
  2.946687     -5.109825    
  2.946774     -5.112036    
  2.950137     -5.102455    
  2.950224     -5.107348    
  2.950637     -5.101880    
  2.950724     -5.097949    
  2.950770     -5.096069    
  2.950857     -5.091220    
  2.951287     -5.075241    
  2.951374     -5.075143    
  2.951710     -5.081359    
  2.951797     -5.084880    
  2.952601     -5.096362    
  2.952688     -5.098979    
  2.952960     -5.109733    
  2.953047     -5.113938    
  2.953319     -5.125019    
  2.953406     -5.126758    
  2.953990     -5.152133    
  2.954077     -5.174426    
  2.955685     -5.159363    
  2.955739     -5.159421    
  2.955826     -5.158614    
  2.956162     -5.155384    
  2.956249     -5.154890    
  2.956346     -5.154478    
  2.956433     -5.154124    
  2.956797     -5.155262    
  2.956884     -5.155667    
  2.956929     -5.155802    
  2.957016     -5.155411    
  2.958490     -5.154613    
  2.958577     -5.150633    
  2.958723     -5.145066    
  2.958810     -5.139245    
  2.959196     -5.117395    
  2.959283     -5.116766    
  2.959385     -5.116778    
  2.959471     -5.119027    
  2.959520     -5.121029    
  2.959575     -5.123712    
  2.959642     -5.127516    
  2.959686     -5.130207    
  2.959837     -5.139804    
  2.959916     -5.144728    
  2.960003     -5.154346    
  2.960694     -5.167207    
  2.960781     -5.158268    
  2.961122     -5.149641    
  2.961209     -5.145291    
  2.964884     -5.182186    
  2.968529     -5.210873    
  2.972144     -5.197652    
  2.975728     -5.196567    
  2.975815     -5.190620    
  2.976171     -5.191994    
  2.976258     -5.212291    
  2.979351     -5.214754    
  2.982423     -5.230082    
  2.982509     -5.234603    
  2.982872     -5.224865    
  2.982959     -5.236551    
  2.985659     -5.255657    
  2.988343     -5.446077    
  2.991011     -5.208463    
  2.993662     -5.228269    
  2.996297     -5.288443    
  2.998916     -5.336760    
  3.001519     -5.303406    
  3.004107     -5.324799    
  3.004194     -5.341734    
  3.008392     -5.332290    
  3.008479     -5.339419    
  3.011906     -5.300084    
  3.015307     -6.011710    
  3.018681     -5.018814    
  3.022029     -5.331114    
  3.022116     -5.325951    
  3.024662     -5.396466    
  3.024749     -5.380162    
  3.025489     -5.385122    
  3.025575     -5.387763    
  3.029666     -5.417479    
  3.033719     -5.424169    
  3.037734     -5.459067    
  3.041713     -5.441037    
  3.041799     -5.462824    
  3.044755     -5.483130    
  3.047691     -5.458636    
  3.050607     -5.497132    
  3.053504     -5.499087    
  3.053591     -5.541483    
  3.056619     -5.346122    
  3.056706     -5.380416    
  3.059529     -5.548799    
  3.059616     -5.511998    
  3.061712     -5.532954    
  3.061799     -5.531369    
  3.061872     -5.531701    
  3.061959     -5.532096    
  3.062143     -5.532950    
  3.062230     -5.533305    
  3.062919     -5.536790    
  3.063006     -5.539419    
  3.065043     -5.545500    
  3.065130     -5.544796    
  3.067491     -5.554330    
  3.067578     -5.539343    
  3.070186     -5.551184    
  3.072777     -5.525872    
  3.072864     -5.561445    
  3.074321     -5.575979    
  3.074408     -5.572948    
  3.077271     -5.602703    
  3.080115     -5.603058    
  3.082941     -5.610510    
  3.085748     -5.616593    
  3.085835     -5.641231    
  3.089403     -5.616325    
  3.092941     -5.675704    
  3.093028     -5.655881    
  3.093732     -5.635012    
  3.093819     -5.643357    
  3.096155     -5.661792    
  3.096242     -5.661837    
  3.099391     -5.675001    
  3.099477     -5.672006    
  3.103182     -5.688473    
  3.106856     -5.700979    
  3.106943     -5.698815    
  3.110832     -5.713316    
  3.114687     -5.722092    
  3.114774     -5.729570    
  3.115819     -5.732344    
  3.115905     -5.733937    
  3.116258     -5.735400    
  3.116345     -5.736385    
  3.120500     -5.758173    
  3.124616     -5.770317    
  3.124703     -5.769397    
  3.125997     -5.773791    
  3.126084     -5.774025    
  3.127687     -5.780169    
  3.127774     -5.781546    
  3.131268     -5.791392    
  3.131355     -5.786194    
  3.135066     -5.816838    
  3.138745     -5.820721    
  3.138832     -5.820452    
  3.141211     -5.830044    
  3.143577     -5.836060    
  3.143664     -5.838990    
  3.145869     -5.848188    
  3.145956     -5.847943    
  3.146758     -5.852166    
  3.146845     -5.852537    
  3.146975     -5.853027    
  3.149747     -5.862677    
  3.149834     -5.862749    
  3.151287     -5.867686    
  3.151374     -5.868162    
  3.153068     -5.874930    
  3.153155     -5.875517    
  3.153248     -5.875969    
  3.153335     -5.876399    
  3.153381     -5.876626    
  3.153425     -5.876845    
  3.153479     -5.877106    
  3.153656     -5.877898    
  3.153744     -5.880951    
  3.156590     -5.885633    
  3.159418     -5.900051    
  3.159505     -5.893682    
  3.162077     -5.906092    
  3.164633     -5.915751    
  3.164720     -5.915815    
  3.164846     -5.916297    
  3.164933     -5.915060    
  3.168315     -5.928079    
  3.171670     -5.944259    
  3.171756     -5.940081    
  3.173303     -5.945464    
  3.173390     -5.945036    
  3.173578     -5.945890    
  3.173665     -5.946501    
  3.174167     -5.948610    
  3.174254     -5.949117    
  3.176868     -5.961716    
  3.179466     -5.973499    
  3.179553     -5.972599    
  3.183542     -5.989690    
  3.187494     -6.002086    
  3.187581     -6.003143    
  3.188338     -6.005258    
  3.188425     -5.929902    
  3.189886     -6.307890    
  3.189973     -7.408202    
  3.191119     -6.642728    
  3.191206     -6.456623    
  3.191899     -6.060524    
  3.191986     -6.017751    
  3.192224     -5.917309    
  3.192311     -5.736740    
  3.194885     -5.688549    
  3.194972     -5.796769    
  3.196916     -5.979636    
  3.197003     -5.972317    
  3.200094     -6.036780    
  3.203162     -6.063374    
  3.203250     -6.067198    
  3.207365     -6.074238    
  3.207452     -6.079440    
  3.209135     -6.083208    
  3.209222     -6.083622    
  3.209715     -6.085171    
  3.209802     -6.086052    
  3.214086     -6.127055    
  3.218329     -5.944852    
  3.218415     -5.953002    
  3.221174     -6.109255    
  3.223916     -6.135132    
  3.226640     -6.153098    
  3.229347     -6.159360    
  3.229434     -6.160053    
  3.231857     -6.171074    
  3.234265     -6.177034    
  3.234352     -6.177725    
  3.236049     -6.184566    
  3.236136     -6.184850    
  3.236180     -6.184996    
  3.236267     -6.185286    
  3.236442     -6.185855    
  3.236529     -6.183234    
  3.239749     -6.205699    
  3.242945     -6.209939    
  3.246117     -6.223719    
  3.249267     -6.236453    
  3.252393     -6.246917    
  3.255498     -6.263554    
  3.258580     -6.270720    
  3.261641     -6.281855    
  3.261728     -6.282243    
  3.263462     -6.288998    
  3.263549     -6.289812    
  3.266414     -6.299288    
  3.266501     -6.299351    
  3.268891     -6.309736    
  3.271268     -6.318693    
  3.271355     -6.319059    
  3.271415     -6.319304    
  3.271502     -6.323566    
  3.273253     -6.330209    
  3.273340     -6.326411    
  3.276754     -6.338510    
  3.276841     -6.340389    
  3.279706     -6.347595    
  3.279793     -6.357362    
  3.283538     -6.363270    
  3.283625     -6.364918    
  3.287537     -6.374461    
  3.291415     -6.394358    
  3.291501     -6.395417    
  3.292656     -6.399144    
  3.292743     -6.399586    
  3.293247     -6.401689    
  3.293334     -6.401976    
  3.294670     -6.407626    
  3.294757     -6.409263    
  3.295898     -6.410395    
  3.295985     -6.409771    
  3.296762     -6.413424    
  3.296849     -6.413827    
  3.299310     -6.427472    
  3.301756     -6.426051    
  3.304188     -6.442686    
  3.306608     -6.454132    
  3.306694     -6.459216    
  3.309364     -6.461668    
  3.309451     -6.465413    
  3.310624     -6.464083    
  3.310710     -6.465811    
  3.310941     -6.467455    
  3.311027     -6.467938    
  3.311327     -6.469640    
  3.311414     -6.470347    
  3.311634     -6.471465    
  3.311721     -6.471827    
  3.311774     -6.472050    
  3.311825     -6.472256    
  3.311868     -6.472435    
  3.312020     -6.472990    
  3.312107     -6.490830    
  3.314456     -6.399506    
  3.316790     -6.278756    
  3.319111     -6.480547    
  3.321421     -6.482215    
  3.323718     -6.509723    
  3.326003     -6.508891    
  3.328276     -6.525003    
  3.330537     -6.538584    
  3.332786     -6.549900    
  3.335024     -6.561641    
  3.337251     -6.563460    
  3.339466     -6.573852    
  3.341670     -6.583224    
  3.343862     -6.590344    
  3.346044     -6.593551    
  3.348215     -6.611914    
  3.352524     -6.614699    
  3.356791     -6.633195    
  3.361016     -6.656376    
  3.365201     -6.676332    
  3.369346     -6.679765    
  3.373451     -6.688503    
  3.377518     -6.714406    
  3.381548     -6.743465    
  3.381635     -6.728578    
  3.382086     -6.738413    
  3.382173     -6.757468    
  3.385882     -6.720935    
  3.385969     -6.742597    
  3.388254     -6.740517    
  3.390528     -6.765895    
  3.392789     -6.773896    
  3.395039     -6.782047    
  3.395126     -6.782422    
  3.397731     -6.792936    
  3.400321     -6.800630    
  3.400408     -6.798809    
  3.400855     -6.803823    
  3.400942     -6.807953    
  3.403535     -6.825646    
  3.403595     -6.805002    
  3.403681     -6.804208    
  3.404126     -6.811095    
  3.404213     -6.773171    
  3.406921     -6.685078    
  3.409611     -6.838207    
  3.412285     -6.848522    
  3.414942     -6.854206    
  3.415029     -6.852456    
  3.419274     -6.861996    
  3.419361     -6.866286    
  3.422642     -6.886429    
  3.425897     -6.899577    
  3.429128     -6.911579    
  3.432336     -6.928445    
  3.435520     -6.930191    
  3.438681     -6.949023    
  3.441819     -6.947932    
  3.444934     -6.970308    
  3.445021     -6.970710    
  3.445916     -6.975212    
  3.446003     -6.976053    
  3.448640     -6.984708    
  3.451262     -6.996079    
  3.453868     -7.016838    
  3.456458     -7.026327    
  3.459033     -7.024710    
  3.461593     -7.034662    
  3.464137     -7.048047    
  3.466667     -6.974558    
  3.466754     -6.963856    
  3.469201     -7.045489    
  3.471635     -7.069689    
  3.474055     -7.082685    
  3.476462     -7.075996    
  3.478855     -7.101532    
  3.481235     -7.108573    
  3.483602     -7.117298    
  3.485957     -7.126580    
  3.486044     -7.126779    
  3.486320     -7.127725    
  3.486406     -7.127927    
  3.490359     -7.143071    
  3.494277     -7.157886    
  3.494364     -7.158188    
  3.497260     -7.170730    
  3.500138     -7.153783    
  3.502997     -7.190877    
  3.505837     -7.196044    
  3.505924     -7.192744    
  3.506039     -7.187402    
  3.508509     -7.161362    
  3.510965     -7.206172    
  3.513408     -7.228827    
  3.515836     -7.239160    
  3.515923     -7.239390    
  3.518242     -7.248195    
  3.520548     -7.257253    
  3.522842     -7.265696    
  3.525125     -7.274417    
  3.527395     -7.282941    
  3.529653     -7.291738    
  3.531900     -7.300379    
  3.534135     -7.307386    
  3.534222     -7.318358    
  3.536814     -7.245973    
  3.539391     -7.285857    
  3.541953     -7.335594    
  3.544500     -7.346382    
  3.544586     -7.346512    
  3.545154     -7.348218    
  3.545241     -7.348407    
  3.547861     -7.360368    
  3.550465     -7.369947    
  3.553054     -7.379781    
  3.555627     -7.389651    
  3.555714     -7.390106    
  3.557696     -7.397325    
  3.557783     -7.397683    
  3.558846     -7.401500    
  3.558933     -7.401777    
  3.561019     -7.410184    
  3.561106     -7.410389    
  3.561702     -7.412504    
  3.561789     -7.412817    
  3.561901     -7.413203    
  3.561988     -7.413486    
  3.562293     -7.414414    
  3.565681     -7.422354    
  3.565768     -7.427184    
  3.568654     -7.393052    
  3.568741     -7.403876    
  3.571793     -7.446710    
  3.574823     -7.458746    
  3.577833     -7.472144    
  3.580822     -7.531184    
  3.583790     -7.062734    
  3.586739     -7.454610    
  3.589667     -7.500654    
  3.592576     -7.513698    
  3.595465     -7.537383    
  3.598336     -7.544228    
  3.601187     -7.562388    
  3.604020     -7.568702    
  3.606835     -7.582767    
  3.609631     -7.590191    
  3.612409     -7.601595    
  3.615170     -7.611474    
  3.615257     -7.616747    
  3.619356     -7.626137    
  3.623416     -7.643614    
  3.627438     -7.656108    
  3.630428     -7.661011    
  3.631423     -7.672219    
  3.631510     -7.672427    
  3.632293     -7.675066    
  3.632379     -7.674863    
  3.634714     -7.685228    
  3.637036     -7.694741    
  3.639346     -7.701596    
  3.641643     -7.701657    
  3.643929     -7.719051    
  3.646202     -7.727950    
  3.648464     -7.733993    
  3.650714     -7.761055    
  3.650801     -7.785072    
  3.654040     -7.702966    
  3.657255     -7.766130    
  3.660447     -7.782132    
  3.663615     -7.791477    
  3.663702     -7.792560    
  3.666918     -7.807563    
  3.670110     -7.804765    
  3.670197     -7.848159    
  3.672574     -7.458961    
  3.674939     -7.507561    
  3.677290     -7.816992    
  3.679629     -7.838608    
  3.681956     -7.855802    
  3.684270     -7.868658    
  3.686572     -7.877784    
  3.688862     -7.880908    
  3.688948     -7.902731    
  3.691459     -7.874903    
  3.691546     -7.888329    
  3.695795     -7.912228    
  3.695882     -7.912534    
  3.699760     -7.927643    
  3.703605     -7.941719    
  3.707416     -7.955719    
  3.711193     -7.970118    
  3.712650     -7.975067    
  3.714938     -7.983929    
  3.718651     -7.997672    
  3.722333     -8.030362    
  3.725983     -7.939171    
  3.726071     -7.969707    
  3.729627     -8.040581    
  3.733155     -8.049544    
  3.736655     -8.042411    
  3.740126     -8.032892    
  3.740213     -8.016371    
  3.740628     -8.029420    
  3.740715     -8.043119    
  3.743507     -8.090220    
  3.746281     -8.099554    
  3.749037     -8.109546    
  3.751777     -8.120108    
  3.751863     -8.120139    
  3.753882     -8.127637    
  3.753969     -8.128055    
  3.754658     -8.130596    
  3.754745     -8.130906    
  3.755217     -8.132744    
  3.755304     -8.133083    
  3.755522     -8.133904    
  3.755609     -8.134237    
  3.755717     -8.134634    
  3.755803     -8.135227    
  3.758983     -8.146268    
  3.762140     -8.163905    
  3.765273     -7.989058    
  3.768385     -8.069539    
  3.771474     -8.182633    
  3.774541     -8.202430    
  3.777587     -8.214808    
  3.778151     -8.216379    
  3.780612     -8.225629    
  3.783615     -8.237730    
  3.786599     -8.240335    
  3.789561     -8.259455    
  3.792504     -8.264125    
  3.795427     -8.249649    
  3.798330     -8.287464    
  3.801214     -8.301218    
  3.804079     -8.310540    
  3.804166     -8.311685    
  3.806878     -8.322353    
  3.809572     -8.332946    
  3.809659     -8.329509    
  3.812666     -8.343991    
  3.815653     -8.359089    
  3.818618     -8.318973    
  3.821564     -8.306293    
  3.821651     -8.348695    
  3.825835     -8.392704    
  3.829979     -8.404760    
  3.834084     -8.421983    
  3.838150     -8.437067    
  3.838237     -8.437907    
  3.842494     -8.446524    
  3.846710     -8.485176    
  3.850885     -8.376954    
  3.855020     -8.504095    
  3.859117     -8.505336    
  3.863175     -8.528807    
  3.867196     -8.542190    
  3.871179     -8.556381    
  3.871266     -8.557033    
  3.873943     -8.566275    
  3.876604     -8.576263    
  3.879249     -8.586084    
  3.881877     -8.593712    
  3.884490     -8.609127    
  3.887087     -8.454676    
  3.889668     -8.314610    
  3.892234     -8.553166    
  3.892321     -8.576314    
  3.894387     -8.631042    
  3.894474     -8.627161    
  3.897753     -8.639901    
  3.901007     -8.666357    
  3.901094     -8.663421    
  3.904208     -8.674814    
  3.904295     -8.675361    
  3.906505     -8.683583    
  3.908704     -8.691265    
  3.910891     -8.700994    
  3.913068     -8.700424    
  3.913155     -8.675498    
  3.913273     -8.657288    
  3.913769     -8.638645    
  3.913856     -8.648404    
  3.913972     -8.689614    
  3.916915     -8.717146    
  3.917002     -8.709183    
  3.920996     -8.721612    
  3.924953     -8.749732    
  3.928874     -8.764698    
  3.932760     -8.778184    
  3.936612     -8.791755    
  3.940430     -8.804878    
  3.944215     -8.818136    
  3.947967     -8.831374    
  3.948054     -8.842391    
  3.950352     -8.815617    
  3.952638     -8.844311    
  3.954912     -8.856431    
  3.957174     -8.863218    
  3.959425     -8.872270    
  3.961663     -8.879107    
  3.963891     -8.887546    
  3.966107     -8.895198    
  3.968311     -8.902046    
  3.970505     -8.914377    
  3.972688     -8.879657    
  3.974859     -8.850415    
  3.979170     -8.945653    
  3.983439     -8.953584    
  3.983526     -8.955117    
  3.986294     -8.967348    
  3.989045     -8.977207    
  3.991778     -8.983589    
  3.994495     -8.993805    
  3.997194     -9.005490    
  3.999877     -9.015491    
  4.002544     -9.027156    
  4.005194     -9.014607    
  4.007828     -8.773943    
  4.010446     -8.941757    
  4.013048     -9.050049    
  4.015635     -9.065491    
  4.018207     -9.077226    
  4.020764     -9.078899    
  4.023305     -9.106282    
  4.025832     -9.071764    
  4.025919     -9.077631    
  4.029064     -9.134727    
  4.032186     -8.996258    
  4.035287     -9.137137    
  4.038365     -9.149898    
  4.038452     -9.148291    
  4.040802     -9.151755    
  4.043140     -9.156599    
  4.045465     -9.171564    
  4.047778     -9.181364    
  4.047865     -9.182086    
  4.051161     -9.193933    
  4.054403     -9.205926    
  4.057621     -9.217015    
  4.060815     -9.227595    
  4.063986     -9.245971    
  4.067134     -9.183302    
  4.070259     -9.180348    
  4.073362     -9.274552    
  4.073449     -9.272366    
  4.075844     -9.279774    
  4.078226     -8.970860    
  4.080595     -9.256379    
  4.082951     -9.292905    
  4.085294     -9.306470    
  4.087625     -9.318086    
  4.089943     -9.325872    
  4.092249     -9.334340    
  4.094543     -9.342337    
  4.096824     -9.349813    
  4.099094     -9.358345    
  4.101352     -9.364828    
  4.103599     -9.373323    
  4.105833     -9.381470    
  4.108057     -9.383362    
  4.110269     -9.382116    
  4.112469     -9.384823    
  4.114659     -9.399713    
  4.116838     -9.414953    
  4.119006     -9.426870    
  4.123309     -9.438933    
  4.127570     -9.456018    
  4.131790     -9.465820    
  4.135969     -9.484386    
  4.140109     -9.497565    
  4.144209     -9.506612    
  4.144296     -9.553215    
  4.147238     -9.442061    
  4.147324     -9.450333    
  4.151647     -9.537459    
  4.155926     -9.550637    
  4.156013     -9.578825    
  4.158880     -9.480135    
  4.161727     -9.547592    
  4.161814     -9.540749    
  4.163762     -9.571072    
  4.163849     -9.576088    
  4.167436     -9.544540    
  4.170993     -9.532741    
  4.174521     -9.584170    
  4.178021     -9.624842    
  4.181494     -9.637572    
  4.184938     -9.649382    
  4.188355     -9.661410    
  4.191746     -9.672292    
  4.195110     -9.684375    
  4.198449     -9.685310    
  4.201762     -9.700639    
  4.205050     -9.716317    
  4.208313     -9.727067    
  4.211552     -9.737748    
  4.214767     -9.747367    
  4.217959     -9.757575    
  4.221127     -9.769636    
  4.224272     -9.779222    
  4.227394     -9.789989    
  4.230494     -9.786396    
  4.233573     -9.804104    
  4.236629     -9.848582    
  4.239665     -9.604840    
  4.242679     -9.680739    
  4.245672     -9.842924    
  4.248645     -9.857275    
  4.251598     -9.865654    
  4.254530     -9.880662    
  4.257443     -9.872258    
  4.260337     -9.881732    
  4.263212     -9.901640    
  4.266067     -9.917032    
  4.266154     -9.916605    
  4.269157     -9.963636    
  4.272139     -9.725910    
  4.275101     -9.713406    
  4.278043     -9.900469    
  4.280965     -9.960342    
  4.283867     -9.975771    
  4.286751     -9.985804    
  4.289615     -9.994044    
  4.292460     -9.999542    
  4.295287     -10.01412    
  4.298096     -10.02338    
  4.300886     -10.03187    
  4.303659     -10.04299    
  4.306414     -10.05015    
  4.309152     -10.05874    
  4.311873     -10.05809    
  4.314576     -10.07309    
  4.317263     -10.10943    
  4.319934     -10.14063    
  4.322588     -10.09634    
  4.325226     -10.11008    
  4.327848     -10.11938    
  4.330454     -10.12706    
  4.333045     -10.13749    
  4.335621     -10.14113    
  4.338181     -10.14029    
  4.340726     -10.14974    
  4.343256     -10.12883    
  4.345772     -10.15627    
  4.348274     -10.17353    
  4.350760     -10.19266    
  4.353233     -10.20156    
  4.353320     -10.20266    
  4.356074     -10.20988    
  4.356161     -10.20904    
  4.357582     -10.21152    
  4.357669     -10.21440    
  4.360507     -10.22543    
  4.363326     -10.23497    
  4.366127     -10.24203    
  4.368910     -10.25184    
  4.371675     -10.25407    
  4.374422     -10.25840    
  4.377153     -10.27496    
  4.379866     -10.28377    
  4.382563     -10.30142    
  4.385243     -10.27119    
  4.387906     -10.09130    
  4.390553     -10.26931    
  4.393185     -10.31513    
  4.395800     -10.33459    
  4.398400     -10.34547    
  4.400984     -10.35568    
  4.403553     -10.36323    
  4.406107     -10.37276    
  4.408646     -10.37951    
  4.411170     -10.38044    
  4.413679     -10.39454    
  4.416174     -10.40333    
  4.418655     -10.41365    
  4.421122     -10.39985    
  4.423575     -10.41200    
  4.426014     -10.43141    
  4.428439     -10.44250    
  4.430851     -10.44886    
  4.433250     -10.45202    
  4.435636     -10.45780    
  4.438008     -10.47247    
  4.440368     -10.48040    
  4.440455     -10.48003    
  4.442913     -10.48784    
  4.445357     -10.49657    
  4.447787     -10.50552    
  4.450204     -10.52051    
  4.452608     -10.44927    
  4.454999     -10.47955    
  4.457376     -10.50445    
  4.459740     -10.49910    
  4.462092     -10.50967    
  4.464431     -10.54822    
  4.466757     -10.56429    
  4.469071     -10.57078    
  4.471373     -10.57721    
  4.473663     -10.58515    
  4.475940     -10.59381    
  4.478206     -10.55200    
  4.512937     -10.66887    
  4.513024     -10.72303    
  4.514610     -10.72768    
  4.514697     -10.70228    
  4.515945     -10.85490    
  4.516032     -10.70760    
  4.585469     -10.93776    
  4.585556     -10.93273    
  4.648489     -11.10444    
  4.648576     -11.12955    
  4.649548     -11.13225    
  4.649635     -11.13233    
  4.649838     -11.13287    
  4.649925     -11.11311    
  4.709765     -11.29073    
  4.709852     -11.31677    
  4.765753     -11.44862    
  4.765822     -11.48374    
  4.765909     -11.47441    
  4.818480     -11.64455    
  4.818567     -11.62846    
  4.868094     -11.74300    
  4.868152     -11.78034    
  4.868214     -11.75691    
  4.915089     -11.92774    
  4.915176     -11.91858    
  4.959449     -12.04452    
  4.959536     -12.04597    
  4.959642     -12.04444    
  4.959729     -12.03836    
  5.002021     -12.12164    
  5.002108     -12.16678    
  5.041986     -12.28323    
  5.042072     -12.29145    
  5.042428     -12.29797    
  5.042515     -12.28526    
  5.081038     -12.37901    
  5.081125     -12.38859    
  5.117569     -12.48764    
  5.117655     -12.50770    
  5.118005     -12.51006    
  5.118092     -12.44427    
  5.153462     -12.61270    
  5.153549     -12.58704    
  5.187204     -12.69698    
  5.187290     -12.68380    
  5.187529     -12.68633    
  5.187616     -12.68346    
  5.251180     -12.84817    
  5.251266     -12.86051    
  5.251931     -12.85732    
  5.252018     -12.86366    
  5.311750     -13.02449    
  5.311837     -13.02766    
  5.311944     -13.02254    
  5.712950     -14.13080    
  5.917833     -14.70639    
  6.161415     -15.36357    
  6.430595     -16.08875    
  6.714779     -16.85584    
  7.007134     -17.65565    
  7.303761     -18.46362    
  7.602573     -19.28458    
  7.902489     -20.13662    
  8.202961     -21.02850    
  8.503712     -21.99970    
  8.804602     -23.16316    
  9.105563     -25.29800    
  9.406558    -100.00000    
  9.707570    -100.00000    
